7.594455033540725708e-02
2.843715190887451172e+00
6.493445634841918945e-01
7.374185919761657715e-01
1.164395660161972046e-01
1.057795211672782898e-01
4.994927439838647842e-03
4.817162116523832083e-04
2.643784880638122559e-01
2.408433258533477783e-01
1.943725228309631348e+00
2.928787171840667725e-01
1.639910340309143066e+00
3.051553368568420410e-01
3.029971942305564880e-02
9.152623414993286133e-01
1.126625388860702515e-01
6.549413502216339111e-02
2.458819895982742310e-01
1.715851575136184692e-01
4.241500794887542725e-01
2.038127899169921875e+00
1.046695113182067871e+00
3.787063658237457275e-01
1.648861542344093323e-02
3.166163563728332520e-01
2.314559370279312134e-01
1.951518893241882324e+00
2.755238711833953857e-01
3.940038084983825684e-01
4.960745573043823242e-01
1.375736296176910400e-01
1.957401186227798462e-01
3.127443790435791016e-01
2.911212444305419922e-01
1.361742764711380005e-01
7.955641299486160278e-02
2.073642492294311523e+00
9.676345586776733398e-01
2.623993754386901855e-01
7.384838461875915527e-01
2.293790280818939209e-01
1.650850102305412292e-02
3.900752067565917969e-01
2.720094323158264160e-01
3.773870766162872314e-01
1.440132975578308105e+00
1.070468306541442871e+00
8.332533836364746094e-01
8.745031356811523438e-01
2.284717559814453125e-01
2.253015518188476562e+00
7.595968246459960938e-01
5.941059589385986328e-01
3.858978748321533203e-01
8.051268011331558228e-02
2.446985095739364624e-01
1.134830355644226074e+00
4.774970114231109619e-01
8.188351392745971680e-01
1.557495892047882080e-01
2.246888279914855957e-01
5.967077612876892090e-01
1.999052762985229492e-01
0.000000000000000000e+00
2.264918535947799683e-01
1.178684353828430176e+00
3.533252775669097900e-01
6.920260190963745117e-02
2.746901810169219971e-01
1.354582190513610840e+00
9.293052367866039276e-03
7.241815328598022461e-02
1.031197786331176758e+00
2.572982013225555420e-01
2.165163010358810425e-01
5.362806320190429688e-01
3.918440937995910645e-01
1.348027706146240234e+00
0.000000000000000000e+00
4.480931758880615234e-01
3.803334534168243408e-01
1.797031998634338379e+00
1.862899422645568848e+00
3.217319026589393616e-02
0.000000000000000000e+00
2.613357640802860260e-02
8.713636398315429688e-01
9.594104439020156860e-02
4.736315011978149414e-01
1.293509602546691895e+00
4.432788491249084473e-01
6.719484329223632812e-01
4.578954875469207764e-01
2.518222033977508545e-01
3.802160918712615967e-02
3.254726529121398926e-01
8.271020650863647461e-01
1.563865780830383301e+00
1.489144206047058105e+00
1.351592421531677246e+00
6.381087899208068848e-01
4.682374000549316406e-01
2.855466306209564209e-01
1.210887823253870010e-02
2.356930971145629883e-01
2.085910290479660034e-01
4.295441508293151855e-01
2.051126241683959961e+00
4.691717326641082764e-01
4.871774017810821533e-01
1.069434762001037598e+00
7.192949056625366211e-01
7.175804376602172852e-01
3.371213376522064209e-01
8.473717570304870605e-01
2.405784577131271362e-01
4.375778138637542725e-01
1.721114277839660645e+00
3.128646612167358398e-01
1.453768491744995117e+00
5.772367119789123535e-02
1.151498686522245407e-02
2.415439844131469727e+00
9.638634681701660156e+00
0.000000000000000000e+00
6.608000993728637695e-01
1.239688992500305176e+00
5.947538614273071289e-01
1.393895149230957031e+00
2.523819208145141602e+00
1.175187528133392334e-02
6.121618270874023438e+00
4.590328335762023926e-01
2.558251619338989258e+00
2.043344527482986450e-01
3.375729024410247803e-01
3.687686026096343994e-01
6.235869526863098145e-01
3.729493916034698486e-01
3.281233608722686768e-01
1.655702710151672363e+00
4.471395909786224365e-01
9.171696305274963379e-01
5.205537006258964539e-02
7.025548815727233887e-02
4.201157093048095703e-01
1.412151694297790527e+00
3.978454694151878357e-02
4.950156807899475098e-01
1.172947287559509277e+00
5.092772841453552246e-01
0.000000000000000000e+00
4.320401549339294434e-01
2.839249968528747559e-01
7.446368783712387085e-02
2.068289279937744141e+00
4.399222433567047119e-01
1.908592320978641510e-02
1.517527550458908081e-01
4.161645099520683289e-02
3.930268436670303345e-02
4.998499751091003418e-01
2.951444983482360840e-01
5.109489336609840393e-02
4.125539779663085938e+00
2.615858055651187897e-02
2.292698249220848083e-02
5.736581683158874512e-01
5.433123707771301270e-01
3.408739268779754639e-01
1.154724657535552979e-01
3.447062522172927856e-02
1.386784315109252930e-01
0.000000000000000000e+00
3.551839590072631836e-01
2.913048118352890015e-02
1.820224821567535400e-01
3.473761305212974548e-02
2.093695402145385742e+00
2.494576126337051392e-01
6.372843980789184570e-01
4.650239646434783936e-02
5.427595973014831543e-02
5.265752077102661133e-01
3.175263851881027222e-02
2.412161976099014282e-01
1.213669255375862122e-01
1.539824604988098145e-01
2.763370513916015625e+00
1.657452821731567383e+00
4.219035804271697998e-01
2.280253767967224121e-01
2.826178260147571564e-02
8.563634939491748810e-03
6.074916720390319824e-01
1.297997117042541504e+00
3.150506615638732910e-01
1.409991085529327393e-01
8.986226320266723633e-01
4.017332494258880615e-01
2.733550369739532471e-01
5.310253053903579712e-02
0.000000000000000000e+00
6.469335556030273438e-01
3.390749394893646240e-01
3.574384152889251709e-01
1.965592980384826660e+00
4.260748624801635742e-01
2.525854110717773438e+00
4.757555723190307617e-01
7.991928458213806152e-01
1.191733837127685547e+00
2.521498501300811768e-01
1.354036092758178711e+00
1.151484251022338867e-01
3.393562883138656616e-02
2.230708450078964233e-01
0.000000000000000000e+00
0.000000000000000000e+00
2.571036815643310547e-01
3.669578731060028076e-01
6.686077713966369629e-01
1.293801814317703247e-01
8.214398026466369629e-01
2.372621446847915649e-01
2.127577178180217743e-02
1.700277209281921387e+00
1.925237178802490234e-01
2.867985725402832031e+00
1.336753070354461670e-01
8.044634461402893066e-01
2.943968772888183594e-01
0.000000000000000000e+00
3.987202048301696777e-01
2.797670066356658936e-01
0.000000000000000000e+00
8.112795948982238770e-01
5.728061497211456299e-02
1.541451960802078247e-01
5.148211717605590820e-01
8.046939373016357422e-01
9.987944960594177246e-01
6.422394514083862305e-02
1.735685169696807861e-01
5.729480385780334473e-01
1.616892516613006592e-01
1.222805902361869812e-01
5.779549106955528259e-02
3.655086457729339600e-01
4.736999273300170898e-01
4.629518464207649231e-02
5.349534749984741211e-01
1.198733448982238770e-01
1.621097028255462646e-01
3.253547102212905884e-02
3.371470570564270020e-01
8.058837652206420898e-01
4.373083412647247314e-01
8.016627430915832520e-01
2.222863986389711499e-04
9.813632369041442871e-01
7.095074653625488281e-01
0.000000000000000000e+00
3.516015410423278809e-01
6.230700761079788208e-02
1.109115034341812134e-01
5.247621536254882812e-01
4.952228069305419922e-01
4.802986383438110352e-01
1.034321188926696777e+00
4.359699189662933350e-01
7.790260910987854004e-01
4.105953276157379150e-01
5.438430979847908020e-02
2.005899399518966675e-01
1.205891013145446777e+00
6.256560236215591431e-02
6.001324579119682312e-02
3.400226831436157227e+00
2.246969193220138550e-01
1.181344032287597656e+00
2.392198592424392700e-01
1.142125487327575684e+00
2.458210438489913940e-01
3.540287017822265625e-01
2.643128931522369385e-01
7.389037609100341797e-01
5.552276968955993652e-01
0.000000000000000000e+00
1.383794307708740234e+00
5.304641723632812500e-01
2.816880494356155396e-02
6.638453006744384766e-01
6.152689456939697266e-01
3.399275839328765869e-01
1.222492158412933350e-01
1.140539869666099548e-01
4.222534000873565674e-01
1.253301948308944702e-01
1.221947073936462402e+00
1.352723836898803711e-01
2.372925430536270142e-01
1.513928025960922241e-01
4.654042124748229980e-01
1.524182558059692383e-01
4.420255422592163086e-01
3.607620671391487122e-02
8.883006870746612549e-02
1.415332674980163574e+00
5.677236318588256836e-01
3.327200710773468018e-01
1.209284663200378418e+00
2.531769037246704102e+00
5.285434126853942871e-01
3.027819097042083740e-02
3.329535424709320068e-01
8.371050953865051270e-01
2.762785255908966064e-01
8.067434281110763550e-02
1.463848829269409180e+00
2.026975154876708984e-01
3.359372913837432861e-01
4.194440543651580811e-01
4.730591177940368652e-01
1.644801348447799683e-02
1.353515833616256714e-01
1.118160843849182129e+00
2.007464319467544556e-02
8.495935201644897461e-01
1.366547584533691406e+00
2.073279917240142822e-01
1.144155189394950867e-01
2.382117509841918945e-01
5.848509073257446289e-01
5.279307253658771515e-03
1.474245309829711914e+00
0.000000000000000000e+00
3.236615955829620361e-01
5.084775686264038086e-01
3.501316905021667480e-02
1.387412399053573608e-01
1.371323317289352417e-01
0.000000000000000000e+00
5.719411186873912811e-03
1.613524436950683594e+00
8.590959012508392334e-03
1.338095545768737793e+00
1.705205887556076050e-01
8.320128917694091797e-02
1.028713107109069824e+00
0.000000000000000000e+00
1.694832891225814819e-01
0.000000000000000000e+00
1.403197884559631348e+00
6.284545063972473145e-01
3.357167541980743408e-02
1.327064871788024902e+00
3.703026771545410156e-01
1.204301491379737854e-01
2.694331645965576172e+00
1.634267091751098633e+00
7.488278672099113464e-03
1.536774873733520508e+00
1.551344096660614014e-01
2.648886740207672119e-01
7.268112897872924805e-01
1.789669692516326904e-02
5.832072496414184570e-01
1.865654438734054565e-01
3.780632317066192627e-01
1.094907641410827637e+00
0.000000000000000000e+00
8.648633211851119995e-02
1.636883616447448730e-02
5.533851310610771179e-02
3.070453107357025146e-01
9.281300306320190430e-01
3.984202146530151367e-01
4.247991740703582764e-01
4.325179159641265869e-01
3.575961589813232422e+00
2.056559324264526367e-01
8.124855160713195801e-01
3.043487071990966797e-01
0.000000000000000000e+00
2.904853038489818573e-02
1.135871529579162598e+00
4.989906549453735352e-01
1.577222704887390137e+00
1.177788615226745605e+00
4.858489930629730225e-01
8.316954970359802246e-01
3.395522832870483398e-01
1.014837697148323059e-01
9.817985892295837402e-01
7.650858163833618164e-01
5.746328458189964294e-02
8.575817942619323730e-02
0.000000000000000000e+00
1.083968132734298706e-01
2.377916127443313599e-01
6.171545982360839844e-01
9.804937243461608887e-01
7.695915102958679199e-01
1.105990707874298096e-01
1.604000478982925415e-02
7.185888290405273438e-01
1.309051871299743652e+00
8.661771416664123535e-01
4.470404684543609619e-01
1.710267305374145508e+00
6.760501265525817871e-01
2.438419818878173828e+00
1.470386862754821777e+00
1.102391332387924194e-01
4.419188201427459717e-01
1.958878397941589355e+00
8.721321225166320801e-01
2.559567391872406006e-01
4.315353035926818848e-01
4.200512766838073730e-01
4.653644859790802002e-01
1.360097289085388184e+00
1.648709774017333984e-01
1.091604977846145630e-01
3.151498734951019287e-01
1.026914596557617188e+00
7.162727117538452148e-01
3.081829845905303955e-01
3.167956471443176270e-01
3.857842683792114258e-01
1.487763822078704834e-01
4.502452164888381958e-02
0.000000000000000000e+00
3.861288428306579590e-01
4.673802256584167480e-01
6.304039955139160156e-01
5.652954578399658203e-01
1.729399561882019043e+00
0.000000000000000000e+00
0.000000000000000000e+00
1.729931682348251343e-01
3.195987343788146973e-01
2.288517057895660400e-01
1.939871609210968018e-01
7.142820209264755249e-02
1.647758483886718750e-01
3.220101296901702881e-01
0.000000000000000000e+00
3.392967939376831055e+00
7.638201713562011719e-01
1.362724751234054565e-01
1.703332364559173584e-01
2.466943860054016113e-01
2.595603466033935547e+00
3.928583860397338867e-01
2.619437277317047119e-01
2.797612920403480530e-02
1.472530514001846313e-02
1.165654182434082031e+00
0.000000000000000000e+00
9.295680522918701172e-01
2.220221422612667084e-02
4.070537984371185303e-01
1.224432885646820068e-01
5.457588657736778259e-02
3.699189424514770508e-02
1.089109629392623901e-01
2.211481779813766479e-01
7.366707175970077515e-02
2.490423202514648438e+00
2.342771053314208984e+00
6.929942369461059570e-01
2.284412384033203125e-01
1.291776418685913086e+00
2.393484115600585938e-01
8.623166680335998535e-01
3.573088347911834717e-01
1.304975058883428574e-02
4.022162407636642456e-02
1.631446838378906250e+00
1.136744171380996704e-01
3.405312448740005493e-02
6.543213129043579102e-01
6.763494014739990234e-01
4.392469823360443115e-01
2.377316713333129883e+00
8.988726735115051270e-01
6.093684434890747070e-01
8.685922622680664062e-01
2.117163538932800293e-01
0.000000000000000000e+00
9.539440870285034180e-01
9.643402695655822754e-01
1.841089725494384766e-01
1.949549652636051178e-02
9.094515442848205566e-01
2.277575284242630005e-01
5.915717482566833496e-01
7.691515088081359863e-01
0.000000000000000000e+00
4.590862691402435303e-01
8.150634169578552246e-02
6.370982527732849121e-01
2.504314780235290527e-01
7.888739705085754395e-01
1.705793857574462891e+00
4.499343782663345337e-02
3.288222709670662880e-03
7.968673110008239746e-02
3.105229437351226807e-01
3.731694519519805908e-01
2.954676747322082520e-01
3.242350518703460693e-01
1.772289127111434937e-01
1.753904819488525391e-01
1.831716597080230713e-01
2.610995061695575714e-02
2.417261898517608643e-01
3.018606901168823242e-01
0.000000000000000000e+00
1.022666096687316895e+00
2.166498601436614990e-01
5.117887258529663086e-01
7.678666710853576660e-02
2.243558883666992188e+00
2.231589853763580322e-01
2.193831801414489746e-01
7.196903824806213379e-01
9.013246744871139526e-03
5.019675493240356445e-01
1.610120236873626709e-01
1.064578175544738770e+00
1.615122705698013306e-01
0.000000000000000000e+00
1.457153558731079102e-01
7.227382808923721313e-02
9.211608767509460449e-01
2.766089737415313721e-01
7.347661256790161133e-01
1.950560882687568665e-02
1.356510281562805176e+00
5.426217801868915558e-03
0.000000000000000000e+00
2.893900275230407715e-01
8.475708216428756714e-02
9.161377698183059692e-02
1.150056600570678711e+00
4.937442019581794739e-03
9.118479490280151367e-01
9.149397909641265869e-02
1.583302974700927734e+00
3.793990015983581543e-01
4.307524859905242920e-02
4.182064160704612732e-02
5.526457428932189941e-01
3.684037625789642334e-01
1.498649418354034424e-01
2.468605786561965942e-01
0.000000000000000000e+00
4.176075458526611328e-01
2.420899569988250732e-01
1.100837588310241699e+00
4.197474122047424316e-01
2.031389251351356506e-02
0.000000000000000000e+00
4.552439153194427490e-01
1.543707698583602905e-01
2.274835705757141113e-01
6.025103479623794556e-02
4.128651142120361328e+00
2.186611652374267578e+00
3.485777080059051514e-01
8.647902309894561768e-02
4.210144281387329102e-01
8.796951174736022949e-01
6.641749292612075806e-02
6.205899175256490707e-03
9.979089498519897461e-01
1.788923978805541992e+00
4.291422665119171143e-01
1.399509608745574951e-01
6.530312299728393555e-01
5.033251047134399414e-01
5.508739948272705078e-01
5.979816913604736328e-01
8.951489329338073730e-01
1.438517570495605469e+00
0.000000000000000000e+00
0.000000000000000000e+00
3.170658648014068604e-01
2.400762587785720825e-01
1.322018168866634369e-02
9.290882200002670288e-02
7.535544633865356445e-01
1.403895765542984009e-01
1.414486300200223923e-02
5.090589635074138641e-03
4.548481106758117676e-02
3.965466618537902832e-01
2.189766764640808105e-01
4.018217623233795166e-01
0.000000000000000000e+00
6.458719074726104736e-02
3.356799483299255371e-02
2.254108488559722900e-01
1.208551049232482910e+00
5.432541966438293457e-01
5.961964372545480728e-03
5.238550305366516113e-01
2.603973746299743652e-01
0.000000000000000000e+00
1.998195499181747437e-01
5.756588280200958252e-02
1.048686057329177856e-01
2.634403407573699951e-01
1.110490798950195312e+00
7.687619328498840332e-01
0.000000000000000000e+00
1.512535572052001953e+00
6.448906380683183670e-03
5.545666813850402832e-01
4.886157810688018799e-01
4.835941791534423828e-01
2.529395930469036102e-02
3.646191954612731934e-01
3.606359660625457764e-01
6.232571005821228027e-01
1.374502331018447876e-01
5.406596660614013672e-01
4.854881763458251953e-01
4.633118510246276855e-01
1.466613709926605225e-01
0.000000000000000000e+00
1.059027552604675293e+00
6.703901290893554688e-01
2.198343753814697266e+00
4.768431186676025391e-01
1.267755627632141113e-01
1.038804054260253906e+00
3.281383514404296875e-01
2.171673625707626343e-01
9.929558634757995605e-01
2.259057462215423584e-01
2.372381985187530518e-01
6.922833919525146484e-01
3.658604025840759277e-01
6.075826287269592285e-01
5.060720443725585938e-01
7.843684405088424683e-02
3.756308257579803467e-01
6.510282754898071289e-01
2.774613210931420326e-03
5.174016356468200684e-01
4.705276489257812500e-01
3.244004845619201660e-01
6.836090087890625000e-01
2.587884664535522461e-01
2.100489854812622070e+00
2.309881299734115601e-01
4.120458960533142090e-01
1.885640062391757965e-02
4.348291754722595215e-01
4.321916401386260986e-02
2.674295902252197266e-01
7.916063666343688965e-01
4.897846654057502747e-02
4.475806951522827148e-01
2.545495517551898956e-03
1.052695274353027344e+00
4.456378519535064697e-01
1.266404390335083008e-01
0.000000000000000000e+00
1.698459386825561523e-01
2.780216038227081299e-01
1.835457384586334229e-01
6.959582805633544922e+00
8.245801180601119995e-02
1.025175559334456921e-03
9.977409839630126953e-01
2.708342624828219414e-03
5.000774189829826355e-02
1.081178635358810425e-01
1.633433997631072998e-02
1.017159819602966309e-01
2.976812124252319336e-01
1.011598706245422363e-01
6.564000993967056274e-02
2.528944239020347595e-02
3.822914600372314453e+00
5.807333439588546753e-02
0.000000000000000000e+00
3.813039362430572510e-01
4.180279672145843506e-01
2.277297496795654297e+00
1.548394840210676193e-02
5.589194297790527344e-01
6.726770401000976562e-01
1.395006775856018066e-01
8.088175207376480103e-02
3.278001248836517334e-01
0.000000000000000000e+00
1.585917621850967407e-01
2.143772125244140625e+00
4.657773375511169434e-01
1.961114704608917236e-01
1.715459227561950684e-01
1.534491777420043945e-01
4.711053371429443359e-01
0.000000000000000000e+00
1.471058487892150879e+00
3.317267000675201416e-01
2.905313670635223389e-01
3.100251257419586182e-01
1.185529470443725586e+00
1.865558773279190063e-01
2.736335098743438721e-01
1.885542571544647217e-01
1.329883486032485962e-01
0.000000000000000000e+00
3.505633473396301270e-01
1.107960104942321777e+00
6.735344529151916504e-01
4.854111671447753906e-01
9.031953662633895874e-02
3.941975906491279602e-02
2.206608057022094727e+00
5.669051408767700195e-01
3.021887302398681641e+00
1.676010191440582275e-01
8.003203570842742920e-02
7.940530776977539062e-03
2.819143934175372124e-03
2.963011562824249268e-01
1.586624383926391602e-01
3.282023966312408447e-01
2.324525117874145508e-01
2.051831036806106567e-01
1.430894285440444946e-01
7.168769240379333496e-01
3.001259267330169678e-01
1.329803615808486938e-01
2.992284595966339111e-01
1.001406647264957428e-02
1.068693995475769043e+00
1.631620712578296661e-02
5.300261378288269043e-01
0.000000000000000000e+00
6.594167947769165039e-01
4.584472179412841797e-01
1.388669371604919434e+00
2.198453247547149658e-01
2.189874500036239624e-01
1.160151883959770203e-02
6.495055556297302246e-02
2.517414093017578125e-01
2.801374718546867371e-02
9.700561761856079102e-01
6.272386312484741211e-01
2.591030001640319824e-01
1.251710802316665649e-01
2.889068126678466797e-01
1.955985836684703827e-02
3.535655736923217773e-01
1.950113661587238312e-02
3.899388313293457031e-01
5.291873123496770859e-03
5.717572569847106934e-01
3.378691375255584717e-01
1.546254456043243408e-01
1.533819735050201416e-01
9.639776349067687988e-01
1.050336286425590515e-02
1.669621840119361877e-02
7.033445239067077637e-01
1.338368654251098633e+00
7.239997982978820801e-01
3.202530741691589355e-01
9.637665152549743652e-01
2.840573526918888092e-02
1.575553417205810547e-01
8.036896586418151855e-01
6.056336164474487305e-01
2.787654399871826172e+00
7.203724980354309082e-02
5.977423489093780518e-02
1.990632154047489166e-03
1.429020464420318604e-01
3.040477335453033447e-01
0.000000000000000000e+00
2.375199645757675171e-02
4.509682059288024902e-01
1.298679877072572708e-02
8.270403742790222168e-02
8.493452519178390503e-02
5.333978533744812012e-01
0.000000000000000000e+00
1.401148915290832520e+00
7.311234474182128906e-01
4.120437800884246826e-01
2.902113914489746094e+00
3.408229947090148926e-01
1.529711186885833740e-01
1.501346230506896973e+00
5.610010400414466858e-02
5.256406590342521667e-02
2.177164077758789062e+00
1.607687771320343018e-01
2.501455247402191162e-01
5.071881413459777832e-01
0.000000000000000000e+00
4.112865328788757324e-01
2.771786749362945557e-01
1.563217639923095703e-01
5.288186073303222656e-01
2.888587415218353271e-01
1.263350993394851685e-01
2.315333811566233635e-03
4.297285676002502441e-01
5.049509406089782715e-01
3.883080780506134033e-01
4.491995275020599365e-01
5.934624746441841125e-02
2.889502644538879395e-01
3.038582801818847656e-01
3.637119233608245850e-01
5.068907141685485840e-02
3.608168065547943115e-01
2.680132985115051270e-01
1.575840562582015991e-01
6.824297904968261719e-01
4.121084511280059814e-01
3.522030636668205261e-02
4.491446912288665771e-02
0.000000000000000000e+00
1.744525879621505737e-01
8.018843946047127247e-04
2.371395677328109741e-01
1.202533841133117676e-01
1.251676678657531738e-01
9.682714007794857025e-03
9.468083828687667847e-02
2.689583897590637207e-01
0.000000000000000000e+00
2.208430022001266479e-01
3.106604218482971191e-01
8.873298019170761108e-02
5.906240344047546387e-01
2.498341798782348633e-01
0.000000000000000000e+00
8.472052216529846191e-02
3.643291294574737549e-01
7.781316637992858887e-01
3.300279080867767334e-01
1.025326177477836609e-01
1.908865571022033691e-01
6.809176206588745117e-01
4.627836868166923523e-02
9.010848999023437500e-01
2.119220793247222900e-01
2.297576516866683960e-03
2.630393207073211670e-01
3.304107189178466797e-01
0.000000000000000000e+00
2.388315051794052124e-01
1.791013598442077637e+00
6.546836346387863159e-02
6.260575354099273682e-02
3.739869222044944763e-02
3.233436107635498047e+00
1.530369043350219727e+00
2.885395288467407227e-01
5.011483281850814819e-02
6.297674775123596191e-01
6.941118836402893066e-01
4.327784180641174316e-01
9.918297640979290009e-03
1.564512252807617188e-01
0.000000000000000000e+00
2.452929764986038208e-01
6.519985944032669067e-02
1.860492676496505737e-01
4.432617127895355225e-01
1.305031627416610718e-01
1.464930891990661621e+00
5.021113157272338867e-02
6.436386704444885254e-01
1.304633915424346924e-01
9.510234929621219635e-03
4.117428958415985107e-01
0.000000000000000000e+00
2.254185914993286133e+00
1.071524098515510559e-01
6.341130137443542480e-01
3.681560754776000977e-01
5.605610203929245472e-04
0.000000000000000000e+00
1.508774757385253906e+00
1.197844594717025757e-01
0.000000000000000000e+00
3.774886727333068848e-01
1.848916172981262207e+00
1.013892516493797302e-01
5.515354499220848083e-02
3.246177434921264648e-01
4.198008179664611816e-01
1.894431859254837036e-01
4.332806169986724854e-02
5.263725668191909790e-02
6.342209577560424805e-01
7.444437742233276367e-01
2.074970006942749023e-01
3.182600259780883789e+00
3.685952723026275635e-01
2.665360830724239349e-02
1.507478654384613037e-01
8.542113900184631348e-01
9.365730881690979004e-01
4.561713933944702148e-01
5.829507112503051758e-01
1.480876684188842773e+00
1.988653838634490967e-01
3.211842775344848633e-01
7.293567806482315063e-02
5.010213851928710938e-01
4.964004158973693848e-01
2.631424963474273682e-01
9.058689465746283531e-04
0.000000000000000000e+00
1.421092450618743896e-01
1.424707937985658646e-02
2.691240012645721436e-01
4.326888918876647949e-01
3.465281799435615540e-02
5.551946163177490234e-01
1.561904102563858032e-01
5.239309072494506836e-01
6.533119678497314453e-01
9.879053831100463867e-01
5.081353709101676941e-02
1.631330139935016632e-02
5.478441715240478516e-01
2.840962633490562439e-02
4.195435717701911926e-02
1.497909724712371826e-01
1.603635959327220917e-02
2.824035882949829102e-01
1.227460622787475586e+00
1.634047985076904297e+00
1.593649946153163910e-02
9.270309656858444214e-02
1.591995060443878174e-01
1.000249266624450684e+00
7.424018979072570801e-01
4.226238250732421875e+00
2.068338394165039062e-01
1.428220570087432861e-01
1.348656117916107178e-01
7.326932549476623535e-01
2.246120572090148926e-01
4.403614997863769531e-01
8.754157274961471558e-02
4.416014254093170166e-01
4.188226461410522461e-01
1.110233187675476074e+00
2.529670484364032745e-02
1.886353194713592529e-01
0.000000000000000000e+00
1.812952011823654175e-01
4.572092890739440918e-01
8.080407232046127319e-02
6.231310963630676270e-02
5.770527720451354980e-01
8.812073469161987305e-01
4.803257435560226440e-02
7.646010518074035645e-01
1.588244140148162842e-01
6.310251355171203613e-01
7.142248749732971191e-02
3.969802558422088623e-01
2.067442655563354492e+00
4.118772745132446289e-01
1.137164160609245300e-01
0.000000000000000000e+00
9.940322637557983398e-01
9.459495544433593750e-02
2.563824653625488281e-01
2.053554654121398926e-01
8.257212638854980469e-01
1.134413003921508789e+00
0.000000000000000000e+00
3.217499852180480957e-01
1.194275617599487305e-01
1.707826391793787479e-03
9.773692488670349121e-01
7.725552916526794434e-01
3.800044059753417969e-01
1.384174466133117676e+00
2.515585660934448242e+00
5.326731801033020020e-01
2.819683551788330078e+00
2.552544176578521729e-01
4.363144561648368835e-02
0.000000000000000000e+00
2.055850476026535034e-01
5.016290396451950073e-02
2.908026278018951416e-01
6.497601270675659180e-01
9.065940976142883301e-01
4.585442598909139633e-03
8.044955879449844360e-02
1.844045892357826233e-02
0.000000000000000000e+00
4.989758729934692383e-01
5.875061452388763428e-02
0.000000000000000000e+00
3.096316456794738770e-01
4.708180427551269531e+00
1.300177276134490967e-01
6.774932146072387695e-01
1.130306363105773926e+00
3.776308894157409668e-01
3.893876373767852783e-01
3.753097653388977051e-01
2.179945558309555054e-01
4.448283463716506958e-02
0.000000000000000000e+00
2.420763671398162842e-01
0.000000000000000000e+00
1.967554241418838501e-01
5.184054970741271973e-01
2.228584766387939453e+00
1.581196039915084839e-01
1.777932405471801758e+00
5.211954116821289062e-01
1.106184244155883789e+00
2.233178019523620605e-01
4.872872829437255859e-01
2.415931224822998047e-01
0.000000000000000000e+00
1.443557739257812500e+00
0.000000000000000000e+00
1.908110737800598145e+00
4.706759750843048096e-02
2.466246485710144043e-02
1.112761020660400391e+00
0.000000000000000000e+00
1.421084403991699219e+00
9.580999612808227539e-02
1.034287691116333008e+00
9.172274172306060791e-02
2.155640162527561188e-02
6.738100945949554443e-02
1.706320941448211670e-01
1.833467185497283936e-02
1.852213978767395020e+00
1.067111492156982422e+00
3.415549993515014648e-01
3.621364235877990723e-01
4.055926203727722168e-01
6.959192276000976562e+00
1.104887854307889938e-02
1.514567494392395020e+00
2.095975428819656372e-01
4.780016541481018066e-01
6.272038444876670837e-04
7.066463828086853027e-01
1.534792035818099976e-01
6.919661760330200195e-01
7.952897250652313232e-02
3.662834316492080688e-02
7.753510773181915283e-02
6.618799567222595215e-01
2.811075210571289062e+00
1.075637578964233398e+00
4.531834647059440613e-02
5.280092358589172363e-01
1.032668948173522949e+00
2.126900553703308105e-01
5.125627517700195312e-01
9.820985794067382812e-01
1.273506999015808105e+00
5.417809262871742249e-02
4.298891425132751465e-01
6.346716731786727905e-02
2.974891960620880127e-01
2.813349962234497070e-01
2.893011271953582764e-02
1.673905611038208008e+00
7.365656644105911255e-02
3.871326148509979248e-01
1.993877999484539032e-02
0.000000000000000000e+00
1.048788148909807205e-02
0.000000000000000000e+00
7.278811931610107422e-01
9.384915977716445923e-02
1.087788939476013184e-01
1.888711899518966675e-01
3.453424274921417236e-01
1.588081568479537964e-02
2.614391744136810303e-01
9.189417362213134766e-01
7.183715105056762695e-01
9.915295243263244629e-01
0.000000000000000000e+00
7.631632685661315918e-02
1.445563584566116333e-01
2.396334111690521240e-01
1.032654717564582825e-01
2.019103288650512695e+00
6.163795664906501770e-02
8.063058555126190186e-02
9.291902780532836914e-01
5.806262493133544922e-01
6.270680427551269531e-01
5.357708334922790527e-01
2.123568952083587646e-02
2.392989873886108398e+00
2.875204384326934814e-01
3.686408512294292450e-03
5.399052500724792480e-01
2.592430114746093750e-01
4.702441692352294922e-01
7.794135212898254395e-01
1.354891300201416016e+00
2.168780088424682617e+00
7.126924465410411358e-04
4.421866238117218018e-01
4.782516658306121826e-01
1.229502439498901367e+00
3.082457184791564941e-01
3.037531301379203796e-02
3.393337130546569824e-02
8.652710914611816406e-01
2.476747483015060425e-01
4.578754007816314697e-01
1.182825639843940735e-01
1.727967381477355957e+00
5.985682606697082520e-01
1.938648074865341187e-01
0.000000000000000000e+00
1.043333888053894043e+00
2.478284984827041626e-01
4.789877235889434814e-01
1.584304809570312500e+00
4.059011638164520264e-01
2.786387503147125244e-01
1.518563479185104370e-01
2.336913347244262695e+00
8.800626397132873535e-01
4.169060885906219482e-01
1.803300380706787109e-01
6.011635810136795044e-02
2.572322078049182892e-02
1.062280416488647461e+00
3.917400240898132324e-01
1.238197311758995056e-01
8.633071780204772949e-01
1.268771290779113770e+00
2.144081830978393555e+00
2.681317925453186035e-01
0.000000000000000000e+00
4.151487946510314941e-01
1.541279435157775879e+00
1.532164931297302246e+00
4.684685543179512024e-02
1.031253933906555176e+00
1.480375230312347412e-01
3.949224650859832764e-01
6.366317272186279297e-01
1.095319747924804688e+00
1.507314443588256836e-01
0.000000000000000000e+00
3.830367922782897949e-01
3.234927058219909668e-01
1.959177106618881226e-01
0.000000000000000000e+00
6.498719453811645508e-01
1.141258180141448975e-01
6.982933878898620605e-01
8.369908332824707031e-01
6.262364387512207031e-01
2.425133436918258667e-01
1.433147549629211426e+00
7.501847147941589355e-01
1.061974167823791504e-01
2.056695967912673950e-01
3.770585358142852783e-01
1.251427173614501953e+00
7.713296264410018921e-02
6.518790125846862793e-01
1.612153500318527222e-01
1.659557938575744629e+00
3.896980732679367065e-02
2.580045163631439209e-01
1.430151939392089844e+00
9.912869334220886230e-01
1.612524837255477905e-01
5.973463505506515503e-02
8.839450478553771973e-01
3.074230551719665527e-01
0.000000000000000000e+00
2.554182410240173340e-01
6.130372881889343262e-01
1.526354253292083740e-01
5.291750431060791016e-01
5.190451622009277344e+00
1.734141707420349121e+00
3.337723016738891602e-02
9.766002297401428223e-01
4.110914766788482666e-01
5.582228302955627441e-01
1.729257106781005859e-01
1.555569648742675781e+00
1.353486776351928711e-01
1.463616847991943359e+00
1.454538851976394653e-01
1.402237117290496826e-01
2.091648727655410767e-01
6.408917307853698730e-01
8.322877883911132812e-01
5.524363517761230469e-01
1.574963569641113281e+00
2.177077531814575195e-01
2.431520670652389526e-01
1.307085454463958740e-01
3.310012817382812500e-01
1.640919089317321777e+00
4.312869608402252197e-01
1.063229665160179138e-01
2.082030475139617920e-01
1.780520975589752197e-01
3.076253414154052734e+00
1.313168287277221680e+00
1.800019443035125732e-01
7.214568853378295898e-01
3.877966403961181641e-01
2.006860822439193726e-01
0.000000000000000000e+00
2.191989719867706299e-01
7.949933409690856934e-02
4.430675804615020752e-01
7.713201642036437988e-01
0.000000000000000000e+00
2.253655672073364258e+00
3.418824970722198486e-01
0.000000000000000000e+00
6.102019455283880234e-03
4.745208621025085449e-01
0.000000000000000000e+00
1.221727654337882996e-01
6.303029060363769531e-01
5.184436440467834473e-01
6.040168181061744690e-02
1.447631359100341797e+00
2.944844961166381836e-01
0.000000000000000000e+00
1.101402282714843750e+00
7.280100584030151367e-01
1.287131458520889282e-01
1.252239346504211426e+00
2.730255424976348877e-01
3.820023834705352783e-01
9.892392903566360474e-02
1.981477253139019012e-03
3.217952847480773926e-01
3.515715599060058594e-01
8.932020068168640137e-01
1.769644021987915039e-01
8.463099598884582520e-01
2.719314694404602051e-01
2.276227921247482300e-01
4.992400705814361572e-01
4.583746492862701416e-01
7.940675616264343262e-01
1.714342832565307617e-01
3.334884643554687500e-01
6.244090199470520020e-01
2.314382344484329224e-01
6.511812210083007812e-01
1.542606502771377563e-01
3.435556590557098389e-01
0.000000000000000000e+00
7.220619916915893555e-02
1.119609735906124115e-02
8.477386236190795898e-01
8.601880818605422974e-02
1.021705508232116699e+00
0.000000000000000000e+00
2.351528108119964600e-01
2.408217936754226685e-01
1.034771203994750977e+00
5.640171095728874207e-02
1.145353317260742188e+00
1.893112301826477051e+00
6.105856597423553467e-02
1.358004927635192871e+00
8.212448954582214355e-01
5.761896371841430664e-01
0.000000000000000000e+00
4.062848091125488281e-01
3.497353494167327881e-01
4.533317312598228455e-02
1.981812715530395508e-01
3.573130667209625244e-01
8.282955884933471680e-01
2.114862203598022461e-01
1.689920425415039062e+00
1.599954366683959961e-01
1.366171836853027344e+00
6.895597279071807861e-02
1.824912428855895996e+00
9.704068303108215332e-02
1.282255053520202637e-01
2.297135591506958008e-01
1.392256319522857666e-01
0.000000000000000000e+00
8.167312741279602051e-01
5.450548529624938965e-01
9.836947917938232422e-02
5.622296929359436035e-01
6.875941753387451172e-01
8.217315375804901123e-02
1.606875181198120117e+00
8.574105054140090942e-02
0.000000000000000000e+00
7.160128355026245117e-01
2.166585624217987061e-02
6.769126057624816895e-01
5.843732953071594238e-01
1.733718514442443848e+00
6.108282804489135742e-01
2.673220038414001465e-01
2.447206974029541016e-01
2.715981006622314453e-01
1.624205708503723145e-01
1.619679331779479980e-01
1.403334923088550568e-02
1.585666239261627197e-01
2.473617345094680786e-01
7.760877721011638641e-03
5.769710540771484375e-01
6.124341860413551331e-02
1.315680593252182007e-01
1.778811216354370117e-01
6.159437894821166992e-01
3.124420166015625000e+00
1.206391006708145142e-01
3.878538906574249268e-01
1.795790940523147583e-01
3.512443780899047852e+00
1.788791865110397339e-01
7.176737785339355469e-01
1.962155550718307495e-01
6.467513442039489746e-01
8.183463215827941895e-01
1.428362369537353516e+00
9.950459599494934082e-01
8.021841049194335938e-01
1.792226284742355347e-01
1.314994931221008301e+00
7.330673281103372574e-03
7.010869383811950684e-01
9.818814396858215332e-01
6.893834471702575684e-01
1.994767904281616211e+00
1.742743700742721558e-01
1.276687532663345337e-01
1.837034896016120911e-02
9.759369492530822754e-01
1.724584817886352539e+00
9.176666736602783203e-01
3.370984792709350586e-01
2.781455218791961670e-01
2.986501343548297882e-02
8.297208696603775024e-02
2.790970169007778168e-02
2.435084432363510132e-01
3.843527734279632568e-01
7.331101298332214355e-01
0.000000000000000000e+00
7.887018322944641113e-01
2.711929194629192352e-02
2.318686962127685547e+00
6.409187912940979004e-01
1.440731287002563477e+00
1.558305770158767700e-01
2.801029011607170105e-02
2.969901449978351593e-02
8.539985865354537964e-02
4.954443275928497314e-01
3.082586824893951416e-02
6.257049739360809326e-02
4.898496866226196289e-01
6.051154136657714844e-01
1.821887493133544922e-01
7.610682398080825806e-03
7.817459702491760254e-01
1.031481742858886719e+00
5.436782538890838623e-02
3.206569254398345947e-01
1.177465319633483887e-01
1.503378748893737793e+00
1.269727230072021484e+00
0.000000000000000000e+00
1.210500717163085938e+00
3.324889242649078369e-01
6.297574043273925781e-01
0.000000000000000000e+00
3.911245167255401611e-01
6.423580050468444824e-01
7.567954659461975098e-01
1.446508169174194336e+00
2.115549296140670776e-01
4.013939201831817627e-02
1.677828580141067505e-01
8.243181109428405762e-01
2.111250460147857666e-01
2.712574899196624756e-01
1.424714326858520508e-01
0.000000000000000000e+00
1.086412668228149414e+00
1.053069114685058594e+00
9.307170659303665161e-02
1.172838807106018066e+00
5.859000682830810547e-01
7.919657975435256958e-02
1.154108569025993347e-01
9.418404102325439453e-01
5.082347393035888672e-01
4.517631530761718750e-01
7.163830846548080444e-02
1.669524610042572021e-02
5.890011787414550781e-01
4.147139489650726318e-01
7.385428547859191895e-01
5.246854424476623535e-01
8.758649975061416626e-02
9.995682537555694580e-02
4.765880703926086426e-01
1.046187877655029297e+00
8.765928149223327637e-01
2.152331024408340454e-01
4.118527770042419434e-01
5.673989653587341309e-01
8.665459230542182922e-03
2.648493766784667969e+00
1.377147883176803589e-01
7.211701273918151855e-01
1.190833300352096558e-01
0.000000000000000000e+00
4.594591856002807617e-01
1.566707491874694824e+00
1.906245350837707520e+00
1.640738397836685181e-01
1.407451033592224121e+00
2.241002172231674194e-01
1.445007175207138062e-01
1.011868119239807129e+00
2.709646522998809814e-01
9.799161553382873535e-02
1.749121248722076416e-01
6.492829918861389160e-01
1.373338848352432251e-01
3.701749444007873535e-01
2.205875888466835022e-02
4.867140054702758789e-01
1.283582925796508789e+00
2.576874196529388428e-01
6.792755722999572754e-01
1.904305368661880493e-01
2.696514129638671875e-04
1.513972133398056030e-01
1.882998198270797729e-01
5.691994428634643555e-01
1.507649302482604980e+00
4.544539451599121094e-01
8.237505555152893066e-01
6.272297501564025879e-01
5.414861440658569336e-01
2.323508411645889282e-01
1.305756121873855591e-01
6.839448120445013046e-03
5.066503286361694336e-01
1.237629055976867676e-01
9.736039042472839355e-01
2.934571206569671631e-01
7.051928043365478516e-01
2.521112933754920959e-02
1.159616708755493164e+00
1.753496937453746796e-02
6.363862752914428711e-01
3.050647974014282227e-01
5.534827709197998047e-03
0.000000000000000000e+00
9.566646218299865723e-01
4.607112407684326172e+00
3.444452583789825439e-01
4.575753584504127502e-02
2.119784802198410034e-01
1.228752017021179199e+00
2.940112948417663574e-01
7.875313162803649902e-01
0.000000000000000000e+00
7.413316965103149414e-01
0.000000000000000000e+00
4.328978657722473145e-01
1.310310721397399902e+00
5.764134228229522705e-03
8.625815510749816895e-01
2.130512714385986328e+00
5.678265541791915894e-02
4.414653405547142029e-02
1.420912861824035645e+00
2.002493619918823242e+00
4.089396819472312927e-02
3.812834322452545166e-01
1.650015413761138916e-01
3.732611536979675293e-01
5.226137042045593262e-01
3.722693324089050293e-01
3.495287895202636719e-01
3.243581354618072510e-01
3.164873361587524414e+00
5.923833250999450684e-01
4.350183010101318359e-01
0.000000000000000000e+00
1.250384449958801270e-01
1.259431481361389160e+00
1.397350430488586426e-01
1.970888853073120117e+00
2.326266020536422729e-01
1.735335029661655426e-02
2.667950093746185303e-01
0.000000000000000000e+00
1.096631526947021484e+00
6.632109880447387695e-01
7.374097704887390137e-01
6.091443300247192383e-01
3.932519674301147461e+00
1.394397020339965820e+00
7.420313358306884766e-01
3.036714792251586914e-01
9.058107733726501465e-01
3.242335915565490723e-01
4.480049610137939453e-01
7.499742507934570312e-02
4.842212200164794922e-01
1.747803390026092529e-01
4.881199449300765991e-02
5.473539233207702637e-01
2.559692971408367157e-02
4.860589280724525452e-02
0.000000000000000000e+00
2.264254838228225708e-01
4.155586361885070801e-01
9.483029246330261230e-01
2.029124274849891663e-02
2.176735922694206238e-02
5.196845531463623047e-01
0.000000000000000000e+00
2.747969925403594971e-01
3.914984762668609619e-01
3.498533368110656738e-02
2.562442421913146973e-01
0.000000000000000000e+00
3.738884627819061279e-02
1.914678514003753662e-01
9.937160015106201172e-01
1.076509803533554077e-01
2.420428693294525146e-01
8.255876898765563965e-01
2.063278436660766602e+00
4.668532684445381165e-02
4.345643892884254456e-02
2.313264757394790649e-01
1.016650557518005371e+00
2.651341438293457031e+00
1.418865323066711426e-01
4.922289401292800903e-02
2.222129106521606445e-01
9.224952012300491333e-02
1.504519581794738770e-01
4.459073543548583984e-01
1.960564404726028442e-01
2.293847948312759399e-01
1.793688982725143433e-01
5.081118941307067871e-01
3.732711672782897949e-01
1.552033424377441406e+00
1.124278903007507324e+00
2.950090467929840088e-01
9.073678404092788696e-03
2.848958782851696014e-02
3.149699866771697998e-01
1.460483789443969727e+00
8.023381233215332031e-01
2.682165242731571198e-02
9.408728033304214478e-02
2.420593500137329102e-01
1.494917720556259155e-01
2.756066620349884033e-02
1.059609889984130859e+00
0.000000000000000000e+00
3.849522829055786133e+00
1.969347476959228516e+00
5.513053014874458313e-02
1.874923706054687500e-03
9.769084453582763672e-01
2.011905193328857422e+00
4.691343754529953003e-02
9.644922018051147461e-01
2.368582338094711304e-01
6.453145742416381836e-01
5.467741489410400391e-01
1.072827577590942383e+00
6.824691295623779297e-01
1.003681302070617676e+00
1.154275834560394287e-01
0.000000000000000000e+00
2.210172563791275024e-01
2.692359499633312225e-02
9.588200598955154419e-02
3.659979999065399170e-02
1.390565652400255203e-02
6.691248714923858643e-02
6.438046693801879883e-02
8.941600322723388672e-01
6.647035479545593262e-01
0.000000000000000000e+00
1.491485238075256348e+00
7.827681303024291992e-02
5.242172479629516602e-01
3.736068606376647949e-01
4.070760905742645264e-01
8.577163815498352051e-01
1.510604284703731537e-02
5.074942111968994141e-01
5.485513806343078613e-02
5.407758951187133789e-01
2.734874784946441650e-01
8.223313093185424805e-01
0.000000000000000000e+00
2.905885502696037292e-02
7.378486543893814087e-02
1.033882975578308105e+00
1.576429307460784912e-01
5.119739174842834473e-01
4.442226886749267578e-01
3.257572278380393982e-02
1.292409747838973999e-01
6.705540418624877930e-02
2.371240139007568359e+00
4.666838347911834717e-01
1.552078425884246826e-01
9.545004926621913910e-03
2.124786853790283203e+00
1.588596589863300323e-02
4.538884386420249939e-02
1.027814149856567383e+00
0.000000000000000000e+00
5.341697335243225098e-01
8.681429028511047363e-01
1.583253592252731323e-01
0.000000000000000000e+00
5.023014731705188751e-03
3.279821872711181641e-01
0.000000000000000000e+00
5.403141379356384277e-01
3.943697512149810791e-01
2.946754097938537598e-01
0.000000000000000000e+00
1.182173937559127808e-01
1.044934913516044617e-01
2.674216747283935547e+00
1.299207925796508789e+00
6.824194639921188354e-02
6.632144749164581299e-02
2.018136382102966309e-01
5.104734897613525391e-01
2.776829004287719727e-01
7.342663407325744629e-01
3.657183051109313965e-01
5.509679764509201050e-02
1.654710531234741211e+00
3.207476437091827393e-02
1.884901881217956543e+00
0.000000000000000000e+00
1.626735806465148926e+00
1.310171604156494141e+00
7.461021542549133301e-01
4.740778356790542603e-02
1.222002040594816208e-02
9.271719306707382202e-02
4.964685142040252686e-01
5.283742547035217285e-01
1.268524527549743652e-01
2.084933668375015259e-01
1.681370437145233154e-01
3.252325534820556641e+00
2.202512919902801514e-01
0.000000000000000000e+00
6.045433878898620605e-01
0.000000000000000000e+00
6.497942842543125153e-03
1.169371843338012695e+00
1.234539628028869629e+00
0.000000000000000000e+00
2.782261669635772705e-01
5.026445984840393066e-01
3.192813992500305176e-01
3.515958487987518311e-01
0.000000000000000000e+00
1.561540458351373672e-02
7.446260452270507812e-01
4.003122806549072266e+00
7.829731702804565430e-01
5.970501899719238281e-02
9.374384880065917969e-01
9.623621106147766113e-01
5.200033187866210938e-01
1.156773790717124939e-01
3.880989551544189453e-01
3.115929961204528809e-01
3.545099973678588867e+00
0.000000000000000000e+00
2.412405252456665039e+00
2.179217524826526642e-03
0.000000000000000000e+00
2.593436837196350098e-02
1.096815466880798340e-01
1.464448690414428711e+00
4.766769886016845703e+00
1.325550526380538940e-01
1.785694718360900879e+00
2.247499488294124603e-02
0.000000000000000000e+00
2.364528179168701172e+00
2.873819172382354736e-01
1.387873291969299316e+00
2.711435556411743164e-01
1.196727529168128967e-01
1.279593229293823242e+00
0.000000000000000000e+00
2.684218287467956543e-01
1.668682336807250977e+00
3.566851615905761719e-01
4.083266854286193848e-01
1.926573634147644043e+00
6.673714518547058105e-01
2.099278450012207031e+00
2.729727029800415039e-01
9.059791266918182373e-02
2.003696374595165253e-02
0.000000000000000000e+00
4.396784119307994843e-03
1.725156158208847046e-01
1.080833673477172852e+00
1.561621427536010742e-01
2.566995620727539062e-01
2.587972283363342285e-01
9.365630894899368286e-02
1.803238987922668457e-01
2.411222904920578003e-01
1.301488876342773438e-01
1.180270165205001831e-01
7.155793136917054653e-04
1.450949609279632568e-01
1.730202138423919678e-01
2.967175841331481934e-01
3.529129028320312500e-01
5.840770006179809570e-01
5.756151303648948669e-02
1.769471615552902222e-01
3.210222423076629639e-01
9.962306618690490723e-01
2.848220467567443848e-01
6.286400556564331055e-01
0.000000000000000000e+00
2.348271757364273071e-02
1.506265848875045776e-01
0.000000000000000000e+00
2.356307953596115112e-01
2.288209199905395508e-01
1.670173853635787964e-01
2.458124160766601562e+00
6.274329125881195068e-02
3.490010276436805725e-02
2.803000807762145996e-01
6.924204826354980469e-01
2.200504541397094727e-01
2.254972700029611588e-03
1.698589324951171875e-01
7.967084050178527832e-01
7.153103500604629517e-02
2.809950709342956543e-01
4.200729727745056152e-01
2.611910998821258545e-01
2.271678745746612549e-01
2.319885231554508209e-02
2.711787521839141846e-01
1.462625980377197266e+00
1.648493856191635132e-01
1.598716735839843750e+00
0.000000000000000000e+00
5.166948586702346802e-02
5.669321864843368530e-02
9.282273054122924805e-01
2.573592960834503174e-01
2.872098684310913086e-01
3.654776513576507568e-01
9.567539691925048828e-01
2.647225260734558105e-01
1.226054280996322632e-01
3.151077777147293091e-02
2.498896792531013489e-02
3.010158240795135498e-01
1.337608247995376587e-01
3.506991267204284668e-01
8.667426556348800659e-02
5.143368244171142578e-01
1.854688823223114014e-01
1.896283477544784546e-01
3.362193107604980469e+00
1.448320627212524414e+00
6.552326679229736328e-01
2.572551250457763672e+00
1.226398441940546036e-02
1.679582446813583374e-01
6.950158625841140747e-02
6.472804546356201172e-01
3.482728302478790283e-01
1.073067784309387207e-01
2.074542492628097534e-01
6.197872757911682129e-01
1.419478416442871094e+00
4.634170234203338623e-01
9.784726053476333618e-02
8.494411595165729523e-03
4.369823336601257324e-01
9.577111899852752686e-02
1.052268862724304199e+00
2.588349860161542892e-03
2.228419482707977295e-02
6.383365392684936523e-02
1.801045238971710205e-01
1.635621488094329834e-01
1.210270762443542480e+00
2.950403988361358643e-01
2.363097906112670898e+00
1.528724376112222672e-02
1.282552629709243774e-01
8.326378464698791504e-02
4.363078624010086060e-02
4.561024010181427002e-01
5.582612380385398865e-02
3.129459172487258911e-02
2.349202871322631836e+00
1.694977581501007080e-01
2.324185073375701904e-01
4.430930018424987793e-01
0.000000000000000000e+00
5.696621537208557129e-02
1.548775434494018555e-01
4.357889890670776367e-01
8.515502214431762695e-01
6.395640373229980469e-01
4.883006811141967773e-01
5.607205033302307129e-01
1.223704099655151367e+00
2.565663456916809082e-01
1.076389923691749573e-01
8.586586453020572662e-03
7.851876318454742432e-02
0.000000000000000000e+00
9.903375804424285889e-02
9.128242135047912598e-01
2.670051336288452148e+00
1.935564577579498291e-01
1.151497662067413330e-02
3.419069766998291016e+00
1.337421536445617676e+00
1.632221937179565430e-01
0.000000000000000000e+00
7.836841940879821777e-01
6.807404756546020508e-02
5.909845829010009766e-01
3.954477608203887939e-02
8.467767834663391113e-01
7.440549880266189575e-02
8.670539259910583496e-01
4.906912147998809814e-01
2.562196016311645508e+00
1.002746596932411194e-01
1.736128143966197968e-02
1.338917165994644165e-01
2.206390202045440674e-01
1.854626238346099854e-01
5.986861586570739746e-01
2.029541432857513428e-01
2.738348245620727539e-01
5.780292153358459473e-01
7.196846604347229004e-02
4.399949014186859131e-01
5.635816454887390137e-01
9.442068338394165039e-01
3.603544831275939941e-01
9.239179491996765137e-01
1.342622756958007812e+00
3.173949122428894043e-01
1.543467938899993896e-01
4.354298591613769531e+00
8.883613944053649902e-01
2.180322885513305664e+00
2.136427462100982666e-01
1.036718249320983887e+00
5.661266446113586426e-01
5.954943969845771790e-02
2.607469856739044189e-01
3.073343038558959961e-01
9.549040794372558594e-01
6.849074363708496094e-01
4.240478947758674622e-02
2.540025161579251289e-03
2.150585949420928955e-01
0.000000000000000000e+00
8.021514862775802612e-03
3.116540908813476562e-01
2.043526887893676758e+00
7.999678701162338257e-02
3.594310879707336426e-01
2.026007413864135742e+00
2.473269104957580566e-01
3.682950139045715332e-01
1.651172786951065063e-01
4.997853636741638184e-01
4.500562846660614014e-01
1.101082265377044678e-01
6.050039529800415039e-01
1.935124695301055908e-01
1.988704651594161987e-01
4.062186181545257568e-02
2.055031508207321167e-01
0.000000000000000000e+00
1.102207601070404053e-01
1.869291514158248901e-01
8.529284596443176270e-01
1.561619997024536133e+00
3.860571086406707764e-01
1.928238272666931152e+00
1.225979089736938477e+00
1.544631361961364746e+00
2.052832394838333130e-01
1.652658432722091675e-01
4.097526967525482178e-01
6.919337511062622070e-01
0.000000000000000000e+00
6.275487691164016724e-02
2.184767007827758789e+00
1.915989756584167480e+00
2.381531298160552979e-01
8.848590254783630371e-01
7.113365530967712402e-01
8.741107583045959473e-02
6.205649375915527344e-01
7.438388466835021973e-02
2.526676356792449951e-01
1.166235923767089844e+00
2.155964374542236328e-01
5.488254427909851074e-01
9.390197396278381348e-01
3.918984830379486084e-01
4.334072172641754150e-01
0.000000000000000000e+00
8.310018777847290039e-01
1.663983225822448730e+00
1.202447891235351562e+00
3.388220667839050293e-01
1.796725273132324219e+00
1.841397732496261597e-01
0.000000000000000000e+00
4.312162697315216064e-01
0.000000000000000000e+00
1.044737100601196289e-01
2.927647829055786133e-01
0.000000000000000000e+00
4.173805192112922668e-02
1.153386533260345459e-01
1.807679682970046997e-01
2.413244843482971191e-01
0.000000000000000000e+00
1.159956693649291992e+00
1.237478613853454590e+00
2.045191764831542969e+00
3.325396537780761719e+00
0.000000000000000000e+00
1.319256186485290527e+00
4.727234244346618652e-01
9.156572222709655762e-01
1.718069612979888916e-02
6.942867636680603027e-01
2.384932786226272583e-01
3.386847972869873047e-01
1.633174121379852295e-01
0.000000000000000000e+00
9.150002896785736084e-02
1.613416671752929688e-01
1.297854930162429810e-01
6.306729465723037720e-02
8.411664366722106934e-01
7.995342612266540527e-01
1.399574726819992065e-01
1.504273563623428345e-01
4.165790379047393799e-01
2.667116373777389526e-02
6.446261405944824219e-01
1.090153574943542480e+00
2.135548293590545654e-01
9.465412003919482231e-04
2.092027902603149414e+00
5.132281035184860229e-02
0.000000000000000000e+00
4.021323919296264648e-01
2.035805881023406982e-01
3.364596068859100342e-01
0.000000000000000000e+00
1.524433016777038574e+00
5.416442081332206726e-02
7.001245617866516113e-01
0.000000000000000000e+00
3.595782816410064697e-01
1.396083235740661621e+00
1.071786414831876755e-02
1.313879787921905518e-01
2.222898229956626892e-02
1.157979607582092285e+00
2.439145930111408234e-02
5.528613179922103882e-02
1.751461625099182129e-01
3.224137723445892334e-01
1.138166189193725586e+00
1.935521602630615234e+00
2.611713111400604248e-02
7.333714365959167480e-01
2.538095712661743164e-01
2.949140071868896484e+00
