1.154490709304809570e-01
4.474069178104400635e-01
1.442760378122329712e-01
7.507197260856628418e-01
4.734230339527130127e-01
9.944444149732589722e-02
3.062532246112823486e-01
2.580237947404384613e-02
7.792735099792480469e+00
1.583747118711471558e-01
5.091510415077209473e-01
7.706806659698486328e-01
4.852977693080902100e-01
0.000000000000000000e+00
4.002050161361694336e-01
7.220439612865447998e-02
0.000000000000000000e+00
0.000000000000000000e+00
1.398934125900268555e-01
1.030780911445617676e+00
9.231556653976440430e-01
2.083027839660644531e+00
2.843845784664154053e-01
5.681790709495544434e-01
4.414522349834442139e-01
1.235310286283493042e-01
3.066056035459041595e-02
1.981789916753768921e-01
7.958827018737792969e-01
3.622253611683845520e-02
0.000000000000000000e+00
5.442077293992042542e-02
6.292300671339035034e-02
2.103397130966186523e+00
2.789697423577308655e-02
1.045252904295921326e-01
3.016020543873310089e-02
4.505263864994049072e-01
3.296877071261405945e-02
2.242437452077865601e-01
1.774067282676696777e+00
4.670409858226776123e-02
2.542606592178344727e-01
2.933285236358642578e-01
6.201348304748535156e-01
4.831036031246185303e-01
1.839065551757812500e-01
1.805513501167297363e-01
3.177674114704132080e-02
6.071819663047790527e-01
0.000000000000000000e+00
8.533477783203125000e-01
0.000000000000000000e+00
1.030060425400733948e-01
3.253860473632812500e-01
6.238444522023200989e-02
6.769299507141113281e-03
3.688455820083618164e-01
2.175092697143554688e-01
4.072464108467102051e-01
2.371256649494171143e-01
1.025568604469299316e+00
1.061801791191101074e+00
1.606570333242416382e-01
1.104992255568504333e-01
0.000000000000000000e+00
3.657793998718261719e-01
5.095325946807861328e+00
5.073008313775062561e-02
0.000000000000000000e+00
4.831540107727050781e+00
1.099311630241572857e-03
0.000000000000000000e+00
2.922125101089477539e+00
2.059826552867889404e-01
0.000000000000000000e+00
9.404951333999633789e-02
5.159351229667663574e-02
2.612905979156494141e+00
8.089038729667663574e-02
1.235129982233047485e-01
0.000000000000000000e+00
8.769015669822692871e-01
3.138503730297088623e-01
5.334461927413940430e-01
1.932981796562671661e-02
8.750441670417785645e-02
2.101982980966567993e-01
4.825279116630554199e-01
3.388487547636032104e-02
0.000000000000000000e+00
4.421357214450836182e-01
6.943144649267196655e-02
4.554398357868194580e-02
0.000000000000000000e+00
0.000000000000000000e+00
1.345147378742694855e-02
9.631558060646057129e-01
2.974695563316345215e-01
8.737205862998962402e-01
0.000000000000000000e+00
8.898803591728210449e-01
8.331431448459625244e-02
2.258866071701049805e+00
8.681250363588333130e-02
2.498851530253887177e-02
0.000000000000000000e+00
1.094800472259521484e+00
3.098991215229034424e-01
6.864404678344726562e-01
2.817000746726989746e-01
4.291287064552307129e-02
3.881997764110565186e-01
5.819443613290786743e-03
1.150527596473693848e+00
8.096567392349243164e-01
0.000000000000000000e+00
1.312914013862609863e+00
1.011842414736747742e-01
2.216789172962307930e-03
5.887166857719421387e-01
1.178548410534858704e-01
5.224056839942932129e-01
1.117224454879760742e+00
7.233072280883789062e+00
7.503559440374374390e-02
1.056706681847572327e-01
8.847762346267700195e-01
2.223764210939407349e-01
5.993782877922058105e-01
1.247214317321777344e+00
1.152844130992889404e-01
1.936804056167602539e+00
1.828856915235519409e-01
1.875533908605575562e-01
3.059147000312805176e-01
1.672101765871047974e-01
6.067566275596618652e-01
8.618413209915161133e-01
0.000000000000000000e+00
1.991119980812072754e-01
7.301718741655349731e-02
4.489175379276275635e-01
0.000000000000000000e+00
7.456854730844497681e-02
1.387891173362731934e-01
1.198972463607788086e+00
7.380849123001098633e-01
3.612218499183654785e-01
1.456652879714965820e-01
1.736212015151977539e+00
1.692828387022018433e-01
4.014933854341506958e-02
0.000000000000000000e+00
1.257866501808166504e+00
1.127356171607971191e+00
4.772970974445343018e-01
5.964532028883695602e-03
4.609877616167068481e-02
7.161687314510345459e-02
1.360689848661422729e-02
3.655449151992797852e-01
7.465594410896301270e-01
5.746591091156005859e-01
1.782685369253158569e-01
2.519132792949676514e-01
6.134301796555519104e-02
1.710544526576995850e-01
2.945146858692169189e-01
2.370220422744750977e-01
4.604521095752716064e-01
6.206429749727249146e-02
5.206530690193176270e-01
2.487696409225463867e-01
6.849812716245651245e-02
4.155580103397369385e-01
7.289157062768936157e-02
2.230529934167861938e-01
9.244760125875473022e-02
2.636207342147827148e+00
3.594312369823455811e-01
2.917779982089996338e-01
2.909225784242153168e-02
1.293488979339599609e+00
3.936344981193542480e-01
1.587119549512863159e-01
0.000000000000000000e+00
8.499608039855957031e-01
6.095728650689125061e-02
2.677879095077514648e+00
4.270006418228149414e-01
1.890576004981994629e+00
1.262813657522201538e-01
2.736499309539794922e-01
3.559754043817520142e-02
0.000000000000000000e+00
4.816789150238037109e+00
2.444836944341659546e-01
1.008217856287956238e-01
1.342118382453918457e+00
7.518227398395538330e-02
0.000000000000000000e+00
2.961755730211734772e-02
3.523361086845397949e-01
2.107344269752502441e-01
6.654566526412963867e-01
6.231268048286437988e-01
6.200358271598815918e-01
7.467693686485290527e-01
0.000000000000000000e+00
1.269023776054382324e+00
1.846382141113281250e+00
4.804026484489440918e-01
0.000000000000000000e+00
3.644016757607460022e-02
1.445410549640655518e-01
5.280613899230957031e-01
0.000000000000000000e+00
2.590046823024749756e-01
1.084006905555725098e+00
1.017962694168090820e-01
8.696129322052001953e-01
3.456262052059173584e-01
2.410854399204254150e-02
5.955601334571838379e-01
2.654554843902587891e-01
0.000000000000000000e+00
7.330042719841003418e-01
6.603472232818603516e-01
1.521127939224243164e+00
1.078186154365539551e+00
3.538906574249267578e-01
9.214408397674560547e-01
9.999632835388183594e-01
6.221137642860412598e-01
3.264319002628326416e-01
6.121493577957153320e-01
1.367506086826324463e-01
0.000000000000000000e+00
0.000000000000000000e+00
3.169046714901924133e-02
1.915970295667648315e-01
4.406497478485107422e-01
1.872407048940658569e-01
1.802961975336074829e-01
2.454264163970947266e-01
1.321720331907272339e-01
0.000000000000000000e+00
7.636061310768127441e-02
6.245982646942138672e-01
1.917789280414581299e-01
7.419309765100479126e-02
1.278153061866760254e+00
1.664692163467407227e-01
1.351898014545440674e-01
4.370846319943666458e-03
1.360616367310285568e-02
1.519027203321456909e-01
9.984097480773925781e-01
5.305957049131393433e-03
1.423166096210479736e-01
1.898276209831237793e+00
4.857577800750732422e+00
2.151083052158355713e-01
5.988650768995285034e-02
5.341494828462600708e-02
6.022168993949890137e-01
2.777995467185974121e-01
1.681964635848999023e+00
4.303079247474670410e-01
1.575234413146972656e+00
8.758597373962402344e-01
4.120640754699707031e-01
1.768888905644416809e-02
8.277893066406250000e-04
1.316156536340713501e-01
3.479867577552795410e-01
1.321443200111389160e+00
3.520765900611877441e-02
5.480213761329650879e-01
0.000000000000000000e+00
7.502985000610351562e-01
4.745494946837425232e-02
1.199888706207275391e+00
3.261589407920837402e-01
2.614327892661094666e-02
4.287106394767761230e-01
1.537456870079040527e+00
1.609771251678466797e-01
7.619835436344146729e-02
4.256667196750640869e-01
0.000000000000000000e+00
7.380901277065277100e-02
1.913691610097885132e-01
1.620314549654722214e-03
2.510437965393066406e-01
1.364481151103973389e-01
1.042850494384765625e+00
1.028652787208557129e-01
3.018630146980285645e-01
4.327424615621566772e-02
7.172002922743558884e-03
6.117315292358398438e-01
4.405532032251358032e-02
7.167291641235351562e-01
5.975648388266563416e-02
1.699323505163192749e-01
1.872898191213607788e-01
1.835655979812145233e-02
6.117337942123413086e-01
1.514747500419616699e+00
6.636788249015808105e-01
3.541668653488159180e+00
1.347567915916442871e+00
0.000000000000000000e+00
7.741734385490417480e-01
5.028542280197143555e-01
2.478932142257690430e+00
5.598427057266235352e-01
8.582261204719543457e-02
2.604956626892089844e-01
2.624953389167785645e-01
1.436036229133605957e+00
9.963119029998779297e-01
1.597920656204223633e+00
1.222579330205917358e-01
7.711248844861984253e-02
2.088639140129089355e-01
5.097315311431884766e-01
1.074802279472351074e+00
5.935510247945785522e-02
5.560192465782165527e-01
4.969786480069160461e-02
2.642331123352050781e-01
3.902785778045654297e-01
6.636882424354553223e-01
1.363612890243530273e+00
2.534702718257904053e-01
2.485668659210205078e+00
4.828939586877822876e-02
1.895481534302234650e-02
3.515182435512542725e-01
2.786917686462402344e-01
1.385801732540130615e-01
5.041752383112907410e-02
2.922880649566650391e-01
8.885021321475505829e-03
1.754931360483169556e-01
7.763458043336868286e-02
3.342010676860809326e-01
1.231840476393699646e-01
4.899465665221214294e-02
9.219269752502441406e-01
7.588177919387817383e-02
1.020725369453430176e-01
0.000000000000000000e+00
7.677274346351623535e-01
1.375041842460632324e+00
5.590522289276123047e-01
8.200045228004455566e-01
2.418522164225578308e-02
3.806724548339843750e-01
1.614493727684020996e-01
1.539004892110824585e-01
1.494021177291870117e+00
2.334234770387411118e-03
1.619194388389587402e+00
5.890144109725952148e-01
0.000000000000000000e+00
4.389555752277374268e-02
1.935019046068191528e-01
1.995134800672531128e-01
6.553190350532531738e-01
4.732006490230560303e-01
1.354130655527114868e-01
2.978606894612312317e-02
0.000000000000000000e+00
1.344393491744995117e-01
8.177499771118164062e-01
9.492461383342742920e-02
7.425380349159240723e-01
2.022974751889705658e-02
4.800005555152893066e-01
1.139874532818794250e-01
1.614156961441040039e-01
1.117246225476264954e-01
6.389551162719726562e-01
6.450485587120056152e-01
5.343617796897888184e-01
9.057521075010299683e-02
8.100838214159011841e-02
3.247722983360290527e-01
6.573727726936340332e-01
1.849110424518585205e-02
2.307178825139999390e-02
1.589642882347106934e+00
1.395575106143951416e-01
1.014438867568969727e+00
3.395247459411621094e-01
1.078796982765197754e+00
1.696356683969497681e-01
4.409885108470916748e-01
6.524085402488708496e-01
7.355701923370361328e-01
2.745591700077056885e-01
9.823402762413024902e-02
1.783500164747238159e-01
5.865229368209838867e-01
3.597393035888671875e-01
6.069824695587158203e-01
0.000000000000000000e+00
4.559249151498079300e-03
2.899438440799713135e-01
5.216254591941833496e-01
1.108446344733238220e-01
5.860013961791992188e-01
3.270754814147949219e-01
2.305279821157455444e-01
0.000000000000000000e+00
4.256047606468200684e-01
0.000000000000000000e+00
1.418554067611694336e+00
1.585796028375625610e-01
8.076257072389125824e-03
5.593375563621520996e-01
4.240184724330902100e-01
0.000000000000000000e+00
5.939222574234008789e-01
0.000000000000000000e+00
5.887514352798461914e-02
3.541474640369415283e-01
4.318067729473114014e-01
5.364502072334289551e-01
0.000000000000000000e+00
1.290471851825714111e-01
0.000000000000000000e+00
1.570525392889976501e-02
1.836788892745971680e+00
4.172539114952087402e-01
4.967435002326965332e-01
0.000000000000000000e+00
9.929136140272021294e-04
1.593492329120635986e-01
9.618769586086273193e-02
5.362959504127502441e-01
0.000000000000000000e+00
4.069038629531860352e-01
1.844044685363769531e+00
8.967853337526321411e-02
1.677218675613403320e-01
1.407646775245666504e+00
1.774077415466308594e+00
0.000000000000000000e+00
1.463855952024459839e-01
4.391848146915435791e-01
5.407280921936035156e-01
5.188596551306545734e-04
1.807073652744293213e-01
3.295522928237915039e-01
1.667493283748626709e-01
8.515667915344238281e-01
4.528741240501403809e-01
1.883787870407104492e+00
1.089914441108703613e-01
1.957924664020538330e-02
1.263271570205688477e-01
1.160686835646629333e-02
7.524130940437316895e-01
1.324733197689056396e-01
1.021011710166931152e+00
1.445532427169382572e-03
4.754388034343719482e-01
3.369026184082031250e-01
1.858912587165832520e+00
2.818342745304107666e-01
9.104838967323303223e-01
2.992581427097320557e-01
2.362427562475204468e-01
3.282060921192169189e-01
1.902592658996582031e+00
4.924147427082061768e-01
1.102102279663085938e+00
1.502049565315246582e-01
2.337782680988311768e-01
1.192532300949096680e+00
3.712799549102783203e-01
3.828576505184173584e-01
3.323679044842720032e-02
4.100886881351470947e-01
1.198119997978210449e+00
6.832976341247558594e-01
1.350735872983932495e-01
5.179868936538696289e-01
3.376128971576690674e-01
1.515628844499588013e-01
3.602869510650634766e-01
2.045163363218307495e-01
6.601789593696594238e-01
6.999852657318115234e-01
3.311316967010498047e-01
2.777845859527587891e-01
6.807260215282440186e-02
2.711703181266784668e-01
5.372243523597717285e-01
1.541407823562622070e+00
1.504676695913076401e-02
1.292419791221618652e+00
1.140703558921813965e+00
9.472049027681350708e-02
6.040867567062377930e-01
3.530232906341552734e-01
3.578155338764190674e-01
2.890526533126831055e+00
3.403436839580535889e-01
1.761386357247829437e-02
3.571981191635131836e-01
4.956605732440948486e-01
2.023553133010864258e+00
0.000000000000000000e+00
4.083738103508949280e-02
4.635697841644287109e+00
0.000000000000000000e+00
2.322390377521514893e-01
1.084366589784622192e-01
8.748825788497924805e-01
5.520320311188697815e-02
8.137287497520446777e-01
9.382705390453338623e-02
2.029941976070404053e-01
5.857997536659240723e-01
1.494020670652389526e-01
2.908508777618408203e-01
5.540962815284729004e-01
2.374134063720703125e-01
4.106102883815765381e-01
1.961279511451721191e-01
2.299005985260009766e-01
8.822771161794662476e-02
3.504923582077026367e-01
0.000000000000000000e+00
1.691377401351928711e+00
0.000000000000000000e+00
4.130007266998291016e+00
3.103920817375183105e-01
0.000000000000000000e+00
3.761404454708099365e-01
2.418823353946208954e-02
3.739608079195022583e-02
8.374656736850738525e-02
2.699316501617431641e+00
2.013387829065322876e-01
9.964574128389358521e-02
6.456877291202545166e-02
1.693878620862960815e-01
0.000000000000000000e+00
8.798419237136840820e-01
1.379731744527816772e-01
2.376677691936492920e-01
3.244072794914245605e-01
1.259215116500854492e+00
2.323595732450485229e-01
2.646138146519660950e-02
0.000000000000000000e+00
2.385614514350891113e-01
3.977760374546051025e-01
0.000000000000000000e+00
0.000000000000000000e+00
4.840713739395141602e-01
0.000000000000000000e+00
7.463630288839340210e-02
6.749492287635803223e-01
1.163856625556945801e+00
2.357987165451049805e-01
4.131282866001129150e-01
0.000000000000000000e+00
2.333233058452606201e-01
5.185143351554870605e-01
1.822937130928039551e+00
3.322342932224273682e-01
5.076230764389038086e-01
2.417710423469543457e-01
1.870323866605758667e-01
6.296384930610656738e-01
6.542057991027832031e-01
1.418505907058715820e-01
6.896147727966308594e-01
6.934934854507446289e-01
1.133955270051956177e-01
1.988290548324584961e+00
0.000000000000000000e+00
2.088577672839164734e-02
3.472158014774322510e-01
6.665255427360534668e-01
1.339390873908996582e-01
5.183165892958641052e-02
6.257071495056152344e-01
2.567324042320251465e-02
2.450185827910900116e-02
4.215831756591796875e-01
0.000000000000000000e+00
1.590141177177429199e+00
6.045107841491699219e-01
6.062105298042297363e-02
4.310158193111419678e-01
1.237020254135131836e+00
3.073415160179138184e-01
3.378226757049560547e-01
0.000000000000000000e+00
1.197708770632743835e-01
7.252497971057891846e-02
2.120068550109863281e+00
1.660447195172309875e-02
8.158006668090820312e-01
1.728501170873641968e-01
5.091518163681030273e-01
6.110175698995590210e-02
3.159880638122558594e-01
4.171713888645172119e-01
3.378617763519287109e-02
1.067657098174095154e-01
3.578180968761444092e-01
8.967406302690505981e-02
8.105112910270690918e-01
2.658546268939971924e-01
1.277697324752807617e+00
4.414076209068298340e-01
2.588624358177185059e-01
1.895077347755432129e+00
3.114564716815948486e-01
6.670324131846427917e-03
4.392261058092117310e-02
1.284426152706146240e-01
7.090130448341369629e-02
1.492636511102318764e-03
5.298785567283630371e-01
3.699259161949157715e-01
3.209006413817405701e-02
5.949772596359252930e-01
6.476906538009643555e-01
4.593497887253761292e-02
9.329774975776672363e-01
1.296986579895019531e+00
8.529629707336425781e-01
2.022862911224365234e+00
2.705978751182556152e-01
1.596061736345291138e-01
0.000000000000000000e+00
4.341059327125549316e-01
1.609647460281848907e-02
1.816245168447494507e-02
3.938899189233779907e-02
6.985455155372619629e-01
8.343001604080200195e-01
1.012364387512207031e+00
7.348541021347045898e-01
5.720955133438110352e-01
2.314611338078975677e-03
2.725119590759277344e-01
5.352834463119506836e-01
7.401401042938232422e+00
7.446722984313964844e-01
4.906543344259262085e-02
8.799036741256713867e-01
3.233144432306289673e-02
0.000000000000000000e+00
3.269418329000473022e-02
8.464346319669857621e-05
5.888716578483581543e-01
7.554591298103332520e-01
5.537625774741172791e-02
0.000000000000000000e+00
1.033676743507385254e+00
5.439747571945190430e-01
1.726969957351684570e+00
1.832491755485534668e-01
2.199354022741317749e-01
2.129260450601577759e-01
3.443248569965362549e-01
7.307289242744445801e-01
9.499746561050415039e-01
1.141383409500122070e+00
1.495541334152221680e-01
4.349081963300704956e-02
2.623595952987670898e+00
4.332182407379150391e-01
9.543745219707489014e-02
2.064751088619232178e-02
4.288475513458251953e-01
1.284648664295673370e-02
6.198514625430107117e-02
5.147448182106018066e-01
1.568079590797424316e+00
4.365272819995880127e-02
7.683129310607910156e-01
7.387682199478149414e-01
3.628216311335563660e-02
1.403047680854797363e+00
1.155643701553344727e+00
1.108840942382812500e+00
1.411320567131042480e+00
2.374013140797615051e-02
5.165622830390930176e-01
1.224370673298835754e-01
2.944523334503173828e+00
8.470231890678405762e-01
6.886898875236511230e-01
1.375396609306335449e+00
4.491205513477325439e-01
9.980803728103637695e-02
7.888487540185451508e-03
0.000000000000000000e+00
1.468560934066772461e+00
0.000000000000000000e+00
3.724175691604614258e-02
1.395032107830047607e-01
1.931376159191131592e-01
1.165290236473083496e+00
1.153313182294368744e-02
5.363754630088806152e-01
1.308231502771377563e-01
3.912854492664337158e-01
3.069131076335906982e-02
6.401931047439575195e-01
2.440104782581329346e-01
6.177693605422973633e-01
1.374303102493286133e-01
3.388103544712066650e-01
1.088516339659690857e-01
3.986669182777404785e-01
8.771432638168334961e-01
1.197751238942146301e-02
6.162898540496826172e-01
1.179452016949653625e-01
2.383397370576858521e-01
9.321647882461547852e-01
5.203690528869628906e-01
7.960887551307678223e-01
5.034121870994567871e-01
0.000000000000000000e+00
0.000000000000000000e+00
2.102983713150024414e+00
2.524373829364776611e-01
9.512346386909484863e-01
1.253063678741455078e-01
0.000000000000000000e+00
0.000000000000000000e+00
5.824168324470520020e-01
5.825645923614501953e-01
5.197999477386474609e-01
1.168986037373542786e-01
0.000000000000000000e+00
2.312403321266174316e-01
7.331573963165283203e-01
2.756594307720661163e-02
0.000000000000000000e+00
8.587977886199951172e-01
2.006686525419354439e-03
1.160249207168817520e-02
2.099134206771850586e+00
8.775527477264404297e-01
6.280796527862548828e-01
8.171114325523376465e-02
4.118850529193878174e-01
9.322483837604522705e-02
0.000000000000000000e+00
2.698557078838348389e-01
3.446713089942932129e-02
4.250086843967437744e-01
5.750772953033447266e-01
8.867918699979782104e-02
5.469340085983276367e-01
2.049122937023639679e-02
1.890542209148406982e-01
1.170291602611541748e-01
9.510817527770996094e-01
1.274957537651062012e+00
8.467013239860534668e-01
1.017591916024684906e-02
9.880873560905456543e-02
1.672922372817993164e-01
3.512429073452949524e-02
1.723275929689407349e-01
5.546549558639526367e-01
2.576367259025573730e-01
6.780530791729688644e-03
3.547938168048858643e-02
2.029435941949486732e-03
8.543104678392410278e-02
0.000000000000000000e+00
2.403220981359481812e-01
1.415450274944305420e-01
1.659673154354095459e-01
1.205495595932006836e+00
0.000000000000000000e+00
7.100308537483215332e-01
2.178158909082412720e-01
4.273474514484405518e-01
4.886278510093688965e-01
0.000000000000000000e+00
2.672525122761726379e-03
3.205927908420562744e-01
2.243548393249511719e+00
7.063311338424682617e-01
2.616165578365325928e-02
3.164882361888885498e-01
4.439886808395385742e-01
4.005514681339263916e-01
2.869840145111083984e+00
4.832353815436363220e-02
4.615521430969238281e-01
4.187142476439476013e-02
1.294408142566680908e-01
1.942251563072204590e+00
7.010281682014465332e-01
4.621575772762298584e-01
1.475974678993225098e+00
9.988870620727539062e-01
5.219472646713256836e-01
2.234930247068405151e-01
8.873769044876098633e-01
5.344716459512710571e-02
2.079284191131591797e+00
4.835376888513565063e-02
1.866184902610257268e-04
9.328969717025756836e-01
4.697816912084817886e-03
3.094908893108367920e-01
9.560354351997375488e-01
4.184946790337562561e-02
2.279710620641708374e-01
1.593924909830093384e-01
1.445407867431640625e-01
3.384474515914916992e-01
3.890767097473144531e-01
1.865615695714950562e-02
2.343321405351161957e-02
0.000000000000000000e+00
2.182293683290481567e-01
1.305180042982101440e-01
6.999006122350692749e-02
3.209138521924614906e-04
9.854777157306671143e-02
2.139820158481597900e-02
8.732900023460388184e-01
6.794578433036804199e-01
4.894430637359619141e-01
2.151075191795825958e-02
2.940575480461120605e-01
1.992312818765640259e-01
9.714190363883972168e-01
1.864862293004989624e-01
2.586979627609252930e+00
5.595840811729431152e-01
3.044796288013458252e-01
1.097249016165733337e-01
3.352116942405700684e-01
0.000000000000000000e+00
6.202276349067687988e-01
0.000000000000000000e+00
1.321501731872558594e+00
0.000000000000000000e+00
3.804972171783447266e-01
2.191796779632568359e+00
1.537837862968444824e+00
2.384209632873535156e-02
1.524843931198120117e+00
2.570056021213531494e-01
3.331919014453887939e-02
2.403240092098712921e-02
3.258008956909179688e-01
2.371063679456710815e-01
1.457674503326416016e+00
1.743284985423088074e-02
9.604971855878829956e-03
0.000000000000000000e+00
1.840228885412216187e-01
1.018587231636047363e+00
1.347654700279235840e+00
9.030075669288635254e-01
2.087469957768917084e-02
5.046358332037925720e-02
8.900690823793411255e-02
6.758285164833068848e-01
8.060094118118286133e-01
3.113122940063476562e+00
3.041364431381225586e+00
1.459136456251144409e-01
1.025357604026794434e+00
3.344187736511230469e-01
0.000000000000000000e+00
5.215119197964668274e-02
0.000000000000000000e+00
3.127102613449096680e+00
1.631115190684795380e-02
9.055305272340774536e-02
4.242168366909027100e-01
1.447162777185440063e-01
9.389033317565917969e-01
9.968106269836425781e+00
1.225844740867614746e+00
3.956097736954689026e-02
1.456863999366760254e+00
7.575802803039550781e-01
4.610902965068817139e-01
6.210777759552001953e-01
1.872055828571319580e-01
9.245796799659729004e-01
1.105274483561515808e-01
6.016098856925964355e-01
5.700602754950523376e-02
3.397966027259826660e-01
3.610262274742126465e-01
3.328286409378051758e-01
2.110476940870285034e-01
5.047978088259696960e-02
4.358792901039123535e-01
3.792405361309647560e-03
1.022878065705299377e-01
4.437774419784545898e-01
9.187234938144683838e-02
5.239980816841125488e-01
3.480358421802520752e-02
2.092970758676528931e-01
4.161659181118011475e-01
2.496404647827148438e-01
6.868970580399036407e-03
8.410639129579067230e-03
1.019159436225891113e+00
4.896811544895172119e-01
5.671148188412189484e-03
8.558561205863952637e-01
2.812141776084899902e-01
2.722412161529064178e-02
0.000000000000000000e+00
7.905771732330322266e-01
0.000000000000000000e+00
3.142549693584442139e-01
1.850553974509239197e-02
8.046398758888244629e-01
1.577442884445190430e-01
1.609176546335220337e-01
5.835071206092834473e-01
1.893334865570068359e+00
1.011439412832260132e-01
3.126413822174072266e+00
1.017601713538169861e-01
4.347655177116394043e-02
1.387366205453872681e-01
4.549670815467834473e-01
3.333038389682769775e-01
2.438922375440597534e-01
4.278095662593841553e-01
0.000000000000000000e+00
9.643309712409973145e-01
3.398087918758392334e-01
3.162324428558349609e-01
4.745586216449737549e-01
9.781020134687423706e-02
3.767984211444854736e-01
3.314230740070343018e-01
1.363427340984344482e-01
1.772281080484390259e-01
1.116277456283569336e+00
2.965313568711280823e-02
1.002043336629867554e-01
0.000000000000000000e+00
3.938961029052734375e-01
3.202067688107490540e-02
4.713340997695922852e-01
1.004635468125343323e-01
2.578687965869903564e-01
9.214293211698532104e-02
1.458542644977569580e-01
9.173706918954849243e-02
5.558062195777893066e-01
3.168608620762825012e-02
1.239091992378234863e+00
5.906466841697692871e-01
3.022574484348297119e-01
0.000000000000000000e+00
2.401072829961776733e-01
2.011133670806884766e+00
2.301873080432415009e-02
1.994497328996658325e-01
1.663285493850708008e-01
1.587869599461555481e-02
1.498749971389770508e+00
2.391281574964523315e-01
5.839805006980895996e-01
2.869653515517711639e-02
9.225975871086120605e-01
6.723817437887191772e-02
6.338224560022354126e-02
2.218165844678878784e-01
1.671579778194427490e-01
4.347269982099533081e-02
1.689835041761398315e-01
1.036056131124496460e-01
2.052926085889339447e-02
1.796283572912216187e-01
2.761949777603149414e+00
7.534426450729370117e-02
2.354650050401687622e-01
5.355467200279235840e-01
4.278040528297424316e-01
6.615013349801301956e-03
2.621096670627593994e-01
1.189595580101013184e+00
3.418600857257843018e-01
2.480273246765136719e+00
0.000000000000000000e+00
5.281482338905334473e-01
3.464169055223464966e-02
7.047910243272781372e-02
1.776979565620422363e+00
1.080923750996589661e-01
0.000000000000000000e+00
3.470953181385993958e-02
1.185135722160339355e+00
6.049610972404479980e-01
2.337708771228790283e-01
8.870111703872680664e-01
3.292637169361114502e-01
5.206302553415298462e-02
6.025603041052818298e-02
2.826326712965965271e-02
3.522634506225585938e-05
3.532055318355560303e-01
4.744674682617187500e+00
8.856709003448486328e-01
0.000000000000000000e+00
1.577485203742980957e+00
8.539000749588012695e-01
7.602977566421031952e-03
3.111201822757720947e-01
4.515094459056854248e-01
1.486434489488601685e-01
6.882510781288146973e-01
3.815281018614768982e-02
1.283572316169738770e-01
1.041071891784667969e+00
1.133302971720695496e-01
0.000000000000000000e+00
2.576282024383544922e-01
1.840353012084960938e-03
2.587276995182037354e-01
6.401696205139160156e-01
1.407924443483352661e-01
1.496541798114776611e-01
3.034133315086364746e-01
7.300432920455932617e-01
8.920263051986694336e-01
2.109869718551635742e-01
8.872933685779571533e-03
9.768133610486984253e-02
4.979339987039566040e-02
6.283160299062728882e-02
2.739242613315582275e-01
6.519922018051147461e-01
6.321770697832107544e-02
2.828148752450942993e-02
1.676902920007705688e-01
2.100757360458374023e-01
2.682707905769348145e-01
9.962158650159835815e-02
6.998609751462936401e-03
0.000000000000000000e+00
1.009559631347656250e+00
9.849462658166885376e-02
1.394301503896713257e-01
0.000000000000000000e+00
8.179086446762084961e-01
3.380091786384582520e-01
1.752968877553939819e-01
3.884354352951049805e+00
3.958864510059356689e-02
2.347723722457885742e+00
5.117018818855285645e-01
3.021536767482757568e-01
3.992036581039428711e-01
0.000000000000000000e+00
7.198302447795867920e-02
2.443024516105651855e-01
9.863672405481338501e-02
1.915846765041351318e-02
2.270659953355789185e-01
2.273952484130859375e+00
3.278480768203735352e-01
3.612455129623413086e-01
5.248742178082466125e-02
5.767844319343566895e-01
3.143635690212249756e-01
4.820148050785064697e-01
8.892355114221572876e-02
4.904281720519065857e-02
1.985549367964267731e-02
6.176428869366645813e-02
6.949312984943389893e-02
9.347171522676944733e-03
1.091464012861251831e-01
4.397737979888916016e-01
0.000000000000000000e+00
2.747265696525573730e-01
8.812003731727600098e-01
1.476823352277278900e-02
3.946626484394073486e-01
5.248609930276870728e-02
3.873147815465927124e-02
3.322889506816864014e-01
2.410535663366317749e-01
1.503249555826187134e-01
6.966702938079833984e-01
8.470456004142761230e-01
6.629852056503295898e-01
9.433414936065673828e-01
5.604107379913330078e-01
5.062614083290100098e-01
1.555692195892333984e+00
2.726218700408935547e+00
0.000000000000000000e+00
5.378278493881225586e-01
6.006867885589599609e-01
5.552435517311096191e-01
1.194248273968696594e-01
2.230739593505859375e+00
5.957859754562377930e-01
5.076969861984252930e-01
2.400030136108398438e+00
3.185468912124633789e-01
0.000000000000000000e+00
7.878903746604919434e-01
1.476994007825851440e-01
3.635166957974433899e-02
9.582833386957645416e-03
2.615949511528015137e-02
4.760112985968589783e-02
4.975260049104690552e-02
2.963187098503112793e-01
0.000000000000000000e+00
9.900856018066406250e-02
2.719522237777709961e+00
0.000000000000000000e+00
5.040030553936958313e-02
7.794406265020370483e-02
8.769210427999496460e-03
3.082128167152404785e-01
7.899171113967895508e-02
3.783566951751708984e+00
1.967306852340698242e+00
2.495144605636596680e-01
1.044353693723678589e-01
1.719175577163696289e+00
3.173203229904174805e+00
3.668928518891334534e-03
2.569191157817840576e-01
2.470689639449119568e-02
1.682576388120651245e-01
1.587493121623992920e-01
2.478797197341918945e+00
2.776110768318176270e-01
3.596765995025634766e-01
3.342123508453369141e+00
8.229188621044158936e-02
1.315019726753234863e-01
3.890983462333679199e-01
1.067051649093627930e+00
2.781587243080139160e-01
1.331536620855331421e-01
4.509630799293518066e-01
2.394780963659286499e-01
1.440174132585525513e-01
0.000000000000000000e+00
9.508606046438217163e-03
2.936676442623138428e-01
6.696761846542358398e-01
1.547888368368148804e-01
9.122598767280578613e-01
7.855121791362762451e-02
4.480227231979370117e-01
4.366659745573997498e-02
5.163796618580818176e-02
5.766155198216438293e-02
7.048496603965759277e-01
3.719210252165794373e-02
1.922564208507537842e-01
0.000000000000000000e+00
1.903492026031017303e-02
1.330551981925964355e+00
4.771620780229568481e-02
2.816502004861831665e-02
6.182106733322143555e-01
2.759755821898579597e-03
2.465222775936126709e-01
1.410558819770812988e-01
3.204219043254852295e-02
9.580122679471969604e-02
0.000000000000000000e+00
5.814236998558044434e-01
6.145548224449157715e-01
0.000000000000000000e+00
5.356696248054504395e-01
1.197868704795837402e+00
4.960248246788978577e-02
0.000000000000000000e+00
8.024843037128448486e-02
8.886506408452987671e-02
1.435262858867645264e-01
3.390431404113769531e-02
2.826743841171264648e+00
1.856168955564498901e-01
7.113772630691528320e-01
2.774246335029602051e-01
4.786907508969306946e-02
1.029871702194213867e+00
4.201530218124389648e-01
1.005616784095764160e+00
9.791177511215209961e-02
3.467181324958801270e-02
5.034738779067993164e-01
1.886833012104034424e-01
1.807619631290435791e-01
6.761239767074584961e-01
2.296352982521057129e-01
5.887689590454101562e-01
4.123773574829101562e+00
6.550294905900955200e-02
6.850596070289611816e-01
2.202093154191970825e-01
8.070639967918395996e-01
8.703524470329284668e-01
2.171609401702880859e-01
3.674134612083435059e-01
2.110822126269340515e-02
1.548926383256912231e-01
7.191386818885803223e-01
4.643726646900177002e-01
1.154390811920166016e+00
6.727744936943054199e-01
1.059921264648437500e+00
1.353792101144790649e-01
3.800424337387084961e-01
2.703624665737152100e-01
8.524648547172546387e-01
3.816840946674346924e-01
1.057262301445007324e+00
0.000000000000000000e+00
6.526176333427429199e-01
9.892049431800842285e-02
0.000000000000000000e+00
0.000000000000000000e+00
2.345970645546913147e-02
3.889208436012268066e-01
7.725321650505065918e-01
2.233161963522434235e-02
6.927329301834106445e-02
1.422868221998214722e-01
2.078328430652618408e-01
7.494115829467773438e-01
9.598368406295776367e-02
1.821032315492630005e-01
3.472504913806915283e-01
4.614457190036773682e-01
8.406613469123840332e-01
2.962138652801513672e+00
6.341946721076965332e-01
1.871951222419738770e-01
1.629207432270050049e-01
5.282967090606689453e-01
2.007155567407608032e-01
9.373646974563598633e-01
9.227102994918823242e-02
3.354728221893310547e-01
2.892635762691497803e-01
8.138924837112426758e-02
8.159295916557312012e-01
1.605067774653434753e-02
8.391739130020141602e-01
4.458466172218322754e-02
2.446287631988525391e+00
2.215727716684341431e-01
5.576770305633544922e-01
1.806738376617431641e-01
1.043184757232666016e+00
2.456385176628828049e-03
2.927713692188262939e-01
1.183512955904006958e-01
6.740263104438781738e-01
0.000000000000000000e+00
8.916704654693603516e-01
2.161007672548294067e-01
7.107367273420095444e-04
1.382900809403508902e-04
1.443571090698242188e+00
6.007882580161094666e-02
0.000000000000000000e+00
1.111877560615539551e+00
1.544388651847839355e+00
3.079367429018020630e-02
1.721686124801635742e+00
1.452071070671081543e-01
1.064213458448648453e-02
0.000000000000000000e+00
2.808143496513366699e-01
1.231488943099975586e+00
4.996742680668830872e-02
3.078368306159973145e-01
1.587608754634857178e-01
8.559972047805786133e-02
6.457341462373733521e-02
1.227738022804260254e+00
1.622370630502700806e-01
9.314029216766357422e-01
8.341269940137863159e-02
1.853203415870666504e+00
1.887373626232147217e-02
1.701964810490608215e-02
0.000000000000000000e+00
4.273037016391754150e-01
1.698582060635089874e-02
5.435196161270141602e-01
2.243333607912063599e-01
5.896681547164916992e-02
2.333339862525463104e-02
8.502555489540100098e-01
8.952127397060394287e-02
2.178164571523666382e-01
1.052261710166931152e+00
2.794774994254112244e-02
3.292642116546630859e+00
1.960125565528869629e-02
2.457699924707412720e-02
4.550499320030212402e-01
1.351057767868041992e+00
2.665694616734981537e-02
2.847929298877716064e-01
3.007496356964111328e+00
1.552126854658126831e-01
4.189852476119995117e-01
8.087874203920364380e-02
1.437079429626464844e+00
2.064871490001678467e-01
1.338714659214019775e-01
9.854133129119873047e-01
6.739615797996520996e-01
1.442877888679504395e+00
7.867153882980346680e-01
2.833472751080989838e-02
1.266175135970115662e-02
4.760581851005554199e-01
4.213916957378387451e-01
7.913181185722351074e-02
1.538478970527648926e+00
2.190910279750823975e-01
2.283478528261184692e-01
2.389937452971935272e-02
6.416288018226623535e-01
5.767703056335449219e-02
1.431547403335571289e-01
1.646033883094787598e+00
3.631916269659996033e-02
3.467642366886138916e-01
5.748636722564697266e-01
6.202339172363281250e+00
1.733395308256149292e-01
1.536879092454910278e-01
3.147073388099670410e-01
1.256568193435668945e+00
8.739880323410034180e-01
4.480014443397521973e-01
1.194431185722351074e-01
4.878454282879829407e-02
2.089418657124042511e-02
3.357214331626892090e-01
1.258285522460937500e+00
0.000000000000000000e+00
7.184555381536483765e-02
3.076737187802791595e-02
0.000000000000000000e+00
1.217598795890808105e+00
0.000000000000000000e+00
1.388933658599853516e+00
1.279552429914474487e-01
4.715020656585693359e-01
9.837580919265747070e-01
5.282953381538391113e-01
5.203794836997985840e-01
3.426600933074951172e+00
2.089040726423263550e-01
9.450837038457393646e-03
3.257572650909423828e-01
2.860974669456481934e-01
6.199524179100990295e-02
1.957579702138900757e-01
7.288928031921386719e-01
1.251087307929992676e+00
1.929931789636611938e-01
4.546827077865600586e-01
6.354974210262298584e-02
5.043163895606994629e-01
3.055528402328491211e+00
2.323329746723175049e-01
6.342114508152008057e-02
7.504284847527742386e-03
3.306013345718383789e-01
3.061042129993438721e-01
2.678021430969238281e+00
1.966132760047912598e+00
9.368913769721984863e-01
5.461016893386840820e-01
3.994411528110504150e-01
2.507038414478302002e-02
6.697980761528015137e-01
1.288687825202941895e+00
8.202729225158691406e-01
1.204770896583795547e-02
2.390911281108856201e-01
5.038212239742279053e-02
2.361459881067276001e-01
2.387844324111938477e-01
1.446517836302518845e-02
2.038291282951831818e-02
4.922149479389190674e-01
1.235364228487014771e-01
0.000000000000000000e+00
2.552820205688476562e+00
9.083468466997146606e-02
5.452024340629577637e-01
3.059734702110290527e-01
1.541075855493545532e-01
9.683450311422348022e-02
7.921742200851440430e-01
3.585886657238006592e-01
4.022504329681396484e+00
3.315103530883789062e+00
2.402089118957519531e+00
1.575251370668411255e-01
4.788107872009277344e-01
3.344652354717254639e-01
3.363006114959716797e-01
8.032384514808654785e-02
2.719088271260261536e-02
7.345929145812988281e-01
7.253584861755371094e-01
1.792291402816772461e+00
4.649080932140350342e-01
2.081146240234375000e-01
6.773226708173751831e-02
4.724904894828796387e-02
1.044155001640319824e+00
7.937011122703552246e-02
0.000000000000000000e+00
1.441239845007658005e-02
0.000000000000000000e+00
7.916468381881713867e-02
2.592630088329315186e-01
1.680107116699218750e+00
1.841191053390502930e-01
7.358864307403564453e+00
7.228494435548782349e-02
1.380911618471145630e-01
4.255153611302375793e-02
6.119632720947265625e-02
8.789053559303283691e-02
4.864533543586730957e-01
2.666088938713073730e-01
3.424722328782081604e-02
1.776601821184158325e-01
5.942776203155517578e-01
9.018337726593017578e-01
2.740937769412994385e-01
2.908462762832641602e+00
2.520864903926849365e-01
1.789916455745697021e-01
0.000000000000000000e+00
8.339612483978271484e-01
2.658885437995195389e-03
7.976661324501037598e-01
2.813232243061065674e-01
2.149003744125366211e-01
5.288459062576293945e-01
5.098986029624938965e-01
9.333454654552042484e-04
2.643343806266784668e-01
2.791199684143066406e-01
0.000000000000000000e+00
5.494955778121948242e-01
9.377483278512954712e-02
6.096256375312805176e-01
1.874619871377944946e-01
9.108583629131317139e-02
1.447383197955787182e-03
1.510777473449707031e-01
3.073476254940032959e-02
1.742170900106430054e-01
1.596050411462783813e-01
2.180546522140502930e-01
4.680514335632324219e-01
1.025340035557746887e-01
5.255908012390136719e+00
4.497351169586181641e+00
6.663821339607238770e-01
9.065434932708740234e-01
1.443936228752136230e+00
2.383281141519546509e-01
1.775110810995101929e-01
3.946866095066070557e-02
1.044846653938293457e+00
7.050088644027709961e-01
3.805761933326721191e-01
1.467702388763427734e-01
5.469904541969299316e-01
1.994435191154479980e+00
2.090969085693359375e+00
6.165562272071838379e-01
4.152791202068328857e-01
5.230184197425842285e-01
3.084940910339355469e+00
1.059964820742607117e-01
1.772337704896926880e-01
9.032663106918334961e-01
1.021832108497619629e+00
1.159191802144050598e-01
3.525935113430023193e-01
8.465512394905090332e-01
1.991341710090637207e-01
6.795436143875122070e-02
4.618498682975769043e-02
9.266705065965652466e-02
7.141336053609848022e-02
7.274808734655380249e-02
8.719841241836547852e-01
0.000000000000000000e+00
4.962825775146484375e-02
1.907785534858703613e+00
1.310710161924362183e-01
8.838216960430145264e-02
2.646391466259956360e-02
7.347108721733093262e-01
5.068081244826316833e-02
1.077998876571655273e+00
0.000000000000000000e+00
6.364778280258178711e-01
8.582665771245956421e-02
8.609117269515991211e-01
1.530237048864364624e-01
7.670935243368148804e-03
3.768602013587951660e-02
2.660681605339050293e-01
2.687671184539794922e-01
1.376581937074661255e-01
7.506672292947769165e-02
9.181644767522811890e-02
8.341920971870422363e-01
5.732220131903886795e-03
1.515034306794404984e-02
2.657252363860607147e-02
3.107000350952148438e+00
2.491975545883178711e+00
3.003453254699707031e+00
1.119203492999076843e-02
3.271456241607666016e+00
5.860727652907371521e-02
1.845924183726310730e-03
1.086012870073318481e-01
2.705190896987915039e+00
2.044835127890110016e-02
1.944376468658447266e+00
1.260058768093585968e-02
5.490980148315429688e-01
6.325327157974243164e-01
7.213412318378686905e-03
2.537654042243957520e-01
2.997509539127349854e-01
4.921950101852416992e-01
1.138087034225463867e+00
2.460068166255950928e-01
4.098993539810180664e-02
8.379112929105758667e-02
1.129793841391801834e-02
2.739462375640869141e+00
1.235124021768569946e-01
1.367017440497875214e-02
2.267586439847946167e-01
1.795253008604049683e-01
9.214338660240173340e-02
3.149215131998062134e-03
3.241477906703948975e-02
3.965843021869659424e-01
7.385742664337158203e-01
1.360146105289459229e-01
1.992278844118118286e-01
1.580613553524017334e-01
1.370352864265441895e+00
1.472184658050537109e-01
1.789927929639816284e-01
1.497213840484619141e-01
6.867774575948715210e-02
6.418983638286590576e-02
1.008989661931991577e-01
8.574815839529037476e-02
5.368809774518013000e-02
0.000000000000000000e+00
1.482161521911621094e+00
7.572930306196212769e-02
1.523422747850418091e-01
7.256777882575988770e-01
5.560740083456039429e-02
1.677021682262420654e-01
5.473896265029907227e-01
1.917125880718231201e-01
1.412475407123565674e-01
7.426168769598007202e-02
4.540899023413658142e-02
0.000000000000000000e+00
4.154039621353149414e-01
2.505160331726074219e+00
6.650811195373535156e+00
4.172481298446655273e-01
2.087715119123458862e-01
3.254993259906768799e-01
4.727318286895751953e-01
2.539659142494201660e-01
2.399455308914184570e-01
1.116663888096809387e-01
1.929172396659851074e+00
2.425252497196197510e-01
1.213155090808868408e-01
1.192640423774719238e+00
3.478467091917991638e-02
1.788115650415420532e-01
5.777680873870849609e+00
5.231087654829025269e-02
1.483923673629760742e+00
6.661529839038848877e-02
3.268758207559585571e-02
4.214159250259399414e-01
7.296412587165832520e-01
4.056688845157623291e-01
2.012728154659271240e-01
0.000000000000000000e+00
2.559192180633544922e-01
1.309536099433898926e-01
0.000000000000000000e+00
5.076022148132324219e-01
0.000000000000000000e+00
2.658153176307678223e-01
2.743760645389556885e-01
9.081811457872390747e-02
1.876292377710342407e-01
4.361221790313720703e-01
3.586482023820281029e-03
3.460808098316192627e-01
5.813729017972946167e-02
1.148498415946960449e+00
4.716701507568359375e+00
1.500514745712280273e+00
4.234606027603149414e-02
2.388433553278446198e-02
3.561771810054779053e-01
4.772456735372543335e-02
6.842884421348571777e-02
4.697617590427398682e-01
3.313927948474884033e-01
3.982117772102355957e-02
2.661301009356975555e-02
2.702557444572448730e-01
5.487693101167678833e-02
9.147656708955764771e-02
5.192750692367553711e-02
6.423806399106979370e-02
1.483516767621040344e-02
5.096622556447982788e-02
1.937688291072845459e-01
2.557434737682342529e-01
2.752016484737396240e-02
2.384512722492218018e-01
1.148781538009643555e+00
6.737028062343597412e-02
3.040621243417263031e-02
4.746316745877265930e-02
0.000000000000000000e+00
8.652729392051696777e-01
4.079658091068267822e-01
3.003561198711395264e-01
1.106953993439674377e-01
8.855741024017333984e-01
4.485336691141128540e-02
7.404973506927490234e-01
1.905527591705322266e+00
1.676823347806930542e-01
1.176592782139778137e-01
2.522418498992919922e-01
2.759121060371398926e-01
1.925331652164459229e-01
7.952217757701873779e-02
3.319161832332611084e-01
6.977816224098205566e-01
4.149854928255081177e-02
0.000000000000000000e+00
3.339214250445365906e-02
1.253821849822998047e-01
1.448111087083816528e-01
3.222617805004119873e-01
1.081694960594177246e+00
2.037906050682067871e-01
1.681969761848449707e-01
7.626367360353469849e-02
3.578369379043579102e+00
5.993570089340209961e-01
7.990681566298007965e-03
1.140132471919059753e-01
7.166978716850280762e-01
2.341204166412353516e+00
6.348228454589843750e-02
4.850298464298248291e-01
1.518929284065961838e-02
1.487957537174224854e-01
1.601391434669494629e-01
5.555562973022460938e-01
3.503483254462480545e-03
7.415400743484497070e-01
0.000000000000000000e+00
1.672646254301071167e-01
3.699629902839660645e-01
3.390497863292694092e-01
4.144111275672912598e-01
4.695204734802246094e+00
1.272950172424316406e-01
4.410809874534606934e-01
2.842047810554504395e-02
2.608915790915489197e-02
4.708163440227508545e-03
9.430455043911933899e-03
3.200463205575942993e-02
1.573002219200134277e+00
0.000000000000000000e+00
2.411338500678539276e-02
5.423191562294960022e-02
6.603523492813110352e-01
7.015560865402221680e-01
1.458061933517456055e-01
2.940598487854003906e+00
3.116965889930725098e-01
1.793388485908508301e+00
1.355921864509582520e+00
6.422023288905620575e-03
1.011830344796180725e-01
7.910858988761901855e-01
1.696664403425529599e-04
1.892233133316040039e+00
6.392772495746612549e-02
2.837890625000000000e+00
5.812211513519287109e+00
4.721955955028533936e-02
6.845925003290176392e-02
2.518556356430053711e+00
5.796084925532341003e-02
7.952281236648559570e-01
1.501142084598541260e-01
3.673120737075805664e-01
2.886113524436950684e-02
1.995318941771984100e-02
1.288200020790100098e+00
2.359862206503748894e-03
1.598312407732009888e-01
1.747409224510192871e+00
6.251464486122131348e-01
9.155650623142719269e-03
1.239055037498474121e+00
1.051009446382522583e-01
1.648628860712051392e-01
1.567649282515048981e-02
3.262582421302795410e-02
6.227155923843383789e-01
8.827028870582580566e-01
5.221910402178764343e-02
1.050634011626243591e-01
0.000000000000000000e+00
8.055430650711059570e-02
3.245451021939516068e-03
1.663822770118713379e+00
4.861369263380765915e-03
5.252998787909746170e-03
1.500120759010314941e-01
4.497774317860603333e-02
7.099804282188415527e-02
1.034581586718559265e-01
4.150486886501312256e-01
1.478198915719985962e-01
7.556098699569702148e-02
0.000000000000000000e+00
3.370610773563385010e-01
7.332869619131088257e-02
2.294306876137852669e-03
1.325439453125000000e+00
1.562763452529907227e+00
1.796312257647514343e-02
3.487581759691238403e-02
2.875375449657440186e-01
2.011949382722377777e-02
1.691023826599121094e+00
0.000000000000000000e+00
9.174445867538452148e-01
1.165760874748229980e+00
3.105488605797290802e-02
4.677168369293212891e+00
2.609864622354507446e-02
5.159559249877929688e-01
7.946439385414123535e-01
8.096484541893005371e-01
0.000000000000000000e+00
4.421323537826538086e-01
2.594320103526115417e-03
0.000000000000000000e+00
6.201782822608947754e-02
3.901301920413970947e-01
4.656985402107238770e-02
4.082546234130859375e-01
2.922230660915374756e-01
2.352387830615043640e-02
1.969239711761474609e-01
1.249251246452331543e+00
2.711431980133056641e-01
1.569944173097610474e-01
5.983329415321350098e-01
5.477744340896606445e-01
5.577874779701232910e-01
1.451366096735000610e-01
2.834609985351562500e+00
1.850301921367645264e-01
3.219152987003326416e-02
0.000000000000000000e+00
2.284749299287796021e-01
0.000000000000000000e+00
5.501854419708251953e-01
2.772898674011230469e-01
4.302129149436950684e-02
2.874558568000793457e-01
1.767383217811584473e+00
5.148992408066987991e-03
3.155073896050453186e-02
1.757013201713562012e-01
3.573011755943298340e-01
2.087387800216674805e+00
1.037025451660156250e-01
1.171200871467590332e+00
4.322883188724517822e-01
2.635242044925689697e-01
5.288383960723876953e-01
1.147049516439437866e-01
2.327669858932495117e-01
5.082964897155761719e-02
9.436379373073577881e-02
2.524585425853729248e-01
3.767044246196746826e-01
8.610325306653976440e-02
2.789528369903564453e-01
4.156972467899322510e-01
2.947855740785598755e-02
4.691418725997209549e-03
2.470118105411529541e-01
1.085551381111145020e+00
8.545698225498199463e-02
0.000000000000000000e+00
0.000000000000000000e+00
7.246445864439010620e-03
3.290998563170433044e-02
3.199793696403503418e-01
1.151292085647583008e+00
1.083642721176147461e+00
3.691159486770629883e-01
7.539688944816589355e-01
3.071885704994201660e-01
1.019359469413757324e+00
4.421164095401763916e-01
6.417735666036605835e-02
2.012003064155578613e-01
2.544884681701660156e-01
1.207046151161193848e+00
1.764909923076629639e-01
1.682607680559158325e-01
1.560333251953125000e+00
7.559195756912231445e-01
9.268733263015747070e-01
1.845887303352355957e+00
5.994544178247451782e-02
1.746798872947692871e+00
1.839839108288288116e-02
1.333948612213134766e+00
7.230067998170852661e-02
3.527414798736572266e-01
1.436583518981933594e+00
5.306404232978820801e-01
0.000000000000000000e+00
1.400004148483276367e+00
2.104025036096572876e-01
0.000000000000000000e+00
4.123727381229400635e-01
1.902416795492172241e-01
4.349117167294025421e-03
5.793591737747192383e-01
1.708072721958160400e-01
4.119472205638885498e-02
6.473729610443115234e-01
0.000000000000000000e+00
0.000000000000000000e+00
7.649987936019897461e-02
0.000000000000000000e+00
1.669840663671493530e-01
5.763602256774902344e-01
2.206120967864990234e+00
4.612809121608734131e-01
1.185247898101806641e+00
3.667113780975341797e-01
1.131298780441284180e+00
6.833692081272602081e-03
1.215617284178733826e-01
1.516091674566268921e-01
5.294046401977539062e-01
5.299176573753356934e-01
3.601213544607162476e-02
7.904561758041381836e-01
2.612087726593017578e+00
1.217114552855491638e-01
1.118073940277099609e+00
3.755047544836997986e-02
1.385808140039443970e-01
1.540384441614151001e-02
3.954818006604909897e-03
5.834305882453918457e-01
4.390577226877212524e-02
3.902905806899070740e-02
4.460054636001586914e-01
2.346078872680664062e+00
2.940823733806610107e-01
9.715976119041442871e-01
6.589489579200744629e-01
1.348502278327941895e+00
6.985406875610351562e-01
5.040082335472106934e-02
1.771423220634460449e-01
0.000000000000000000e+00
1.744775325059890747e-01
0.000000000000000000e+00
1.938255429267883301e-01
5.900521278381347656e-01
3.980386257171630859e-01
4.307838082313537598e-01
4.415425360202789307e-01
2.774600405246019363e-03
3.985512852668762207e-01
1.181789755821228027e+00
2.505160808563232422e+00
5.731956958770751953e-01
3.744927793741226196e-02
3.553465753793716431e-02
8.091053962707519531e-01
6.221089363098144531e-01
4.942748323082923889e-02
1.669637918472290039e+00
1.003039360046386719e+00
7.970347255468368530e-02
4.201219379901885986e-01
1.495598256587982178e-01
6.228928565979003906e-01
3.261821568012237549e-01
3.011233545839786530e-02
5.487024784088134766e-03
6.074452400207519531e-01
1.784303903579711914e+00
1.223545968532562256e-01
2.224922418594360352e+00
5.098627209663391113e-01
1.694505661725997925e-01
6.181028205901384354e-03
5.450080037117004395e-01
1.262673642486333847e-02
1.530231386423110962e-01
1.987137049436569214e-01
8.992643095552921295e-03
1.983766406774520874e-01
3.946198150515556335e-02
7.323581259697675705e-03
1.446632742881774902e+00
9.386433362960815430e-01
6.140781044960021973e-01
6.417635083198547363e-01
2.508957087993621826e-01
7.697477936744689941e-02
1.660277321934700012e-02
7.079572975635528564e-02
1.095550209283828735e-01
0.000000000000000000e+00
2.537123680114746094e+00
2.350707910954952240e-02
8.920252323150634766e-01
1.569112204015254974e-02
1.214217161759734154e-03
1.148267626762390137e+00
5.046286582946777344e-01
2.342699021100997925e-01
8.308297395706176758e-02
4.697850346565246582e-01
6.730457767844200134e-03
1.302514225244522095e-01
3.577338159084320068e-01
4.616189375519752502e-02
0.000000000000000000e+00
5.379015207290649414e-01
0.000000000000000000e+00
3.521419689059257507e-02
5.019029974937438965e-01
1.430527493357658386e-02
0.000000000000000000e+00
3.948993235826492310e-02
0.000000000000000000e+00
1.702841520309448242e-01
6.473295092582702637e-01
3.025112114846706390e-02
1.434870958328247070e+00
2.069425433874130249e-01
5.416157245635986328e-01
5.179118514060974121e-01
0.000000000000000000e+00
4.101305902004241943e-01
3.928130865097045898e-02
8.263099193572998047e-01
1.155444793403148651e-02
1.117316246032714844e+00
2.496702596545219421e-02
2.233264297246932983e-01
8.722487837076187134e-03
2.484075546264648438e+00
4.680663645267486572e-01
4.228872656822204590e-01
2.063461989164352417e-01
1.376373767852783203e+00
3.634507209062576294e-02
1.400883197784423828e-01
1.125904619693756104e-01
9.566634893417358398e-02
0.000000000000000000e+00
0.000000000000000000e+00
4.791586846113204956e-02
1.456670463085174561e-01
6.166613698005676270e-01
4.522467553615570068e-01
4.912243187427520752e-01
