1.134060844779014587e-01
6.940371394157409668e-01
3.948923945426940918e-02
7.767611145973205566e-01
2.391284704208374023e-01
6.344805359840393066e-01
2.678641490638256073e-02
2.997467517852783203e-01
2.670316219329833984e+00
1.126571223139762878e-01
1.740145325660705566e+00
1.802302747964859009e-01
7.508368045091629028e-02
0.000000000000000000e+00
4.652732014656066895e-01
6.578425765037536621e-01
6.915741413831710815e-02
0.000000000000000000e+00
5.351163819432258606e-02
1.439072847366333008e+00
0.000000000000000000e+00
5.417162179946899414e-01
6.155332177877426147e-02
1.365467607975006104e-01
2.793069183826446533e-01
1.543392986059188843e-02
1.098372191190719604e-01
1.822841912508010864e-02
2.806878685951232910e-01
4.013534784317016602e-01
0.000000000000000000e+00
6.780996322631835938e-01
1.007945165038108826e-01
1.268657296895980835e-01
3.165556490421295166e-02
0.000000000000000000e+00
0.000000000000000000e+00
8.265826106071472168e-01
1.487684249877929688e-02
3.495772182941436768e-02
3.647734522819519043e-01
1.431785821914672852e-01
8.319482952356338501e-02
7.524467706680297852e-01
8.265646174550056458e-03
3.786971569061279297e-01
0.000000000000000000e+00
4.267412796616554260e-02
1.199547126889228821e-01
3.354788720607757568e-01
1.798244416713714600e-01
7.929000854492187500e-01
5.083473920822143555e-01
7.009743899106979370e-02
1.686215847730636597e-01
4.211593046784400940e-02
0.000000000000000000e+00
5.549451708793640137e-01
6.788599491119384766e-01
3.851662576198577881e-01
4.275074601173400879e-02
1.667170375585556030e-01
3.346922636032104492e+00
7.849214971065521240e-02
1.301917284727096558e-01
8.753096312284469604e-02
5.426765680313110352e-01
1.023810982704162598e+00
7.052761968225240707e-03
3.010998014360666275e-03
2.501313984394073486e-01
1.067379564046859741e-01
0.000000000000000000e+00
5.278651043772697449e-02
3.446798771619796753e-02
2.889701128005981445e+00
7.885752916336059570e-01
9.805969893932342529e-03
1.470323324203491211e+00
1.821509748697280884e-01
3.045737981796264648e+00
2.121949642896652222e-01
9.145231246948242188e-01
9.388636350631713867e-01
8.194961398839950562e-02
2.935357950627803802e-02
8.823184669017791748e-02
1.942474007606506348e+00
4.296912346035242081e-03
0.000000000000000000e+00
1.135148778557777405e-01
0.000000000000000000e+00
0.000000000000000000e+00
0.000000000000000000e+00
1.349341589957475662e-02
8.987846784293651581e-03
7.601959109306335449e-01
1.057612419128417969e+00
2.520452141761779785e-01
7.801967263221740723e-01
3.582994043827056885e-01
1.629431605339050293e+00
1.033967286348342896e-01
2.905843019485473633e+00
2.519563734531402588e-01
2.052209377288818359e-01
2.207701839506626129e-02
6.241616010665893555e-01
2.670130729675292969e+00
5.059397220611572266e-01
2.071166336536407471e-01
4.375337958335876465e-01
5.962816998362541199e-03
7.562117099761962891e+00
3.031446337699890137e-01
9.703269600868225098e-02
0.000000000000000000e+00
2.091833949089050293e-01
0.000000000000000000e+00
6.288119405508041382e-02
9.943469166755676270e-01
2.160810708999633789e+00
1.249600291252136230e+00
2.712451934814453125e+00
5.051628112792968750e+00
1.362027078866958618e-01
5.680630803108215332e-01
3.512789011001586914e-01
6.339461803436279297e-01
5.028232932090759277e-01
1.063347220420837402e+00
3.111768364906311035e-01
3.359886646270751953e+00
5.236704945564270020e-01
0.000000000000000000e+00
1.153533101081848145e+00
9.402138590812683105e-01
9.397020190954208374e-02
1.586689591407775879e+00
8.232654929161071777e-01
2.977655529975891113e-01
1.949522048234939575e-01
7.245346205309033394e-04
4.381909370422363281e-01
0.000000000000000000e+00
7.054100632667541504e-01
3.146511912345886230e-01
4.236523509025573730e-01
1.570430546998977661e-01
1.332180649042129517e-01
4.635062217712402344e+00
2.800588309764862061e-01
0.000000000000000000e+00
0.000000000000000000e+00
1.984097659587860107e-01
2.145323038101196289e+00
9.394957870244979858e-02
1.497840881347656250e-02
1.592332720756530762e-01
7.414276599884033203e-01
0.000000000000000000e+00
1.982472062110900879e+00
1.146167069673538208e-01
1.784274876117706299e-01
7.851338386535644531e-01
2.738247632980346680e+00
1.072048395872116089e-01
8.500289320945739746e-01
1.653540730476379395e-01
1.403093487024307251e-01
8.326601237058639526e-02
0.000000000000000000e+00
1.058014482259750366e-01
2.469023317098617554e-01
6.678546965122222900e-02
4.128178954124450684e-01
3.913649544119834900e-02
3.884046077728271484e-01
7.438034284859895706e-03
1.881807446479797363e-01
6.392829418182373047e-01
0.000000000000000000e+00
9.588133543729782104e-02
3.514392852783203125e+00
6.489043235778808594e-01
0.000000000000000000e+00
0.000000000000000000e+00
1.184149861335754395e+00
4.259299337863922119e-01
0.000000000000000000e+00
2.063021296635270119e-03
6.451746076345443726e-02
2.287044376134872437e-01
2.546704530715942383e+00
0.000000000000000000e+00
4.112080931663513184e-01
4.324408471584320068e-01
1.229821324348449707e+00
5.688294768333435059e-02
5.663931965827941895e-01
3.394651785492897034e-02
3.363101556897163391e-02
1.431777924299240112e-01
8.349764943122863770e-01
1.589703001081943512e-02
1.587328128516674042e-02
2.007972300052642822e-01
0.000000000000000000e+00
8.508884906768798828e-01
5.203612446784973145e-01
6.179541815072298050e-03
5.833220481872558594e-01
2.793286442756652832e-01
1.358563423156738281e+00
3.253082036972045898e-01
5.222796797752380371e-01
7.082443684339523315e-02
1.027261376380920410e+00
2.812132835388183594e-01
5.535550713539123535e-01
7.238601893186569214e-02
3.193967938423156738e-01
2.692429348826408386e-03
0.000000000000000000e+00
3.912014365196228027e-01
2.444820106029510498e-02
2.000633925199508667e-01
2.587488591670989990e-01
4.107997715473175049e-01
1.383136063814163208e-01
1.049124822020530701e-01
0.000000000000000000e+00
0.000000000000000000e+00
2.241732597351074219e+00
1.240880507975816727e-02
5.802208324894309044e-04
3.066446073353290558e-02
7.406306266784667969e-02
1.862096190452575684e-01
1.171667501330375671e-01
2.644045948982238770e-01
1.107010245323181152e+00
2.411670237779617310e-01
1.152362078428268433e-01
0.000000000000000000e+00
2.814976274967193604e-01
1.358957402408123016e-02
4.804416559636592865e-03
0.000000000000000000e+00
2.042328715324401855e-01
3.464944362640380859e-01
4.233461618423461914e-01
4.131679236888885498e-01
1.303398489952087402e+00
9.394381940364837646e-02
8.444522321224212646e-02
1.573556661605834961e-01
4.084276035428047180e-02
8.138435482978820801e-01
4.421446099877357483e-02
0.000000000000000000e+00
6.859883069992065430e-01
1.290141940116882324e+00
6.514306366443634033e-02
5.132105946540832520e-02
0.000000000000000000e+00
1.377347707748413086e-01
4.440616816282272339e-03
1.813969165086746216e-01
3.125765323638916016e-01
1.376431822776794434e+00
6.686052680015563965e-01
3.313394784927368164e-01
9.595501422882080078e-02
0.000000000000000000e+00
6.433691978454589844e-01
4.481846466660499573e-02
0.000000000000000000e+00
2.643330097198486328e-01
2.962733246386051178e-02
5.661246553063392639e-02
4.233642816543579102e-01
0.000000000000000000e+00
7.749248147010803223e-01
4.161563143134117126e-02
2.494321912527084351e-01
3.792935516685247421e-03
3.052906095981597900e-01
4.712790548801422119e-01
0.000000000000000000e+00
4.098298847675323486e-01
3.121042549610137939e-01
1.337822079658508301e-01
9.805154800415039062e-02
0.000000000000000000e+00
1.877059578895568848e+00
8.915240168571472168e-01
4.182622432708740234e-01
0.000000000000000000e+00
1.517661809921264648e-01
3.957492858171463013e-02
4.633479192852973938e-02
7.117340713739395142e-02
1.909006088972091675e-01
4.989369809627532959e-01
9.679820537567138672e-01
2.427371144294738770e-01
3.351242542266845703e-01
0.000000000000000000e+00
4.821880340576171875e+00
1.488871932029724121e+00
8.488201498985290527e-01
2.382756024599075317e-01
3.273347616195678711e+00
4.114100933074951172e-01
1.207215264439582825e-01
8.637606501579284668e-01
5.190508961677551270e-01
6.930323243141174316e-01
4.456138238310813904e-03
2.322473526000976562e+00
4.891762137413024902e-01
8.153233528137207031e-01
1.889432370662689209e-01
0.000000000000000000e+00
2.232993580400943756e-02
0.000000000000000000e+00
1.336217761039733887e+00
3.492495045065879822e-02
1.872966289520263672e-01
1.402884814888238907e-02
6.646486371755599976e-02
1.641264408826828003e-01
2.476631104946136475e-02
2.002890706062316895e-01
3.917115628719329834e-01
4.208906590938568115e-01
3.499209880828857422e-01
5.570902228355407715e-01
2.564880251884460449e-01
1.742459833621978760e-01
8.732190132141113281e-01
4.727167785167694092e-01
1.745050996541976929e-01
0.000000000000000000e+00
3.036137104034423828e+00
1.598337432369589806e-03
2.300672382116317749e-01
2.611066401004791260e-01
0.000000000000000000e+00
0.000000000000000000e+00
4.219287872314453125e+00
3.267951905727386475e-01
3.067866154015064240e-02
0.000000000000000000e+00
1.925702951848506927e-02
2.392045021057128906e+00
5.371538922190666199e-02
1.479187328368425369e-02
5.588981136679649353e-02
4.323756992816925049e-01
3.140048027038574219e+00
1.642620563507080078e-02
7.199642658233642578e-01
1.194746255874633789e+00
7.528103142976760864e-02
7.279648780822753906e-01
5.244929343461990356e-02
1.287742406129837036e-01
3.523087501525878906e-02
1.680735796689987183e-01
2.566736564040184021e-02
2.048632502555847168e-01
2.269344925880432129e-01
1.233610883355140686e-01
7.440786361694335938e-01
0.000000000000000000e+00
3.283490892499685287e-03
4.817212224006652832e-01
2.295553982257843018e-01
4.309028387069702148e-03
1.870478630065917969e+00
3.690835535526275635e-01
0.000000000000000000e+00
6.675773859024047852e-01
1.288856863975524902e+00
0.000000000000000000e+00
1.116990566253662109e+00
3.490164875984191895e-01
2.604360580444335938e-01
4.290865659713745117e-01
3.408814370632171631e-01
5.836324691772460938e-01
3.244263827800750732e-01
5.361773967742919922e-01
4.715438485145568848e-01
2.540551722049713135e-01
4.142131805419921875e-01
1.784095168113708496e-01
1.243752166628837585e-01
3.396086394786834717e-01
6.710695624351501465e-01
8.620572686195373535e-01
4.917567074298858643e-01
8.805623650550842285e-02
1.951729357242584229e-01
1.301219500601291656e-02
9.484755806624889374e-03
0.000000000000000000e+00
1.326110363006591797e-01
9.516894072294235229e-02
1.442564129829406738e-01
5.964592099189758301e-01
6.893551945686340332e-01
8.809654712677001953e-01
2.799370288848876953e-01
4.653086513280868530e-02
1.224454879760742188e+00
4.946054816246032715e-01
5.917173027992248535e-01
1.838808655738830566e-01
8.936225771903991699e-01
4.376704096794128418e-01
2.019371271133422852e+00
5.544511675834655762e-01
0.000000000000000000e+00
8.137716054916381836e-01
8.111663460731506348e-01
2.300199121236801147e-03
1.190885454416275024e-01
4.515775203704833984e+00
4.789568111300468445e-02
1.318494509905576706e-02
0.000000000000000000e+00
0.000000000000000000e+00
2.647365070879459381e-02
7.582151889801025391e-02
3.060474097728729248e-01
2.842736542224884033e-01
7.420998066663742065e-02
5.346177816390991211e-01
6.943512707948684692e-02
0.000000000000000000e+00
4.095173180103302002e-01
1.779876835644245148e-02
8.463805913925170898e-01
2.441656589508056641e-01
7.395750284194946289e-01
2.967511713504791260e-01
1.485785245895385742e-01
1.714901208877563477e+00
5.540081858634948730e-01
2.272724956274032593e-01
5.527279898524284363e-02
3.061545193195343018e-01
3.086890697479248047e+00
8.521060347557067871e-01
3.308697044849395752e-01
1.241301149129867554e-01
8.090702444314956665e-02
3.479291915893554688e+00
3.960135281085968018e-01
1.307904720306396484e+00
4.082638919353485107e-01
4.913502931594848633e-01
1.336719691753387451e-01
1.094429612159729004e+00
5.833666920661926270e-01
5.871173739433288574e-01
5.999937653541564941e-01
3.947276994585990906e-02
1.495854616165161133e+00
6.838451325893402100e-02
7.736472040414810181e-02
2.692641131579875946e-02
3.581370115280151367e-01
5.323032736778259277e-01
6.679589152336120605e-01
4.717949032783508301e-01
7.559720277786254883e-01
2.351695671677589417e-02
2.544173240661621094e+00
0.000000000000000000e+00
2.583398520946502686e-01
4.667546749114990234e-01
7.982003688812255859e-02
7.401858270168304443e-02
4.040712356567382812e+00
8.624633550643920898e-01
3.462530672550201416e-01
1.078313589096069336e-01
8.382491469383239746e-01
1.677881367504596710e-02
6.412273049354553223e-01
4.687137305736541748e-01
6.299909949302673340e-02
0.000000000000000000e+00
5.354817956686019897e-02
1.300006985664367676e+00
2.564630210399627686e-01
3.432553634047508240e-02
4.211820363998413086e-01
1.337220668792724609e-01
3.843347728252410889e-01
9.490854740142822266e-01
0.000000000000000000e+00
2.497213363647460938e+00
3.143534064292907715e-01
4.925636649131774902e-01
0.000000000000000000e+00
2.785922586917877197e-01
1.581772565841674805e-01
1.682602047920227051e+00
0.000000000000000000e+00
1.509585529565811157e-01
7.365216314792633057e-02
8.107370138168334961e-02
3.998929560184478760e-01
3.440677374601364136e-02
2.662939019501209259e-02
3.133424818515777588e-01
0.000000000000000000e+00
2.774717845022678375e-02
1.248402476310729980e+00
3.024414181709289551e-01
2.611406147480010986e-01
1.488245129585266113e-01
6.655892133712768555e-01
2.659529149532318115e-01
1.479678511619567871e+00
9.085244685411453247e-02
2.500605285167694092e-01
2.376997172832489014e-01
3.184779733419418335e-02
4.317778348922729492e-01
5.775331497192382812e+00
1.026033144444227219e-02
2.159752130508422852e+00
1.158777356147766113e+00
1.631780713796615601e-01
5.180801749229431152e-01
1.519953846931457520e+00
1.687528610229492188e+00
2.196045666933059692e-01
2.906685769557952881e-01
1.987691164016723633e+00
1.643948405981063843e-01
2.278584092855453491e-01
1.454508006572723389e-01
9.100906252861022949e-01
5.873665586113929749e-02
0.000000000000000000e+00
1.723929524421691895e+00
3.752452135086059570e-02
9.649994969367980957e-02
0.000000000000000000e+00
6.168884038925170898e-02
5.329510569572448730e-01
2.332808375358581543e-01
1.936237931251525879e+00
2.506588399410247803e-02
1.087172865867614746e+00
6.136848330497741699e-01
2.121813297271728516e-01
1.012266501784324646e-01
4.614630341529846191e-02
0.000000000000000000e+00
2.888908684253692627e-01
6.166189908981323242e-02
7.522994279861450195e-01
0.000000000000000000e+00
6.858611106872558594e-01
2.031348180025815964e-03
2.525301873683929443e-01
1.497271656990051270e+00
7.623404860496520996e-01
1.620218902826309204e-01
2.957684993743896484e-01
1.596057265996932983e-01
8.351624011993408203e-01
4.772305116057395935e-02
2.128265500068664551e-01
2.670221962034702301e-02
2.922253906726837158e-01
2.033907622098922729e-01
1.395980358123779297e+00
3.392034173011779785e-01
5.973026752471923828e-01
7.507817745208740234e-01
1.294465959072113037e-01
0.000000000000000000e+00
8.467286825180053711e-02
3.262492418289184570e-01
2.036187946796417236e-01
5.575261712074279785e-01
0.000000000000000000e+00
6.106957197189331055e-01
3.512546718120574951e-01
2.409400194883346558e-01
4.707088321447372437e-02
8.449334651231765747e-02
4.924166798591613770e-01
2.006315141916275024e-01
1.432387232780456543e-01
1.789243519306182861e-01
1.927324891090393066e+00
4.283030033111572266e-01
3.592486679553985596e-02
3.307277858257293701e-01
3.374286592006683350e-01
5.465374141931533813e-02
2.713843286037445068e-01
3.866154849529266357e-01
8.140710182487964630e-03
6.338579058647155762e-01
1.604216098785400391e-01
0.000000000000000000e+00
2.966659069061279297e-01
4.460847994778305292e-04
7.207318544387817383e-01
1.186084970831871033e-01
1.792751550674438477e-01
2.600692808628082275e-01
1.070319533348083496e+00
6.776868551969528198e-02
4.899977207183837891e+00
1.187188386917114258e+00
1.521855354309082031e+00
0.000000000000000000e+00
1.089950948953628540e-01
1.252147257328033447e-01
1.945252865552902222e-01
1.479608863592147827e-01
4.886563718318939209e-01
3.771317601203918457e-01
3.480780422687530518e-01
7.752734236419200897e-03
2.411338984966278076e-01
8.416197448968887329e-02
3.727457951754331589e-03
1.698336750268936157e-01
2.145654201507568359e+00
4.279988288879394531e+00
2.658094167709350586e-01
3.058488130569458008e+00
2.349335849285125732e-01
6.127080917358398438e-01
4.449087381362915039e-01
9.895016998052597046e-02
7.565834093838930130e-03
1.085094213485717773e+00
0.000000000000000000e+00
1.091381311416625977e+00
8.338962197303771973e-01
4.926462471485137939e-01
5.951415374875068665e-02
0.000000000000000000e+00
5.173977613449096680e-01
6.546319723129272461e-01
1.101656055450439453e+01
4.252208471298217773e-01
1.273618042469024658e-01
1.725229918956756592e-01
2.650684304535388947e-02
1.854957342147827148e-01
2.678798735141754150e-01
2.220408618450164795e-01
1.005573794245719910e-01
1.011225700378417969e+00
4.482095539569854736e-01
1.116649270057678223e+00
6.525442749261856079e-02
1.763421595096588135e-01
1.210698843002319336e+00
3.602793216705322266e-01
2.375726848840713501e-01
4.622825980186462402e-01
2.493829965591430664e+00
3.369623422622680664e-01
1.521599292755126953e-01
2.520555853843688965e-01
5.335622429847717285e-01
3.714827597141265869e-01
6.580053567886352539e-01
1.926774829626083374e-01
5.205620452761650085e-02
1.564800292253494263e-01
6.868175417184829712e-02
0.000000000000000000e+00
1.195894926786422729e-02
2.413769721984863281e+00
1.467101722955703735e-01
3.239346900954842567e-03
7.532550487667322159e-03
3.190939724445343018e-01
7.799394428730010986e-03
3.549590706825256348e-01
3.395356982946395874e-02
4.343702495098114014e-01
2.354048013687133789e+00
4.106090962886810303e-01
7.038698345422744751e-02
3.935818076133728027e-01
1.712373942136764526e-01
1.073888540267944336e-01
6.223515272140502930e-01
3.201021850109100342e-01
1.155564412474632263e-01
3.105290047824382782e-02
4.269251599907875061e-02
3.862461447715759277e-02
2.502908110618591309e-01
1.878304928541183472e-01
1.322043091058731079e-01
3.065138757228851318e-01
7.582865655422210693e-02
6.623162031173706055e-01
4.794121906161308289e-02
5.041311383247375488e-01
5.674102529883384705e-02
1.960811167955398560e-01
3.686543405055999756e-01
8.721474558115005493e-03
3.913609385490417480e-01
2.954219579696655273e-01
1.431184355169534683e-02
6.373945474624633789e-01
6.996912956237792969e-01
0.000000000000000000e+00
8.887390606105327606e-03
2.791367173194885254e-01
6.699066162109375000e-01
3.696086704730987549e-01
5.247423648834228516e-01
1.874995946884155273e+00
1.115930318832397461e+00
1.040362939238548279e-01
1.267445385456085205e-01
2.585815787315368652e-01
1.115146055817604065e-01
1.900792360305786133e+00
2.607829272747039795e-01
2.458872646093368530e-01
5.158010125160217285e-02
5.187957882881164551e-01
5.657228827476501465e-01
2.616001069545745850e-01
1.221199393272399902e+00
3.821813166141510010e-01
0.000000000000000000e+00
1.100780129432678223e+00
3.798473775386810303e-01
6.231369972229003906e-01
0.000000000000000000e+00
1.881018280982971191e-01
3.380637764930725098e-01
3.346704244613647461e-01
2.782514095306396484e-01
1.716032505035400391e+00
1.580571413040161133e+00
1.568065881729125977e-01
6.294015645980834961e-01
1.649187207221984863e-01
0.000000000000000000e+00
1.571050286293029785e-01
1.296725682914257050e-02
0.000000000000000000e+00
1.107141748070716858e-01
7.231841981410980225e-02
1.024970486760139465e-01
4.158458411693572998e-01
1.114889048039913177e-03
1.235943064093589783e-01
0.000000000000000000e+00
1.976622343063354492e-01
8.152750134468078613e-01
1.330640792846679688e+00
9.919153898954391479e-02
6.001197695732116699e-01
6.943086981773376465e-01
2.667115256190299988e-02
2.524135410785675049e-01
1.190955284982919693e-02
7.411012891680002213e-03
2.535180747509002686e-01
3.588711097836494446e-02
1.000616000965237617e-03
0.000000000000000000e+00
3.756070733070373535e-01
4.227481484413146973e-01
2.118904888629913330e-02
0.000000000000000000e+00
5.480063706636428833e-02
5.749047175049781799e-02
3.241099119186401367e-01
0.000000000000000000e+00
0.000000000000000000e+00
6.426614522933959961e-02
4.771575033664703369e-01
1.699041843414306641e+00
1.256329659372568130e-02
6.617194414138793945e-01
2.900220826268196106e-02
3.026507794857025146e-02
6.049289107322692871e-01
6.783794611692428589e-03
1.492705225944519043e+00
1.428132176399230957e+00
2.517101168632507324e-01
0.000000000000000000e+00
0.000000000000000000e+00
1.551971435546875000e-01
3.074474399909377098e-03
6.898949146270751953e-01
0.000000000000000000e+00
2.295980453491210938e-01
0.000000000000000000e+00
0.000000000000000000e+00
1.530628651380538940e-01
9.752746671438217163e-02
1.338783800601959229e-01
5.057337284088134766e-01
1.791244029998779297e+00
1.560582965612411499e-02
4.077851295471191406e+00
2.308613061904907227e-01
1.893359273672103882e-01
1.558607444167137146e-02
8.410242795944213867e-01
1.691870987415313721e-01
1.224378108978271484e+00
2.136660367250442505e-01
2.831191718578338623e-01
8.122416138648986816e-01
1.529610753059387207e-01
1.693977788090705872e-02
7.232198119163513184e-02
0.000000000000000000e+00
1.566152453422546387e+00
1.233677119016647339e-01
9.042971730232238770e-01
2.801353037357330322e-01
2.850276529788970947e-01
1.836679428815841675e-01
2.562397956848144531e+00
9.848552197217941284e-02
8.489488810300827026e-02
4.452456161379814148e-02
8.388133645057678223e-01
1.301347255706787109e+00
3.257985711097717285e-01
9.084942340850830078e-01
1.798177324235439301e-02
0.000000000000000000e+00
2.037014067173004150e-02
1.041892886161804199e+00
7.693786025047302246e-01
1.707241088151931763e-01
2.280413508415222168e-01
2.418912798166275024e-01
8.794896304607391357e-03
6.531120836734771729e-02
6.985276937484741211e-01
8.011222817003726959e-03
0.000000000000000000e+00
1.054073870182037354e-01
2.916543558239936829e-02
1.627092063426971436e-01
0.000000000000000000e+00
7.833762094378471375e-03
2.698695659637451172e-01
2.092390060424804688e-01
2.881719544529914856e-02
2.207660675048828125e-01
6.981854885816574097e-02
3.446994423866271973e-01
7.744289003312587738e-03
2.789151370525360107e-01
2.231101989746093750e+00
0.000000000000000000e+00
7.737845648080110550e-03
6.402844935655593872e-02
1.223891153931617737e-01
7.501856684684753418e-01
2.808174371719360352e+00
1.839816927909851074e+00
5.752468109130859375e-02
4.865222871303558350e-01
3.472788026556372643e-03
4.261875450611114502e-01
2.431411296129226685e-01
0.000000000000000000e+00
2.260892391204833984e+00
0.000000000000000000e+00
3.405129909515380859e-01
2.962072789669036865e-01
4.878930747509002686e-01
3.696150481700897217e-01
4.331973552703857422e+00
3.157461062073707581e-03
4.000774025917053223e-02
1.035576462745666504e+00
5.525992810726165771e-02
1.487523466348648071e-01
3.338009119033813477e-01
2.096406221389770508e+00
9.595627784729003906e-01
7.892957329750061035e-01
0.000000000000000000e+00
0.000000000000000000e+00
1.533668994903564453e+00
1.337676048278808594e+00
2.000554561614990234e+00
1.232643246650695801e+00
1.220215857028961182e-01
3.609924763441085815e-02
5.476340651512145996e-02
4.380737617611885071e-02
9.769252687692642212e-02
1.224244087934494019e-01
1.393957495689392090e+00
5.012333020567893982e-02
0.000000000000000000e+00
2.993955016136169434e-01
5.629812553524971008e-02
9.051800519227981567e-02
3.732604682445526123e-01
1.065556764602661133e+00
2.934318594634532928e-02
2.341295778751373291e-01
6.647540330886840820e-01
0.000000000000000000e+00
4.265224039554595947e-01
9.595262818038463593e-03
1.462838798761367798e-02
9.723291546106338501e-02
5.174479484558105469e-01
7.696782052516937256e-02
2.207000553607940674e-01
6.119335293769836426e-01
2.383910179138183594e+00
9.177567064762115479e-02
4.571210592985153198e-03
1.533631533384323120e-01
9.890589118003845215e-02
9.047880172729492188e-01
2.931567095220088959e-02
7.424336671829223633e-01
1.431539803743362427e-01
1.453577727079391479e-01
1.643990725278854370e-02
4.143781960010528564e-01
3.257001563906669617e-02
2.783282101154327393e-02
6.022471785545349121e-01
2.015067497268319130e-03
1.115245595574378967e-01
6.221920251846313477e-02
3.186475858092308044e-02
4.822452366352081299e-01
8.486025035381317139e-02
4.913398623466491699e-02
3.886070847511291504e-02
8.184070885181427002e-02
1.232724860310554504e-01
2.541549876332283020e-02
7.865136861801147461e-02
3.039893209934234619e-01
1.723160035908222198e-02
0.000000000000000000e+00
0.000000000000000000e+00
3.237488865852355957e-02
1.950742304325103760e-01
6.093040108680725098e-01
3.416880369186401367e-01
2.012568898499011993e-02
1.795414388179779053e-01
4.056098759174346924e-01
6.559059768915176392e-02
3.689087182283401489e-02
2.550154030323028564e-01
1.449671745300292969e+00
0.000000000000000000e+00
2.547639608383178711e-01
1.168319862335920334e-02
1.663091778755187988e-02
3.243571281433105469e+00
9.570136666297912598e-01
3.564547598361968994e-01
1.785293668508529663e-01
2.718545496463775635e-02
8.102512359619140625e-02
2.172548137605190277e-02
1.810055971145629883e-01
2.923960611224174500e-02
3.214614093303680420e-02
2.420546531677246094e+00
6.334297657012939453e-01
1.039899826049804688e+00
4.241392910480499268e-01
1.353205442428588867e+00
1.421780288219451904e-01
4.006979241967201233e-02
1.149585843086242676e+00
3.620101511478424072e-01
7.202211418189108372e-04
1.939459681510925293e+00
2.224206447601318359e+00
4.907349646091461182e-01
8.406263589859008789e-02
9.086341410875320435e-02
2.973548173904418945e+00
0.000000000000000000e+00
5.950416903942823410e-03
7.784982919692993164e-01
1.520336717367172241e-01
0.000000000000000000e+00
1.169720411300659180e+00
6.529484748840332031e+00
2.215003967285156250e-01
2.422121539711952209e-02
4.037739709019660950e-02
0.000000000000000000e+00
1.598960012197494507e-01
6.168392896652221680e-01
0.000000000000000000e+00
2.740854024887084961e-01
9.739418514072895050e-03
3.906643390655517578e+00
9.757825732231140137e-01
2.234515547752380371e-02
0.000000000000000000e+00
3.575389862060546875e+00
1.337072372436523438e+00
8.420269936323165894e-02
1.091537117958068848e+00
1.877911388874053955e-01
0.000000000000000000e+00
1.912781000137329102e-01
1.885187178850173950e-01
1.086703300476074219e+00
1.235356405377388000e-01
6.798623800277709961e-01
2.798012271523475647e-02
0.000000000000000000e+00
8.066038042306900024e-02
1.252505779266357422e+00
7.806932330131530762e-01
7.412515878677368164e-01
6.232098117470741272e-02
1.039909482002258301e+00
5.114310383796691895e-01
4.259654581546783447e-01
2.846705727279186249e-03
6.163465604186058044e-02
0.000000000000000000e+00
0.000000000000000000e+00
2.139071226119995117e-01
6.273448467254638672e-01
1.135670661926269531e+00
3.629868477582931519e-02
3.632123172283172607e-01
1.993787884712219238e-01
3.803155660629272461e+00
3.966027405112981796e-03
7.338052988052368164e-01
1.440665125846862793e-01
1.612002551555633545e-01
3.122138231992721558e-02
8.566049486398696899e-02
3.348007500171661377e-01
5.482730269432067871e-01
7.669764757156372070e-01
3.649312630295753479e-02
2.635221481323242188e+00
2.688650608062744141e+00
2.893145680427551270e-01
1.307467743754386902e-02
2.137425661087036133e+00
1.041457429528236389e-01
0.000000000000000000e+00
6.130309030413627625e-02
4.033680260181427002e-01
9.583994746208190918e-03
4.870403558015823364e-02
1.461090594530105591e-01
1.041335463523864746e+00
3.894310891628265381e-01
9.806607365608215332e-01
2.330296039581298828e-01
1.481464505195617676e-01
5.273689981549978256e-03
3.717603981494903564e-01
0.000000000000000000e+00
1.276153475046157837e-01
1.281080007553100586e+00
1.873614788055419922e-01
6.405804753303527832e-01
2.313594073057174683e-01
6.509447097778320312e-01
9.638432413339614868e-02
3.893515169620513916e-01
8.088010549545288086e-01
1.220175623893737793e+00
1.446774244308471680e+00
9.052607417106628418e-02
1.440915614366531372e-01
0.000000000000000000e+00
1.777698695659637451e-01
1.318337619304656982e-01
1.319686174392700195e-01
2.266532778739929199e-01
2.631671130657196045e-01
2.301922291517257690e-01
6.748126149177551270e-01
2.854572832584381104e-01
2.542098760604858398e-01
7.977086901664733887e-01
4.707145690917968750e-02
4.947645664215087891e-01
2.977192401885986328e-01
1.090973168611526489e-01
1.969204306602478027e+00
4.339795708656311035e-01
3.997890235041268170e-05
1.312718749046325684e+00
6.358990669250488281e-01
4.406297504901885986e-01
1.818671077489852905e-01
7.272224128246307373e-02
3.154521584510803223e-01
5.021568760275840759e-02
7.181714475154876709e-02
1.583897620439529419e-01
1.461292803287506104e-01
8.018169552087783813e-02
8.938357234001159668e-01
7.826906442642211914e-02
6.791756302118301392e-02
1.634617000818252563e-01
1.295488834381103516e+00
1.334107387810945511e-02
7.100202441215515137e-01
2.386071532964706421e-01
2.138648509979248047e+00
2.191830873489379883e+00
6.206616759300231934e-01
9.183083534240722656e+00
8.600988388061523438e-01
6.470848917961120605e-01
2.558079004287719727e+00
1.786111831665039062e+00
8.421267271041870117e-01
4.449790716171264648e-01
0.000000000000000000e+00
9.359134733676910400e-02
2.559503316879272461e-01
4.971452988684177399e-03
1.293143153190612793e+00
0.000000000000000000e+00
4.443050622940063477e-01
1.391500234603881836e+00
0.000000000000000000e+00
3.316201567649841309e-01
1.917940676212310791e-01
2.523622214794158936e-01
2.611933834850788116e-02
2.237584888935089111e-01
9.781396947801113129e-03
2.807336568832397461e+00
0.000000000000000000e+00
4.128808081150054932e-01
5.297735705971717834e-02
1.042241096496582031e+00
8.746092915534973145e-01
1.535512208938598633e-01
0.000000000000000000e+00
7.494213432073593140e-02
5.162945017218589783e-02
7.578419893980026245e-02
8.813787251710891724e-02
2.642347104847431183e-02
4.057188510894775391e+00
3.173549100756645203e-02
5.140286684036254883e-01
5.363993048667907715e-01
7.322778701782226562e-01
6.336743831634521484e-01
3.336873650550842285e-01
1.384470462799072266e-01
7.601592540740966797e-01
6.999927163124084473e-01
1.534381508827209473e+00
1.467266082763671875e-01
4.326507076621055603e-02
1.446464955806732178e-01
8.101813495159149170e-03
3.104166984558105469e-01
1.210488677024841309e+00
0.000000000000000000e+00
4.885900914669036865e-01
4.069972932338714600e-01
1.249088346958160400e-01
0.000000000000000000e+00
0.000000000000000000e+00
2.406464070081710815e-01
3.344443440437316895e-02
0.000000000000000000e+00
2.375603886321187019e-03
6.831032037734985352e-01
4.458274841308593750e-01
1.123979091644287109e+00
2.220074981451034546e-01
2.473524063825607300e-01
2.716643214225769043e-01
3.283331096172332764e-01
1.363007631152868271e-02
1.099501401185989380e-01
5.086864810436964035e-03
0.000000000000000000e+00
8.235577940940856934e-01
1.828124642372131348e+00
1.182164717465639114e-02
9.782645106315612793e-02
1.041786074638366699e+00
9.673249125480651855e-01
1.688369810581207275e-01
4.724050760269165039e-01
2.064591087400913239e-02
8.670259267091751099e-03
3.100329339504241943e-01
8.711341619491577148e-01
1.460659265518188477e+00
6.650512814521789551e-01
2.523461282253265381e-01
1.082066819071769714e-02
5.413997650146484375e+00
1.694615036249160767e-01
2.752507328987121582e-01
1.201351881027221680e-01
4.590378999710083008e-01
1.119685769081115723e-01
0.000000000000000000e+00
2.068896442651748657e-01
6.334395408630371094e-01
0.000000000000000000e+00
1.218402266502380371e+00
3.497751802206039429e-02
3.495616614818572998e-01
5.463157892227172852e-01
3.721971750259399414e+00
3.684703409671783447e-01
5.680348873138427734e-01
2.497585713863372803e-01
4.143573939800262451e-01
8.550264239311218262e-01
3.020143210887908936e-01
5.884706497192382812e+00
1.497415360063314438e-02
3.430041372776031494e-01
0.000000000000000000e+00
4.668128788471221924e-01
1.012405455112457275e-01
1.411301851272583008e+00
1.560443043708801270e-01
2.043883085250854492e+00
0.000000000000000000e+00
4.051947593688964844e-02
7.010535895824432373e-02
4.924001917243003845e-02
1.267556667327880859e+00
7.243442535400390625e-02
5.349803566932678223e-01
2.833501994609832764e-02
1.759786345064640045e-02
9.185541272163391113e-01
7.925760149955749512e-01
2.632807791233062744e-01
1.186425328254699707e+00
2.658295072615146637e-02
8.754207938909530640e-02
3.235897794365882874e-02
1.803038641810417175e-02
4.155489057302474976e-02
4.113119840621948242e-02
2.792538516223430634e-02
0.000000000000000000e+00
7.278840988874435425e-02
0.000000000000000000e+00
1.362508069723844528e-02
1.527499556541442871e-01
2.586743980646133423e-02
6.825991906225681305e-03
1.197921782732009888e-01
0.000000000000000000e+00
6.986264705657958984e+00
7.590626478195190430e-01
0.000000000000000000e+00
1.992381513118743896e-01
8.123574256896972656e-01
2.181320428848266602e+00
1.175683289766311646e-01
4.154491797089576721e-02
3.112448155879974365e-01
1.293553113937377930e-01
1.546452939510345459e-02
1.284406185150146484e+00
3.534577786922454834e-01
7.110536098480224609e-03
1.990107893943786621e-01
1.009629964828491211e+00
3.072444349527359009e-03
1.029903069138526917e-02
8.609399795532226562e-01
1.834859699010848999e-01
0.000000000000000000e+00
3.624213933944702148e-01
6.550887972116470337e-02
5.540390498936176300e-03
3.264260590076446533e-01
7.767176032066345215e-01
3.661115467548370361e-01
7.251233607530593872e-02
5.841930866241455078e+00
2.208276540040969849e-01
6.968327164649963379e-01
1.821276992559432983e-01
0.000000000000000000e+00
4.733921959996223450e-02
4.902093112468719482e-02
5.425570011138916016e+00
4.508848069235682487e-04
3.697978854179382324e-01
9.104119241237640381e-02
1.028176322579383850e-01
4.904924631118774414e-01
0.000000000000000000e+00
0.000000000000000000e+00
3.208497166633605957e-02
1.077054023742675781e+00
1.799080848693847656e+00
4.254415631294250488e-02
8.362937569618225098e-01
1.229730606079101562e+00
2.331708818674087524e-01
6.185772642493247986e-02
2.848797105252742767e-02
2.233944088220596313e-02
9.305056929588317871e-02
9.323702007532119751e-02
3.168436884880065918e-01
7.734153270721435547e-01
5.748292803764343262e-01
5.262700840830802917e-02
5.814123153686523438e-01
9.335041046142578125e-03
0.000000000000000000e+00
1.237418875098228455e-01
4.653674960136413574e-01
1.992603540420532227e-01
1.230509757995605469e+00
3.625431656837463379e-02
5.371988296508789062e+00
3.231781348586082458e-02
8.443270325660705566e-01
8.011133968830108643e-02
3.060596585273742676e-01
6.093398928642272949e-01
8.159586191177368164e-01
8.624928444623947144e-02
3.277395665645599365e-02
1.466763734817504883e+00
1.640788197517395020e+00
3.253427028656005859e+00
2.509016096591949463e-01
1.434028148651123047e+00
5.767440423369407654e-03
3.260061889886856079e-02
2.508637607097625732e-01
3.377904370427131653e-02
1.447694301605224609e-01
8.972917795181274414e-01
1.476144511252641678e-02
6.957778334617614746e-02
9.110137075185775757e-02
6.774705648422241211e-01
2.505627632141113281e+00
1.716199398040771484e+00
8.205357193946838379e-02
7.061489857733249664e-03
1.863713711500167847e-01
0.000000000000000000e+00
1.913418807089328766e-02
2.330820634961128235e-02
1.421738136559724808e-02
1.583528071641921997e-01
4.806821644306182861e-01
3.357339501380920410e-01
1.674179919064044952e-02
2.369541376829147339e-01
7.880556583404541016e-02
0.000000000000000000e+00
2.509472966194152832e-01
5.095075070858001709e-02
5.985636711120605469e-01
2.358173847198486328e+00
2.190972566604614258e+00
3.061824142932891846e-01
1.103600740432739258e+00
3.161730766296386719e-01
2.518381476402282715e-01
0.000000000000000000e+00
1.806444227695465088e-01
3.694680631160736084e-01
4.057795405387878418e-01
2.994013763964176178e-02
0.000000000000000000e+00
5.277756452560424805e-01
0.000000000000000000e+00
7.577928304672241211e-01
1.934791356325149536e-01
0.000000000000000000e+00
7.099458575248718262e-02
3.710900619626045227e-02
2.401032745838165283e-01
1.525968551635742188e+00
2.565483093261718750e+00
2.957764454185962677e-02
8.505269885063171387e-01
1.006050780415534973e-01
3.248281478881835938e-01
0.000000000000000000e+00
1.038110375404357910e+00
2.045642286539077759e-01
2.012804448604583740e-01
1.183313488960266113e+00
3.236345648765563965e-01
1.318211480975151062e-02
2.565304756164550781e+00
0.000000000000000000e+00
5.918286275118589401e-03
1.991375088691711426e-01
2.591752767562866211e+00
2.226441383361816406e+00
3.199290484189987183e-02
1.050906926393508911e-01
8.218183517456054688e-01
1.504294574260711670e-01
1.406043916940689087e-01
2.287142574787139893e-01
2.429811507463455200e-01
2.000495791435241699e-01
1.808132082223892212e-01
0.000000000000000000e+00
1.895722627639770508e+00
6.348537921905517578e+00
0.000000000000000000e+00
3.173225164413452148e+00
1.834522008895874023e+00
2.940399050712585449e-01
8.696799725294113159e-02
2.236164957284927368e-01
1.701331138610839844e+00
5.209985375404357910e-01
2.405088767409324646e-02
4.535197839140892029e-02
0.000000000000000000e+00
6.769899725914001465e-01
3.236493170261383057e-01
1.274785518646240234e+00
4.692854359745979309e-02
5.287201404571533203e-01
3.589319065213203430e-02
1.039971783757209778e-01
4.943126738071441650e-01
5.365959554910659790e-02
4.138342857360839844e+00
4.705951511859893799e-01
4.420787692070007324e-01
6.726079583168029785e-01
8.652564287185668945e-01
6.115066260099411011e-02
0.000000000000000000e+00
1.026702895760536194e-01
0.000000000000000000e+00
2.523866295814514160e-01
3.572300821542739868e-02
1.630491256713867188e+00
5.059534311294555664e-01
4.941706359386444092e-02
6.136165261268615723e-01
3.022651374340057373e-01
0.000000000000000000e+00
2.895874977111816406e-01
0.000000000000000000e+00
1.408520969562232494e-03
6.642346829175949097e-02
1.029305160045623779e-01
9.741624832153320312e+00
8.758726119995117188e-01
0.000000000000000000e+00
1.278351664543151855e+00
1.516503334045410156e+00
5.438714027404785156e-01
4.774252474308013916e-01
6.117521524429321289e-01
1.314082890748977661e-01
3.319516181945800781e-01
1.155497789382934570e+00
1.148044783622026443e-02
5.600790977478027344e-01
2.860724687576293945e+00
9.294665455818176270e-01
4.528653025627136230e-01
3.126224735751748085e-03
3.811506509780883789e+00
3.481304347515106201e-01
4.411272406578063965e-01
1.289695501327514648e-01
2.263046056032180786e-01
0.000000000000000000e+00
4.062967747449874878e-02
1.910862028598785400e-01
3.343585729598999023e-01
2.680687010288238525e-01
2.370164990425109863e-01
1.800864338874816895e-01
1.646162122488021851e-01
3.148378059267997742e-02
1.380402147769927979e-01
1.295429766178131104e-01
8.087189495563507080e-02
1.717221140861511230e+00
1.294234514236450195e+00
8.406180888414382935e-02
1.279269456863403320e-01
8.542439937591552734e-01
1.685611158609390259e-01
0.000000000000000000e+00
4.141017794609069824e-01
4.911203682422637939e-02
1.100525975227355957e+00
4.837147891521453857e-01
3.922955691814422607e-01
1.408032894134521484e+00
5.004901438951492310e-03
1.751591086387634277e+00
8.884157538414001465e-01
2.193098142743110657e-02
1.658835291862487793e+00
5.020323991775512695e-01
8.186758160591125488e-01
1.023736782371997833e-02
3.118581473827362061e-01
0.000000000000000000e+00
9.259102344512939453e-01
1.175346970558166504e-01
5.824579238891601562e+00
1.078481912612915039e+00
5.957970619201660156e-01
1.010095715522766113e+00
2.964784383773803711e+00
0.000000000000000000e+00
1.190654039382934570e-01
7.150199413299560547e-01
8.587609231472015381e-02
3.111087344586849213e-02
4.814411103725433350e-01
0.000000000000000000e+00
1.415028810501098633e+00
5.546247586607933044e-02
3.492049872875213623e-01
5.160891637206077576e-02
1.325255513191223145e+00
0.000000000000000000e+00
8.144701272249221802e-02
0.000000000000000000e+00
1.036719202995300293e+00
2.522041797637939453e-01
8.332871198654174805e-01
5.861873738467693329e-03
0.000000000000000000e+00
4.194847345352172852e-01
5.962184071540832520e-01
7.421038746833801270e-01
3.023510277271270752e-01
4.937071204185485840e-01
0.000000000000000000e+00
3.432737886905670166e-01
4.226314648985862732e-02
1.539105083793401718e-02
1.270972609519958496e+00
2.080391168594360352e+00
1.257254481315612793e-01
8.386310189962387085e-02
3.893311694264411926e-02
2.761118113994598389e-01
2.876894548535346985e-02
1.857988908886909485e-02
2.622008882462978363e-02
0.000000000000000000e+00
9.821037203073501587e-02
3.606076911091804504e-02
1.358589343726634979e-02
0.000000000000000000e+00
1.198817864060401917e-01
3.054065227508544922e+00
1.824931859970092773e+00
3.966524451971054077e-02
4.457735717296600342e-01
1.714613914489746094e+00
1.591854214668273926e+00
2.942823171615600586e-01
1.055040955543518066e-01
7.115470767021179199e-01
7.886537313461303711e-01
1.527979969978332520e+00
4.054484888911247253e-02
0.000000000000000000e+00
7.504655718803405762e-01
2.618380784988403320e+00
1.332240253686904907e-01
0.000000000000000000e+00
2.936828881502151489e-02
2.918274402618408203e-01
6.539662182331085205e-02
1.371418535709381104e-01
0.000000000000000000e+00
0.000000000000000000e+00
0.000000000000000000e+00
3.481422901153564453e+00
6.765486299991607666e-02
1.036200523376464844e+00
5.341479778289794922e-01
9.362088143825531006e-02
9.969397634267807007e-02
1.370118260383605957e+00
2.769804298877716064e-01
3.461895883083343506e-01
1.401214003562927246e-01
1.190418228507041931e-01
1.916013956069946289e+00
6.228624582290649414e-01
3.498641550540924072e-01
4.937294125556945801e-01
1.897213816642761230e+00
0.000000000000000000e+00
9.769420027732849121e-01
1.326254904270172119e-01
3.871319815516471863e-02
1.952828764915466309e-01
8.376634716987609863e-01
1.147540509700775146e-01
5.802636221051216125e-02
4.493762969970703125e+00
4.401910006999969482e-01
0.000000000000000000e+00
6.159257143735885620e-03
2.460332632064819336e+00
1.811055541038513184e-01
0.000000000000000000e+00
6.344204545021057129e-01
1.458754390478134155e-02
2.362347580492496490e-02
9.270740672945976257e-03
9.325919151306152344e-01
7.277280688285827637e-01
3.976700361818075180e-03
1.642502665519714355e+00
1.002889275550842285e-01
7.558388262987136841e-02
5.977483466267585754e-03
1.792593300342559814e-02
2.252892591059207916e-02
4.032467026263475418e-03
5.093599483370780945e-02
1.558389365673065186e-01
2.489849567413330078e+00
1.760257594287395477e-02
6.516187787055969238e-01
4.480347931385040283e-01
4.714618325233459473e-01
5.178596973419189453e-01
3.019549846649169922e-01
2.559894323348999023e-01
6.626346707344055176e-02
0.000000000000000000e+00
1.264748424291610718e-01
2.852775335311889648e+00
1.241865992546081543e+00
4.219290018081665039e-01
3.324561566114425659e-02
1.576459258794784546e-01
5.654953718185424805e-01
7.884915173053741455e-02
2.341799587011337280e-01
3.644746541976928711e+00
1.641249209642410278e-01
5.892498791217803955e-02
4.771890863776206970e-02
2.013803720474243164e-01
4.943101704120635986e-01
1.189941167831420898e+00
4.334945976734161377e-01
6.699415445327758789e-01
3.146821260452270508e-02
5.827349144965410233e-03
2.876673340797424316e-01
5.313402786850929260e-02
0.000000000000000000e+00
2.151510715484619141e-01
1.427088826894760132e-01
0.000000000000000000e+00
1.440892517566680908e-01
1.344171166419982910e+00
2.014166675508022308e-02
8.260560780763626099e-02
3.807904124259948730e-01
1.914982870221138000e-02
0.000000000000000000e+00
8.104018121957778931e-02
0.000000000000000000e+00
2.247872203588485718e-01
1.129171811044216156e-02
4.015891551971435547e-01
2.059713900089263916e-01
4.475175857543945312e+00
6.591048836708068848e-02
8.180478960275650024e-02
6.429208815097808838e-02
1.814980357885360718e-01
9.656463265419006348e-01
4.090112447738647461e-02
3.306590020656585693e-01
1.365365624427795410e+00
0.000000000000000000e+00
6.230327859520912170e-02
5.510928109288215637e-02
2.874359488487243652e-02
1.085436269640922546e-01
1.532917469739913940e-01
7.003873586654663086e-01
0.000000000000000000e+00
1.242320418357849121e+00
4.939427673816680908e-01
7.750522345304489136e-02
8.337710797786712646e-02
5.107514262199401855e-01
0.000000000000000000e+00
8.865147829055786133e-01
8.787901997566223145e-01
2.832034826278686523e-01
4.202715158462524414e-01
2.911122888326644897e-02
1.082218438386917114e-01
5.677359551191329956e-02
1.202217340469360352e-01
3.550635650753974915e-02
3.587591345421969891e-04
1.023885384202003479e-01
3.274298310279846191e-01
9.606290459632873535e-01
6.175234913825988770e-01
1.025633737444877625e-01
3.346098214387893677e-02
2.843040525913238525e-01
2.009492963552474976e-01
0.000000000000000000e+00
8.107749819755554199e-01
5.857369303703308105e-02
6.080986261367797852e-01
1.193692162632942200e-01
3.110509872436523438e+00
0.000000000000000000e+00
7.365300655364990234e-01
2.695002257823944092e-01
4.833302497863769531e-01
6.556312441825866699e-01
6.861934065818786621e-01
3.307113796472549438e-02
6.265928745269775391e-01
7.020377516746520996e-01
0.000000000000000000e+00
7.642845064401626587e-02
3.922786712646484375e-01
4.822126924991607666e-01
8.103785514831542969e-01
2.798680782318115234e+00
9.959586709737777710e-02
6.450131535530090332e-02
4.208540543913841248e-02
4.992927908897399902e-01
1.611677855253219604e-01
1.611785888671875000e-01
4.968959987163543701e-01
4.062992930412292480e-01
3.254159539937973022e-02
0.000000000000000000e+00
1.707683324813842773e+00
2.581322491168975830e-01
0.000000000000000000e+00
8.031230419874191284e-02
4.870634377002716064e-01
4.093630790710449219e+00
5.176173523068428040e-02
1.792972683906555176e-01
1.299176961183547974e-01
2.139060199260711670e-01
4.370798468589782715e-01
4.203418791294097900e-01
3.357588350772857666e-01
3.732541576027870178e-02
9.535618126392364502e-02
7.251869142055511475e-02
1.401422619819641113e+00
7.862590998411178589e-02
2.319844067096710205e-02
3.938436806201934814e-01
2.767389453947544098e-02
1.810371875762939453e-01
5.846082568168640137e-01
1.674790750257670879e-03
5.346223711967468262e-02
0.000000000000000000e+00
2.786603927612304688e+00
2.715995073318481445e+00
2.105742320418357849e-02
1.052436698228120804e-02
1.856353759765625000e+00
8.051416873931884766e-01
1.408676952123641968e-01
0.000000000000000000e+00
6.435612589120864868e-02
4.491743564605712891e+00
3.171818971633911133e+00
2.546201944351196289e-01
2.854824960231781006e-01
6.462905555963516235e-02
0.000000000000000000e+00
3.496926426887512207e-01
1.162426844239234924e-01
0.000000000000000000e+00
1.801820546388626099e-01
1.606982052326202393e-01
2.461898140609264374e-03
2.664515972137451172e-01
8.819825053215026855e-01
8.240565657615661621e-01
7.799771148711442947e-03
8.579896762967109680e-03
1.624005675315856934e+00
1.505311876535415649e-01
2.198186397552490234e+00
0.000000000000000000e+00
4.818361997604370117e-02
2.468011379241943359e-01
1.369219087064266205e-02
1.149191483855247498e-01
4.243534505367279053e-01
4.599305242300033569e-02
2.066729962825775146e-02
3.064598329365253448e-02
0.000000000000000000e+00
3.226951509714126587e-02
4.414820075035095215e-01
1.135900616645812988e-01
5.808289051055908203e-01
2.129992656409740448e-02
3.528362214565277100e-01
7.816879749298095703e-01
2.755450010299682617e-01
1.028909802436828613e+00
8.719320297241210938e-01
5.486327782273292542e-02
3.816305473446846008e-02
9.366562962532043457e-02
2.765055000782012939e-01
2.772136688232421875e+00
1.228080272674560547e+00
2.752934396266937256e-01
2.769241631031036377e-01
5.710995793342590332e-01
1.150549292564392090e+00
1.050807535648345947e-01
2.205303758382797241e-01
1.143764734268188477e+00
9.011568129062652588e-02
1.451754122972488403e-01
2.532460689544677734e-01
2.973338663578033447e-01
6.877986907958984375e+00
4.171990752220153809e-01
2.419667392969131470e-01
6.000421941280364990e-02
9.894038438796997070e-01
3.108772635459899902e-01
7.379668951034545898e-01
0.000000000000000000e+00
1.637595891952514648e-01
9.003756195306777954e-02
8.869866281747817993e-02
3.067153096199035645e-01
2.443193346261978149e-01
0.000000000000000000e+00
0.000000000000000000e+00
1.373880803585052490e-01
6.414049863815307617e-01
3.301509916782379150e-01
0.000000000000000000e+00
6.454847455024719238e-01
3.422887623310089111e-02
1.173689961433410645e+00
5.305798053741455078e+00
1.297753334045410156e+00
6.286502480506896973e-01
2.263358235359191895e-01
4.143355414271354675e-02
1.276994198560714722e-01
5.862798914313316345e-02
2.453677728772163391e-02
3.176836669445037842e-02
9.592065960168838501e-02
4.443315267562866211e-01
8.459183573722839355e-01
4.852755069732666016e+00
6.202909350395202637e-01
7.230369746685028076e-02
1.635489985346794128e-02
7.215054333209991455e-02
1.917430907487869263e-01
1.285451203584671021e-01
1.779348134994506836e+00
1.291851758956909180e+00
7.463577985763549805e-01
8.501534909009933472e-02
0.000000000000000000e+00
4.279340207576751709e-01
1.759763434529304504e-02
5.783470153808593750e+00
1.230010204017162323e-02
2.223763428628444672e-02
7.368655204772949219e-01
0.000000000000000000e+00
1.586456894874572754e-01
3.780076503753662109e-01
0.000000000000000000e+00
9.376327693462371826e-02
2.726642131805419922e+00
1.848868250846862793e+00
2.881104648113250732e-01
3.371788263320922852e-01
1.210707664489746094e+00
2.587344348430633545e-01
2.642520666122436523e-01
2.414929717779159546e-01
3.737193718552589417e-02
3.141483291983604431e-02
5.135638117790222168e-01
1.528537571430206299e-01
2.240943461656570435e-01
1.772685162723064423e-02
1.539677232503890991e-01
2.583696544170379639e-01
6.989617347717285156e-01
5.134447216987609863e-01
5.066325664520263672e-01
6.395036578178405762e-01
9.964812546968460083e-02
2.824704349040985107e-01
1.383581638336181641e+00
2.923754155635833740e-01
1.779991149902343750e+00
8.756080865859985352e-01
5.489193201065063477e-01
2.345644868910312653e-02
1.624306559562683105e+00
5.276784420013427734e+00
1.142587736248970032e-01
1.842955797910690308e-01
2.115383148193359375e+00
4.740431904792785645e-02
3.082834243774414062e+00
5.604920908808708191e-02
1.098084375262260437e-01
3.757476806640625000e-04
2.191793024539947510e-01
2.534375786781311035e-01
9.890850782394409180e-01
1.976678490638732910e+00
1.354578882455825806e-01
6.046643853187561035e-01
6.929369270801544189e-02
0.000000000000000000e+00
1.644967555999755859e+00
2.438312619924545288e-01
6.672772765159606934e-01
2.986748456954956055e+00
0.000000000000000000e+00
5.844131708145141602e-01
2.295574188232421875e+00
0.000000000000000000e+00
3.447615504264831543e-01
1.102811455726623535e+00
3.972017392516136169e-02
2.124159932136535645e-01
4.124571382999420166e-01
9.077894687652587891e-02
0.000000000000000000e+00
1.689899526536464691e-02
4.152877330780029297e-01
1.000001206994056702e-01
8.872894197702407837e-02
2.678445279598236084e-01
3.858706951141357422e-01
2.634648382663726807e-01
2.903048992156982422e-01
4.684961736202239990e-01
5.008329078555107117e-02
3.267629861831665039e+00
1.962901949882507324e-01
4.200517833232879639e-01
6.935452818870544434e-01
8.942304551601409912e-02
0.000000000000000000e+00
6.968042850494384766e-01
2.476566880941390991e-01
6.747891753911972046e-02
0.000000000000000000e+00
9.100981801748275757e-02
8.992774412035942078e-03
6.790069341659545898e-01
0.000000000000000000e+00
1.622321903705596924e-01
4.117131233215332031e-01
2.379219047725200653e-03
3.371027708053588867e-01
1.127058863639831543e-01
2.158638089895248413e-03
4.081476032733917236e-01
1.023682206869125366e-02
4.117334261536598206e-03
2.777690887451171875e-01
2.392815202474594116e-01
1.027469396591186523e+00
4.356505274772644043e-01
4.943826675415039062e+00
9.728966355323791504e-01
0.000000000000000000e+00
