2.022074311971664429e-01
0.000000000000000000e+00
3.354840874671936035e-01
0.000000000000000000e+00
1.421355158090591431e-01
4.717986285686492920e-02
1.019487064331769943e-02
6.124024465680122375e-02
5.224091410636901855e-01
1.673560500144958496e+00
0.000000000000000000e+00
1.892986521124839783e-02
0.000000000000000000e+00
0.000000000000000000e+00
8.847136050462722778e-02
3.270220477133989334e-03
0.000000000000000000e+00
5.179420709609985352e-01
6.893391720950603485e-03
2.374795003561303020e-04
1.120223701000213623e-01
1.458820849657058716e-01
0.000000000000000000e+00
4.974242672324180603e-02
0.000000000000000000e+00
5.452487617731094360e-03
3.280225396156311035e-01
1.999759078025817871e-01
0.000000000000000000e+00
2.285020947456359863e-01
2.703615650534629822e-02
0.000000000000000000e+00
6.375099420547485352e-01
6.119358353316783905e-03
0.000000000000000000e+00
1.393350660800933838e-01
1.917305588722229004e-01
0.000000000000000000e+00
1.359497606754302979e-01
6.533167362213134766e-01
5.216166973114013672e-01
4.444456100463867188e-02
3.375405818223953247e-02
1.844893954694271088e-02
1.035274239256978035e-03
0.000000000000000000e+00
1.258750110864639282e-01
5.922387838363647461e-01
2.170922011137008667e-01
1.296594440937042236e-01
0.000000000000000000e+00
8.811811357736587524e-02
0.000000000000000000e+00
1.362736374139785767e-01
1.996511779725551605e-02
1.722258020890876651e-04
1.374189853668212891e-01
0.000000000000000000e+00
6.608039736747741699e-01
1.013030171394348145e+00
1.415046304464340210e-01
2.624120097607374191e-03
1.300724148750305176e-01
5.997563526034355164e-02
0.000000000000000000e+00
3.966052085161209106e-02
1.137074947357177734e+00
3.665257692337036133e-01
4.724773764610290527e-02
3.381769359111785889e-02
1.851520419120788574e+00
4.671628475189208984e-01
0.000000000000000000e+00
6.549241393804550171e-02
0.000000000000000000e+00
4.350326955318450928e-01
8.473726361989974976e-02
0.000000000000000000e+00
1.544167160987854004e+00
0.000000000000000000e+00
6.481401920318603516e-01
2.774880453944206238e-02
0.000000000000000000e+00
1.493848045356571674e-03
0.000000000000000000e+00
2.960317134857177734e-01
1.264952123165130615e-02
1.671112924814224243e-01
0.000000000000000000e+00
0.000000000000000000e+00
5.749811884015798569e-03
1.344218552112579346e-01
5.740395188331604004e-02
0.000000000000000000e+00
2.261492237448692322e-02
1.726443409919738770e+00
1.844094395637512207e+00
0.000000000000000000e+00
4.879265725612640381e-01
2.518293857574462891e-01
6.989774107933044434e-02
8.401466608047485352e-01
1.255923882126808167e-02
4.257973730564117432e-01
0.000000000000000000e+00
1.161593317985534668e+00
1.928997635841369629e-01
2.353804856538772583e-01
4.524307698011398315e-02
9.242243170738220215e-01
4.015836864709854126e-02
2.453750930726528168e-02
0.000000000000000000e+00
1.075212836265563965e+00
2.804174274206161499e-02
1.406328797340393066e+00
2.647053003311157227e-01
2.925060689449310303e-01
6.083742976188659668e-01
0.000000000000000000e+00
1.475512027740478516e+00
2.972785472869873047e+00
2.355335950851440430e+00
6.042691469192504883e-01
2.884562492370605469e+00
1.199973095208406448e-02
4.206363484263420105e-02
0.000000000000000000e+00
0.000000000000000000e+00
6.097064018249511719e-01
1.293731331825256348e+00
1.722519658505916595e-02
0.000000000000000000e+00
2.677291333675384521e-01
3.468941722530871630e-04
5.778226256370544434e-01
9.968180656433105469e-01
2.242387644946575165e-02
4.115768074989318848e-01
3.738823160529136658e-02
1.343437314033508301e+00
0.000000000000000000e+00
7.920286804437637329e-02
5.743997693061828613e-01
0.000000000000000000e+00
1.456591021269559860e-02
0.000000000000000000e+00
1.513508260250091553e-01
1.378126069903373718e-02
0.000000000000000000e+00
3.325343728065490723e-01
0.000000000000000000e+00
0.000000000000000000e+00
8.933545351028442383e-01
2.581560797989368439e-02
4.592266380786895752e-01
0.000000000000000000e+00
0.000000000000000000e+00
0.000000000000000000e+00
8.212519884109497070e-01
0.000000000000000000e+00
5.196419358253479004e-02
4.882086813449859619e-01
1.337357703596353531e-02
7.757476568222045898e-01
1.494071841239929199e+00
0.000000000000000000e+00
5.561779737472534180e-01
1.078306883573532104e-01
4.396691620349884033e-01
9.705975651741027832e-02
0.000000000000000000e+00
5.219967961311340332e-01
5.318876728415489197e-02
0.000000000000000000e+00
2.690757997334003448e-02
3.586251661181449890e-02
7.225310057401657104e-02
9.707045741379261017e-03
9.956935793161392212e-02
3.778310418128967285e-01
0.000000000000000000e+00
3.672888278961181641e-01
1.482303023338317871e+00
3.696911036968231201e-01
3.424851223826408386e-03
5.217944458127021790e-02
5.678256154060363770e-01
7.194302510470151901e-03
3.712791204452514648e-01
4.535110592842102051e-01
1.412775814533233643e-01
1.226991266012191772e-01
9.745323061943054199e-01
2.183187939226627350e-02
0.000000000000000000e+00
5.160416364669799805e-01
1.241455674171447754e-01
1.053660988807678223e+00
2.570291161537170410e-01
1.513425144366919994e-03
4.308152496814727783e-01
1.445792317390441895e-01
2.870913505554199219e+00
6.834600586444139481e-03
5.121895670890808105e-01
0.000000000000000000e+00
2.307304859161376953e+00
9.156927466392517090e-02
7.866262644529342651e-02
2.587894536554813385e-02
0.000000000000000000e+00
1.909906789660453796e-02
0.000000000000000000e+00
1.745661944150924683e-01
0.000000000000000000e+00
4.947922229766845703e-01
0.000000000000000000e+00
0.000000000000000000e+00
0.000000000000000000e+00
8.274687826633453369e-02
4.084044098854064941e-01
2.551039755344390869e-01
7.240071427077054977e-03
1.685422360897064209e-01
0.000000000000000000e+00
5.199997425079345703e-01
0.000000000000000000e+00
2.516800761222839355e-01
3.063641302287578583e-02
2.365857660770416260e-01
7.737769279628992081e-03
0.000000000000000000e+00
0.000000000000000000e+00
0.000000000000000000e+00
0.000000000000000000e+00
2.114062942564487457e-02
0.000000000000000000e+00
2.222924865782260895e-02
8.852384635247290134e-04
1.209661015309393406e-03
0.000000000000000000e+00
0.000000000000000000e+00
0.000000000000000000e+00
0.000000000000000000e+00
5.691928267478942871e-01
2.136129617691040039e+00
3.998316526412963867e-01
2.890685573220252991e-02
1.518999338150024414e-01
3.060057759284973145e-01
4.076282307505607605e-02
2.673466205596923828e+00
2.716007530689239502e-01
5.066243931651115417e-03
3.333093225955963135e-01
1.835944294929504395e+00
5.909315496683120728e-02
0.000000000000000000e+00
4.693050682544708252e-02
2.859693169593811035e-01
0.000000000000000000e+00
5.796317100524902344e+00
8.563099056482315063e-02
2.993644952774047852e+00
4.868392646312713623e-02
2.897517979145050049e-01
0.000000000000000000e+00
8.150460571050643921e-02
0.000000000000000000e+00
6.392263174057006836e-01
9.956511855125427246e-02
2.900379598140716553e-01
2.081181406974792480e-01
3.769364953041076660e-02
0.000000000000000000e+00
0.000000000000000000e+00
1.328425854444503784e-01
0.000000000000000000e+00
8.732114732265472412e-02
2.541698981076478958e-03
0.000000000000000000e+00
0.000000000000000000e+00
4.737780895084142685e-03
7.556969523429870605e-01
1.358799636363983154e-01
0.000000000000000000e+00
3.316841274499893188e-02
1.737371683120727539e+00
2.671908438205718994e-01
1.781491488218307495e-01
1.209616661071777344e-03
0.000000000000000000e+00
8.426526188850402832e-02
4.512009397149085999e-02
1.517247408628463745e-01
7.926446795463562012e-01
7.592961192131042480e-02
5.168806761503219604e-02
0.000000000000000000e+00
2.007736712694168091e-01
1.034833788871765137e-01
2.611401975154876709e-01
7.042905315756797791e-03
2.298749284818768501e-03
1.505727227777242661e-02
7.226860523223876953e-01
4.979652166366577148e-01
2.602493017911911011e-02
2.759888768196105957e-02
0.000000000000000000e+00
8.586883544921875000e-02
1.215817928314208984e+00
0.000000000000000000e+00
0.000000000000000000e+00
1.557119004428386688e-02
1.661958731710910797e-02
2.231190204620361328e-01
1.185396432876586914e+00
1.390333920717239380e-01
3.032438829541206360e-02
1.451999247074127197e-01
2.929579317569732666e-01
2.325455844402313232e-01
0.000000000000000000e+00
1.917935132980346680e+00
0.000000000000000000e+00
1.129294514656066895e+00
0.000000000000000000e+00
2.682751178741455078e+00
1.206639707088470459e-01
6.772090196609497070e-01
3.615115955471992493e-02
3.139330744743347168e-01
0.000000000000000000e+00
9.854863584041595459e-02
1.484761983156204224e-01
4.388080537319183350e-01
1.221863627433776855e+00
7.744111120700836182e-02
2.754202857613563538e-02
3.139224946498870850e-01
6.031714752316474915e-02
0.000000000000000000e+00
0.000000000000000000e+00
3.411840647459030151e-02
0.000000000000000000e+00
7.287124395370483398e-01
7.835317850112915039e-01
1.507900189608335495e-03
1.177743434906005859e+00
0.000000000000000000e+00
1.309228420257568359e+00
2.184582352638244629e-01
2.300098910927772522e-02
4.596128314733505249e-02
3.010390400886535645e-01
1.035612970590591431e-01
2.605191171169281006e-01
0.000000000000000000e+00
2.359514385461807251e-01
0.000000000000000000e+00
6.386663299053907394e-03
1.226175762712955475e-02
1.361014842987060547e-01
8.940730094909667969e-01
2.196157693862915039e+00
2.378738671541213989e-02
0.000000000000000000e+00
2.290991544723510742e-01
5.456164479255676270e-01
0.000000000000000000e+00
0.000000000000000000e+00
5.082430839538574219e-01
3.106337487697601318e-01
1.417407244443893433e-01
0.000000000000000000e+00
0.000000000000000000e+00
0.000000000000000000e+00
2.177564203739166260e-01
1.836414486169815063e-01
1.393992543220520020e+00
1.260875463485717773e-01
0.000000000000000000e+00
2.613058388233184814e-01
8.137679100036621094e-01
4.301135241985321045e-02
0.000000000000000000e+00
2.101384997367858887e-01
3.173857554793357849e-02
6.858748197555541992e-02
1.536919772624969482e-01
2.031827718019485474e-02
4.731411039829254150e-01
0.000000000000000000e+00
1.469554066658020020e+00
4.638303220272064209e-01
0.000000000000000000e+00
8.431053161621093750e-02
5.017203688621520996e-01
1.588334888219833374e-01
1.549055278301239014e-01
0.000000000000000000e+00
0.000000000000000000e+00
3.348940610885620117e-02
3.819074016064405441e-03
0.000000000000000000e+00
0.000000000000000000e+00
5.932331085205078125e-02
2.407319307327270508e+00
6.032346282154321671e-03
3.329972736537456512e-03
6.084046140313148499e-02
7.507105916738510132e-02
0.000000000000000000e+00
3.633328946307301521e-03
7.004317641258239746e-02
5.878141149878501892e-02
0.000000000000000000e+00
1.348174959421157837e-01
0.000000000000000000e+00
4.211356639862060547e-01
0.000000000000000000e+00
0.000000000000000000e+00
1.431625932455062866e-01
0.000000000000000000e+00
0.000000000000000000e+00
1.673789173364639282e-01
6.178803443908691406e-01
6.952090916456654668e-05
1.894631028175354004e+00
3.777551464736461639e-03
2.571361064910888672e+00
3.822083771228790283e-02
0.000000000000000000e+00
3.264209926128387451e-01
0.000000000000000000e+00
1.080965921282768250e-01
1.479915678501129150e-01
2.733625173568725586e-01
1.176168769598007202e-02
3.486003354191780090e-02
0.000000000000000000e+00
1.983622275292873383e-02
0.000000000000000000e+00
9.785450063645839691e-03
3.112443685531616211e-01
1.958102732896804810e-01
2.009445428848266602e-01
1.507242769002914429e-01
1.273261290043592453e-02
3.731884002685546875e+00
0.000000000000000000e+00
1.331064999103546143e-01
0.000000000000000000e+00
5.953606367111206055e-01
1.127171050757169724e-02
1.912116818130016327e-02
5.650222674012184143e-02
9.586631320416927338e-03
4.057448208332061768e-01
3.435396030545234680e-02
1.605948567390441895e+00
1.551746111363172531e-02
0.000000000000000000e+00
3.724502399563789368e-02
7.235703468322753906e-01
4.076203622389584780e-04
2.293949015438556671e-02
1.428237080574035645e+00
0.000000000000000000e+00
2.177419215440750122e-01
0.000000000000000000e+00
0.000000000000000000e+00
1.750320941209793091e-01
1.758950829505920410e+00
0.000000000000000000e+00
1.881975121796131134e-02
1.315314322710037231e-01
4.389115571975708008e-01
7.351757586002349854e-02
0.000000000000000000e+00
2.828616797924041748e-01
2.161826007068157196e-02
4.742896556854248047e-01
1.806513220071792603e-02
6.899437308311462402e-02
0.000000000000000000e+00
1.011257290840148926e+00
6.786088943481445312e-01
6.088560223579406738e-01
0.000000000000000000e+00
3.699812293052673340e-01
0.000000000000000000e+00
0.000000000000000000e+00
4.138688743114471436e-02
0.000000000000000000e+00
1.638388931751251221e-01
2.380254745483398438e+00
0.000000000000000000e+00
2.564792931079864502e-01
4.070413857698440552e-02
0.000000000000000000e+00
1.852632127702236176e-02
1.046614125370979309e-01
0.000000000000000000e+00
4.187864065170288086e-01
6.141847968101501465e-01
5.442456901073455811e-02
1.572698056697845459e-01
0.000000000000000000e+00
1.355107291601598263e-03
1.309796869754791260e-01
6.523373723030090332e-01
0.000000000000000000e+00
3.739588260650634766e-01
3.038098290562629700e-02
4.390075504779815674e-01
0.000000000000000000e+00
0.000000000000000000e+00
9.945208430290222168e-01
2.222746312618255615e-01
5.222529768943786621e-01
0.000000000000000000e+00
7.187181711196899414e-01
2.693604864180088043e-02
7.121819257736206055e-02
3.906272947788238525e-01
9.355469346046447754e-01
0.000000000000000000e+00
1.701255440711975098e+00
1.295445263385772705e-01
9.744802117347717285e-02
3.894689977169036865e-01
1.577030867338180542e-02
1.729093551635742188e+00
0.000000000000000000e+00
0.000000000000000000e+00
2.677998542785644531e-01
4.805438220500946045e-03
0.000000000000000000e+00
1.579727395437657833e-03
3.464692533016204834e-01
2.848396003246307373e-01
2.927947640419006348e-01
2.426306605339050293e-01
0.000000000000000000e+00
3.921209648251533508e-02
0.000000000000000000e+00
0.000000000000000000e+00
0.000000000000000000e+00
1.906183548271656036e-02
4.184346675872802734e+00
5.638140067458152771e-02
1.018286123871803284e-01
0.000000000000000000e+00
0.000000000000000000e+00
0.000000000000000000e+00
2.176579833030700684e-01
9.526557289063930511e-03
2.583972513675689697e-01
7.540255319327116013e-04
4.594554007053375244e-01
1.654406189918518066e-01
4.214566648006439209e-01
2.810758072882890701e-03
7.113901525735855103e-02
0.000000000000000000e+00
0.000000000000000000e+00
0.000000000000000000e+00
5.726685002446174622e-02
1.842973679304122925e-01
3.110997495241463184e-04
1.898830570280551910e-02
0.000000000000000000e+00
3.991151228547096252e-03
2.737593054771423340e-01
1.069965600967407227e+00
0.000000000000000000e+00
7.868707776069641113e-01
5.940375849604606628e-02
3.563311649486422539e-03
9.212920814752578735e-02
1.392178177833557129e+00
2.795961797237396240e-01
8.685929328203201294e-02
2.934685349464416504e-01
1.442707050591707230e-02
6.325050592422485352e-01
5.971432924270629883e-01
4.166622161865234375e-01
4.824818074703216553e-01
1.419820077717304230e-02
1.302385479211807251e-01
1.436495035886764526e-01
0.000000000000000000e+00
7.052423954010009766e-01
1.729603670537471771e-02
1.798300266265869141e+00
0.000000000000000000e+00
5.988731514662504196e-03
2.574053704738616943e-01
5.614149384200572968e-03
0.000000000000000000e+00
0.000000000000000000e+00
1.215803697705268860e-01
8.176515251398086548e-02
0.000000000000000000e+00
9.778970479965209961e-02
4.385682344436645508e-01
7.404896616935729980e-01
1.209681630134582520e-01
2.093895077705383301e-01
2.748223766684532166e-02
1.005991995334625244e-01
0.000000000000000000e+00
1.252328634262084961e+00
2.477622032165527344e-02
0.000000000000000000e+00
5.168136209249496460e-02
2.058760523796081543e-01
7.721799612045288086e-02
2.411822676658630371e-01
3.798240795731544495e-02
0.000000000000000000e+00
2.104854822158813477e+00
0.000000000000000000e+00
9.497828483581542969e-01
2.292292425408959389e-03
0.000000000000000000e+00
0.000000000000000000e+00
0.000000000000000000e+00
6.685362756252288818e-02
7.986853718757629395e-01
0.000000000000000000e+00
4.673629533499479294e-03
1.471269279718399048e-01
1.860567331314086914e+00
2.050435245037078857e-01
0.000000000000000000e+00
9.895357489585876465e-02
1.989272952079772949e+00
4.076854512095451355e-02
4.801846444606781006e-01
1.160669326782226562e+00
8.952306583523750305e-03
6.033948808908462524e-02
6.673561930656433105e-01
2.169456720352172852e+00
0.000000000000000000e+00
2.948398828506469727e+00
2.905882298946380615e-01
1.644789695739746094e+00
1.680055111646652222e-01
0.000000000000000000e+00
4.710522294044494629e-02
0.000000000000000000e+00
0.000000000000000000e+00
4.188265278935432434e-02
1.066319847106933594e+01
2.815792523324489594e-02
3.890988603234291077e-02
0.000000000000000000e+00
9.025142192840576172e-01
1.037131026387214661e-01
3.109575510025024414e-01
4.789261519908905029e-02
0.000000000000000000e+00
0.000000000000000000e+00
0.000000000000000000e+00
0.000000000000000000e+00
9.787140786647796631e-02
9.628455340862274170e-02
2.934925490990281105e-03
1.034931540489196777e+00
2.087891288101673126e-02
5.002536177635192871e-01
0.000000000000000000e+00
1.071257114410400391e+00
4.737260341644287109e-01
0.000000000000000000e+00
3.001273870468139648e+00
5.239875987172126770e-02
1.036197245121002197e-01
0.000000000000000000e+00
5.651546642184257507e-02
3.183331489562988281e-01
3.098762929439544678e-01
0.000000000000000000e+00
0.000000000000000000e+00
1.648248881101608276e-01
6.600543111562728882e-02
0.000000000000000000e+00
6.280103325843811035e-02
5.258737802505493164e-01
1.414670944213867188e-01
0.000000000000000000e+00
3.407602384686470032e-02
0.000000000000000000e+00
3.572172019630670547e-03
2.179448306560516357e-01
5.004210863262414932e-03
9.877356886863708496e-02
1.699559018015861511e-02
0.000000000000000000e+00
3.428356349468231201e-01
0.000000000000000000e+00
7.945216298103332520e-01
5.458688363432884216e-03
1.844300478696823120e-01
0.000000000000000000e+00
1.800780445337295532e-01
0.000000000000000000e+00
0.000000000000000000e+00
9.662738442420959473e-01
0.000000000000000000e+00
2.665199153125286102e-02
0.000000000000000000e+00
0.000000000000000000e+00
1.392048746347427368e-01
2.049528760835528374e-03
0.000000000000000000e+00
5.228482484817504883e-01
1.288033574819564819e-01
2.051270008087158203e-01
6.812294945120811462e-03
1.964476704597473145e+00
0.000000000000000000e+00
7.055998593568801880e-02
0.000000000000000000e+00
0.000000000000000000e+00
1.081984996795654297e+00
1.321845799684524536e-01
2.488244771957397461e+00
2.972409725189208984e-01
0.000000000000000000e+00
0.000000000000000000e+00
0.000000000000000000e+00
5.643448829650878906e-01
2.452464215457439423e-02
4.575214534997940063e-02
4.461067263036966324e-03
9.892741441726684570e-01
8.736388757824897766e-03
1.755090802907943726e-01
0.000000000000000000e+00
6.179255843162536621e-01
2.996767759323120117e-01
0.000000000000000000e+00
0.000000000000000000e+00
0.000000000000000000e+00
6.368985027074813843e-02
2.442615339532494545e-03
9.745458513498306274e-02
1.174403354525566101e-02
4.528237914200872183e-04
0.000000000000000000e+00
0.000000000000000000e+00
7.943015694618225098e-01
0.000000000000000000e+00
0.000000000000000000e+00
0.000000000000000000e+00
3.285300359129905701e-02
0.000000000000000000e+00
1.664400286972522736e-02
0.000000000000000000e+00
1.234758645296096802e-02
2.137912064790725708e-01
4.122693538665771484e-01
8.018942922353744507e-02
1.913198083639144897e-02
3.056020475924015045e-02
4.264506995677947998e-01
0.000000000000000000e+00
3.381307125091552734e-01
0.000000000000000000e+00
5.975478887557983398e-01
2.436560112982988358e-03
1.943683743476867676e+00
0.000000000000000000e+00
8.649922609329223633e-01
0.000000000000000000e+00
0.000000000000000000e+00
0.000000000000000000e+00
1.632462143898010254e-01
0.000000000000000000e+00
5.250870585441589355e-01
0.000000000000000000e+00
5.201652646064758301e-02
0.000000000000000000e+00
5.903081968426704407e-02
0.000000000000000000e+00
1.420785188674926758e+00
1.116565614938735962e-01
0.000000000000000000e+00
5.966414138674736023e-02
5.163943767547607422e-01
1.278154458850622177e-02
3.108844393864274025e-03
1.117685660719871521e-01
3.601070344448089600e-01
1.565706491470336914e+00
1.512352097779512405e-02
0.000000000000000000e+00
1.137111894786357880e-02
0.000000000000000000e+00
0.000000000000000000e+00
5.634621381759643555e-01
0.000000000000000000e+00
2.941005825996398926e-01
0.000000000000000000e+00
1.495764218270778656e-02
1.189917549490928650e-01
4.201779142022132874e-02
0.000000000000000000e+00
7.735341787338256836e-02
1.447430104017257690e-01
0.000000000000000000e+00
1.855436898767948151e-02
2.565231546759605408e-02
1.268603838980197906e-02
3.312336802482604980e-01
0.000000000000000000e+00
3.969995304942131042e-03
1.535746216773986816e+00
5.682084243744611740e-03
4.289582371711730957e-02
0.000000000000000000e+00
7.799706459045410156e-01
0.000000000000000000e+00
0.000000000000000000e+00
0.000000000000000000e+00
6.912626028060913086e-01
3.514618426561355591e-02
5.073103681206703186e-02
0.000000000000000000e+00
2.219744324684143066e-01
1.667595952749252319e-01
0.000000000000000000e+00
6.274276971817016602e-01
3.701785206794738770e-01
1.944710314273834229e-01
0.000000000000000000e+00
1.473042368888854980e+00
8.682603836059570312e-01
4.833736121654510498e-01
0.000000000000000000e+00
1.345418207347393036e-02
1.324885785579681396e-01
9.877680540084838867e-01
9.253224730491638184e-01
9.313781261444091797e-01
3.039985196664929390e-03
1.711303889751434326e-01
2.472684346139431000e-02
0.000000000000000000e+00
7.271462678909301758e-02
2.522294521331787109e-01
0.000000000000000000e+00
8.004544675350189209e-02
0.000000000000000000e+00
1.489144656807184219e-02
1.040392994880676270e+00
4.310745298862457275e-01
9.500373154878616333e-02
0.000000000000000000e+00
8.846702985465526581e-03
1.381797641515731812e-01
5.878158211708068848e-01
0.000000000000000000e+00
0.000000000000000000e+00
1.439677737653255463e-02
0.000000000000000000e+00
0.000000000000000000e+00
2.812565537169575691e-03
0.000000000000000000e+00
6.891878843307495117e-01
0.000000000000000000e+00
1.483031064271926880e-01
0.000000000000000000e+00
0.000000000000000000e+00
1.066278889775276184e-01
2.965200692415237427e-02
2.166308164596557617e-01
8.652308955788612366e-03
5.813360810279846191e-01
0.000000000000000000e+00
6.229991912841796875e-01
1.589144915342330933e-01
3.216775655746459961e-01
5.766103044152259827e-02
0.000000000000000000e+00
1.781135797500610352e-01
3.681101202964782715e-01
8.836643695831298828e-01
7.306467890739440918e-01
0.000000000000000000e+00
2.622530758380889893e-01
3.176192522048950195e+00
8.629242889583110809e-03
0.000000000000000000e+00
8.731187582015991211e-01
4.015430510044097900e-01
2.826290018856525421e-02
0.000000000000000000e+00
1.686157733201980591e-01
2.114385813474655151e-01
3.415252864360809326e-01
0.000000000000000000e+00
0.000000000000000000e+00
5.924125015735626221e-02
2.424028143286705017e-02
0.000000000000000000e+00
6.222181320190429688e-01
0.000000000000000000e+00
2.039907574653625488e-01
0.000000000000000000e+00
4.085833579301834106e-02
9.994265623390674591e-03
4.227305054664611816e-01
2.947547286748886108e-02
2.474609762430191040e-02
0.000000000000000000e+00
4.668774828314781189e-02
0.000000000000000000e+00
0.000000000000000000e+00
4.729085415601730347e-02
1.236912515014410019e-02
2.279734313488006592e-01
8.696561455726623535e-01
2.839424610137939453e-01
1.280396729707717896e-01
0.000000000000000000e+00
5.114652682095766068e-03
0.000000000000000000e+00
1.235458329319953918e-01
0.000000000000000000e+00
7.249104790389537811e-03
3.281307518482208252e-01
0.000000000000000000e+00
2.814402803778648376e-02
8.455483317375183105e-01
0.000000000000000000e+00
0.000000000000000000e+00
2.653589010238647461e+00
0.000000000000000000e+00
1.713682860136032104e-01
3.199603855609893799e-01
0.000000000000000000e+00
0.000000000000000000e+00
5.211579203605651855e-01
0.000000000000000000e+00
3.714157268404960632e-02
1.618759036064147949e-01
2.807334437966346741e-02
1.330737471580505371e-01
1.559949964284896851e-01
5.650825425982475281e-02
0.000000000000000000e+00
3.652621209621429443e-01
1.235234975814819336e+00
5.530197918415069580e-02
3.324578404426574707e-01
5.611237883567810059e-02
7.592830061912536621e-02
0.000000000000000000e+00
0.000000000000000000e+00
4.443422555923461914e-01
6.648541241884231567e-02
0.000000000000000000e+00
0.000000000000000000e+00
0.000000000000000000e+00
0.000000000000000000e+00
2.554168403148651123e-01
1.659781932830810547e-01
1.558185368776321411e-01
7.093218564987182617e-01
1.379249840974807739e-01
7.391460984945297241e-02
0.000000000000000000e+00
2.673445940017700195e+00
1.550508290529251099e-01
2.834336757659912109e-01
2.694231271743774414e+00
6.059567332267761230e-01
4.636229947209358215e-02
4.921316146850585938e+00
8.040002547204494476e-03
2.087454944849014282e-01
1.478991936892271042e-03
0.000000000000000000e+00
6.913307309150695801e-02
0.000000000000000000e+00
6.427905708551406860e-02
1.842868141829967499e-02
0.000000000000000000e+00
2.937669632956385612e-03
5.937823057174682617e-01
0.000000000000000000e+00
4.197446629405021667e-03
3.804363965988159180e+00
0.000000000000000000e+00
0.000000000000000000e+00
2.784360945224761963e-01
1.722148060798645020e-02
1.475627571344375610e-01
1.560912430286407471e-01
6.800350546836853027e-01
0.000000000000000000e+00
1.676754951477050781e+00
0.000000000000000000e+00
0.000000000000000000e+00
5.226789712905883789e-01
0.000000000000000000e+00
5.979425907135009766e-01
0.000000000000000000e+00
0.000000000000000000e+00
4.338539123535156250e+00
2.819897651672363281e+00
1.303072094917297363e+00
1.878551393747329712e-02
2.156830072402954102e+00
4.883612394332885742e-01
1.789903151802718639e-03
1.603881865739822388e-01
9.035927653312683105e-01
7.533500343561172485e-02
0.000000000000000000e+00
6.736490726470947266e-01
9.627848118543624878e-02
0.000000000000000000e+00
0.000000000000000000e+00
3.935538053512573242e+00
0.000000000000000000e+00
1.753826439380645752e-02
3.835484743118286133e+00
2.354826778173446655e-02
1.318629980087280273e-01
5.072731524705886841e-02
8.329467475414276123e-02
8.920207619667053223e-02
9.579694829881191254e-03
5.306506156921386719e-01
2.738606929779052734e-01
0.000000000000000000e+00
1.606219530105590820e+00
1.904664486646652222e-01
3.822539150714874268e-01
1.320901662111282349e-01
0.000000000000000000e+00
8.453175425529479980e-03
1.142286777496337891e+00
7.152330279350280762e-01
0.000000000000000000e+00
0.000000000000000000e+00
1.882553696632385254e-01
4.444674402475357056e-02
3.745738565921783447e-01
6.257769465446472168e-01
7.882174849510192871e-01
0.000000000000000000e+00
1.536270499229431152e+00
1.189269647002220154e-01
1.560481190681457520e-01
2.716437280178070068e-01
0.000000000000000000e+00
4.660864472389221191e-01
1.450042724609375000e+00
1.310076564550399780e-01
0.000000000000000000e+00
3.163880705833435059e-01
5.647925138473510742e-01
2.655452676117420197e-02
5.196130648255348206e-02
1.156614303588867188e+00
0.000000000000000000e+00
1.863524764776229858e-01
0.000000000000000000e+00
2.263383626937866211e+00
0.000000000000000000e+00
2.166963927447795868e-02
0.000000000000000000e+00
0.000000000000000000e+00
3.538861637935042381e-03
1.749560087919235229e-01
8.333708159625530243e-03
3.048687055706977844e-02
0.000000000000000000e+00
5.021843314170837402e-01
1.218585371971130371e-01
1.262172460556030273e+00
6.191375255584716797e-01
1.422114297747612000e-02
2.582918107509613037e-01
3.741576969623565674e-01
7.368911802768707275e-02
2.215257138013839722e-01
9.471442550420761108e-02
3.991236686706542969e-01
5.287037417292594910e-02
0.000000000000000000e+00
0.000000000000000000e+00
1.458278447389602661e-01
1.451850868761539459e-02
1.952901184558868408e-01
1.449342910200357437e-02
0.000000000000000000e+00
2.232061624526977539e-01
0.000000000000000000e+00
0.000000000000000000e+00
1.315891295671463013e-01
0.000000000000000000e+00
6.134068965911865234e-01
1.842687726020812988e-01
2.430711746215820312e+00
2.065875381231307983e-01
0.000000000000000000e+00
2.447598278522491455e-01
0.000000000000000000e+00
1.321806192398071289e+00
4.805431663990020752e-01
5.403510853648185730e-02
1.048273965716362000e-02
5.971741080284118652e-01
9.603261202573776245e-02
1.270686239004135132e-01
1.759506583213806152e+00
0.000000000000000000e+00
5.422092080116271973e-01
3.776112198829650879e-02
7.104408927261829376e-03
0.000000000000000000e+00
5.066163092851638794e-02
0.000000000000000000e+00
1.990591287612915039e-01
0.000000000000000000e+00
2.511100471019744873e-01
2.793170860968530178e-04
1.249154925346374512e+00
0.000000000000000000e+00
3.649322092533111572e-01
0.000000000000000000e+00
2.436065673828125000e-02
3.773093223571777344e-02
0.000000000000000000e+00
0.000000000000000000e+00
0.000000000000000000e+00
9.662322700023651123e-02
1.149431336671113968e-02
2.304965406656265259e-01
1.918191760778427124e-01
9.873878359794616699e-01
5.211987972259521484e+00
2.580263018608093262e-01
4.115783050656318665e-02
0.000000000000000000e+00
9.559126198291778564e-02
0.000000000000000000e+00
1.050004959106445312e+00
5.466371309012174606e-03
0.000000000000000000e+00
0.000000000000000000e+00
8.590865880250930786e-02
0.000000000000000000e+00
1.658162623643875122e-01
0.000000000000000000e+00
0.000000000000000000e+00
1.413939446210861206e-01
9.080675430595874786e-03
0.000000000000000000e+00
0.000000000000000000e+00
0.000000000000000000e+00
0.000000000000000000e+00
2.786920964717864990e-01
1.165662288665771484e+00
0.000000000000000000e+00
6.692700982093811035e-01
1.473813666962087154e-03
1.125547513365745544e-01
2.093620598316192627e-02
5.647191405296325684e-02
6.630721688270568848e-01
8.442561626434326172e-01
0.000000000000000000e+00
0.000000000000000000e+00
0.000000000000000000e+00
3.144805133342742920e-01
6.047306060791015625e-01
3.932245075702667236e-01
1.442040354013442993e-01
1.085236817598342896e-01
6.612981855869293213e-02
0.000000000000000000e+00
0.000000000000000000e+00
0.000000000000000000e+00
0.000000000000000000e+00
3.150262534618377686e-01
1.259052474051713943e-02
1.021212190389633179e-01
0.000000000000000000e+00
5.520603656768798828e-01
0.000000000000000000e+00
5.532383322715759277e-01
6.446264218538999557e-03
0.000000000000000000e+00
1.556912250816822052e-02
1.497035622596740723e-01
0.000000000000000000e+00
0.000000000000000000e+00
0.000000000000000000e+00
0.000000000000000000e+00
2.737264037132263184e-01
1.360392689704895020e+00
0.000000000000000000e+00
3.564431965351104736e-01
0.000000000000000000e+00
3.375416696071624756e-01
6.475675702095031738e-01
5.659943819046020508e-02
4.277199208736419678e-01
1.429884672164916992e+00
1.054550409317016602e+00
1.867776811122894287e-01
0.000000000000000000e+00
0.000000000000000000e+00
1.139695048332214355e-01
2.836119383573532104e-02
1.083898425102233887e+00
0.000000000000000000e+00
9.977014735341072083e-03
3.974295556545257568e-01
1.708761215209960938e+00
9.606893062591552734e-01
1.224813684821128845e-01
4.052379354834556580e-02
0.000000000000000000e+00
0.000000000000000000e+00
0.000000000000000000e+00
6.076055765151977539e-02
3.767784684896469116e-02
1.175714969635009766e+00
0.000000000000000000e+00
2.842585444450378418e-01
0.000000000000000000e+00
0.000000000000000000e+00
0.000000000000000000e+00
2.730955481529235840e-01
0.000000000000000000e+00
4.115553200244903564e-01
2.500118613243103027e-01
3.802273869514465332e-01
0.000000000000000000e+00
1.130687594413757324e+00
1.657376170158386230e+00
1.315488293766975403e-02
0.000000000000000000e+00
6.566995382308959961e-01
2.242185354232788086e+00
0.000000000000000000e+00
0.000000000000000000e+00
2.562168985605239868e-02
1.450078248977661133e+00
6.491283178329467773e-01
1.380851626396179199e+00
4.512673616409301758e-02
9.043673984706401825e-03
5.468215942382812500e-01
6.959852576255798340e-02
5.227395519614219666e-02
2.104296386241912842e-01
0.000000000000000000e+00
0.000000000000000000e+00
7.837682962417602539e-02
0.000000000000000000e+00
2.056952938437461853e-02
1.820999085903167725e-01
2.322669327259063721e-01
2.323312610387802124e-01
3.218090236186981201e-01
3.246473371982574463e-01
5.052033066749572754e-01
0.000000000000000000e+00
2.503247372806072235e-02
7.877982854843139648e-01
0.000000000000000000e+00
2.171799540519714355e-01
7.063528150320053101e-02
0.000000000000000000e+00
0.000000000000000000e+00
1.170248985290527344e-01
0.000000000000000000e+00
1.914359331130981445e-01
1.049916982650756836e+00
1.750517450273036957e-02
0.000000000000000000e+00
7.430089265108108521e-02
2.475327253341674805e-01
6.682045932393521070e-05
4.467611014842987061e-01
6.537730693817138672e-01
0.000000000000000000e+00
0.000000000000000000e+00
5.496786534786224365e-02
4.521848633885383606e-02
0.000000000000000000e+00
8.205504156649112701e-03
1.759238541126251221e-01
1.701895031146705151e-03
6.137600168585777283e-02
5.142712593078613281e-02
1.754310727119445801e-01
3.959375023841857910e-01
2.788557410240173340e-01
0.000000000000000000e+00
0.000000000000000000e+00
0.000000000000000000e+00
1.600469797849655151e-01
0.000000000000000000e+00
1.629070341587066650e-01
1.420572519302368164e+00
1.542807072401046753e-01
0.000000000000000000e+00
3.508411347866058350e-01
0.000000000000000000e+00
5.452084541320800781e-01
1.092969655990600586e+00
3.198381513357162476e-02
0.000000000000000000e+00
1.868407726287841797e-01
0.000000000000000000e+00
3.232541307806968689e-02
0.000000000000000000e+00
0.000000000000000000e+00
0.000000000000000000e+00
0.000000000000000000e+00
2.547454535961151123e-01
0.000000000000000000e+00
0.000000000000000000e+00
7.431615591049194336e-01
1.284236669540405273e+00
1.047060452401638031e-02
0.000000000000000000e+00
1.587077736854553223e+00
2.582758903503417969e+00
8.159077912569046021e-02
9.740483015775680542e-02
4.551283121109008789e-01
0.000000000000000000e+00
1.327415108680725098e-01
2.342891246080398560e-01
1.444217562675476074e-01
0.000000000000000000e+00
0.000000000000000000e+00
2.357266843318939209e-02
0.000000000000000000e+00
1.976993680000305176e-02
0.000000000000000000e+00
1.260705590248107910e-01
1.575917750597000122e-01
1.687503695487976074e+00
2.049528248608112335e-02
2.052673250436782837e-01
1.491810607910156250e+01
2.380253560841083527e-02
0.000000000000000000e+00
1.500110700726509094e-02
3.552606403827667236e-01
3.545354008674621582e-01
0.000000000000000000e+00
0.000000000000000000e+00
0.000000000000000000e+00
1.359230875968933105e-01
5.849145054817199707e-01
1.205182746052742004e-01
3.387178108096122742e-02
1.285399794578552246e-01
1.382966409437358379e-03
0.000000000000000000e+00
1.528882861137390137e+00
4.417326301336288452e-03
8.459358476102352142e-03
2.379500120878219604e-01
0.000000000000000000e+00
0.000000000000000000e+00
1.162325516343116760e-01
0.000000000000000000e+00
0.000000000000000000e+00
0.000000000000000000e+00
4.246185421943664551e-01
0.000000000000000000e+00
0.000000000000000000e+00
6.999450735747814178e-03
1.208069361746311188e-02
6.004602089524269104e-02
2.439134836196899414e+00
0.000000000000000000e+00
2.728762626647949219e-01
0.000000000000000000e+00
1.076508462429046631e-01
1.314829103648662567e-02
1.357193142175674438e-01
1.116120591759681702e-01
1.197774037718772888e-01
5.912786722183227539e-02
8.904974907636642456e-02
2.836682796478271484e-01
2.356049418449401855e-01
7.854605466127395630e-02
9.170569777488708496e-01
2.119900465011596680e+00
0.000000000000000000e+00
2.291475050151348114e-02
2.089417129755020142e-01
2.209636121988296509e-01
0.000000000000000000e+00
0.000000000000000000e+00
0.000000000000000000e+00
0.000000000000000000e+00
1.831338107585906982e-01
1.880643367767333984e-01
4.529720637947320938e-03
0.000000000000000000e+00
5.149042606353759766e-01
1.521545946598052979e-01
1.919506311416625977e+00
5.256076902151107788e-02
0.000000000000000000e+00
1.347842514514923096e-01
1.041129380464553833e-01
4.051231592893600464e-02
6.499251350760459900e-03
0.000000000000000000e+00
4.992254078388214111e-01
6.002283096313476562e-01
3.048794507980346680e+00
1.292347311973571777e-01
5.943913459777832031e-01
2.753304839134216309e-01
6.796258687973022461e-01
0.000000000000000000e+00
1.460704021155834198e-02
0.000000000000000000e+00
0.000000000000000000e+00
3.261133909225463867e+00
7.845559716224670410e-02
2.841994464397430420e-01
3.000782988965511322e-02
5.017543211579322815e-02
0.000000000000000000e+00
2.952081337571144104e-02
7.062311284244060516e-03
0.000000000000000000e+00
7.603456825017929077e-02
2.333979457616806030e-01
1.668782234191894531e+00
4.610569000244140625e+00
1.467349566519260406e-02
5.947515487670898438e+00
4.308746755123138428e-02
0.000000000000000000e+00
2.517387270927429199e-02
3.962893784046173096e-02
3.804034087806940079e-03
0.000000000000000000e+00
1.805897206068038940e-01
0.000000000000000000e+00
1.017487525939941406e+00
3.392129018902778625e-02
0.000000000000000000e+00
1.426032627932727337e-03
1.490877151489257812e+00
8.965875506401062012e-01
1.629475355148315430e-01
0.000000000000000000e+00
1.376038342714309692e-01
0.000000000000000000e+00
0.000000000000000000e+00
8.042982220649719238e-02
0.000000000000000000e+00
6.919620186090469360e-02
1.054190993309020996e-01
2.015317380428314209e-01
8.728469163179397583e-02
2.763453125953674316e-02
0.000000000000000000e+00
1.029816865921020508e+00
3.865298256278038025e-02
1.039279252290725708e-01
0.000000000000000000e+00
1.239867329597473145e+00
4.421034455299377441e-02
0.000000000000000000e+00
3.434618189930915833e-02
0.000000000000000000e+00
9.230776689946651459e-03
3.624968975782394409e-02
0.000000000000000000e+00
0.000000000000000000e+00
3.793401718139648438e+00
1.410057097673416138e-01
1.603894680738449097e-01
3.889743238687515259e-02
6.086585577577352524e-03
3.551913797855377197e-01
5.928359180688858032e-02
5.023911967873573303e-02
0.000000000000000000e+00
1.245085801929235458e-02
0.000000000000000000e+00
7.911973632872104645e-03
1.159838885068893433e-01
1.208513975143432617e-01
6.114352941513061523e-01
0.000000000000000000e+00
4.661376476287841797e-01
8.211398869752883911e-02
0.000000000000000000e+00
4.803656041622161865e-01
0.000000000000000000e+00
3.204243490472435951e-03
1.285786479711532593e-01
1.028648018836975098e+00
9.137733578681945801e-01
2.729054689407348633e-01
0.000000000000000000e+00
0.000000000000000000e+00
0.000000000000000000e+00
6.940841674804687500e-01
2.609065175056457520e-02
0.000000000000000000e+00
4.176839590072631836e-01
6.183143258094787598e-01
4.657722115516662598e-01
1.071942210197448730e+00
0.000000000000000000e+00
4.288441687822341919e-02
0.000000000000000000e+00
1.624268531799316406e+00
0.000000000000000000e+00
4.894484519958496094e+00
1.432568430900573730e-01
0.000000000000000000e+00
7.113402485847473145e-01
1.724691540002822876e-01
1.520587801933288574e+00
8.182691037654876709e-02
1.398112058639526367e+00
2.831151783466339111e-01
0.000000000000000000e+00
0.000000000000000000e+00
6.395731121301651001e-02
0.000000000000000000e+00
0.000000000000000000e+00
2.159680705517530441e-03
0.000000000000000000e+00
2.724375486373901367e+00
2.667311765253543854e-02
2.697201669216156006e-01
8.554106205701828003e-02
3.014590032398700714e-02
3.468142449855804443e-01
4.060260951519012451e-03
2.898688428103923798e-02
1.261539310216903687e-01
6.106387376785278320e-01
0.000000000000000000e+00
7.129737059585750103e-04
3.527618646621704102e-01
3.993111476302146912e-02
0.000000000000000000e+00
7.922589778900146484e-02
0.000000000000000000e+00
0.000000000000000000e+00
0.000000000000000000e+00
2.744084596633911133e-01
1.395867228507995605e+00
0.000000000000000000e+00
3.017182946205139160e-01
0.000000000000000000e+00
5.585882347077131271e-03
0.000000000000000000e+00
1.375657171010971069e-01
0.000000000000000000e+00
1.812630333006381989e-02
0.000000000000000000e+00
0.000000000000000000e+00
0.000000000000000000e+00
1.722951233386993408e-01
7.680728435516357422e-01
1.869818866252899170e-01
1.212477684020996094e-03
0.000000000000000000e+00
4.372448194772005081e-03
0.000000000000000000e+00
2.336296886205673218e-01
0.000000000000000000e+00
1.149968709796667099e-02
4.953169524669647217e-01
0.000000000000000000e+00
1.694022417068481445e-01
8.336400389671325684e-01
6.432184576988220215e-02
1.435719728469848633e-01
5.747405812144279480e-03
0.000000000000000000e+00
5.280847549438476562e-01
0.000000000000000000e+00
1.030658721923828125e+00
0.000000000000000000e+00
3.869510069489479065e-02
5.069027189165353775e-03
0.000000000000000000e+00
4.477775096893310547e-01
1.836210250854492188e+00
7.572206854820251465e-02
1.080712985992431641e+01
1.090813428163528442e-01
4.599663615226745605e-01
3.120157122611999512e-02
1.227099537849426270e+00
8.546009659767150879e-01
2.211579233407974243e-01
4.381230771541595459e-01
0.000000000000000000e+00
9.575505256652832031e-01
4.131257236003875732e-01
2.298466488718986511e-02
9.952133893966674805e-02
4.936787784099578857e-01
0.000000000000000000e+00
1.269884228706359863e+00
9.205895066261291504e-01
1.399700403213500977e+00
1.041480541229248047e+00
3.782013356685638428e-01
2.455720156431198120e-01
6.860057115554809570e-01
4.540472924709320068e-01
4.207126423716545105e-02
1.696731448173522949e-01
2.602148354053497314e-01
2.437690040096640587e-03
0.000000000000000000e+00
0.000000000000000000e+00
0.000000000000000000e+00
9.892672896385192871e-01
0.000000000000000000e+00
3.462830781936645508e-01
0.000000000000000000e+00
0.000000000000000000e+00
3.865661099553108215e-02
0.000000000000000000e+00
7.922839373350143433e-03
2.940901927649974823e-02
3.036813020706176758e+00
3.045333623886108398e-01
6.224290654063224792e-02
0.000000000000000000e+00
7.920131320133805275e-04
1.926211714744567871e-01
0.000000000000000000e+00
0.000000000000000000e+00
1.731823086738586426e-01
0.000000000000000000e+00
0.000000000000000000e+00
2.141760438680648804e-01
5.481492877006530762e-01
0.000000000000000000e+00
7.187215089797973633e-01
2.086756937205791473e-02
1.422484755516052246e+00
0.000000000000000000e+00
0.000000000000000000e+00
4.439855217933654785e-01
5.363078713417053223e-01
3.944987058639526367e-02
2.574144490063190460e-02
0.000000000000000000e+00
0.000000000000000000e+00
0.000000000000000000e+00
3.177921772003173828e-01
5.612885579466819763e-03
5.621442794799804688e-01
0.000000000000000000e+00
0.000000000000000000e+00
1.276879385113716125e-02
1.749761961400508881e-02
1.354820132255554199e+00
4.448072612285614014e-01
3.435747325420379639e-02
5.165362358093261719e-01
7.156260013580322266e-01
3.926268965005874634e-02
5.942901968955993652e-01
0.000000000000000000e+00
0.000000000000000000e+00
0.000000000000000000e+00
1.808324307203292847e-01
0.000000000000000000e+00
0.000000000000000000e+00
1.695707738399505615e-01
3.509531915187835693e-01
3.293841332197189331e-02
1.230988875031471252e-01
1.690476760268211365e-02
8.638145774602890015e-02
1.565293222665786743e-02
6.660587340593338013e-02
1.145389914512634277e+00
1.609360873699188232e-01
2.303478866815567017e-01
9.106505513191223145e-01
7.357066869735717773e-02
2.869327664375305176e-01
0.000000000000000000e+00
5.985671188682317734e-03
0.000000000000000000e+00
0.000000000000000000e+00
8.622840791940689087e-02
8.844508975744247437e-02
2.086948901414871216e-01
1.327503919601440430e-01
8.767296671867370605e-01
8.577132970094680786e-02
0.000000000000000000e+00
0.000000000000000000e+00
4.524036496877670288e-02
3.961373295169323683e-04
2.429986745119094849e-02
9.669326990842819214e-02
7.297232627868652344e+00
0.000000000000000000e+00
0.000000000000000000e+00
2.016843855381011963e-02
6.189360618591308594e-01
0.000000000000000000e+00
3.608122169971466064e-01
5.361671447753906250e-01
2.262460626661777496e-02
1.033237576484680176e+00
0.000000000000000000e+00
2.005217969417572021e-01
5.513053536415100098e-01
1.581250876188278198e-01
1.766108155250549316e+00
1.317862570285797119e-01
2.533255331218242645e-02
3.570600748062133789e-01
1.280936449766159058e-01
7.434481978416442871e-01
0.000000000000000000e+00
0.000000000000000000e+00
2.788917303085327148e+00
7.356745772995054722e-04
0.000000000000000000e+00
8.620696067810058594e-01
3.265040367841720581e-02
3.028403036296367645e-02
2.685354789718985558e-03
1.766981333494186401e-01
1.885868050158023834e-02
7.081469520926475525e-04
8.159210681915283203e-01
7.276795804500579834e-02
0.000000000000000000e+00
1.851863861083984375e-01
2.282941155135631561e-02
0.000000000000000000e+00
1.574123978614807129e+00
3.683870136737823486e-01
0.000000000000000000e+00
3.578649759292602539e-01
1.150366067886352539e+00
1.856882311403751373e-02
8.689695596694946289e-01
0.000000000000000000e+00
3.941862285137176514e-01
0.000000000000000000e+00
0.000000000000000000e+00
2.357255518436431885e-01
8.848146796226501465e-01
1.239187866449356079e-01
6.857718806713819504e-03
0.000000000000000000e+00
0.000000000000000000e+00
0.000000000000000000e+00
1.099963486194610596e-01
1.074707388877868652e+00
0.000000000000000000e+00
1.096257790923118591e-01
0.000000000000000000e+00
1.003114357590675354e-01
0.000000000000000000e+00
1.065182983875274658e-01
0.000000000000000000e+00
0.000000000000000000e+00
0.000000000000000000e+00
9.165025316178798676e-03
2.224659621715545654e-01
0.000000000000000000e+00
2.795141376554965973e-02
0.000000000000000000e+00
5.980898737907409668e-01
5.478896617889404297e+00
1.176391988992691040e-01
0.000000000000000000e+00
1.458276808261871338e-02
1.739099971018731594e-03
5.906207114458084106e-02
1.138381123542785645e+00
4.998421296477317810e-02
0.000000000000000000e+00
4.895655512809753418e-01
1.373538188636302948e-02
4.812600910663604736e-01
0.000000000000000000e+00
3.483259677886962891e-02
0.000000000000000000e+00
1.039225220680236816e+00
0.000000000000000000e+00
1.809862554073333740e-01
0.000000000000000000e+00
3.261834383010864258e-02
0.000000000000000000e+00
3.616921603679656982e-01
0.000000000000000000e+00
2.166120111942291260e-01
3.544525429606437683e-02
4.437682032585144043e-01
8.705682307481765747e-02
1.566913425922393799e-01
0.000000000000000000e+00
0.000000000000000000e+00
2.647009789943695068e-01
0.000000000000000000e+00
5.068859457969665527e-02
0.000000000000000000e+00
2.397288568317890167e-02
0.000000000000000000e+00
7.397081702947616577e-02
1.286385655403137207e-01
1.347537636756896973e-01
3.284890651702880859e-01
0.000000000000000000e+00
3.345142304897308350e-01
2.456502318382263184e-01
2.459066808223724365e-01
4.495814442634582520e-01
1.035938039422035217e-01
0.000000000000000000e+00
0.000000000000000000e+00
1.771366000175476074e-01
0.000000000000000000e+00
6.363881379365921021e-02
3.524390161037445068e-01
7.594335079193115234e-02
0.000000000000000000e+00
0.000000000000000000e+00
0.000000000000000000e+00
0.000000000000000000e+00
0.000000000000000000e+00
2.611241769045591354e-03
4.975124448537826538e-02
1.167453080415725708e-02
1.713702641427516937e-02
4.435839131474494934e-02
2.812743745744228363e-02
0.000000000000000000e+00
4.440270960330963135e-01
1.853515267372131348e+00
4.371327906847000122e-02
1.951732039451599121e+00
0.000000000000000000e+00
0.000000000000000000e+00
0.000000000000000000e+00
4.993307217955589294e-02
3.814703971147537231e-02
0.000000000000000000e+00
0.000000000000000000e+00
0.000000000000000000e+00
0.000000000000000000e+00
1.456011235713958740e-01
3.314051404595375061e-02
1.338933259248733521e-01
8.919880986213684082e-01
2.927261590957641602e-01
9.667463302612304688e-01
6.312736123800277710e-02
0.000000000000000000e+00
2.071373611688613892e-01
3.648869991302490234e-01
1.193185150623321533e-01
4.896912872791290283e-01
0.000000000000000000e+00
2.117352038621902466e-01
2.362493276596069336e-01
1.134536862373352051e+00
5.304444581270217896e-02
2.247354090213775635e-01
0.000000000000000000e+00
0.000000000000000000e+00
4.798198118805885315e-02
1.177923753857612610e-02
0.000000000000000000e+00
0.000000000000000000e+00
0.000000000000000000e+00
0.000000000000000000e+00
0.000000000000000000e+00
0.000000000000000000e+00
0.000000000000000000e+00
0.000000000000000000e+00
3.291133403778076172e+00
3.140976905822753906e+00
0.000000000000000000e+00
2.486225366592407227e-01
0.000000000000000000e+00
1.257329527288675308e-02
0.000000000000000000e+00
1.635712832212448120e-01
1.352263450622558594e+00
0.000000000000000000e+00
8.047711253166198730e-01
1.587542772293090820e+00
0.000000000000000000e+00
2.152277082204818726e-01
0.000000000000000000e+00
0.000000000000000000e+00
4.271214604377746582e-01
0.000000000000000000e+00
0.000000000000000000e+00
7.517149206250905991e-03
6.591663360595703125e+00
4.491812288761138916e-01
7.492905259132385254e-01
1.256249751895666122e-02
1.384301900863647461e+00
3.055721819400787354e-01
2.771956613287329674e-03
0.000000000000000000e+00
8.797678351402282715e-02
5.185371637344360352e-02
1.166931509971618652e+00
0.000000000000000000e+00
0.000000000000000000e+00
2.424278110265731812e-02
0.000000000000000000e+00
0.000000000000000000e+00
0.000000000000000000e+00
1.204216122627258301e+00
0.000000000000000000e+00
4.527529776096343994e-01
9.745750427246093750e-01
2.864601090550422668e-02
0.000000000000000000e+00
5.376099944114685059e-01
1.819371134042739868e-01
2.230269312858581543e-01
7.253236323595046997e-02
2.700045108795166016e-01
3.852818533778190613e-02
6.867214106023311615e-03
0.000000000000000000e+00
1.329837739467620850e-02
1.730186939239501953e+00
1.045949935913085938e+00
6.010950729250907898e-02
0.000000000000000000e+00
4.603893756866455078e-01
1.116863250732421875e+00
1.481327414512634277e+00
8.271773904561996460e-02
1.210434436798095703e+00
1.962858438491821289e-01
0.000000000000000000e+00
2.992588877677917480e-01
2.448202669620513916e-01
0.000000000000000000e+00
5.883637815713882446e-03
0.000000000000000000e+00
0.000000000000000000e+00
2.060442790389060974e-02
0.000000000000000000e+00
4.221742451190948486e-01
7.380213737487792969e-01
6.965782046318054199e-01
1.401463290676474571e-03
5.786587595939636230e-01
2.229349873960018158e-02
3.281238377094268799e-01
0.000000000000000000e+00
5.161951184272766113e-01
0.000000000000000000e+00
0.000000000000000000e+00
3.398298025131225586e+00
9.304490685462951660e-02
3.345145702362060547e+00
6.541212201118469238e-01
1.273699402809143066e-01
4.221768677234649658e-01
0.000000000000000000e+00
0.000000000000000000e+00
0.000000000000000000e+00
2.560301542282104492e+00
0.000000000000000000e+00
3.465747535228729248e-01
4.281774908304214478e-02
0.000000000000000000e+00
0.000000000000000000e+00
7.430134415626525879e-01
4.809945821762084961e-02
4.677629098296165466e-03
3.198296725749969482e-01
0.000000000000000000e+00
1.921807043254375458e-02
3.849608451128005981e-02
6.352536380290985107e-02
4.995994567871093750e-01
1.525345444679260254e+00
0.000000000000000000e+00
3.416918963193893433e-02
1.286947727203369141e-01
0.000000000000000000e+00
1.074437871575355530e-01
0.000000000000000000e+00
1.545703649520874023e+00
2.006637156009674072e-01
3.519821912050247192e-02
1.627743057906627655e-02
1.412501465529203415e-02
0.000000000000000000e+00
2.265352755784988403e-01
4.350698553025722504e-03
3.828587755560874939e-02
9.630321711301803589e-02
5.836112499237060547e-01
0.000000000000000000e+00
1.166892766952514648e+00
0.000000000000000000e+00
1.512018144130706787e-01
1.246168538928031921e-01
9.123461320996284485e-03
4.090264737606048584e-01
2.972076237201690674e-01
4.572673700749874115e-03
1.011492013931274414e+00
1.438316464424133301e+00
0.000000000000000000e+00
9.265779852867126465e-01
