5.022100359201431274e-02
5.391392856836318970e-02
1.671814024448394775e-01
6.574803590774536133e-02
0.000000000000000000e+00
1.062111929059028625e-02
2.845688164234161377e-02
1.157119125127792358e-02
7.359100580215454102e-01
1.220203161239624023e+00
2.248643785715103149e-01
1.402418017387390137e-01
1.347312331199645996e-01
0.000000000000000000e+00
8.442878127098083496e-01
1.860321499407291412e-02
5.884698778390884399e-02
1.148435249924659729e-01
1.874861419200897217e-01
1.882664114236831665e-02
5.087532401084899902e-01
1.404151767492294312e-01
7.442672550678253174e-02
0.000000000000000000e+00
1.209546804428100586e+00
2.609363794326782227e-01
1.073174595832824707e+00
0.000000000000000000e+00
1.970347203314304352e-02
3.180853128433227539e-01
3.967366814613342285e-01
1.644218444824218750e+00
0.000000000000000000e+00
8.283640444278717041e-02
2.297200076282024384e-02
1.670002192258834839e-02
0.000000000000000000e+00
0.000000000000000000e+00
7.981433719396591187e-02
1.237119957804679871e-01
2.781279087066650391e-01
0.000000000000000000e+00
0.000000000000000000e+00
1.858456432819366455e-02
5.004065856337547302e-02
0.000000000000000000e+00
9.927234798669815063e-02
2.664457820355892181e-02
0.000000000000000000e+00
9.226933121681213379e-02
2.944598440080881119e-03
1.804697632789611816e+00
8.184698410332202911e-03
1.767963171005249023e-01
9.810104966163635254e-02
9.937366098165512085e-02
0.000000000000000000e+00
5.482952296733856201e-02
7.024345397949218750e-01
1.130005940794944763e-01
4.390980601310729980e-01
1.983652561902999878e-01
8.297865986824035645e-01
3.565079867839813232e-01
1.211513519287109375e+00
2.079900652170181274e-01
1.079923007637262344e-03
4.008062839508056641e+00
1.307605952024459839e-01
4.002624750137329102e-02
3.043714761734008789e-01
1.250468790531158447e-01
3.579987958073616028e-02
1.305781584233045578e-02
0.000000000000000000e+00
4.162431061267852783e-01
2.039321362972259521e-01
9.325303882360458374e-02
6.056115150451660156e+00
0.000000000000000000e+00
3.988714218139648438e+00
2.416266202926635742e-01
1.718479990959167480e-01
0.000000000000000000e+00
4.027726128697395325e-02
2.276389122009277344e+00
1.046161279082298279e-01
3.833265006542205811e-01
8.060139417648315430e-01
0.000000000000000000e+00
3.702234104275703430e-02
6.819107383489608765e-02
6.188463792204856873e-02
0.000000000000000000e+00
4.382159933447837830e-02
0.000000000000000000e+00
4.499348104000091553e-01
5.592975020408630371e-02
7.497183084487915039e-01
6.164737343788146973e-01
9.142468571662902832e-01
1.598734110593795776e-01
0.000000000000000000e+00
3.539574146270751953e+00
0.000000000000000000e+00
2.082800716161727905e-01
1.672511361539363861e-02
2.522594034671783447e-01
1.309867858886718750e+00
7.944194078445434570e-01
0.000000000000000000e+00
0.000000000000000000e+00
4.792691394686698914e-02
4.701391756534576416e-01
8.636612892150878906e-01
4.551163315773010254e-02
3.904271125793457031e-01
4.277855902910232544e-02
1.110025942325592041e-01
0.000000000000000000e+00
1.989259272813796997e-01
1.256424307823181152e+00
1.114425361156463623e-01
9.497079849243164062e-01
7.091102600097656250e+00
3.849837779998779297e-01
3.590941429138183594e-03
7.793759703636169434e-01
1.213157456368207932e-02
2.436208575963973999e-01
2.717139720916748047e+00
4.306978583335876465e-01
9.773062542080879211e-03
1.895109750330448151e-02
0.000000000000000000e+00
1.092241518199443817e-02
1.964896798133850098e+00
0.000000000000000000e+00
5.593758225440979004e-01
4.861232638359069824e-01
2.357198894023895264e-01
0.000000000000000000e+00
2.656700555235147476e-03
4.208370298147201538e-02
0.000000000000000000e+00
4.499967396259307861e-01
0.000000000000000000e+00
8.384726196527481079e-02
4.206198751926422119e-01
0.000000000000000000e+00
8.935628533363342285e-01
1.774672716856002808e-01
8.487602323293685913e-02
1.583227038383483887e+00
1.452847383916378021e-03
1.488209217786788940e-01
0.000000000000000000e+00
7.112236693501472473e-03
0.000000000000000000e+00
2.149968640878796577e-03
0.000000000000000000e+00
4.745544195175170898e-01
4.102794826030731201e-01
6.201558187603950500e-02
5.383504629135131836e-01
3.697153806686401367e+00
4.369606450200080872e-02
3.506701812148094177e-02
2.852728962898254395e-01
3.630008995532989502e-01
3.128513097763061523e-01
0.000000000000000000e+00
6.600197553634643555e-01
4.367616772651672363e-02
0.000000000000000000e+00
6.359012424945831299e-02
0.000000000000000000e+00
8.004363626241683960e-03
0.000000000000000000e+00
1.537411212921142578e-01
1.117639303207397461e+00
8.594687283039093018e-02
9.869865328073501587e-02
1.174238085746765137e+00
4.811504185199737549e-01
2.646983228623867035e-02
0.000000000000000000e+00
0.000000000000000000e+00
0.000000000000000000e+00
7.127068191766738892e-02
0.000000000000000000e+00
2.442092746496200562e-01
5.697482079267501831e-02
6.620313972234725952e-02
8.147502690553665161e-02
8.059620112180709839e-02
1.362385988235473633e+00
9.339509904384613037e-02
9.014464169740676880e-02
5.913375020027160645e-01
0.000000000000000000e+00
0.000000000000000000e+00
2.024245411157608032e-01
6.584426164627075195e-01
0.000000000000000000e+00
6.611828207969665527e-01
1.013062372803688049e-01
1.458166539669036865e-02
1.130153797566890717e-02
1.530136018991470337e-01
7.320456504821777344e-01
2.025783509016036987e-01
0.000000000000000000e+00
5.591921880841255188e-02
1.624233573675155640e-01
0.000000000000000000e+00
8.339692950248718262e-01
0.000000000000000000e+00
2.598581090569496155e-02
6.665691733360290527e-02
5.127273201942443848e-01
4.533080011606216431e-02
9.727061539888381958e-02
0.000000000000000000e+00
2.003657631576061249e-03
9.543140232563018799e-02
3.261482343077659607e-02
0.000000000000000000e+00
1.019291162490844727e+00
5.089936256408691406e-01
5.570713430643081665e-02
2.277516871690750122e-01
1.721430867910385132e-01
6.067338585853576660e-01
0.000000000000000000e+00
1.643637754023075104e-02
4.452420864254236221e-03
8.589958399534225464e-02
6.353641301393508911e-02
6.342711448669433594e-01
1.154186651110649109e-01
0.000000000000000000e+00
2.338269054889678955e-01
5.108669996261596680e-01
1.408806890249252319e-01
4.505192756652832031e+00
1.640319675207138062e-01
1.304166205227375031e-02
0.000000000000000000e+00
9.673373699188232422e-01
2.356273122131824493e-02
5.108085870742797852e-01
5.427764058113098145e-01
7.785588502883911133e-02
0.000000000000000000e+00
3.699147403240203857e-01
2.304620146751403809e-01
0.000000000000000000e+00
5.140387415885925293e-01
6.498552113771438599e-02
2.167718410491943359e-01
4.323630407452583313e-02
1.144768619537353516e+01
1.451452523469924927e-01
1.149862408638000488e-01
1.033959258347749710e-02
9.920012950897216797e-01
7.157267536967992783e-03
6.327335834503173828e-01
9.582357108592987061e-02
1.589683532714843750e+00
0.000000000000000000e+00
1.687568724155426025e-01
0.000000000000000000e+00
1.369214802980422974e-02
0.000000000000000000e+00
5.047472193837165833e-03
7.391679286956787109e-02
2.125245630741119385e-01
2.042601108551025391e-01
0.000000000000000000e+00
9.665255434811115265e-03
7.432419341057538986e-03
1.257272213697433472e-01
4.167964756488800049e-01
1.208243891596794128e-01
3.907000645995140076e-02
2.588324248790740967e-01
4.331350028514862061e-01
1.743622869253158569e-01
2.145812809467315674e-01
0.000000000000000000e+00
4.017609357833862305e-02
1.368558108806610107e-01
8.292375504970550537e-02
1.116795659065246582e+00
3.281774818897247314e-01
1.882425844669342041e-01
2.680773613974452019e-04
9.731875360012054443e-02
1.961746439337730408e-02
0.000000000000000000e+00
1.714949756860733032e-01
2.625361979007720947e-01
2.175220251083374023e-01
8.078842163085937500e-01
4.348457232117652893e-02
8.585810065269470215e-01
0.000000000000000000e+00
9.140030145645141602e-01
1.471749972552061081e-02
1.110413432121276855e+00
1.829052329063415527e+00
1.176847144961357117e-01
2.018815465271472931e-02
8.447954058647155762e-01
1.699244678020477295e-01
3.007887303829193115e-01
2.397317171096801758e+00
7.699993997812271118e-02
3.145802319049835205e-01
2.827099710702896118e-02
1.639441996812820435e-01
9.705796241760253906e-01
3.020217418670654297e-01
1.057370603084564209e-01
0.000000000000000000e+00
4.038323462009429932e-01
1.827304363250732422e-01
1.163200736045837402e+00
0.000000000000000000e+00
4.927624389529228210e-02
2.111875712871551514e-01
8.552907705307006836e-01
6.577515006065368652e-01
5.549027118831872940e-03
1.759179353713989258e+00
4.998382925987243652e-01
1.846383690834045410e+00
1.811930984258651733e-01
8.871236816048622131e-03
2.493934631347656250e-01
2.815548181533813477e-01
0.000000000000000000e+00
3.737576305866241455e-02
8.482670187950134277e-01
0.000000000000000000e+00
1.030822157859802246e+00
1.258977055549621582e-01
4.336776956915855408e-02
4.012976288795471191e-01
6.306558381766080856e-03
0.000000000000000000e+00
7.165852189064025879e-02
3.749808529391884804e-03
3.669388890266418457e-01
6.011759489774703979e-02
1.272986084222793579e-01
2.749454677104949951e-01
3.518132865428924561e-02
1.750358492136001587e-01
8.575985431671142578e-01
6.816896796226501465e-01
1.117362827062606812e-02
1.849697232246398926e-01
1.546048223972320557e-01
4.942485392093658447e-01
1.538027673959732056e-01
2.143512666225433350e-01
0.000000000000000000e+00
0.000000000000000000e+00
1.499580126255750656e-02
1.183796301484107971e-01
2.023401111364364624e-02
0.000000000000000000e+00
9.422665834426879883e-02
7.812254130840301514e-02
3.793682903051376343e-02
4.764229431748390198e-02
0.000000000000000000e+00
0.000000000000000000e+00
5.184320211410522461e-01
3.112738132476806641e+00
1.723300069570541382e-01
1.415376186370849609e+00
9.685639292001724243e-02
0.000000000000000000e+00
1.578301191329956055e-01
3.308415710926055908e-01
4.364755451679229736e-01
2.675535380840301514e-01
1.145176663994789124e-01
1.810987107455730438e-02
8.069989085197448730e-02
1.077030062675476074e+00
8.378754258155822754e-01
9.757070541381835938e-01
7.505197525024414062e-01
8.671131730079650879e-02
6.714779138565063477e-02
5.628225207328796387e-01
1.494535524398088455e-02
0.000000000000000000e+00
9.925056248903274536e-02
4.881298914551734924e-02
2.965453863143920898e-01
2.925537759438157082e-03
0.000000000000000000e+00
3.855060553178191185e-03
1.248439103364944458e-01
1.445157249690964818e-04
4.092231392860412598e-02
1.870342373847961426e+00
4.562492370605468750e-01
1.113650918006896973e+00
1.135150343179702759e-01
1.863118410110473633e-01
3.188873529434204102e-01
6.302963942289352417e-02
6.687740236520767212e-02
0.000000000000000000e+00
2.220516204833984375e-01
1.840388029813766479e-02
4.694362878799438477e-01
1.783130764961242676e-01
3.257115557789802551e-02
6.223543286323547363e-01
0.000000000000000000e+00
1.190570648759603500e-02
1.437803171575069427e-02
2.523424386978149414e+00
1.285583153367042542e-02
5.523702621459960938e+00
3.226139768958091736e-02
1.044422388076782227e-02
4.222328066825866699e-01
2.954406440258026123e-01
1.408038735389709473e-01
3.038979880511760712e-02
2.483145892620086670e-02
6.331880688667297363e-01
3.060927428305149078e-02
1.191839650273323059e-01
5.232445001602172852e-01
0.000000000000000000e+00
6.986172497272491455e-02
2.428602874279022217e-01
4.968964494764804840e-03
3.750956431031227112e-02
4.508025944232940674e-02
5.909217596054077148e-01
5.353036522865295410e-01
2.160648554563522339e-01
1.124054864048957825e-01
2.662489414215087891e-01
4.791210293769836426e-01
1.404763013124465942e-01
1.823565363883972168e-02
1.034625917673110962e-01
2.770029604434967041e-01
7.895624637603759766e-01
7.855525612831115723e-01
1.585409164428710938e+00
0.000000000000000000e+00
1.406343579292297363e-01
0.000000000000000000e+00
7.929962873458862305e-01
1.092997074127197266e+00
3.365169465541839600e-01
1.029835715889930725e-01
6.178207695484161377e-02
2.466333389282226562e+00
5.661356262862682343e-03
2.229051142930984497e-01
4.414104819297790527e-01
3.892148137092590332e-01
3.218718171119689941e-01
4.366332590579986572e-01
2.733100652694702148e-01
4.356946423649787903e-02
0.000000000000000000e+00
5.205250978469848633e-01
8.805716782808303833e-02
1.061631590127944946e-01
9.508625604212284088e-03
2.032207138836383820e-02
1.040465235710144043e+00
3.133630380034446716e-03
1.191331744194030762e+00
2.661030292510986328e-01
3.610836863517761230e-01
1.294630765914916992e-01
0.000000000000000000e+00
6.405255198478698730e-02
3.343943133950233459e-02
4.683124832808971405e-03
0.000000000000000000e+00
5.416711568832397461e-01
1.081948876380920410e+00
6.694846749305725098e-01
5.569897219538688660e-02
9.787737578153610229e-02
8.354247808456420898e-01
4.689435474574565887e-03
1.683179289102554321e-01
0.000000000000000000e+00
7.080745697021484375e-02
1.016997080296278000e-02
1.189513951539993286e-01
4.514637887477874756e-01
1.897737681865692139e-01
9.258067607879638672e-01
2.747625589370727539e+00
3.746327757835388184e-01
1.607360690832138062e-02
2.036468982696533203e-01
3.421606868505477905e-02
0.000000000000000000e+00
0.000000000000000000e+00
1.442673522979021072e-02
1.589768648147583008e+00
0.000000000000000000e+00
2.632097601890563965e-01
1.531017422676086426e-01
2.033965289592742920e-01
3.251894712448120117e-01
2.262139692902565002e-03
3.833629190921783447e-02
4.220615699887275696e-02
1.528104692697525024e-01
3.313791453838348389e-01
6.297758221626281738e-02
2.441571056842803955e-01
3.003275096416473389e-01
3.594484180212020874e-02
2.605448722839355469e+00
0.000000000000000000e+00
3.526716530323028564e-01
6.782432645559310913e-02
3.523086011409759521e-02
3.850156068801879883e-01
4.400542005896568298e-02
3.119112968444824219e+00
0.000000000000000000e+00
6.356531288474798203e-03
2.567308902740478516e+00
9.593629837036132812e-02
0.000000000000000000e+00
0.000000000000000000e+00
4.856212437152862549e-01
1.366929411888122559e-01
0.000000000000000000e+00
2.406041145324707031e+00
6.193737983703613281e-01
0.000000000000000000e+00
4.513398110866546631e-01
1.257502734661102295e-01
4.675300121307373047e-01
2.095120698213577271e-01
1.688677370548248291e-01
9.501460939645767212e-02
9.195765852928161621e-02
1.470982283353805542e-02
2.190565168857574463e-01
5.081233754754066467e-02
5.955713987350463867e-01
6.061490774154663086e-01
1.211292389780282974e-02
1.383954193443059921e-03
0.000000000000000000e+00
4.995628446340560913e-02
6.232209131121635437e-02
0.000000000000000000e+00
2.173107266426086426e-01
0.000000000000000000e+00
2.388660795986652374e-02
6.241021305322647095e-02
2.666470408439636230e-01
3.356498479843139648e-01
9.525502920150756836e-01
1.473964601755142212e-01
1.796915292739868164e+00
3.809407651424407959e-01
1.490003913640975952e-01
1.573046207427978516e+00
1.066603958606719971e-01
1.985768973827362061e-02
2.429726421833038330e-01
5.621622562408447266e+00
9.882364273071289062e-01
0.000000000000000000e+00
3.814473450183868408e-01
5.276196599006652832e-01
4.734563827514648438e-02
9.670519083738327026e-02
0.000000000000000000e+00
1.275786310434341431e-01
3.428993746638298035e-02
1.418222069740295410e+00
0.000000000000000000e+00
0.000000000000000000e+00
3.293562233448028564e-01
6.931501626968383789e-02
3.279157280921936035e-01
6.036890670657157898e-02
2.498729526996612549e-01
3.031243383884429932e-01
4.935953300446271896e-03
6.553556323051452637e-01
3.971462547779083252e-01
4.296627342700958252e-01
2.047836780548095703e-01
2.769649028778076172e-02
7.474216818809509277e-02
8.984128832817077637e-01
0.000000000000000000e+00
9.223406203091144562e-03
1.281070232391357422e+00
0.000000000000000000e+00
5.893145799636840820e-01
1.537530571222305298e-01
2.433057129383087158e-02
6.925979256629943848e-01
3.625821089372038841e-03
4.434020519256591797e-01
3.313091099262237549e-01
4.028068184852600098e-01
1.865710765123367310e-01
9.277193248271942139e-02
1.055759284645318985e-02
2.187974192202091217e-02
3.481196463108062744e-01
1.436778157949447632e-01
9.888138175010681152e-01
0.000000000000000000e+00
1.713555455207824707e-01
2.633556425571441650e-01
1.452649116516113281e+00
4.904307126998901367e-01
4.547083973884582520e-01
2.152578830718994141e-01
3.057259082794189453e+00
3.269794583320617676e-01
1.748452484607696533e-01
1.252054691314697266e+00
8.873659968376159668e-01
5.960517376661300659e-02
1.166366934776306152e+00
5.259274970740079880e-03
0.000000000000000000e+00
8.290522098541259766e-01
7.555882632732391357e-02
1.044798791408538818e-01
1.416011899709701538e-01
0.000000000000000000e+00
3.158559557050466537e-03
1.055135354399681091e-01
2.148005925118923187e-02
8.807300031185150146e-02
4.481584548950195312e+00
4.100882261991500854e-02
3.334357738494873047e-01
2.052091993391513824e-02
1.469540148973464966e-01
2.775197625160217285e-01
1.089263036847114563e-01
7.401663064956665039e-01
6.164750456809997559e-02
5.207005143165588379e-01
3.996514156460762024e-02
0.000000000000000000e+00
2.793318629264831543e-01
1.669684797525405884e-02
1.098597764968872070e+00
6.812043190002441406e-01
1.645997285842895508e+00
1.039164662361145020e+00
6.920149177312850952e-02
2.312143325805664062e+00
1.384337618947029114e-02
0.000000000000000000e+00
8.938409388065338135e-03
0.000000000000000000e+00
5.750858187675476074e-01
0.000000000000000000e+00
1.932615227997303009e-02
4.139814674854278564e-01
4.179522395133972168e-02
0.000000000000000000e+00
1.716221570968627930e-01
2.212577819824218750e+00
0.000000000000000000e+00
0.000000000000000000e+00
7.254582643508911133e-01
1.116542935371398926e+00
1.854074299335479736e-01
4.323421511799097061e-03
9.560159444808959961e-01
1.218189671635627747e-01
1.161590665578842163e-01
9.070330262184143066e-01
3.737890422344207764e-01
1.777445375919342041e-01
2.291797697544097900e-01
1.006208211183547974e-01
6.415895819664001465e-01
8.698567152023315430e-01
1.681661605834960938e-01
3.168251737952232361e-02
2.122955173254013062e-01
1.119776144623756409e-01
0.000000000000000000e+00
2.308341936441138387e-05
6.578236073255538940e-02
0.000000000000000000e+00
2.210937626659870148e-02
5.233913660049438477e-01
4.574330449104309082e-01
8.855433464050292969e-01
8.433894515037536621e-01
2.993940711021423340e-01
0.000000000000000000e+00
3.621304780244827271e-02
4.051449298858642578e-01
2.356697106733918190e-03
5.054158717393875122e-02
5.444462299346923828e-01
2.022326737642288208e-01
1.862891912460327148e-01
9.864102005958557129e-01
2.321454286575317383e-01
1.069024443626403809e+00
5.897938087582588196e-02
7.528183937072753906e+00
3.033528327941894531e-01
6.152513087727129459e-04
1.770289242267608643e-01
1.620050519704818726e-01
8.153211474418640137e-01
1.392520815134048462e-01
5.019677162170410156e+00
0.000000000000000000e+00
2.053087055683135986e-01
0.000000000000000000e+00
9.637687206268310547e-01
5.698615685105323792e-02
6.500030159950256348e-01
1.182612895965576172e+00
1.609316319227218628e-01
0.000000000000000000e+00
1.421720981597900391e-01
1.727612763643264771e-01
1.061238273978233337e-01
9.284024685621261597e-02
2.575742900371551514e-01
3.939179480075836182e-01
8.611290104454383254e-05
6.475016940385103226e-03
2.799527883529663086e+00
0.000000000000000000e+00
0.000000000000000000e+00
1.849892735481262207e-01
5.645836591720581055e-01
0.000000000000000000e+00
1.361485838890075684e+00
3.181853098794817924e-03
1.097951456904411316e-01
2.384645938873291016e-01
1.841556727886199951e-01
1.419599503278732300e-01
3.275666534900665283e-01
5.375170707702636719e-01
7.667440921068191528e-02
5.334952473640441895e-02
7.413823604583740234e-01
4.395637512207031250e-01
1.519724369049072266e+00
5.297945439815521240e-02
9.561477899551391602e-01
5.201076865196228027e-01
0.000000000000000000e+00
2.135841250419616699e-01
4.626366496086120605e-01
0.000000000000000000e+00
1.182232648134231567e-01
1.990638673305511475e-01
2.335734069347381592e-01
1.161710023880004883e-01
8.681306988000869751e-02
0.000000000000000000e+00
3.090134263038635254e-01
0.000000000000000000e+00
2.432700395584106445e+00
0.000000000000000000e+00
3.037741407752037048e-03
8.318720012903213501e-02
6.545168757438659668e-01
4.070197045803070068e-01
0.000000000000000000e+00
0.000000000000000000e+00
3.987904787063598633e-01
1.770070791244506836e+00
1.488667279481887817e-01
0.000000000000000000e+00
5.597918033599853516e+00
8.847583830356597900e-02
2.808041572570800781e-01
3.112173795700073242e+00
0.000000000000000000e+00
2.922194600105285645e-01
2.800389192998409271e-02
2.998175024986267090e-01
7.175545208156108856e-03
6.905293464660644531e-01
1.835775561630725861e-02
1.826407611370086670e-01
9.600272774696350098e-02
1.218401640653610229e-02
8.185228705406188965e-01
2.221276044845581055e+00
4.455731511116027832e-01
1.338241457939147949e+00
1.487620058469474316e-03
1.480313062667846680e+00
2.214392423629760742e+00
8.026835508644580841e-03
9.322058409452438354e-02
9.457363188266754150e-02
0.000000000000000000e+00
0.000000000000000000e+00
1.541619300842285156e-01
1.779254339635372162e-02
0.000000000000000000e+00
1.370711810886859894e-02
2.944724559783935547e-01
3.148818016052246094e-02
1.691137440502643585e-02
5.303442012518644333e-03
1.893819309771060944e-02
1.537940949201583862e-01
8.065253496170043945e-02
3.919504880905151367e-01
1.500001456588506699e-02
7.045851945877075195e-01
1.016782402992248535e+00
4.545982927083969116e-02
2.825651131570339203e-02
0.000000000000000000e+00
1.824472427368164062e+00
5.908379554748535156e-01
0.000000000000000000e+00
1.870159208774566650e-01
0.000000000000000000e+00
0.000000000000000000e+00
1.027415692806243896e-01
6.444086879491806030e-02
9.763338021002709866e-04
7.611066699028015137e-01
4.069754481315612793e-02
3.381442725658416748e-01
6.981690973043441772e-02
3.376719728112220764e-02
9.542671442031860352e-01
6.275395750999450684e-01
0.000000000000000000e+00
1.031899094581604004e+00
8.753769844770431519e-02
6.877507269382476807e-02
7.835991680622100830e-02
2.949300594627857208e-02
9.065727144479751587e-02
2.509691417217254639e-01
5.936405658721923828e-01
7.716821432113647461e-01
2.593823883216828108e-04
4.132885038852691650e-01
3.419486880302429199e-01
8.233690857887268066e-01
1.059217691421508789e+00
5.740645527839660645e-02
1.052520647644996643e-01
1.401485595852136612e-02
3.331255614757537842e-01
5.451026954688131809e-04
6.872635483741760254e-01
1.028655022382736206e-01
0.000000000000000000e+00
1.965851783752441406e+00
5.458424985408782959e-02
1.256092451512813568e-03
5.296601727604866028e-02
0.000000000000000000e+00
1.270981878042221069e-01
3.313972949981689453e-01
8.209362626075744629e-01
4.878798872232437134e-02
1.395150572061538696e-01
2.403225004673004150e-01
1.251671123504638672e+01
4.432463273406028748e-02
5.595611035823822021e-02
9.936058521270751953e-01
3.048319518566131592e-01
7.342570275068283081e-02
3.421253263950347900e-01
4.366283714771270752e-01
3.133993223309516907e-02
1.344680190086364746e+00
8.521907031536102295e-03
4.215067252516746521e-02
1.234377473592758179e-01
3.721336275339126587e-02
3.128946125507354736e-01
1.303943097591400146e-01
3.742680549621582031e-01
1.421377211809158325e-01
5.423396825790405273e-02
6.614965438842773438e+00
1.060658395290374756e-01
6.382164359092712402e-02
2.849684283137321472e-02
2.926501929759979248e-01
0.000000000000000000e+00
0.000000000000000000e+00
2.803936898708343506e-01
1.049460656940937042e-02
1.322285085916519165e-01
1.922091245651245117e-01
0.000000000000000000e+00
0.000000000000000000e+00
1.665950059890747070e+00
2.052658647298812866e-01
2.968182265758514404e-01
3.789298469200730324e-03
3.283550962805747986e-02
3.942000865936279297e-01
4.677886888384819031e-02
0.000000000000000000e+00
1.831013441085815430e+00
1.087435930967330933e-01
1.430962830781936646e-01
1.154866576194763184e+00
0.000000000000000000e+00
1.459366455674171448e-02
9.720574021339416504e-01
2.810326218605041504e-02
5.836177244782447815e-02
1.420027483254671097e-02
2.633177442476153374e-03
1.879828870296478271e-01
1.107296347618103027e+00
4.812687933444976807e-01
0.000000000000000000e+00
3.561939001083374023e-01
9.111093357205390930e-03
2.050127744674682617e+00
2.187953144311904907e-02
6.409744732081890106e-03
5.041564106941223145e-01
3.439306020736694336e-01
4.017088189721107483e-02
9.866631776094436646e-02
7.847770303487777710e-02
2.107966691255569458e-01
1.842955872416496277e-02
0.000000000000000000e+00
0.000000000000000000e+00
7.669632881879806519e-02
3.840759098529815674e-01
0.000000000000000000e+00
4.017306864261627197e-02
4.448643326759338379e-02
3.394909203052520752e-02
0.000000000000000000e+00
5.813088417053222656e-01
8.135452866554260254e-02
2.435090243816375732e-01
1.343488246202468872e-01
1.290149148553609848e-02
7.991784811019897461e-02
4.599914550781250000e-01
8.780794739723205566e-01
4.998304415494203568e-03
7.191197872161865234e-01
1.235167831182479858e-01
8.096645772457122803e-02
1.020469903945922852e+00
1.269190609455108643e-01
3.412176668643951416e-01
5.176423490047454834e-02
2.147883027791976929e-01
1.757580488920211792e-01
9.358022212982177734e-01
8.173672556877136230e-01
3.600593507289886475e-01
0.000000000000000000e+00
3.534810990095138550e-02
2.217343330383300781e+00
0.000000000000000000e+00
2.183087728917598724e-02
2.528349161148071289e+00
0.000000000000000000e+00
7.569082081317901611e-03
2.396045029163360596e-01
4.257364664226770401e-03
1.954861730337142944e-02
4.240905940532684326e-01
3.377361595630645752e-01
2.017671018838882446e-01
1.765291094779968262e-01
0.000000000000000000e+00
3.352793306112289429e-02
1.885298937559127808e-01
8.721019029617309570e-01
2.440086603164672852e+00
3.624678552150726318e-01
1.051112562417984009e-01
4.046970307826995850e-01
3.959513425827026367e+00
3.455339670181274414e-01
3.667896240949630737e-02
7.933613657951354980e-01
3.623227030038833618e-02
4.391920864582061768e-01
6.163053959608078003e-02
0.000000000000000000e+00
2.274873852729797363e-02
0.000000000000000000e+00
8.315470814704895020e-01
3.365866839885711670e-02
6.981891393661499023e-02
0.000000000000000000e+00
2.128404378890991211e+00
2.198065519332885742e-01
0.000000000000000000e+00
6.618589907884597778e-02
5.936597660183906555e-02
1.266115996986627579e-02
2.588255107402801514e-01
7.465884089469909668e-02
3.894139826297760010e-01
6.853091120719909668e-01
6.014886498451232910e-01
1.736398488283157349e-01
0.000000000000000000e+00
4.805174767971038818e-01
4.284828007221221924e-01
4.343945384025573730e-01
3.865632787346839905e-02
0.000000000000000000e+00
0.000000000000000000e+00
2.205537855625152588e-01
1.751552700996398926e+00
7.349128276109695435e-02
1.428933814167976379e-03
4.942985624074935913e-02
0.000000000000000000e+00
3.790957480669021606e-02
4.045077860355377197e-01
2.346976697444915771e-01
2.817645668983459473e-01
1.790318936109542847e-01
9.636105597019195557e-02
3.193481564521789551e-01
2.119133174419403076e-01
9.879515767097473145e-01
4.888814315199851990e-02
1.066854476928710938e+00
6.766728311777114868e-02
2.629664540290832520e-01
0.000000000000000000e+00
8.269061148166656494e-02
6.090303659439086914e-01
1.106937602162361145e-02
8.123989701271057129e-01
6.111850142478942871e-01
4.766585826873779297e-01
5.112465620040893555e-01
2.018784284591674805e+00
2.803174555301666260e-01
0.000000000000000000e+00
1.148899719119071960e-01
1.229152977466583252e-01
1.073788478970527649e-02
7.714844346046447754e-01
3.381697535514831543e-01
7.816595584154129028e-02
1.357303094118833542e-02
1.791792064905166626e-01
4.224161803722381592e-01
1.965281963348388672e-01
4.343556761741638184e-01
1.471817016601562500e+00
2.014911174774169922e-01
6.590127944946289062e-03
6.649211980402469635e-03
3.101142048835754395e-01
1.118367835879325867e-01
1.448100954294204712e-01
3.722694516181945801e-01
8.786646276712417603e-02
0.000000000000000000e+00
1.981644153594970703e+00
1.697220504283905029e-01
2.808463573455810547e-01
0.000000000000000000e+00
0.000000000000000000e+00
1.060048211365938187e-02
2.835343480110168457e-01
9.527382254600524902e-02
4.153923131525516510e-03
9.021431952714920044e-02
2.707379460334777832e-01
4.160559475421905518e-01
8.796170353889465332e-01
2.739848196506500244e-01
0.000000000000000000e+00
2.610429048538208008e+00
0.000000000000000000e+00
2.217533886432647705e-01
1.160077378153800964e-01
0.000000000000000000e+00
4.287453740835189819e-02
4.658733606338500977e-01
8.360313773155212402e-01
1.440522670745849609e+00
1.729459762573242188e+00
5.382367223501205444e-02
1.764209382236003876e-02
0.000000000000000000e+00
2.469054013490676880e-01
0.000000000000000000e+00
3.181816637516021729e-02
4.961415193974971771e-03
3.403269648551940918e-01
5.636434070765972137e-04
4.222801029682159424e-01
1.050236672163009644e-01
2.291268557310104370e-01
3.258351683616638184e-01
1.336780041456222534e-01
0.000000000000000000e+00
7.469729781150817871e-01
5.294047594070434570e-01
0.000000000000000000e+00
1.789281144738197327e-02
5.222463980317115784e-02
1.551787257194519043e+00
2.472881823778152466e-01
7.071892917156219482e-02
3.735883235931396484e-01
3.292319830507040024e-03
2.785051345825195312e+00
8.080372214317321777e-02
0.000000000000000000e+00
1.618075557053089142e-02
3.867957890033721924e-01
2.490849001333117485e-03
2.196065902709960938e+00
1.320034116506576538e-01
0.000000000000000000e+00
4.912468910217285156e+00
2.030742764472961426e-01
0.000000000000000000e+00
2.838418245315551758e+00
1.115969344973564148e-01
0.000000000000000000e+00
5.321028828620910645e-02
0.000000000000000000e+00
3.094337880611419678e-01
3.644182533025741577e-02
6.019629836082458496e-01
1.420685648918151855e-01
1.328481286764144897e-01
4.184711873531341553e-01
3.302961587905883789e-01
1.357070505619049072e-01
4.305308163166046143e-01
1.197595596313476562e-01
5.469929054379463196e-02
0.000000000000000000e+00
2.783339619636535645e-01
1.227589488029479980e+00
4.576411470770835876e-02
2.078357458114624023e+00
0.000000000000000000e+00
2.742196321487426758e-01
8.457192182540893555e-01
6.089872717857360840e-01
1.203984115272760391e-02
1.572309806942939758e-02
8.416615426540374756e-02
1.624574065208435059e-01
6.068259011954069138e-03
0.000000000000000000e+00
6.476535648107528687e-02
0.000000000000000000e+00
1.987014859914779663e-01
0.000000000000000000e+00
2.948685884475708008e-01
2.979762256145477295e-01
0.000000000000000000e+00
9.688889235258102417e-02
1.706374883651733398e-01
0.000000000000000000e+00
2.868096157908439636e-02
2.288918569684028625e-02
4.692376777529716492e-02
1.306351087987422943e-02
1.305517256259918213e-01
8.457607775926589966e-02
3.072100318968296051e-02
1.101547107100486755e-02
5.964016309008002281e-04
2.942358255386352539e-01
6.768820881843566895e-01
1.099932342767715454e-01
1.997071057558059692e-01
8.104538545012474060e-03
3.354342654347419739e-03
2.004858255386352539e-01
3.072259128093719482e-01
1.342073917388916016e+00
8.045718818902969360e-02
3.323590010404586792e-02
1.718228161334991455e-01
9.754034876823425293e-02
1.458429574966430664e+00
8.775874376296997070e-01
1.983900666236877441e-01
1.369461566209793091e-01
1.391082350164651871e-02
4.696319624781608582e-02
1.569198518991470337e-01
6.803582906723022461e-01
0.000000000000000000e+00
7.276514172554016113e-01
1.779323518276214600e-01
4.860542248934507370e-03
9.894307851791381836e-01
5.363519787788391113e-01
2.640041708946228027e-01
4.501852989196777344e-01
6.730241775512695312e-01
1.016640141606330872e-01
0.000000000000000000e+00
9.093498438596725464e-02
4.722832515835762024e-02
0.000000000000000000e+00
1.832920759916305542e-01
1.366566061973571777e+00
4.170594736933708191e-02
4.858539700508117676e-01
6.208589673042297363e-01
0.000000000000000000e+00
4.620551168918609619e-01
1.238824203610420227e-01
0.000000000000000000e+00
3.079225122928619385e-02
2.041991800069808960e-02
7.211802899837493896e-02
8.389711380004882812e-01
7.028286159038543701e-02
3.337144851684570312e+00
1.781651675701141357e-01
1.568607091903686523e-01
0.000000000000000000e+00
2.967577800154685974e-02
0.000000000000000000e+00
5.429264158010482788e-02
3.189986199140548706e-02
0.000000000000000000e+00
3.977439701557159424e-01
2.328167408704757690e-01
4.050421118736267090e-01
8.061963915824890137e-01
1.272479742765426636e-01
5.869609117507934570e-01
4.618075847625732422e+00
6.813713163137435913e-02
1.476863980293273926e+00
4.126806184649467468e-02
1.669013202190399170e-01
1.728906482458114624e-01
6.108331680297851562e-02
2.792305052280426025e-01
5.873012170195579529e-02
4.585285186767578125e-01
0.000000000000000000e+00
3.981827199459075928e-01
4.480320215225219727e-01
7.226924598217010498e-02
7.242487668991088867e-01
1.701371371746063232e-02
8.780104690231382847e-04
1.362862706184387207e+00
3.639155924320220947e-01
1.123069450259208679e-01
6.987068802118301392e-02
2.365517914295196533e-01
1.487461179494857788e-01
0.000000000000000000e+00
9.285323619842529297e-01
5.360386371612548828e-01
6.823824346065521240e-02
3.235238790512084961e-02
1.182742193341255188e-01
1.271621324121952057e-03
8.496101498603820801e-01
8.185421675443649292e-02
6.159397959709167480e-01
8.189163357019424438e-02
1.771086901426315308e-01
3.020211122930049896e-02
2.621504068374633789e-01
6.092244982719421387e-01
3.695372641086578369e-01
3.786123916506767273e-02
1.350136399269104004e-01
5.209733918309211731e-02
7.717419415712356567e-02
1.041066721081733704e-01
3.832256421446800232e-02
2.000460773706436157e-02
0.000000000000000000e+00
4.861685335636138916e-01
1.957058459520339966e-01
3.709818422794342041e-02
3.812782466411590576e-01
0.000000000000000000e+00
4.846301395446062088e-03
0.000000000000000000e+00
2.936370372772216797e-01
3.803615570068359375e-01
3.558026850223541260e-01
2.467889338731765747e-01
0.000000000000000000e+00
2.285565808415412903e-02
4.026671350002288818e-01
1.095901608467102051e+00
2.061449885368347168e-01
0.000000000000000000e+00
7.350215315818786621e-02
5.975504398345947266e+00
1.024058982729911804e-01
1.481545686721801758e+00
3.115099482238292694e-02
9.463552385568618774e-02
6.286020278930664062e-01
4.758127406239509583e-02
7.522873878479003906e-01
4.211817402392625809e-03
0.000000000000000000e+00
1.504366993904113770e-01
7.420960464514791965e-04
5.912936329841613770e-01
0.000000000000000000e+00
3.418746709823608398e+00
5.020500421524047852e-01
3.611543178558349609e-01
3.293759226799011230e-01
8.256616443395614624e-02
6.458773136138916016e+00
5.853339433670043945e-01
1.406658291816711426e-01
5.198808908462524414e-01
1.476556360721588135e-01
3.750928044319152832e-01
2.269022017717361450e-01
0.000000000000000000e+00
0.000000000000000000e+00
3.935053348541259766e-01
5.733419954776763916e-02
1.264448165893554688e+00
0.000000000000000000e+00
2.750389575958251953e-01
3.633137047290802002e-01
4.932391047477722168e-01
2.835155010223388672e+00
4.258322119712829590e-01
9.676729142665863037e-02
4.625912606716156006e-01
0.000000000000000000e+00
8.179175853729248047e-02
0.000000000000000000e+00
2.589196665212512016e-03
1.121487319469451904e-01
6.235614418983459473e-01
1.722246170043945312e+00
0.000000000000000000e+00
1.105806753039360046e-01
0.000000000000000000e+00
7.978277653455734253e-02
0.000000000000000000e+00
1.722658753395080566e+00
1.409633308649063110e-01
6.046312302350997925e-02
1.061733588576316833e-01
7.474322617053985596e-02
2.915246486663818359e-01
2.959694862365722656e-01
3.636014461517333984e-02
0.000000000000000000e+00
6.537660956382751465e-01
6.123034283518791199e-03
2.953062772750854492e+00
5.668146014213562012e-01
6.851334124803543091e-02
6.504714488983154297e-01
3.440245389938354492e-01
1.173473745584487915e-01
0.000000000000000000e+00
2.389553636312484741e-01
1.976565122604370117e-01
5.816582217812538147e-02
1.482672244310379028e-01
0.000000000000000000e+00
0.000000000000000000e+00
9.968961030244827271e-02
1.800283670425415039e+00
9.049129672348499298e-03
9.731063991785049438e-02
5.208801627159118652e-01
4.131630361080169678e-01
2.518306970596313477e-01
3.036214411258697510e-01
0.000000000000000000e+00
3.440126031637191772e-02
9.023140072822570801e-01
5.639817118644714355e-01
2.723439335823059082e-01
3.475623950362205505e-02
5.481880903244018555e-01
7.002181410789489746e-01
8.877294063568115234e-01
3.468026638031005859e+00
5.154134035110473633e-01
1.098873019218444824e-01
6.787106394767761230e-01
5.752317234873771667e-02
7.651534397155046463e-03
3.796862065792083740e-02
4.851856529712677002e-01
3.658162355422973633e+00
5.111364126205444336e-01
9.381302632391452789e-03
0.000000000000000000e+00
9.962546825408935547e-02
5.795169249176979065e-02
8.568605780601501465e-02
3.099136352539062500e-01
0.000000000000000000e+00
1.765771657228469849e-01
0.000000000000000000e+00
1.082236647605895996e+00
9.897037148475646973e-01
2.384273707866668701e-01
3.927321434020996094e+00
0.000000000000000000e+00
6.211541891098022461e-01
4.878608882427215576e-02
2.657518163323402405e-02
0.000000000000000000e+00
4.071383476257324219e-01
3.409394323825836182e-01
0.000000000000000000e+00
0.000000000000000000e+00
1.763213992118835449e+00
2.688381448388099670e-02
2.217580564320087433e-02
1.910795688629150391e+00
6.689433455467224121e-01
1.120951958000659943e-02
4.892761707305908203e-01
3.478845208883285522e-02
4.289190098643302917e-02
8.604289293289184570e-01
3.127842023968696594e-02
9.813176095485687256e-02
3.285569250583648682e-01
9.390286207199096680e-01
2.234593480825424194e-01
2.668101787567138672e-01
2.033413201570510864e-02
0.000000000000000000e+00
1.234807848930358887e+00
1.061650216579437256e-01
5.697016417980194092e-02
1.075217351317405701e-01
3.190183639526367188e-02
5.581229180097579956e-02
1.399568319320678711e+00
2.146111615002155304e-02
2.932341098785400391e-01
2.506221830844879150e-02
4.044406712055206299e-01
2.768818194454070181e-05
1.484130918979644775e-01
4.497910022735595703e+00
1.941658377647399902e+00
6.354458332061767578e-01
2.252454280853271484e+00
6.427928209304809570e-01
7.927579879760742188e-01
2.748699188232421875e-01
9.357233531773090363e-03
5.332679022103548050e-03
3.819451630115509033e-01
9.819798916578292847e-02
3.888797760009765625e-02
8.746188133955001831e-03
1.374672055244445801e+00
8.617336273193359375e+00
3.734755516052246094e-01
5.106752738356590271e-02
7.135760784149169922e-01
1.220757126808166504e+00
3.993455469608306885e-01
9.195493906736373901e-02
2.154996842145919800e-01
1.048928141593933105e+00
6.373232007026672363e-01
1.589828729629516602e-01
2.891997992992401123e-01
8.048835992813110352e-01
2.309018280357122421e-03
1.043538376688957214e-02
4.727457463741302490e-02
1.684693694114685059e-01
2.143129557371139526e-01
3.395405113697052002e-01
3.495000004768371582e-01
2.330856770277023315e-01
5.670694708824157715e-01
6.466147955507040024e-03
1.257208347320556641e+00
1.539783030748367310e-01
2.510947287082672119e-01
0.000000000000000000e+00
5.620468258857727051e-01
1.438112109899520874e-01
2.815262600779533386e-02
8.091682791709899902e-01
7.187792658805847168e-02
1.033976152539253235e-01
4.548002779483795166e-02
6.590116024017333984e-02
4.363769292831420898e-02
2.309670671820640564e-02
0.000000000000000000e+00
1.237929344177246094e+00
5.663204193115234375e-02
0.000000000000000000e+00
1.449262816458940506e-02
8.770259097218513489e-03
6.299393177032470703e-01
7.242078892886638641e-03
2.618368864059448242e+00
7.591381669044494629e-02
0.000000000000000000e+00
3.547104120254516602e+00
2.605011165142059326e-01
1.683853566646575928e-01
1.602260172367095947e-01
2.695831656455993652e-01
0.000000000000000000e+00
5.419291257858276367e-01
0.000000000000000000e+00
3.773489594459533691e-01
1.144784390926361084e-01
1.410972606390714645e-02
0.000000000000000000e+00
3.271663188934326172e-01
6.226377189159393311e-02
5.124972667545080185e-03
2.360745817422866821e-01
1.943651884794235229e-01
2.098461687564849854e-01
7.229343056678771973e-02
2.993066608905792236e-01
1.042940244078636169e-01
0.000000000000000000e+00
4.825192391872406006e-01
0.000000000000000000e+00
4.282065033912658691e-01
3.769625723361968994e-01
6.257447004318237305e-01
1.161406114697456360e-01
9.780815243721008301e-01
0.000000000000000000e+00
1.049906108528375626e-02
1.050928115844726562e+00
3.065941273234784603e-04
2.065511494874954224e-01
2.414741665124893188e-01
0.000000000000000000e+00
5.651414990425109863e-01
3.949386179447174072e-01
6.733175367116928101e-03
0.000000000000000000e+00
1.680638492107391357e-01
1.973602175712585449e-02
1.124073565006256104e-02
5.961362645030021667e-02
8.374414592981338501e-02
7.125785946846008301e-01
8.583186268806457520e-01
2.218738794326782227e-01
1.228591561317443848e+00
1.030554175376892090e-01
9.249171018600463867e-01
6.143016219139099121e-01
1.005185008049011230e+00
1.420960295945405960e-02
1.277087926864624023e-01
3.315408468246459961e+00
8.167198300361633301e-01
0.000000000000000000e+00
5.076275020837783813e-02
9.933403879404067993e-02
2.293223887681961060e-01
1.971743851900100708e-01
1.794596314430236816e-01
0.000000000000000000e+00
1.296522498130798340e+00
2.947018668055534363e-02
9.417234361171722412e-02
9.410765022039413452e-02
9.990908503532409668e-01
5.421679615974426270e-01
1.468305945396423340e+00
0.000000000000000000e+00
7.817891985177993774e-02
5.220981687307357788e-02
2.156306505203247070e-01
5.545766949653625488e-01
0.000000000000000000e+00
0.000000000000000000e+00
0.000000000000000000e+00
1.607326120138168335e-01
6.600519418716430664e-01
4.240982234477996826e-02
8.174533955752849579e-03
1.408901065587997437e-02
0.000000000000000000e+00
6.149755120277404785e-01
2.958848178386688232e-01
1.017005920410156250e+00
3.222358822822570801e-01
7.356333732604980469e-01
1.079411208629608154e-01
1.121342897415161133e+00
3.509651124477386475e-02
1.156986951828002930e-01
4.825718402862548828e-01
7.013890147209167480e-02
0.000000000000000000e+00
4.261839091777801514e-01
1.302522659301757812e+00
1.488748639822006226e-01
3.546941652894020081e-02
6.263221055269241333e-02
4.459654912352561951e-02
5.592497109319083393e-05
2.737066242843866348e-03
1.177065253257751465e+00
2.503320872783660889e-01
0.000000000000000000e+00
5.162870883941650391e-01
8.078895509243011475e-02
2.464786358177661896e-02
0.000000000000000000e+00
4.118748009204864502e-02
2.923900075256824493e-02
4.192061424255371094e-01
4.617530703544616699e-01
1.147388696670532227e+00
3.534441590309143066e-01
8.564754575490951538e-02
3.309291321784257889e-03
8.118192553520202637e-01
0.000000000000000000e+00
1.789677441120147705e-01
1.038704216480255127e-01
1.911045014858245850e-01
4.367935284972190857e-02
5.343296099454164505e-03
4.113962128758430481e-02
6.727841496467590332e-01
7.931883446872234344e-03
7.232599854469299316e-01
9.367066621780395508e-02
2.225324138998985291e-02
3.697337806224822998e-01
0.000000000000000000e+00
3.546365201473236084e-01
4.779000878334045410e-01
1.364890038967132568e-01
1.714506372809410095e-02
5.620386917144060135e-03
0.000000000000000000e+00
4.023006856441497803e-01
2.962033152580261230e-01
4.536304473876953125e-01
9.613338857889175415e-03
2.680478394031524658e-01
1.132313758134841919e-01
5.223355889320373535e-01
5.069097280502319336e-01
4.486859962344169617e-02
7.501686215400695801e-01
1.275228522717952728e-02
2.342492580413818359e+00
0.000000000000000000e+00
5.411607623100280762e-01
1.427154093980789185e-01
2.946674823760986328e-02
2.243137955665588379e-01
7.559995651245117188e-01
4.364335909485816956e-02
2.385329246520996094e+00
1.163095533847808838e-01
1.594200730323791504e-02
1.957776546478271484e-01
0.000000000000000000e+00
7.055225223302841187e-02
1.498356908559799194e-01
2.252485752105712891e-01
0.000000000000000000e+00
1.828739643096923828e-01
7.689301371574401855e-01
1.070657512173056602e-03
0.000000000000000000e+00
1.546575594693422318e-02
2.082122117280960083e-01
4.624280706048011780e-02
3.141812235116958618e-02
1.210521981120109558e-01
4.458801150321960449e-01
3.482458293437957764e-01
5.804968997836112976e-02
1.602253913879394531e+00
0.000000000000000000e+00
2.186103314161300659e-01
5.709107965230941772e-02
5.735102295875549316e-02
1.223702207207679749e-01
0.000000000000000000e+00
8.104887008666992188e-01
1.460646390914916992e+00
1.576495915651321411e-01
1.484380483627319336e+00
9.205860137939453125e+00
0.000000000000000000e+00
0.000000000000000000e+00
6.352843642234802246e-01
9.829057455062866211e-01
1.705762147903442383e-01
3.195193409919738770e-01
2.774952165782451630e-02
4.170688241720199585e-02
7.044519484043121338e-02
4.903788566589355469e+00
9.385946206748485565e-03
0.000000000000000000e+00
4.306375086307525635e-01
5.105828121304512024e-02
7.835265249013900757e-02
3.743226826190948486e-01
2.299762964248657227e-01
4.595937430858612061e-01
0.000000000000000000e+00
2.105188608169555664e+00
5.557561293244361877e-02
5.656754374504089355e-01
0.000000000000000000e+00
6.790069490671157837e-02
0.000000000000000000e+00
6.614700555801391602e-01
5.697540938854217529e-02
5.462063550949096680e-01
3.550739288330078125e-01
6.349232196807861328e-01
3.385786712169647217e-02
3.644100949168205261e-02
2.248226292431354523e-02
2.984424829483032227e-01
8.771030902862548828e-01
1.266738325357437134e-01
7.628376483917236328e-01
8.900642395019531250e-02
1.608308851718902588e-01
5.675214529037475586e-02
0.000000000000000000e+00
0.000000000000000000e+00
2.991209551692008972e-02
6.638199090957641602e-02
0.000000000000000000e+00
1.856270581483840942e-01
1.660662889480590820e-01
2.056201994419097900e-01
5.584599077701568604e-02
2.261245548725128174e-01
2.219059705734252930e+00
0.000000000000000000e+00
5.256376788020133972e-02
8.175626993179321289e-01
2.939203567802906036e-02
1.539745777845382690e-01
2.458509152347687632e-05
2.478719316422939301e-02
5.776969194412231445e-01
3.358381688594818115e-01
2.947468161582946777e-01
2.179929018020629883e-01
0.000000000000000000e+00
6.474004983901977539e-01
1.160042136907577515e-01
2.285281568765640259e-01
8.270193636417388916e-02
3.395787179470062256e-01
7.431191205978393555e-01
1.888938844203948975e-01
1.303397715091705322e-01
4.264791682362556458e-02
1.043785065412521362e-01
1.526739597320556641e-01
8.097521215677261353e-02
5.685598030686378479e-02
9.470938891172409058e-02
1.669114232063293457e-01
1.751379109919071198e-02
2.891357056796550751e-02
1.063689231872558594e+00
2.321282774209976196e-01
4.059173911809921265e-02
0.000000000000000000e+00
8.556824922561645508e-02
0.000000000000000000e+00
1.340609043836593628e-01
8.877411484718322754e-01
2.748844772577285767e-02
2.047969818115234375e+00
1.628580689430236816e-01
1.027004644274711609e-01
2.394509464502334595e-01
5.976600646972656250e-01
4.377998113632202148e-01
6.906825304031372070e-01
2.710848748683929443e-01
1.199640482664108276e-01
2.567395940423011780e-02
2.207479327917098999e-01
1.705264300107955933e-01
0.000000000000000000e+00
0.000000000000000000e+00
0.000000000000000000e+00
1.174163818359375000e+00
4.264517629053443670e-04
0.000000000000000000e+00
1.690689027309417725e-01
2.329300642013549805e-01
7.920105010271072388e-03
3.375362455844879150e-01
8.537679910659790039e-02
7.143391370773315430e-01
6.734263896942138672e-01
6.001053452491760254e-01
1.229723691940307617e+00
1.246592903137207031e+01
5.755327176302671432e-03
1.349865078926086426e+00
1.660316586494445801e-01
9.041978716850280762e-01
0.000000000000000000e+00
1.160454470664262772e-02
1.395685374736785889e-01
2.634716987609863281e+00
4.761333763599395752e-01
0.000000000000000000e+00
1.522599905729293823e-02
8.384138345718383789e-02
1.591245085000991821e-01
1.925381086766719818e-02
1.074337244033813477e+00
0.000000000000000000e+00
2.927203178405761719e-01
0.000000000000000000e+00
4.417392313480377197e-01
3.996309638023376465e-01
1.605020463466644287e-01
1.489425748586654663e-01
7.031649351119995117e-01
5.181542038917541504e-02
3.726680278778076172e-01
2.904261834919452667e-02
8.712485432624816895e-02
2.466729432344436646e-01
9.035059064626693726e-02
1.239384114742279053e-01
6.093660369515419006e-03
1.134477034211158752e-01
0.000000000000000000e+00
1.705037653446197510e-01
1.204965189099311829e-01
0.000000000000000000e+00
0.000000000000000000e+00
4.314977228641510010e-01
4.544111713767051697e-02
3.648493904620409012e-03
1.918208897113800049e-01
2.316414117813110352e+00
4.225079417228698730e-01
4.942947998642921448e-02
2.349451482295989990e-01
0.000000000000000000e+00
3.000810928642749786e-02
7.653923034667968750e-01
4.307250678539276123e-02
3.012700676918029785e-01
7.047490775585174561e-02
9.810391664505004883e-01
1.771509289741516113e+00
1.396775990724563599e-01
2.848176717758178711e+00
4.186007659882307053e-03
2.703373730182647705e-01
3.241754472255706787e-01
5.415119528770446777e-01
9.355316311120986938e-02
7.132714241743087769e-02
1.073172092437744141e+00
0.000000000000000000e+00
2.238620519638061523e-01
2.111040651798248291e-01
3.399103581905364990e-01
2.948336601257324219e+00
1.625482320785522461e+00
4.564622342586517334e-01
8.771991729736328125e-02
2.118441089987754822e-02
2.101171910762786865e-01
0.000000000000000000e+00
1.543068438768386841e-01
0.000000000000000000e+00
1.547809392213821411e-01
5.747840180993080139e-02
4.682143926620483398e-01
6.704692244529724121e-01
0.000000000000000000e+00
5.390220284461975098e-01
5.012942790985107422e+00
4.187324643135070801e-01
5.760666728019714355e-01
4.632712364196777344e+00
2.876281440258026123e-01
7.261418104171752930e-01
1.153934717178344727e+00
0.000000000000000000e+00
3.450137078762054443e-01
7.357058525085449219e-01
6.999441385269165039e-01
2.262574993073940277e-02
4.616683006286621094e+00
1.041337490081787109e+00
1.544930636882781982e-01
3.766293525695800781e-01
0.000000000000000000e+00
1.261822104454040527e+00
7.013699412345886230e-01
8.869290947914123535e-01
2.914266288280487061e-01
3.210702836513519287e-01
0.000000000000000000e+00
1.579186916351318359e-01
1.038902759552001953e+00
2.960585802793502808e-02
1.618042774498462677e-02
1.040162295103073120e-01
0.000000000000000000e+00
0.000000000000000000e+00
6.571677327156066895e-02
7.275646179914474487e-02
4.831408262252807617e-01
4.826414883136749268e-01
6.530004143714904785e-01
5.172773599624633789e-01
1.049624830484390259e-01
0.000000000000000000e+00
4.842626396566629410e-03
0.000000000000000000e+00
1.213926374912261963e-01
8.334293961524963379e-02
1.358290433883666992e+00
0.000000000000000000e+00
0.000000000000000000e+00
1.106469985097646713e-02
3.403197228908538818e-01
6.830184161663055420e-02
2.114937007427215576e-01
2.796920537948608398e-01
2.049515843391418457e-01
1.361715316772460938e+00
0.000000000000000000e+00
3.831354901194572449e-02
6.642803549766540527e-02
1.896240934729576111e-02
1.895073652267456055e-01
1.465091109275817871e-01
8.429017663002014160e-02
7.221641540527343750e-01
4.012166336178779602e-02
0.000000000000000000e+00
6.620790958404541016e-01
4.148872196674346924e-01
5.328410491347312927e-02
9.011522531509399414e-01
3.615686595439910889e-01
3.029250167310237885e-02
2.179642468690872192e-01
4.068805575370788574e-01
5.261687636375427246e-01
1.653602421283721924e-01
0.000000000000000000e+00
3.176116943359375000e+00
5.879594013094902039e-02
0.000000000000000000e+00
7.518092170357704163e-03
0.000000000000000000e+00
4.828544557094573975e-01
1.481938511133193970e-01
2.711713500320911407e-02
2.680868506431579590e-01
1.535498976707458496e+00
9.022657573223114014e-02
0.000000000000000000e+00
3.220178186893463135e-01
4.470044746994972229e-02
5.015326663851737976e-02
1.515147555619478226e-02
5.189446210861206055e-01
2.894825674593448639e-02
5.270814523100852966e-02
6.879554390907287598e-01
3.936268687248229980e-01
9.748031497001647949e-01
2.314980030059814453e-01
5.639097467064857483e-02
