8.943418264389038086e-01
1.547881029546260834e-02
7.422299385070800781e-01
2.466090321540832520e-01
5.190636590123176575e-02
9.202864021062850952e-02
5.070592090487480164e-02
1.219704031944274902e+00
3.565317153930664062e+00
1.511568203568458557e-02
1.678964495658874512e-02
1.283790334127843380e-03
1.816548705101013184e-01
3.098452091217041016e-02
5.763354301452636719e-01
2.796316444873809814e-01
0.000000000000000000e+00
3.496265411376953125e-01
0.000000000000000000e+00
3.039509773254394531e+00
1.008330702781677246e+00
4.680181145668029785e-01
7.484871894121170044e-02
5.741795524954795837e-03
1.576160895638167858e-03
1.721858978271484375e-01
3.641527891159057617e-02
1.352439969778060913e-01
2.339482866227626801e-02
5.154998898506164551e-01
2.124212235212326050e-01
2.728050053119659424e-01
2.674965858459472656e-01
4.671816229820251465e-01
9.477323293685913086e-02
4.880769550800323486e-01
4.274633154273033142e-02
1.308301091194152832e-01
7.949913293123245239e-02
8.033279776573181152e-01
7.014635801315307617e-01
1.819342188537120819e-02
4.703513905405998230e-02
3.908371925354003906e-02
6.000780463218688965e-01
2.302717119455337524e-01
0.000000000000000000e+00
1.164043188095092773e+00
9.258298277854919434e-01
4.175768494606018066e-01
0.000000000000000000e+00
2.441401004791259766e+00
0.000000000000000000e+00
5.375912189483642578e-01
4.249949455261230469e-01
2.897322364151477814e-02
3.785686939954757690e-02
2.246812582015991211e-01
1.852354407310485840e-02
1.588600635528564453e+00
1.781805604696273804e-01
3.633718788623809814e-01
3.046865701675415039e+00
2.452307194471359253e-01
3.162258118391036987e-02
8.728485554456710815e-03
2.946451902389526367e-01
1.434153318405151367e+00
3.833530005067586899e-03
3.310243189334869385e-01
3.114132642745971680e+00
1.245139241218566895e+00
0.000000000000000000e+00
1.757679432630538940e-01
0.000000000000000000e+00
1.553457021713256836e+00
9.121195226907730103e-02
7.793309688568115234e-01
2.539654493331909180e+00
0.000000000000000000e+00
5.798702836036682129e-01
4.260959625244140625e-01
4.199473857879638672e-01
5.474891513586044312e-02
9.498588740825653076e-02
8.854529261589050293e-02
1.969492249190807343e-02
7.114741951227188110e-02
1.080979108810424805e-01
0.000000000000000000e+00
5.819323658943176270e-01
1.109855651855468750e+00
2.761940360069274902e-01
5.951033905148506165e-02
0.000000000000000000e+00
1.042120344936847687e-02
4.257987141609191895e-01
1.458890363574028015e-02
2.270939826965332031e+00
1.033596098423004150e-01
5.524101257324218750e-01
1.615410327911376953e+00
2.227371782064437866e-01
1.400608569383621216e-01
5.027160048484802246e-02
5.321877002716064453e-01
0.000000000000000000e+00
1.821877002716064453e+00
0.000000000000000000e+00
1.405590653419494629e+00
4.614510387182235718e-02
5.349449515342712402e-01
1.257590949535369873e-01
4.176666736602783203e+00
6.272723674774169922e-01
8.726684376597404480e-03
1.356484591960906982e-01
0.000000000000000000e+00
0.000000000000000000e+00
9.127381257712841034e-03
1.010426998138427734e+00
4.717209339141845703e+00
2.618083000183105469e+00
9.027376770973205566e-01
3.846788406372070312e+00
1.829268336296081543e-01
1.283244013786315918e+00
4.777098298072814941e-01
0.000000000000000000e+00
5.106936693191528320e-01
5.481005311012268066e-01
3.654386475682258606e-02
1.058174610137939453e+00
0.000000000000000000e+00
6.633931398391723633e-01
1.367889881134033203e+00
2.481578290462493896e-01
1.036589741706848145e-01
1.869984984397888184e+00
5.182530358433723450e-02
4.839845746755599976e-02
0.000000000000000000e+00
5.480589866638183594e-01
1.811503171920776367e-01
1.073240861296653748e-01
2.256881952285766602e+00
8.231460116803646088e-03
3.886993825435638428e-01
2.734739482402801514e-01
0.000000000000000000e+00
2.152196645736694336e+00
4.397196229547262192e-03
1.901503652334213257e-01
1.268312335014343262e-01
1.015309914946556091e-01
1.485082805156707764e-01
0.000000000000000000e+00
1.298245340585708618e-01
1.673329807817935944e-02
4.439323768019676208e-02
4.496062174439430237e-03
1.185963153839111328e+00
1.199138313531875610e-01
2.790441550314426422e-02
3.220672905445098877e-02
1.368735074996948242e+00
1.643265932798385620e-01
2.400830537080764771e-01
0.000000000000000000e+00
8.686757683753967285e-01
9.254267066717147827e-02
1.005046442151069641e-01
2.018068358302116394e-02
5.344512686133384705e-02
7.486351579427719116e-02
2.661243677139282227e+00
2.383901029825210571e-01
1.702128499746322632e-01
7.832307815551757812e-01
2.162783406674861908e-02
2.550488710403442383e-01
1.057618141174316406e+00
0.000000000000000000e+00
2.601067781448364258e+00
3.164458572864532471e-01
4.826607927680015564e-02
8.884354494512081146e-03
2.251379013061523438e+00
0.000000000000000000e+00
2.014522701501846313e-01
1.505610197782516479e-01
5.137401819229125977e-01
2.497449889779090881e-02
1.486369848251342773e+00
0.000000000000000000e+00
3.325410559773445129e-02
6.679416298866271973e-01
2.042518854141235352e-01
9.803330758586525917e-04
2.952711284160614014e-01
0.000000000000000000e+00
0.000000000000000000e+00
2.182666957378387451e-01
8.246119022369384766e-01
1.245978698134422302e-01
5.215213820338249207e-02
1.702072024345397949e-01
5.322425365447998047e-01
3.411879241466522217e-01
1.938737630844116211e-01
0.000000000000000000e+00
4.241851344704627991e-02
4.130464047193527222e-02
5.571686848998069763e-02
2.896888554096221924e-01
2.713190913200378418e-01
1.733531355857849121e+00
2.031954526901245117e+00
0.000000000000000000e+00
4.958683252334594727e-01
2.169405072927474976e-01
5.549218058586120605e-01
1.884869486093521118e-01
1.628773808479309082e-01
6.984705328941345215e-01
1.659245193004608154e-01
2.810743749141693115e-01
4.797568544745445251e-02
4.960386455059051514e-01
1.189232543110847473e-01
5.597046692855656147e-04
6.975144147872924805e-01
1.559858173131942749e-01
2.409082502126693726e-01
1.528712920844554901e-02
1.296564936637878418e-01
2.897911965847015381e-01
0.000000000000000000e+00
8.171947672963142395e-03
0.000000000000000000e+00
1.193057447671890259e-01
1.180370151996612549e-02
1.378922536969184875e-02
0.000000000000000000e+00
0.000000000000000000e+00
3.900925815105438232e-01
1.599294841289520264e-01
0.000000000000000000e+00
2.540359273552894592e-02
2.115885466337203979e-01
5.299339443445205688e-02
5.213885903358459473e-01
7.167317718267440796e-02
0.000000000000000000e+00
3.083816468715667725e-01
3.753043115139007568e-01
3.333166241645812988e-02
1.744976192712783813e-01
5.209077596664428711e-01
0.000000000000000000e+00
5.868570208549499512e-01
4.686340391635894775e-01
1.165777206420898438e+00
2.323285341262817383e-01
1.235318899154663086e+00
1.060555875301361084e-02
1.569755971431732178e-01
3.259037435054779053e-02
5.499796867370605469e-01
3.354412913322448730e-01
2.815045714378356934e-01
1.602698445320129395e+00
4.330618679523468018e-01
0.000000000000000000e+00
0.000000000000000000e+00
2.975744381546974182e-02
0.000000000000000000e+00
6.549187749624252319e-02
1.570761390030384064e-02
4.158094823360443115e-01
0.000000000000000000e+00
7.011710852384567261e-02
0.000000000000000000e+00
1.497441828250885010e-01
0.000000000000000000e+00
8.190974593162536621e-02
0.000000000000000000e+00
2.207851260900497437e-01
2.821485280990600586e+00
1.378027796745300293e-01
9.069575369358062744e-02
0.000000000000000000e+00
1.254008531570434570e+00
7.740421593189239502e-02
6.849629431962966919e-02
5.548380687832832336e-02
3.220945298671722412e-01
3.928987085819244385e-01
5.939302593469619751e-02
1.668612480163574219e+00
0.000000000000000000e+00
5.043165013194084167e-02
5.051808357238769531e-01
7.546463608741760254e-02
4.950627684593200684e-01
5.451788306236267090e-01
5.279548466205596924e-03
1.027445912361145020e+00
2.213682234287261963e-02
8.456543087959289551e-01
3.750083595514297485e-02
5.726101994514465332e-01
9.534952640533447266e-01
3.507445752620697021e-02
0.000000000000000000e+00
1.525339335203170776e-01
0.000000000000000000e+00
1.272673964500427246e+00
1.438681483268737793e+00
2.580310404300689697e-01
6.365677714347839355e-01
4.102321267127990723e-01
8.830131590366363525e-02
2.878588140010833740e-01
1.598072052001953125e-02
2.195036709308624268e-01
3.127654083073139191e-03
4.071873664855957031e+00
0.000000000000000000e+00
1.379120230674743652e+00
1.832593381404876709e-01
3.028570441529154778e-03
1.103935539722442627e-01
2.908401377499103546e-02
5.044477526098489761e-03
7.213129103183746338e-02
2.997792512178421021e-02
5.546268075704574585e-03
9.482182264328002930e-01
2.523825168609619141e-01
9.792255759239196777e-01
2.986467629671096802e-02
3.902795314788818359e-01
2.739137504249811172e-03
0.000000000000000000e+00
1.169494688510894775e-01
0.000000000000000000e+00
3.127881500404328108e-04
3.334211111068725586e-01
4.551419056951999664e-03
1.286216527223587036e-01
6.031031534075737000e-02
1.570701241493225098e+00
1.035203039646148682e-01
2.321072667837142944e-01
4.519944079220294952e-03
4.151899516582489014e-01
0.000000000000000000e+00
4.629486203193664551e-01
1.655677855014801025e-01
9.936539530754089355e-01
4.956279695034027100e-01
0.000000000000000000e+00
2.167526260018348694e-02
4.758935049176216125e-02
0.000000000000000000e+00
9.074051380157470703e-01
9.134343266487121582e-02
8.951854109764099121e-01
1.968933641910552979e-01
6.167180091142654419e-02
2.857210040092468262e-01
1.605045609176158905e-02
6.382346749305725098e-01
1.575629040598869324e-02
3.572815358638763428e-01
0.000000000000000000e+00
1.765462802723050117e-03
1.603049784898757935e-01
1.039374340325593948e-02
3.853435441851615906e-02
5.368289470672607422e+00
1.218745931982994080e-01
8.738150820136070251e-03
9.431760907173156738e-01
1.068595871329307556e-01
1.632182300090789795e-02
2.339494079351425171e-01
8.181983232498168945e-01
2.388453632593154907e-01
6.902655959129333496e-02
1.964956372976303101e-01
2.101268172264099121e-01
1.580116152763366699e-02
8.660686016082763672e-02
1.551462292671203613e+00
7.779750227928161621e-02
1.587200909852981567e-02
4.546253383159637451e-01
7.020553573966026306e-03
1.298604458570480347e-01
1.799055576324462891e+00
2.300405353307723999e-01
2.000239193439483643e-01
5.329470336437225342e-02
0.000000000000000000e+00
1.763041019439697266e-01
1.621874235570430756e-02
1.882986351847648621e-02
9.684745669364929199e-01
0.000000000000000000e+00
0.000000000000000000e+00
1.119974493980407715e+00
1.997177489101886749e-02
2.488055676221847534e-01
2.279856055974960327e-02
8.635709527879953384e-04
3.421576619148254395e-01
1.567045003175735474e-01
3.564023599028587341e-02
1.764374785125255585e-02
1.259570002555847168e+00
0.000000000000000000e+00
1.282580196857452393e-01
2.711452543735504150e-01
1.184335425496101379e-01
9.488256275653839111e-02
1.728020459413528442e-01
0.000000000000000000e+00
6.710848957300186157e-02
1.622345328330993652e+00
6.767638027667999268e-02
1.525505185127258301e+00
8.586382493376731873e-03
0.000000000000000000e+00
1.218198299407958984e+00
1.011442244052886963e-01
3.476822078227996826e-01
2.975782155990600586e-01
4.278736189007759094e-02
1.300585120916366577e-01
1.190788522362709045e-01
1.956529729068279266e-02
1.616168171167373657e-01
2.189171500504016876e-03
1.701806336641311646e-01
2.915688991546630859e+00
2.483896255493164062e+00
2.717742696404457092e-02
1.004418253898620605e+00
2.772506326436996460e-02
1.200122952461242676e+00
4.815549403429031372e-02
3.278645575046539307e-01
4.508266746997833252e-01
3.898390531539916992e-01
1.345509011298418045e-02
7.054292559623718262e-01
1.146891713142395020e-01
4.267940670251846313e-02
5.688820034265518188e-02
1.136112958192825317e-01
1.867561459541320801e+00
2.037135958671569824e-01
7.548289895057678223e-01
1.255403399467468262e+00
7.603792548179626465e-01
7.937551140785217285e-01
1.152797043323516846e-01
2.703463077545166016e+00
1.160496962256729603e-03
3.267782211303710938e+00
8.025869727134704590e-03
7.204997539520263672e-01
1.829462647438049316e-01
3.805902957916259766e+00
1.742342412471771240e-01
9.581380486488342285e-01
1.183358281850814819e-01
1.770814061164855957e+00
1.054345071315765381e-02
0.000000000000000000e+00
0.000000000000000000e+00
1.934437304735183716e-01
5.446746349334716797e-01
1.575029641389846802e-01
3.424658179283142090e-01
1.593654274940490723e+00
4.053070247173309326e-01
1.235266327857971191e+00
4.224347770214080811e-01
1.926746368408203125e-01
1.524599269032478333e-03
7.051348686218261719e-01
0.000000000000000000e+00
2.822829969227313995e-02
0.000000000000000000e+00
6.928022950887680054e-03
0.000000000000000000e+00
8.190115913748741150e-03
9.531945735216140747e-02
0.000000000000000000e+00
2.113056741654872894e-02
1.961323469877243042e-01
7.462871074676513672e-01
0.000000000000000000e+00
5.152417421340942383e-01
7.905261218547821045e-02
3.075194954872131348e-01
2.499861642718315125e-02
2.290956974029541016e+00
2.756300196051597595e-02
1.675571084022521973e+00
2.680639922618865967e-02
9.965884685516357422e-02
2.458337247371673584e-01
2.472937852144241333e-01
3.414271026849746704e-02
5.072426050901412964e-03
2.979120472446084023e-03
1.972584009170532227e+00
2.652250528335571289e-01
6.303624063730239868e-02
6.936356425285339355e-02
3.783369660377502441e-01
3.343481719493865967e-01
4.221618473529815674e-01
4.665363729000091553e-01
3.957180976867675781e-01
3.891903162002563477e-01
2.647729590535163879e-02
7.094668745994567871e-01
1.532132327556610107e-01
1.625494509935379028e-01
1.589826643466949463e-01
1.793298244476318359e+00
0.000000000000000000e+00
1.945501565933227539e-01
2.307470560073852539e+00
1.001886650919914246e-02
5.843681097030639648e-01
2.294404208660125732e-01
1.225399613380432129e+00
2.443930208683013916e-01
5.743702501058578491e-02
2.569866180419921875e-01
2.157744169235229492e-01
9.931250475347042084e-03
3.237776160240173340e-01
9.453768730163574219e-01
1.949145197868347168e-01
1.989015936851501465e-02
7.722290754318237305e-01
1.622992306947708130e-01
7.705396413803100586e-01
7.958983629941940308e-02
0.000000000000000000e+00
0.000000000000000000e+00
4.206971228122711182e-01
2.218229882419109344e-02
1.740130931138992310e-01
4.307354986667633057e-01
9.264292120933532715e-01
8.325926214456558228e-02
0.000000000000000000e+00
7.158274762332439423e-03
5.136227235198020935e-02
7.038217782974243164e-02
5.178126972168684006e-03
1.465511228889226913e-02
7.422589659690856934e-01
4.766317903995513916e-01
0.000000000000000000e+00
0.000000000000000000e+00
1.724604219198226929e-01
1.306648999452590942e-01
6.071978807449340820e-02
1.981303095817565918e-01
2.412925511598587036e-01
8.063260912895202637e-01
1.554757654666900635e-01
1.550922095775604248e-01
4.030340816825628281e-03
1.753517836332321167e-01
1.374782770872116089e-01
3.573291897773742676e-01
9.896008372306823730e-01
3.024887479841709137e-02
3.065175116062164307e-01
1.719494233839213848e-03
1.009333506226539612e-01
0.000000000000000000e+00
6.828577816486358643e-02
6.919974684715270996e-01
5.093587636947631836e-01
4.727265611290931702e-02
1.672358363866806030e-01
3.339624702930450439e-01
6.168099641799926758e-01
4.519267380237579346e-02
3.293186426162719727e-02
2.637452781200408936e-01
3.382632508873939514e-02
0.000000000000000000e+00
1.000604748725891113e+00
1.294828504323959351e-01
1.827048696577548981e-02
2.185416668653488159e-01
3.123769164085388184e-01
3.411522507667541504e-02
1.931044697761535645e+00
1.131202131509780884e-01
5.123105645179748535e-01
0.000000000000000000e+00
3.779928386211395264e-01
0.000000000000000000e+00
5.500388145446777344e-02
2.960756123065948486e-01
7.905819267034530640e-02
3.280702978372573853e-03
1.757410466670989990e-01
9.065058082342147827e-02
1.517242640256881714e-01
1.415235698223114014e-01
1.302563492208719254e-02
4.562423229217529297e+00
4.873594939708709717e-01
1.513964176177978516e+00
0.000000000000000000e+00
1.202430725097656250e-01
1.047998084686696529e-03
2.105024829506874084e-02
3.748338520526885986e-01
1.206526830792427063e-01
1.746990829706192017e-01
1.543464809656143188e-01
5.618103314191102982e-03
8.917524218559265137e-01
1.077433586120605469e+00
1.413704752922058105e-01
4.400696158409118652e-01
2.133772850036621094e+00
3.498356103897094727e+00
1.513904035091400146e-01
1.910733133554458618e-01
1.900712400674819946e-02
5.290435161441564560e-03
3.780222833156585693e-01
1.148189783096313477e+00
4.719614982604980469e-03
2.395917475223541260e-01
9.020754694938659668e-02
3.645063400268554688e+00
2.645795345306396484e-01
2.813771724700927734e+00
3.538801968097686768e-01
1.604041084647178650e-02
1.455431133508682251e-01
2.945236302912235260e-02
7.275008678436279297e+00
7.905074208974838257e-02
4.802407056558877230e-04
8.003118634223937988e-01
2.593538165092468262e-02
9.265845268964767456e-02
6.982949972152709961e-01
2.937698066234588623e-01
3.248857855796813965e-01
5.583860278129577637e-01
3.427293896675109863e-02
1.644031554460525513e-01
1.065483223646879196e-02
1.271056383848190308e-02
0.000000000000000000e+00
1.111386567354202271e-01
2.242921739816665649e-01
4.205322563648223877e-01
2.150698155164718628e-01
3.485328555107116699e-01
3.384441137313842773e-01
0.000000000000000000e+00
1.359880208969116211e+00
1.906018517911434174e-02
1.151210904121398926e+00
3.648939728736877441e-02
0.000000000000000000e+00
3.851457834243774414e-01
0.000000000000000000e+00
0.000000000000000000e+00
0.000000000000000000e+00
1.601768374443054199e+00
0.000000000000000000e+00
4.258344694972038269e-02
8.568326011300086975e-04
8.552033454179763794e-02
3.286112546920776367e-01
1.847290098667144775e-01
1.455470919609069824e-01
3.550235182046890259e-02
1.234056115150451660e+00
0.000000000000000000e+00
5.201779603958129883e-01
2.361226268112659454e-02
2.013026952743530273e+00
8.757396601140499115e-03
6.386767327785491943e-02
6.051449477672576904e-02
1.450902670621871948e-01
0.000000000000000000e+00
1.116387769579887390e-01
3.501024097204208374e-02
3.163997232913970947e-01
2.243390120565891266e-02
0.000000000000000000e+00
7.350517064332962036e-02
0.000000000000000000e+00
2.426800489425659180e+00
1.835272908210754395e-01
2.615030109882354736e-01
7.239206135272979736e-02
2.174373418092727661e-01
1.098603010177612305e-01
0.000000000000000000e+00
1.715107411146163940e-01
5.856844410300254822e-02
4.812155384570360184e-03
1.162287712097167969e+00
0.000000000000000000e+00
6.424695253372192383e-01
1.772988401353359222e-02
3.243344128131866455e-01
3.404339253902435303e-01
1.186821937561035156e+00
3.053447902202606201e-01
1.683974862098693848e+00
5.841272473335266113e-01
4.258660376071929932e-01
0.000000000000000000e+00
5.629628151655197144e-02
7.850693911314010620e-02
2.308918237686157227e+00
6.537935137748718262e-01
2.448722273111343384e-01
9.569423273205757141e-03
1.968105882406234741e-01
1.289115101099014282e-01
9.507414102554321289e-01
1.088633015751838684e-01
5.176553130149841309e-02
6.156556308269500732e-03
9.964307546615600586e-01
1.085416674613952637e-01
1.423022244125604630e-02
0.000000000000000000e+00
1.378439217805862427e-01
7.836001515388488770e-01
0.000000000000000000e+00
0.000000000000000000e+00
1.999328613281250000e+00
9.280546307563781738e-01
5.001549124717712402e-01
4.518356323242187500e-01
5.462006665766239166e-03
2.319725695997476578e-03
7.124065756797790527e-01
0.000000000000000000e+00
1.050284802913665771e-01
1.357490420341491699e-01
8.299578726291656494e-02
3.879569098353385925e-02
5.184765458106994629e-01
1.880573034286499023e-01
2.705980837345123291e-02
2.104562241584062576e-03
3.008882105350494385e-01
2.104523926973342896e-01
3.809300661087036133e-01
2.941068820655345917e-02
4.318933188915252686e-01
1.741829663515090942e-01
3.842764198780059814e-01
0.000000000000000000e+00
1.048730164766311646e-01
2.833060324192047119e-01
2.371406406164169312e-01
2.250959724187850952e-02
0.000000000000000000e+00
1.859823167324066162e-01
1.080020785331726074e+00
4.936096668243408203e-01
8.560192584991455078e-02
0.000000000000000000e+00
4.772609472274780273e-01
0.000000000000000000e+00
0.000000000000000000e+00
1.710046231746673584e-01
0.000000000000000000e+00
1.698168963193893433e-01
8.112277835607528687e-02
4.542379826307296753e-02
6.571713089942932129e-02
3.982340395450592041e-01
4.615675508975982666e-01
5.242995619773864746e-01
2.322724610567092896e-01
5.243277549743652344e-01
3.931836187839508057e-01
1.008452892303466797e+00
1.292071193456649780e-01
3.602155447006225586e-01
0.000000000000000000e+00
0.000000000000000000e+00
4.599737823009490967e-01
2.391786575317382812e-01
3.825984662398695946e-03
4.765283167362213135e-01
1.460634618997573853e-01
1.020603179931640625e-01
8.631255626678466797e-01
1.165599469095468521e-02
8.437547087669372559e-02
3.791241645812988281e-01
4.758548438549041748e-01
2.100505381822586060e-01
6.261790275573730469e+00
1.026241421699523926e+00
0.000000000000000000e+00
1.105444356799125671e-01
3.659780919551849365e-01
4.912712797522544861e-02
4.518049210309982300e-02
6.299903243780136108e-02
0.000000000000000000e+00
1.941047757863998413e-01
0.000000000000000000e+00
2.794362790882587433e-02
0.000000000000000000e+00
1.050165621563792229e-03
0.000000000000000000e+00
7.524604350328445435e-02
0.000000000000000000e+00
2.854083180427551270e-01
4.017869010567665100e-02
1.846777915954589844e+00
1.049897313117980957e+00
3.981073200702667236e-02
0.000000000000000000e+00
3.000171184539794922e-01
2.140611410140991211e-01
6.613766551017761230e-01
2.734241783618927002e-01
2.009890556335449219e+00
0.000000000000000000e+00
4.452892765402793884e-02
1.519515514373779297e-01
2.579055353999137878e-02
1.835000514984130859e-01
7.860828191041946411e-02
2.510855495929718018e-01
2.388909459114074707e-01
1.553394347429275513e-01
7.458413839340209961e-01
3.401685953140258789e-01
1.577851772308349609e-01
3.394200280308723450e-02
6.828837394714355469e-01
6.084578577429056168e-03
0.000000000000000000e+00
0.000000000000000000e+00
7.596977055072784424e-03
0.000000000000000000e+00
7.321456670761108398e-01
0.000000000000000000e+00
1.301275044679641724e-01
3.346737474203109741e-03
1.866746991872787476e-01
1.722063720226287842e-01
1.286272555589675903e-01
4.395909607410430908e-02
0.000000000000000000e+00
6.065145134925842285e-01
3.141500651836395264e-01
3.719848692417144775e-01
8.551386743783950806e-02
2.001672089099884033e-01
4.934458732604980469e+00
9.949806146323680878e-03
5.792749300599098206e-02
2.468465268611907959e-01
5.249648690223693848e-01
1.474227309226989746e-01
0.000000000000000000e+00
5.050448775291442871e-01
3.424378335475921631e-01
8.616083264350891113e-01
6.489621400833129883e-01
3.001207709312438965e-01
3.381748199462890625e-01
5.118451595306396484e+00
4.005155861377716064e-01
2.950003743171691895e-02
5.639383196830749512e-01
2.362782955169677734e-01
8.830117434263229370e-02
1.039598807692527771e-01
1.939880847930908203e-01
2.110918998718261719e+00
1.694573163986206055e-01
2.450413815677165985e-02
2.339505963027477264e-02
3.710049688816070557e-01
8.074023723602294922e-01
4.095498844981193542e-02
1.437328934669494629e+00
0.000000000000000000e+00
4.032685458660125732e-01
3.130465047433972359e-03
0.000000000000000000e+00
5.535618662834167480e-01
8.884932994842529297e-01
1.231189370155334473e+00
3.639148920774459839e-02
0.000000000000000000e+00
1.050321578979492188e+00
0.000000000000000000e+00
9.662703610956668854e-03
4.918659031391143799e-01
1.136443972587585449e+00
1.082206293940544128e-01
2.521888911724090576e-01
1.451049596071243286e-01
2.998256981372833252e-01
5.417282134294509888e-02
3.304717838764190674e-01
5.228143185377120972e-02
7.344893366098403931e-02
4.204187095165252686e-01
3.845526650547981262e-02
3.865272998809814453e-01
4.561694711446762085e-02
6.640236824750900269e-02
2.226192355155944824e-01
1.477380190044641495e-02
7.295608520507812500e-02
5.112372636795043945e-01
8.707244396209716797e-01
5.210395455360412598e-01
3.777176141738891602e-01
5.305039137601852417e-02
1.230457145720720291e-02
2.920759618282318115e-01
3.468676470220088959e-03
1.555818766355514526e-01
0.000000000000000000e+00
3.456223905086517334e-01
4.185512959957122803e-01
2.737353555858135223e-02
2.363862514495849609e+00
1.925382763147354126e-01
3.966581076383590698e-02
2.634738087654113770e-01
1.064414009451866150e-01
3.056971430778503418e-01
2.189560383558273315e-01
0.000000000000000000e+00
2.354319207370281219e-02
3.985787928104400635e-01
2.620073318481445312e+00
0.000000000000000000e+00
0.000000000000000000e+00
1.346845179796218872e-01
0.000000000000000000e+00
4.413249436765909195e-03
2.608515620231628418e-01
1.960032247006893158e-02
1.271881759166717529e-01
1.234296083450317383e+00
3.300104755908250809e-03
0.000000000000000000e+00
1.289306730031967163e-01
1.892246007919311523e+00
1.501547336578369141e+00
1.628503575921058655e-02
9.117292165756225586e-01
1.151129696518182755e-02
3.036263883113861084e-01
4.137376308441162109e+00
0.000000000000000000e+00
1.750639200210571289e+00
6.713500618934631348e-01
1.136059761047363281e+00
8.532200753688812256e-02
7.663686871528625488e-01
1.628996729850769043e-01
0.000000000000000000e+00
8.698077797889709473e-01
1.403011381626129150e-01
2.731238007545471191e-01
0.000000000000000000e+00
3.156678378582000732e-01
2.041911363601684570e+00
0.000000000000000000e+00
3.807183504104614258e-01
8.413611650466918945e-01
1.788918301463127136e-02
0.000000000000000000e+00
7.860893011093139648e-02
1.684625744819641113e+00
7.485783100128173828e-01
4.009097218513488770e-01
2.552994191646575928e-01
2.964538037776947021e-01
1.136309728026390076e-01
5.580069497227668762e-02
2.752697944641113281e+00
6.731204688549041748e-02
0.000000000000000000e+00
3.747236430644989014e-01
2.386927127838134766e+00
2.181422710418701172e-01
3.641135692596435547e-01
1.207020804286003113e-01
2.387950718402862549e-01
0.000000000000000000e+00
5.429004430770874023e-01
1.229430735111236572e-02
3.163496553897857666e-01
7.564163208007812500e-02
2.086626589298248291e-01
1.620649248361587524e-01
0.000000000000000000e+00
0.000000000000000000e+00
4.305984020233154297e+00
1.171753287315368652e+00
1.047026216983795166e-01
1.579102754592895508e+00
1.501468475908041000e-02
1.389268338680267334e-01
5.181903392076492310e-02
8.650131523609161377e-02
1.041160896420478821e-01
6.305404901504516602e-01
8.761863112449645996e-01
0.000000000000000000e+00
0.000000000000000000e+00
6.056992337107658386e-03
6.512640118598937988e-01
1.584939479827880859e+00
0.000000000000000000e+00
3.437595367431640625e-01
0.000000000000000000e+00
1.145757794380187988e+00
1.314061433076858521e-01
1.737951487302780151e-02
3.165022730827331543e-01
3.507668673992156982e-01
0.000000000000000000e+00
1.051160693168640137e+00
1.038500666618347168e+00
3.455711528658866882e-02
1.688507050275802612e-01
5.370265245437622070e-01
8.255142718553543091e-02
7.167429924011230469e-01
1.248853132128715515e-01
8.791217580437660217e-03
2.435294687747955322e-01
8.146513998508453369e-02
3.770202994346618652e-01
4.623718559741973877e-02
7.772578001022338867e-01
4.133858159184455872e-02
1.711547821760177612e-01
2.007516920566558838e-01
1.868320345878601074e+00
0.000000000000000000e+00
1.540667295455932617e+00
6.953395158052444458e-02
5.980693101882934570e-01
1.011577248573303223e-01
1.208794396370649338e-02
0.000000000000000000e+00
2.102941721677780151e-01
8.884920179843902588e-02
4.187039732933044434e-01
7.236769050359725952e-02
1.762543916702270508e-01
0.000000000000000000e+00
2.765322327613830566e-01
3.221327066421508789e-01
2.951220571994781494e-01
3.378823697566986084e-01
5.179698467254638672e-01
3.120867311954498291e-01
8.348235487937927246e-02
4.197029024362564087e-02
0.000000000000000000e+00
3.005784191191196442e-02
3.668045997619628906e-01
7.031712532043457031e-01
2.419467084109783173e-02
0.000000000000000000e+00
6.513997912406921387e-01
0.000000000000000000e+00
1.272172317840158939e-03
1.713492721319198608e-01
1.385399978607892990e-02
2.301389127969741821e-01
2.096260309219360352e+00
2.599532306194305420e-01
6.395899504423141479e-02
9.470814466476440430e-01
0.000000000000000000e+00
1.435722573660314083e-03
2.041044950485229492e+00
1.851704670116305351e-03
6.342543363571166992e-01
1.141668856143951416e-01
8.884297609329223633e-01
9.247792363166809082e-01
8.202769160270690918e-01
6.064298748970031738e-01
9.967166185379028320e-02
1.778480410575866699e-01
1.243910789489746094e-01
9.418271780014038086e-01
7.084826827049255371e-01
3.602701425552368164e-02
0.000000000000000000e+00
0.000000000000000000e+00
4.480549693107604980e-01
9.423039853572845459e-02
0.000000000000000000e+00
1.901613362133502960e-02
4.677972197532653809e-02
1.258422434329986572e-01
8.153269886970520020e-01
1.116232872009277344e+00
2.895833924412727356e-02
0.000000000000000000e+00
8.657716959714889526e-02
7.562201619148254395e-01
2.117709964513778687e-01
8.688857555389404297e-01
7.174285650253295898e-01
3.389345481991767883e-02
1.383990198373794556e-01
2.283640623092651367e+00
9.366653561592102051e-01
4.572727382183074951e-01
3.088884353637695312e+00
1.527816176414489746e+00
1.070379257202148438e+00
9.389022737741470337e-02
5.495801195502281189e-02
0.000000000000000000e+00
1.931686848402023315e-01
2.472358196973800659e-01
1.447111517190933228e-01
1.706754565238952637e-01
3.372824490070343018e-01
9.613635540008544922e-01
1.546093379147350788e-03
1.139575913548469543e-01
1.003377437591552734e+00
1.734236329793930054e-01
0.000000000000000000e+00
1.242537423968315125e-02
2.114139795303344727e-01
2.296852350234985352e+00
2.648981288075447083e-03
1.051195263862609863e-01
2.125179469585418701e-01
4.149831235408782959e-01
1.488609425723552704e-02
3.253334760665893555e-02
1.441189348697662354e-01
1.916261017322540283e-01
1.263590693473815918e+00
0.000000000000000000e+00
2.208224385976791382e-01
1.467060064896941185e-03
1.717650532722473145e+00
0.000000000000000000e+00
3.396747410297393799e-01
2.887229323387145996e-01
8.278653621673583984e-01
3.692183494567871094e-01
1.902795135974884033e-01
1.622602939605712891e-01
3.083824872970581055e+00
5.025603994727134705e-02
1.290719397366046906e-02
7.989421486854553223e-02
2.481541363522410393e-03
2.841959893703460693e-01
1.479392796754837036e-01
0.000000000000000000e+00
3.203481435775756836e-01
1.396390609443187714e-02
9.643448591232299805e-01
5.906612873077392578e-01
2.229966074228286743e-01
3.068379499018192291e-02
0.000000000000000000e+00
3.465234339237213135e-01
2.310825698077678680e-02
0.000000000000000000e+00
1.017033588141202927e-02
2.149646542966365814e-02
1.731078326702117920e-02
1.858537673950195312e+00
8.784523606300354004e-02
1.203937754034996033e-01
1.321649700403213501e-01
5.756987929344177246e-01
4.831402748823165894e-02
1.739261448383331299e-01
2.349640130996704102e-01
5.063111186027526855e-01
1.231852650642395020e+00
1.342122793197631836e+00
1.890105456113815308e-01
0.000000000000000000e+00
1.197027802467346191e+00
7.409894466400146484e-02
2.735014855861663818e-01
4.471868872642517090e-01
9.957558661699295044e-02
0.000000000000000000e+00
5.875117331743240356e-02
1.168596267700195312e+00
5.101845860481262207e-01
3.777454420924186707e-02
6.470567081123590469e-03
3.687179088592529297e-01
2.565766572952270508e-01
1.612672768533229828e-02
2.618919014930725098e-01
7.509462535381317139e-02
1.295043528079986572e-01
9.625063091516494751e-02
3.163252491503953934e-03
2.263855636119842529e-01
7.408247888088226318e-02
0.000000000000000000e+00
0.000000000000000000e+00
7.612212896347045898e-01
4.565695822238922119e-01
0.000000000000000000e+00
1.470289587974548340e+00
1.061126828193664551e+00
3.144687414169311523e-01
2.476080507040023804e-01
4.976922646164894104e-02
1.083767339587211609e-01
5.423310995101928711e-01
2.628962278366088867e+00
2.248423397541046143e-01
5.254537463188171387e-01
1.892687082290649414e-01
1.908733397722244263e-01
1.483605243265628815e-02
5.977615714073181152e-01
3.609196543693542480e-01
6.290673017501831055e-01
3.637833520770072937e-02
1.262388974428176880e-01
3.145889043807983398e-01
5.313167721033096313e-02
1.121168509125709534e-01
0.000000000000000000e+00
6.796904802322387695e-01
1.826201081275939941e-01
0.000000000000000000e+00
1.380690932273864746e+00
0.000000000000000000e+00
3.267040476202964783e-02
1.094217672944068909e-01
3.490735292434692383e-01
1.169872403144836426e+00
9.590396657586097717e-03
9.538808465003967285e-01
2.611328149214386940e-03
4.903477430343627930e-02
3.804419934749603271e-02
5.261777639389038086e-01
1.166466996073722839e-02
0.000000000000000000e+00
5.230974778532981873e-02
0.000000000000000000e+00
9.707940816879272461e-01
8.627796769142150879e-01
3.139931261539459229e-01
0.000000000000000000e+00
3.719854831695556641e+00
1.079472303390502930e+00
9.693783521652221680e-02
1.568668127059936523e+00
1.205318570137023926e+00
2.141969203948974609e-01
1.745552271604537964e-01
1.281689107418060303e-02
4.688787758350372314e-01
1.181838586926460266e-01
7.885294407606124878e-02
1.078195795416831970e-01
0.000000000000000000e+00
5.748793482780456543e-02
8.039203286170959473e-02
1.187324896454811096e-01
1.561483740806579590e+00
1.969557851552963257e-01
6.128955483436584473e-01
5.899155884981155396e-02
2.979045510292053223e-01
1.298764497041702271e-01
3.617747873067855835e-02
6.573981046676635742e-02
1.029103159904479980e+00
1.437801420688629150e-01
1.074888277798891068e-03
1.679208502173423767e-02
2.055204629898071289e+00
6.025129556655883789e-01
4.998235106468200684e-01
2.053760923445224762e-02
0.000000000000000000e+00
9.233854413032531738e-01
1.320328563451766968e-02
0.000000000000000000e+00
4.379759132862091064e-01
1.383335471153259277e+00
3.266226053237915039e-01
4.597639665007591248e-02
6.324934959411621094e-01
3.986318111419677734e-01
4.338001310825347900e-01
6.093857288360595703e-01
1.156227707862854004e+00
1.555869579315185547e-01
0.000000000000000000e+00
3.063098192214965820e+00
1.262402534484863281e+00
5.665365457534790039e-01
1.497564464807510376e-01
1.424754858016967773e-01
8.462154306471347809e-03
8.197813294827938080e-03
1.538320444524288177e-03
1.775425076484680176e-01
1.014142751693725586e+00
1.031231805682182312e-01
9.380576014518737793e-02
2.534772753715515137e-01
3.888790309429168701e-01
0.000000000000000000e+00
5.747131258249282837e-02
4.979581236839294434e-01
4.724795818328857422e-01
1.387833476066589355e+00
1.002247259020805359e-02
1.006631278991699219e+01
1.202299743890762329e-01
1.098332777619361877e-01
4.646977782249450684e-01
1.702514141798019409e-01
7.097473740577697754e-01
2.032654173672199249e-02
0.000000000000000000e+00
1.141524836421012878e-01
1.363204121589660645e+00
1.026875376701354980e+00
2.205925703048706055e+00
0.000000000000000000e+00
9.106648154556751251e-03
4.185815453529357910e-01
0.000000000000000000e+00
2.275800891220569611e-02
4.971621092408895493e-03
2.972311973571777344e-01
9.394478797912597656e-01
8.752880967222154140e-05
2.421936243772506714e-01
0.000000000000000000e+00
5.839495733380317688e-02
5.676658824086189270e-02
1.234197258949279785e+00
2.766928672790527344e-01
0.000000000000000000e+00
1.164676398038864136e-01
3.477204591035842896e-02
0.000000000000000000e+00
1.077471673488616943e-02
4.790478944778442383e-01
8.263244628906250000e-01
9.885348677635192871e-01
1.208724267780780792e-02
3.427056670188903809e-01
3.964166045188903809e-01
1.585130579769611359e-02
0.000000000000000000e+00
1.732939481735229492e-01
0.000000000000000000e+00
9.625003337860107422e-01
1.869404673576354980e+00
1.767848849296569824e+00
5.037099719047546387e-01
1.963368989527225494e-02
1.784712791442871094e+00
3.669897615909576416e-01
4.308769479393959045e-02
1.632559895515441895e+00
6.224439144134521484e-01
0.000000000000000000e+00
0.000000000000000000e+00
2.061398625373840332e-01
1.834493689239025116e-02
6.232490390539169312e-02
1.396861314773559570e+00
4.099852144718170166e-01
1.030226144939661026e-02
1.370531171560287476e-01
8.421462029218673706e-02
3.081195354461669922e+00
2.265952378511428833e-01
3.180348873138427734e-01
6.572201382368803024e-03
1.800680160522460938e-01
1.563539952039718628e-01
8.884051442146301270e-01
9.376093000173568726e-02
3.871884942054748535e-02
1.500861197710037231e-01
1.173423409461975098e+00
1.837289094924926758e+00
3.797492478042840958e-03
3.101021647453308105e-01
2.105744034051895142e-01
1.356403157114982605e-02
0.000000000000000000e+00
7.376956343650817871e-01
1.069808840751647949e+00
8.893077373504638672e-01
0.000000000000000000e+00
7.876267656683921814e-03
1.124137639999389648e-01
2.088347524404525757e-01
8.541408926248550415e-03
8.218335360288619995e-02
1.711010485887527466e-01
0.000000000000000000e+00
3.235754370689392090e-01
2.315045334398746490e-02
2.433623552322387695e+00
4.826128959655761719e+00
2.320949360728263855e-02
8.337807655334472656e-01
2.414368791505694389e-03
1.073311567306518555e-01
4.424470011144876480e-03
2.475422322750091553e-01
1.991050601005554199e+00
8.349041342735290527e-01
1.441995985805988312e-02
0.000000000000000000e+00
0.000000000000000000e+00
7.427633404731750488e-01
2.157308757305145264e-01
0.000000000000000000e+00
1.244249105453491211e+00
1.564734935760498047e+00
1.580035388469696045e-01
1.602799594402313232e-01
0.000000000000000000e+00
2.657335698604583740e-01
7.896625995635986328e-01
4.578118026256561279e-02
1.660338789224624634e-02
3.824763372540473938e-02
6.856174767017364502e-02
8.917008526623249054e-03
3.096577525138854980e-01
3.355236351490020752e-01
0.000000000000000000e+00
1.079280257225036621e+00
4.960861057043075562e-02
3.538414239883422852e-01
6.077345013618469238e-01
2.515858784317970276e-02
1.082363165915012360e-02
7.049250602722167969e-01
7.444391399621963501e-02
6.325101479887962341e-03
2.324317246675491333e-01
1.640017628669738770e-01
0.000000000000000000e+00
2.038747444748878479e-02
3.319688081741333008e+00
3.565163910388946533e-02
0.000000000000000000e+00
1.664702534675598145e+00
1.732005327939987183e-01
8.420493602752685547e-01
3.664538860321044922e-01
1.940445154905319214e-01
4.355476703494787216e-03
1.036789536476135254e+00
1.072371825575828552e-01
2.102123759686946869e-02
6.396380066871643066e-01
1.305418968200683594e+00
1.279710531234741211e+00
1.286168247461318970e-01
4.187968373298645020e-02
4.138908162713050842e-02
1.164090752601623535e+00
9.693655371665954590e-02
7.746331095695495605e-01
3.287619650363922119e-01
0.000000000000000000e+00
0.000000000000000000e+00
2.738738059997558594e-01
2.229448780417442322e-02
6.333064287900924683e-02
2.544589638710021973e-01
0.000000000000000000e+00
0.000000000000000000e+00
3.647408783435821533e-01
0.000000000000000000e+00
1.168756127357482910e+00
1.415241695940494537e-02
0.000000000000000000e+00
1.054789662361145020e+00
1.868188977241516113e-01
0.000000000000000000e+00
6.292529106140136719e-01
1.024355411529541016e+00
9.338347241282463074e-03
6.161786913871765137e-01
2.938432395458221436e-01
1.078755334019660950e-01
0.000000000000000000e+00
2.233224958181381226e-01
6.682723164558410645e-01
1.544205006211996078e-02
0.000000000000000000e+00
4.166291560977697372e-03
3.932795524597167969e-01
1.226635500788688660e-01
6.836878061294555664e-01
1.334696859121322632e-01
1.573114156723022461e+00
7.284072041511535645e-01
5.588434287346899509e-04
8.099207878112792969e-01
2.569747269153594971e-01
3.141419172286987305e+00
2.973220348358154297e-01
0.000000000000000000e+00
2.020775556564331055e+00
7.395102176815271378e-03
0.000000000000000000e+00
7.348380684852600098e-01
7.456070780754089355e-01
2.169291675090789795e-02
1.479935646057128906e+00
8.977036476135253906e-01
2.172666639089584351e-01
0.000000000000000000e+00
0.000000000000000000e+00
3.765954077243804932e-01
1.633237004280090332e-01
0.000000000000000000e+00
2.516760528087615967e-01
8.511465191841125488e-01
0.000000000000000000e+00
1.950986683368682861e-01
2.568633528426289558e-03
1.024216637015342712e-01
1.014204695820808411e-02
1.297129243612289429e-01
1.682441085577011108e-01
3.975571691989898682e-01
1.352345466613769531e+00
5.959380269050598145e-01
5.157166626304388046e-03
0.000000000000000000e+00
9.760165810585021973e-01
0.000000000000000000e+00
3.204605281352996826e-01
2.127304077148437500e+00
5.716196298599243164e-01
7.725172042846679688e-01
2.351329922676086426e-01
4.597238004207611084e-01
5.027291774749755859e-01
8.840946555137634277e-01
2.650319598615169525e-02
1.864676736295223236e-02
0.000000000000000000e+00
4.163349047303199768e-02
9.681015014648437500e-01
8.966644108295440674e-02
3.528828918933868408e-01
7.665209174156188965e-01
1.330767124891281128e-01
2.042383193969726562e+00
3.316492438316345215e-01
3.178917989134788513e-02
0.000000000000000000e+00
1.306951999664306641e+00
4.034186527132987976e-02
6.061972305178642273e-02
4.658305048942565918e-01
1.287943124771118164e+00
1.389584779739379883e+00
7.046454548835754395e-01
1.492404043674468994e-01
1.094831898808479309e-01
9.879606366157531738e-01
0.000000000000000000e+00
3.001558594405651093e-03
2.651319801807403564e-01
4.997929036617279053e-01
2.726103067398071289e-01
1.506235897541046143e-01
3.754486516118049622e-02
1.234854757785797119e-02
8.801009505987167358e-02
2.511901140213012695e+00
0.000000000000000000e+00
5.352878570556640625e-01
1.392617672681808472e-01
7.768884301185607910e-02
1.882110089063644409e-01
1.892502009868621826e-01
1.203249674290418625e-02
0.000000000000000000e+00
0.000000000000000000e+00
5.552248954772949219e-01
2.615864872932434082e-01
0.000000000000000000e+00
1.674160212278366089e-01
0.000000000000000000e+00
3.377947509288787842e-01
0.000000000000000000e+00
2.110517621040344238e-01
2.946283817291259766e-01
3.229775652289390564e-02
3.752866089344024658e-01
1.655534207820892334e-01
1.002546697854995728e-01
2.255033254623413086e+00
3.660389423370361328e+00
5.777627825736999512e-01
1.245810836553573608e-01
9.912407398223876953e-02
8.623865246772766113e-01
5.001819729804992676e-01
0.000000000000000000e+00
1.218650117516517639e-01
7.229772210121154785e-02
4.643768537789583206e-03
0.000000000000000000e+00
3.767099976539611816e-01
2.485022991895675659e-01
1.114041451364755630e-02
6.066194772720336914e-01
2.247381024062633514e-03
4.989428222179412842e-01
0.000000000000000000e+00
0.000000000000000000e+00
2.034326344728469849e-01
6.348133832216262817e-02
2.779231071472167969e-01
1.820057034492492676e-01
1.460397541522979736e-01
2.820242643356323242e-01
2.338135987520217896e-01
2.648673206567764282e-02
4.418038427829742432e-01
5.243539810180664062e-02
0.000000000000000000e+00
1.150370597839355469e+00
5.239840596914291382e-02
0.000000000000000000e+00
2.498565465211868286e-01
3.063036441802978516e+00
3.773930072784423828e-01
3.339046239852905273e-01
2.018109560012817383e-01
3.902967274188995361e-02
1.105389520525932312e-01
0.000000000000000000e+00
5.242907255887985229e-02
0.000000000000000000e+00
1.465978384017944336e+00
1.435111612081527710e-01
3.691146150231361389e-02
1.723805189132690430e+00
1.032402291893959045e-01
4.474120587110519409e-02
3.983142673969268799e-01
8.270856738090515137e-01
0.000000000000000000e+00
1.480396895203739405e-04
2.448327839374542236e-01
1.142293959856033325e-01
2.534246146678924561e-01
1.325360298156738281e+00
2.400635182857513428e-02
1.857845932245254517e-01
3.822299838066101074e-01
5.477956309914588928e-02
2.944050729274749756e-01
0.000000000000000000e+00
2.839375734329223633e-01
2.163891345262527466e-01
1.615236699581146240e-02
3.072442300617694855e-02
4.077388644218444824e-01
0.000000000000000000e+00
4.563724696636199951e-01
5.160732865333557129e-01
9.235223382711410522e-02
5.500183105468750000e+00
3.038321156054735184e-03
2.022052854299545288e-01
7.599947601556777954e-02
1.666897177696228027e+00
1.846260391175746918e-02
0.000000000000000000e+00
3.016947209835052490e-01
2.883750677108764648e+00
1.470525562763214111e-01
1.466786563396453857e-01
2.764510214328765869e-01
2.099670469760894775e-01
2.474417537450790405e-02
1.876385509967803955e-01
7.930935621261596680e-01
2.831032276153564453e-01
6.393527612090110779e-03
3.204957008361816406e+00
4.299270734190940857e-02
2.448069863021373749e-03
8.897781372070312500e-01
6.041744351387023926e-02
2.560636758804321289e+00
0.000000000000000000e+00
1.534475684165954590e+00
2.248976379632949829e-02
7.095808982849121094e-01
5.845004227012395859e-03
6.086125373840332031e-01
0.000000000000000000e+00
9.642735123634338379e-02
1.845562011003494263e-01
1.236960384994745255e-02
7.856111228466033936e-02
3.970199450850486755e-02
1.203244924545288086e+00
7.499546557664871216e-02
0.000000000000000000e+00
2.175738334655761719e+00
2.813752368092536926e-02
5.867652297019958496e-01
1.240471363067626953e+00
1.850069165229797363e-01
7.235616445541381836e-02
2.387886866927146912e-02
4.830610454082489014e-01
0.000000000000000000e+00
2.754144966602325439e-01
1.524671446532011032e-02
6.279408931732177734e-02
0.000000000000000000e+00
1.302378531545400620e-02
0.000000000000000000e+00
5.034188747406005859e+00
0.000000000000000000e+00
8.493223041296005249e-02
0.000000000000000000e+00
9.923667646944522858e-03
5.021450575441122055e-03
0.000000000000000000e+00
1.258603453636169434e+00
4.143501818180084229e-02
4.111910760402679443e-01
4.869137890636920929e-03
2.552855014801025391e-01
2.416084855794906616e-01
0.000000000000000000e+00
7.355622947216033936e-03
2.320206724107265472e-02
3.238436579704284668e-02
1.477713286876678467e-01
0.000000000000000000e+00
1.011179387569427490e-01
5.103136599063873291e-02
2.807116210460662842e-01
4.807118773460388184e-01
1.428435921669006348e+00
1.074839569628238678e-02
2.424321621656417847e-01
2.290336042642593384e-01
3.271620571613311768e-01
7.122582942247390747e-02
6.707201004028320312e-01
2.806352265179157257e-02
4.045543372631072998e-01
4.921147823333740234e-01
8.878088742494583130e-02
7.876330614089965820e-01
1.230360746383666992e+00
4.457018971443176270e-01
0.000000000000000000e+00
4.755238443613052368e-02
1.906908005475997925e-01
2.319842725992202759e-01
9.950081259012222290e-02
1.918253600597381592e-01
2.136374711990356445e-01
0.000000000000000000e+00
2.633939504623413086e+00
5.113536491990089417e-02
3.179905936121940613e-02
2.293551921844482422e+00
5.678729414939880371e-01
1.611597277224063873e-02
0.000000000000000000e+00
6.230521947145462036e-03
1.482404112815856934e+00
1.421660184860229492e-01
2.634467370808124542e-02
4.659742116928100586e-01
0.000000000000000000e+00
7.154026627540588379e-02
2.710927464067935944e-02
3.917872309684753418e-01
4.707703832536935806e-03
7.982027530670166016e-02
0.000000000000000000e+00
8.495087176561355591e-02
3.247329294681549072e-01
2.296878814697265625e+00
8.107109665870666504e-01
9.938300251960754395e-01
4.474443793296813965e-01
1.650248318910598755e-01
1.006610244512557983e-01
4.030797481536865234e-01
2.442837692797183990e-02
0.000000000000000000e+00
1.084801629185676575e-01
3.606989681720733643e-01
1.245906949043273926e+00
0.000000000000000000e+00
0.000000000000000000e+00
0.000000000000000000e+00
4.075395166873931885e-01
6.240361928939819336e-02
0.000000000000000000e+00
4.855253398418426514e-01
2.279836237430572510e-01
1.842984557151794434e-01
8.756506443023681641e-02
1.128895163536071777e+00
5.258589982986450195e-01
4.520919639617204666e-03
2.643275260925292969e-01
8.519100546836853027e-01
6.507672071456909180e-01
0.000000000000000000e+00
3.365229070186614990e-01
1.898942589759826660e+00
8.098109364509582520e-01
1.525358110666275024e-01
1.716310083866119385e-01
6.857623457908630371e-01
1.202026486396789551e+00
4.188066124916076660e-01
4.427649080753326416e-01
4.200918376445770264e-01
6.027396768331527710e-02
3.267458677291870117e-01
1.065713167190551758e-01
5.344879627227783203e+00
8.450536057353019714e-03
5.916862934827804565e-02
1.175301149487495422e-01
3.734160959720611572e-01
3.727974742650985718e-02
4.719656705856323242e-01
2.094112634658813477e-01
3.960629999637603760e-01
2.820303291082382202e-02
6.328950170427560806e-03
9.407469630241394043e-02
0.000000000000000000e+00
1.743288040161132812e+00
9.229081869125366211e-02
9.291023761034011841e-02
0.000000000000000000e+00
4.915985837578773499e-02
0.000000000000000000e+00
7.459399104118347168e-01
3.598697483539581299e-01
3.923492729663848877e-01
2.372912503778934479e-02
7.261067628860473633e-01
4.633595466613769531e+00
2.133140116930007935e-01
1.709629416465759277e+00
3.813934326171875000e-01
1.468506362289190292e-02
3.354927897453308105e-02
0.000000000000000000e+00
1.059921979904174805e-01
2.405035309493541718e-03
4.594196081161499023e-01
1.752562403678894043e+00
1.805706471204757690e-01
2.020328760147094727e+00
0.000000000000000000e+00
6.528035998344421387e-01
1.167947798967361450e-01
4.968663454055786133e-01
1.112541854381561279e-01
8.644894957542419434e-01
7.846400141716003418e-01
1.863687857985496521e-02
1.460216760635375977e+00
1.552056968212127686e-01
8.730527758598327637e-01
3.138746917247772217e-01
9.208481311798095703e-01
2.171682357788085938e+00
0.000000000000000000e+00
6.105016171932220459e-02
1.470394879579544067e-01
0.000000000000000000e+00
3.811020404100418091e-02
4.764841403812170029e-03
6.073088645935058594e-01
6.871216744184494019e-02
7.201609015464782715e-01
1.163344144821166992e+00
1.624969244003295898e-01
1.479890644550323486e-01
6.023345515131950378e-02
4.174541831016540527e-01
0.000000000000000000e+00
6.227696537971496582e-01
1.394666731357574463e-01
9.884034991264343262e-01
2.282983779907226562e+00
0.000000000000000000e+00
3.249913454055786133e-02
9.515815973281860352e-02
3.536198735237121582e-01
9.518537521362304688e-01
1.342955350875854492e+00
2.714242227375507355e-02
1.227946281433105469e-01
2.907598763704299927e-02
6.162699460983276367e-01
3.439805507659912109e-01
6.336622834205627441e-01
1.051635965704917908e-01
4.711370766162872314e-01
1.267090320587158203e+00
1.531268954277038574e-01
5.234251618385314941e-01
5.122012495994567871e-01
5.087585747241973877e-02
1.085119023919105530e-01
0.000000000000000000e+00
1.124119298765435815e-04
1.370400190353393555e-01
2.710058093070983887e-01
1.473942119628190994e-02
5.789906978607177734e-01
5.443069934844970703e-01
2.964015901088714600e-01
3.579430878162384033e-01
0.000000000000000000e+00
5.556284189224243164e-01
4.957457631826400757e-02
9.449121952056884766e-01
2.779336571693420410e-01
0.000000000000000000e+00
2.753126382827758789e+00
2.424202114343643188e-02
5.919108390808105469e+00
4.175204753875732422e+00
1.373449862003326416e-01
3.019536733627319336e-01
1.452644634991884232e-02
9.860048070549964905e-03
4.785220026969909668e-01
9.824633002281188965e-01
7.332248147577047348e-03
3.523351848125457764e-01
0.000000000000000000e+00
0.000000000000000000e+00
0.000000000000000000e+00
1.814453490078449249e-02
9.604938328266143799e-03
0.000000000000000000e+00
3.311739563941955566e-01
6.559333950281143188e-02
2.053369283676147461e-01
3.067102134227752686e-01
1.650530397891998291e-01
5.662751197814941406e-01
5.603756904602050781e-01
6.598111242055892944e-02
4.722769856452941895e-01
1.861568540334701538e-02
8.284138888120651245e-02
7.991025447845458984e-01
3.759253397583961487e-02
6.148838400840759277e-01
2.769117243587970734e-02
0.000000000000000000e+00
0.000000000000000000e+00
1.358723789453506470e-01
0.000000000000000000e+00
6.352724134922027588e-02
1.473400890827178955e-01
0.000000000000000000e+00
5.625758171081542969e-01
2.314295917749404907e-01
1.451024860143661499e-01
6.384311616420745850e-02
0.000000000000000000e+00
1.123902015388011932e-02
4.419632256031036377e-02
1.839425563812255859e-01
0.000000000000000000e+00
1.648448705673217773e-01
2.861786633729934692e-02
2.709096111357212067e-02
3.455446243286132812e+00
2.247866094112396240e-01
2.473982423543930054e-01
