3.241421580314636230e-01
1.310721933841705322e-01
1.466943860054016113e+00
1.772675812244415283e-01
1.438639402389526367e+00
1.091394186019897461e+00
1.609699726104736328e-01
1.404642313718795776e-02
1.883478283882141113e+00
1.424741744995117188e-01
1.359462589025497437e-01
5.054113641381263733e-02
1.574724614620208740e-01
3.712181150913238525e-01
1.052870005369186401e-01
5.119193196296691895e-01
2.754020504653453827e-02
5.741012468934059143e-02
6.809292733669281006e-02
1.569072753190994263e-01
1.049209713935852051e+00
3.816760182380676270e-01
4.006071686744689941e-01
2.871308326721191406e-01
0.000000000000000000e+00
7.160919904708862305e-01
8.365488648414611816e-01
1.180795282125473022e-01
2.235999256372451782e-01
6.346387863159179688e-01
6.854018196463584900e-03
0.000000000000000000e+00
3.090012967586517334e-01
2.268602401018142700e-01
1.569561064243316650e-01
7.446708083152770996e-01
3.425153195858001709e-01
3.998970389366149902e-01
0.000000000000000000e+00
8.250921964645385742e-02
2.480483055114746094e+00
8.284544944763183594e-01
2.176737934350967407e-01
3.816873729228973389e-01
3.682107329368591309e-01
1.314462125301361084e-01
1.975661702454090118e-02
2.754280269145965576e-01
0.000000000000000000e+00
6.444301605224609375e-01
0.000000000000000000e+00
8.098971843719482422e-01
1.390179544687271118e-01
1.950508207082748413e-01
3.245389461517333984e+00
2.342417985200881958e-01
1.608264744281768799e-01
0.000000000000000000e+00
1.928669571876525879e+00
2.609888553619384766e+00
1.735338419675827026e-01
5.483676195144653320e-01
5.440929532051086426e-01
1.249199174344539642e-02
2.035782486200332642e-01
1.312713284278288484e-04
7.766252756118774414e-01
5.667991042137145996e-01
0.000000000000000000e+00
0.000000000000000000e+00
1.739952921867370605e+00
5.686909705400466919e-02
6.316174268722534180e-01
8.209084272384643555e-01
2.667773365974426270e-01
3.522107005119323730e-01
4.047751128673553467e-01
4.335087258368730545e-03
9.141634702682495117e-01
1.119209825992584229e-01
3.939507246017456055e+00
8.537434339523315430e-01
1.800487637519836426e-01
1.614898204803466797e+00
1.281088352203369141e+00
4.187621921300888062e-02
1.159455776214599609e+00
1.032790821045637131e-02
4.310994446277618408e-01
6.601992249488830566e-02
4.704174399375915527e-01
3.298358201980590820e+00
1.382704824209213257e-01
6.122044101357460022e-02
2.679429650306701660e-01
2.543693874031305313e-03
4.201699197292327881e-01
9.272727370262145996e-01
4.163821339607238770e-01
5.854260325431823730e-01
8.340678811073303223e-01
1.875913590192794800e-01
1.049379408359527588e-01
7.203922420740127563e-02
0.000000000000000000e+00
1.433384139090776443e-02
1.046888381242752075e-01
1.208596974611282349e-01
3.170715570449829102e-01
8.451470136642456055e-01
1.713306456804275513e-01
4.459130018949508667e-02
7.700192183256149292e-02
8.759800791740417480e-01
2.083024382591247559e-01
1.958308517932891846e-01
2.059285044670104980e-01
1.042195037007331848e-02
9.617856740951538086e-01
9.754229336977005005e-03
1.024574160575866699e+00
7.736253738403320312e-02
4.652069211006164551e-01
7.858082652091979980e-02
4.422026157379150391e+00
4.319556951522827148e-01
3.826746940612792969e-01
2.364797741174697876e-01
3.811189904808998108e-02
0.000000000000000000e+00
1.225609898567199707e+00
3.191019892692565918e-01
5.256375074386596680e-01
3.002460896968841553e-01
4.492589272558689117e-03
1.733858883380889893e-01
1.203744262456893921e-01
4.461301267147064209e-01
2.181563526391983032e-01
9.889457821846008301e-01
2.920179963111877441e-01
1.404613163322210312e-02
1.304255723953247070e-01
2.135331742465496063e-02
4.937034100294113159e-02
1.348808407783508301e-01
3.005715087056159973e-02
2.287210702896118164e+00
1.570930629968643188e-01
0.000000000000000000e+00
8.589162677526473999e-02
6.971953809261322021e-02
0.000000000000000000e+00
9.109936952590942383e-01
0.000000000000000000e+00
1.812846899032592773e+00
0.000000000000000000e+00
0.000000000000000000e+00
0.000000000000000000e+00
1.706936955451965332e-02
4.895247984677553177e-03
2.395663410425186157e-01
1.360180258750915527e+00
0.000000000000000000e+00
9.847844243049621582e-01
2.184295505285263062e-01
0.000000000000000000e+00
5.283938720822334290e-02
1.355085849761962891e+00
2.824702262878417969e-01
1.073356345295906067e-02
1.405558288097381592e-01
1.756556332111358643e-01
5.581960454583168030e-02
4.055221080780029297e-01
4.306755065917968750e-01
1.012772228568792343e-02
1.571598052978515625e-01
4.085206091403961182e-01
1.624854281544685364e-03
1.069547653198242188e+00
1.924357116222381592e-01
6.858768314123153687e-02
8.516978621482849121e-01
7.481117732822895050e-03
1.305128335952758789e-01
1.243982076644897461e+00
1.589191406965255737e-01
2.159857302904129028e-01
3.981477767229080200e-02
1.402233541011810303e-01
3.301093578338623047e-01
4.784941300749778748e-02
5.996281504631042480e-01
0.000000000000000000e+00
2.546600438654422760e-02
2.871335744857788086e+00
2.360958576202392578e+00
3.064854741096496582e-01
4.770620167255401611e-01
7.111817132681608200e-03
1.777732372283935547e-01
8.578836321830749512e-01
5.545235276222229004e-01
1.197964884340763092e-02
8.014270067214965820e-01
0.000000000000000000e+00
1.525038719177246094e+00
8.011253178119659424e-02
1.854755431413650513e-01
6.215906739234924316e-01
1.963312327861785889e-01
1.146155357360839844e+00
0.000000000000000000e+00
8.717631921172142029e-03
2.823905050754547119e-01
1.791400790214538574e+00
8.037018030881881714e-02
3.294520080089569092e-01
1.206384599208831787e-01
4.214883223176002502e-02
0.000000000000000000e+00
1.737392544746398926e+00
2.892708778381347656e-01
4.914257228374481201e-01
7.651737891137599945e-03
1.714514195919036865e-01
1.205617096275091171e-03
1.274854540824890137e+00
2.457936704158782959e-01
8.253112435340881348e-02
3.319002389907836914e-01
0.000000000000000000e+00
5.514097213745117188e-02
1.443196088075637817e-01
8.570165187120437622e-02
2.528429031372070312e-01
3.540503676049411297e-04
1.684111048234626651e-04
3.567450642585754395e-01
1.762584783136844635e-02
0.000000000000000000e+00
1.877151280641555786e-01
1.090828895568847656e+00
1.094558611512184143e-01
4.996272623538970947e-01
2.780057489871978760e-01
1.360454410314559937e-02
2.914411127567291260e-01
3.597498685121536255e-02
5.848541855812072754e-01
4.377226904034614563e-02
6.992160081863403320e-01
0.000000000000000000e+00
6.806539744138717651e-02
3.657982051372528076e-01
1.583817720413208008e+00
9.788013249635696411e-02
2.699889428913593292e-02
2.696878910064697266e-01
1.508328714407980442e-03
1.431731730699539185e-01
7.175308704376220703e+00
0.000000000000000000e+00
6.501512527465820312e-01
8.548483252525329590e-02
2.708333492279052734e+00
6.244333386421203613e-01
2.108301501721143723e-03
9.365346282720565796e-02
1.865347743034362793e+00
5.378727316856384277e-01
1.715110659599304199e+00
5.598030686378479004e-01
0.000000000000000000e+00
9.414886683225631714e-02
0.000000000000000000e+00
6.301267445087432861e-02
6.414541602134704590e-02
0.000000000000000000e+00
6.117720529437065125e-02
7.983727455139160156e-01
0.000000000000000000e+00
3.579350933432579041e-02
2.592967748641967773e-01
4.980031400918960571e-02
5.812546014785766602e-01
0.000000000000000000e+00
7.218750119209289551e-01
1.266054213047027588e-01
3.198030963540077209e-02
1.339008361101150513e-01
7.667201105505228043e-03
6.732243299484252930e-01
8.059275150299072266e-02
5.585466623306274414e-01
2.211700528860092163e-01
1.524800658226013184e-01
5.246406793594360352e-01
2.802650332450866699e-01
1.335567682981491089e-01
8.315328508615493774e-02
2.372095137834548950e-01
2.040381543338298798e-02
0.000000000000000000e+00
6.413764357566833496e-01
1.684932783246040344e-02
7.938578128814697266e-01
0.000000000000000000e+00
1.939588338136672974e-01
3.285134211182594299e-03
1.019490003585815430e+00
9.385618567466735840e-02
6.990399677306413651e-03
0.000000000000000000e+00
9.971506595611572266e-01
1.217212438583374023e+00
1.191606745123863220e-01
3.856110811233520508e+00
3.087126612663269043e-01
2.687033414840698242e-01
8.848686516284942627e-02
5.073182582855224609e-01
8.979307115077972412e-02
6.661334633827209473e-01
2.721760272979736328e-01
2.655284292995929718e-02
8.564803004264831543e-02
0.000000000000000000e+00
5.967605113983154297e-01
8.509785532951354980e-01
7.817495614290237427e-03
7.175979018211364746e-02
5.693537592887878418e-01
2.133167833089828491e-01
6.486051529645919800e-02
3.155022561550140381e-01
1.376472264528274536e-01
3.984383642673492432e-01
8.388776332139968872e-02
1.611457765102386475e-02
6.683108955621719360e-02
8.877652883529663086e-01
5.844532046467065811e-03
0.000000000000000000e+00
1.700585521757602692e-02
2.025482654571533203e-01
2.371401488780975342e-01
3.970218822360038757e-02
2.940436899662017822e-01
2.074861288070678711e+00
2.838001549243927002e-01
6.715904921293258667e-02
0.000000000000000000e+00
2.526487596333026886e-02
1.035982742905616760e-01
1.400980800390243530e-01
4.157590679824352264e-03
2.589493989944458008e+00
1.559128053486347198e-02
1.084477975964546204e-01
2.828072570264339447e-02
0.000000000000000000e+00
3.228893131017684937e-02
8.861346244812011719e-01
2.763835191726684570e-01
1.214183688163757324e+00
1.247724751010537148e-03
3.606996238231658936e-01
2.560166418552398682e-01
7.519457954913377762e-03
4.430936649441719055e-02
1.238519549369812012e-01
1.053886175155639648e+00
1.103321760892868042e-01
2.947911918163299561e-01
3.795752525329589844e-01
3.137286007404327393e-02
7.691286802291870117e-01
1.939536333084106445e-01
3.048472106456756592e-01
4.596848487854003906e-01
0.000000000000000000e+00
1.055719703435897827e-02
2.117766857147216797e+00
1.968751400709152222e-01
3.381071984767913818e-01
0.000000000000000000e+00
7.027191519737243652e-01
4.151139035820960999e-02
1.123882651329040527e+00
8.118541240692138672e-01
3.890856504440307617e-01
3.394813835620880127e-02
9.522542953491210938e-01
2.831186056137084961e+00
1.267528086900711060e-01
1.263036974705755711e-03
1.447699964046478271e-01
1.041209977120161057e-02
2.191683948040008545e-01
4.031430929899215698e-02
4.956275820732116699e-01
6.360694020986557007e-02
7.267652451992034912e-02
1.590932458639144897e-01
1.378639489412307739e-01
1.827888637781143188e-01
2.114116847515106201e-01
4.147178649902343750e+00
8.769503235816955566e-01
5.545764695852994919e-03
1.815363168716430664e+00
8.022657036781311035e-02
3.454448282718658447e-01
3.507183492183685303e-01
3.957528993487358093e-02
5.897172689437866211e-01
1.491321027278900146e-01
1.765621155500411987e-01
3.797462955117225647e-02
1.833148859441280365e-02
1.358706653118133545e-01
1.606974154710769653e-01
9.420153684914112091e-03
5.199356675148010254e-01
1.692429035902023315e-01
3.006963729858398438e-01
6.924205273389816284e-02
0.000000000000000000e+00
3.062328100204467773e+00
7.798389792442321777e-01
3.753204345703125000e-01
7.681742310523986816e-02
7.121221162378787994e-03
1.258959919214248657e-01
3.106112480163574219e-01
4.863942861557006836e-01
0.000000000000000000e+00
0.000000000000000000e+00
1.241248548030853271e-01
7.076040506362915039e-01
0.000000000000000000e+00
9.917013347148895264e-02
4.651175439357757568e-01
9.539706707000732422e-01
3.164721429347991943e-01
0.000000000000000000e+00
3.541855216026306152e-01
6.624681353569030762e-01
7.951834797859191895e-01
1.204013109207153320e+00
1.733275800943374634e-01
7.724646478891372681e-02
1.264967024326324463e-02
4.118371605873107910e-01
8.575698137283325195e-01
0.000000000000000000e+00
1.743724644184112549e-01
1.651921749114990234e+00
1.281490782275795937e-03
2.146542668342590332e-01
3.223927736282348633e+00
1.292782183736562729e-02
7.809657603502273560e-02
0.000000000000000000e+00
7.768883109092712402e-01
7.897050678730010986e-02
1.606594473123550415e-01
1.055333018302917480e-01
0.000000000000000000e+00
6.389129161834716797e-01
1.602534532546997070e+00
3.996292948722839355e-01
5.288528800010681152e-01
2.074029684066772461e+00
5.669301003217697144e-02
1.464177519083023071e-01
3.791742026805877686e-01
3.414267301559448242e-02
2.360761351883411407e-02
0.000000000000000000e+00
2.122424602508544922e+00
2.227021455764770508e-01
8.518334031105041504e-01
4.862201586365699768e-02
6.607493758201599121e-01
0.000000000000000000e+00
1.610059589147567749e-01
8.693318963050842285e-01
4.950217306613922119e-01
4.072703048586845398e-02
7.922810912132263184e-01
1.180724203586578369e-01
2.451057173311710358e-02
2.475098520517349243e-01
1.511824876070022583e-01
9.549727439880371094e-01
2.014245271682739258e+00
2.832547724246978760e-01
2.938576340675354004e-01
4.138540849089622498e-02
3.279155790805816650e-01
1.115083396434783936e-01
1.705797314643859863e-01
8.490949124097824097e-02
3.608976006507873535e-01
1.460628062486648560e-01
1.538008544594049454e-02
2.790795452892780304e-02
7.597641088068485260e-03
3.304212912917137146e-02
2.063983201980590820e+00
5.556985735893249512e-01
2.061442472040653229e-02
5.103538632392883301e-01
1.701513528823852539e-01
6.879826784133911133e-01
5.569015741348266602e-01
2.792525887489318848e-01
2.548663318157196045e-01
1.362625479698181152e+00
3.873195648193359375e-01
1.354831010103225708e-01
2.820326089859008789e-01
1.609239429235458374e-01
1.310073733329772949e-01
1.258382648229598999e-01
3.294701129198074341e-02
7.476328611373901367e-01
1.005090236663818359e+00
1.786566019058227539e+00
1.557427495718002319e-01
1.652011126279830933e-01
2.220395579934120178e-02
2.666317224502563477e-01
1.145880743861198425e-01
7.378858327865600586e-01
4.352650642395019531e-01
4.865767061710357666e-01
0.000000000000000000e+00
2.038185894489288330e-01
3.697186708450317383e-01
1.244008392095565796e-01
5.286592245101928711e-02
5.947890505194664001e-02
0.000000000000000000e+00
2.812022343277931213e-02
8.079695701599121094e-01
4.038122653961181641e+00
1.219394267536699772e-03
6.981141865253448486e-02
1.465223312377929688e+00
2.035837918519973755e-01
4.890680313110351562e-03
1.383823752403259277e+00
2.627409994602203369e-01
1.649026274681091309e-01
7.800809144973754883e-01
3.562029302120208740e-01
2.846110463142395020e-01
2.365903109312057495e-01
0.000000000000000000e+00
3.229456841945648193e-01
0.000000000000000000e+00
0.000000000000000000e+00
7.495630532503128052e-02
5.147098004817962646e-02
0.000000000000000000e+00
0.000000000000000000e+00
4.637306630611419678e-01
1.515139341354370117e-01
2.087239027023315430e-01
5.093626976013183594e-01
6.444015353918075562e-02
1.051717845257371664e-05
4.810736179351806641e-01
8.732885122299194336e-01
1.867907792329788208e-01
1.038204133510589600e-01
9.967609308660030365e-03
2.246135473251342773e-01
3.061704039573669434e-01
3.021138012409210205e-01
8.830669336020946503e-03
7.394669055938720703e-01
0.000000000000000000e+00
5.620393157005310059e-02
8.608742356300354004e-01
6.260995566844940186e-02
1.077021821402013302e-03
7.483043074607849121e-01
2.387995421886444092e-01
1.629172205924987793e+00
2.560780644416809082e-01
1.798344105482101440e-01
5.958285331726074219e-01
1.156655311584472656e+00
1.012856811285018921e-01
1.271534115076065063e-01
0.000000000000000000e+00
0.000000000000000000e+00
6.823395937681198120e-02
2.106261402368545532e-01
1.169691562652587891e+00
5.675370097160339355e-01
4.613648727536201477e-02
5.240862816572189331e-02
2.494264692068099976e-01
3.192451596260070801e-01
2.232821658253669739e-03
8.977063000202178955e-02
1.197152063250541687e-01
7.290316224098205566e-01
1.194127127528190613e-01
5.144688487052917480e-02
3.221341073513031006e-01
1.340861916542053223e+00
6.455369293689727783e-03
2.737762033939361572e-01
1.652291178703308105e+00
4.999785423278808594e-01
2.043240070343017578e-01
2.022498846054077148e-01
6.217439472675323486e-02
1.385915726423263550e-01
5.567929148674011230e-02
1.047594785690307617e+00
3.317556679248809814e-01
8.561989665031433105e-01
0.000000000000000000e+00
0.000000000000000000e+00
4.476707428693771362e-02
1.093756794929504395e+00
0.000000000000000000e+00
2.718577627092599869e-03
1.552328020334243774e-01
7.648361325263977051e-01
1.505181193351745605e-01
2.396460920572280884e-01
1.118724584579467773e+00
2.027247190475463867e+00
1.366124987602233887e+00
4.424345195293426514e-01
7.170825600624084473e-01
1.294021725654602051e+00
4.023466724902391434e-03
6.506804376840591431e-02
7.257885485887527466e-02
1.256666630506515503e-01
7.774308919906616211e-01
8.670770525932312012e-01
1.212284117937088013e-01
2.533289790153503418e-02
1.476665258407592773e+00
1.055880546569824219e+00
3.216697275638580322e-02
5.307592079043388367e-02
4.424762427806854248e-01
5.351747035980224609e+00
1.794683630578219891e-04
1.027079299092292786e-02
4.401939809322357178e-01
1.999423027038574219e+00
1.643015630543231964e-02
1.138194948434829712e-01
1.305603742599487305e+00
2.243108153343200684e-01
0.000000000000000000e+00
6.054603494703769684e-03
6.731431931257247925e-02
3.307327860966324806e-03
2.993690967559814453e-01
0.000000000000000000e+00
5.601544678211212158e-02
1.883452087640762329e-01
3.204944431781768799e-01
0.000000000000000000e+00
6.111443638801574707e-01
6.168230772018432617e-01
0.000000000000000000e+00
3.004454970359802246e-01
3.882400691509246826e-02
1.186771988868713379e-01
1.456164270639419556e-01
2.962017953395843506e-01
2.707992680370807648e-02
3.112844824790954590e-01
2.741375006735324860e-02
3.355339467525482178e-01
1.268627524375915527e+00
1.101566433906555176e+00
1.156549993902444839e-02
3.859106600284576416e-01
4.187997430562973022e-02
1.244264602661132812e+00
0.000000000000000000e+00
2.117456644773483276e-01
1.250696182250976562e-01
0.000000000000000000e+00
9.290860965847969055e-03
2.474322682246565819e-03
3.657425567507743835e-02
1.213229656219482422e+00
1.797186136245727539e-01
5.504831075668334961e-01
6.214272379875183105e-01
1.327725410461425781e+00
1.925869435071945190e-01
2.471550554037094116e-02
1.204258948564529419e-02
4.212667942047119141e-01
2.642361447215080261e-03
4.370395466685295105e-02
6.415693461894989014e-02
0.000000000000000000e+00
5.100160837173461914e-01
5.130026862025260925e-02
6.630439162254333496e-01
9.185622632503509521e-02
3.070901036262512207e-01
1.739625781774520874e-01
5.952609181404113770e-01
5.356060862541198730e-01
2.096710205078125000e+00
3.390182927250862122e-02
9.184657335281372070e-01
1.900292374193668365e-02
7.871696949005126953e-01
1.571445465087890625e-01
5.160360336303710938e-01
1.415775537490844727e+00
0.000000000000000000e+00
4.404175281524658203e-01
1.375729799270629883e+00
0.000000000000000000e+00
1.065122932195663452e-01
6.692302227020263672e-01
0.000000000000000000e+00
2.700359523296356201e-01
3.276962339878082275e-01
6.869066953659057617e-01
1.087232492864131927e-03
0.000000000000000000e+00
0.000000000000000000e+00
8.214878439903259277e-01
5.111504197120666504e-01
4.059142768383026123e-01
6.083996891975402832e-01
2.355257272720336914e-01
0.000000000000000000e+00
5.267707109451293945e-01
1.037985444068908691e+00
8.514136821031570435e-02
6.113088689744472504e-03
0.000000000000000000e+00
2.131851360900327563e-04
1.473157014697790146e-02
2.250450849533081055e+00
1.378821730613708496e+00
4.761933684349060059e-01
6.290853768587112427e-02
4.459875822067260742e-02
3.415843099355697632e-02
9.273694455623626709e-02
0.000000000000000000e+00
4.280299842357635498e-01
6.251471042633056641e-01
6.507408618927001953e-02
1.344775706529617310e-01
1.694784164428710938e-01
5.284607410430908203e-01
2.136706858873367310e-01
2.149137020111083984e+00
0.000000000000000000e+00
2.276869118213653564e-02
2.101232051849365234e+00
1.472917944192886353e-01
4.370985507965087891e+00
2.229492068290710449e-01
9.025746583938598633e-01
7.595640141516923904e-03
9.504240155220031738e-01
3.799191862344741821e-02
0.000000000000000000e+00
1.170592978596687317e-01
1.158971667289733887e+00
9.164046496152877808e-03
8.175862953066825867e-03
4.064016640186309814e-01
0.000000000000000000e+00
3.177103400230407715e-01
1.256880164146423340e+00
3.411573916673660278e-02
0.000000000000000000e+00
1.479604840278625488e-01
9.806388616561889648e-01
1.703098416328430176e+00
5.235868971794843674e-03
0.000000000000000000e+00
4.451464712619781494e-01
3.167281746864318848e-01
3.692867159843444824e-01
5.532388687133789062e-01
1.578700542449951172e-01
0.000000000000000000e+00
1.272673368453979492e+00
7.594327926635742188e-01
2.563490904867649078e-02
1.342830419540405273e+00
1.403824537992477417e-01
3.674997091293334961e-01
1.068295121192932129e+00
1.403505802154541016e-01
1.827557802200317383e+00
4.771311283111572266e-01
4.777700901031494141e-01
2.759623527526855469e-02
5.446510314941406250e-01
4.692541658878326416e-01
8.142777718603610992e-03
5.593119859695434570e-01
2.960261106491088867e-01
2.458688020706176758e-01
7.846965193748474121e-01
7.362862676382064819e-02
6.376242637634277344e-01
1.148530095815658569e-01
0.000000000000000000e+00
0.000000000000000000e+00
1.374446034431457520e+00
0.000000000000000000e+00
3.304866552352905273e-01
2.341220825910568237e-01
1.423524618148803711e+00
1.036910340189933777e-01
0.000000000000000000e+00
7.101939991116523743e-04
0.000000000000000000e+00
3.035089075565338135e-01
2.459928393363952637e-02
0.000000000000000000e+00
6.883456707000732422e-01
1.166286349296569824e+00
5.006096139550209045e-02
2.097447030246257782e-02
0.000000000000000000e+00
1.361448645591735840e+00
1.625753879547119141e+00
9.366659075021743774e-02
1.331010926514863968e-02
2.217136383056640625e+00
3.165621161460876465e-01
7.020727545022964478e-02
4.843893349170684814e-01
2.849098853766918182e-02
1.382573321461677551e-02
2.155636250972747803e-01
1.297278255224227905e-01
1.515285849571228027e+00
0.000000000000000000e+00
1.014865159988403320e+00
9.724507927894592285e-01
3.993315696716308594e-01
6.912530660629272461e-01
6.575974225997924805e-01
1.871911808848381042e-03
1.928249597549438477e-01
4.276969935745000839e-03
1.019409149885177612e-01
6.222662702202796936e-02
1.057559847831726074e+00
2.609085738658905029e-01
2.559251189231872559e-01
1.257571429014205933e-01
2.817369066178798676e-02
1.994310379028320312e+00
1.254975795745849609e+00
6.919932365417480469e-01
1.498391479253768921e-01
8.123745024204254150e-02
8.613085374236106873e-03
6.449717879295349121e-01
1.010079979896545410e-01
4.200952947139739990e-01
7.450177073478698730e-01
2.059044688940048218e-01
6.692532896995544434e-01
6.922940015792846680e-01
1.207737848162651062e-01
7.646633777767419815e-03
1.946870610117912292e-02
3.192201375961303711e+00
0.000000000000000000e+00
8.445109128952026367e-01
1.513690128922462463e-02
0.000000000000000000e+00
2.422195971012115479e-01
2.372670412063598633e+00
5.772916674613952637e-01
5.586277842521667480e-01
1.038444876670837402e+00
1.043613791465759277e+00
6.644531385973095894e-04
8.289826102554798126e-03
1.974372118711471558e-01
2.519771814346313477e+00
5.085079073905944824e-01
5.891831591725349426e-02
1.120629236102104187e-01
4.946515858173370361e-01
1.286465227603912354e-01
8.718150258064270020e-01
2.357718050479888916e-01
2.287876047194004059e-02
1.088142037391662598e+00
3.089389577507972717e-02
1.560537517070770264e-01
6.753205060958862305e-01
5.376605689525604248e-02
0.000000000000000000e+00
1.129510998725891113e-01
5.256162285804748535e-01
1.712720632553100586e+00
1.464333087205886841e-01
2.590611763298511505e-02
1.144235655665397644e-01
2.143667042255401611e-01
1.416980028152465820e-01
4.445629566907882690e-02
6.753768920898437500e-01
4.955234471708536148e-03
5.547197461128234863e-01
1.887109130620956421e-01
2.795474529266357422e-01
1.070232152938842773e+00
1.910711824893951416e-01
0.000000000000000000e+00
1.532862186431884766e+00
0.000000000000000000e+00
0.000000000000000000e+00
9.921030402183532715e-01
5.815614014863967896e-03
2.692182362079620361e-02
3.435359716415405273e+00
4.506442230194807053e-03
2.943887114524841309e-01
1.188853289932012558e-02
0.000000000000000000e+00
1.004663575440645218e-02
4.134061280637979507e-03
1.617870450019836426e+00
4.417829215526580811e-01
9.269161820411682129e-01
9.037473052740097046e-02
0.000000000000000000e+00
1.561349779367446899e-01
4.367730319499969482e-01
6.435580253601074219e-01
1.389259193092584610e-02
4.760366678237915039e-02
0.000000000000000000e+00
2.758080661296844482e-01
2.324840724468231201e-01
1.610193774104118347e-02
4.978471901267766953e-03
6.299230456352233887e-02
1.202885508537292480e-01
2.165991440415382385e-02
1.532068755477666855e-02
4.611428976058959961e-01
8.606117963790893555e-02
0.000000000000000000e+00
1.635338664054870605e+00
3.090162947773933411e-02
3.300019800662994385e-01
7.138601541519165039e-01
2.412924915552139282e-01
6.585983186960220337e-02
7.044506818056106567e-02
2.148374557495117188e+00
1.113658070564270020e+00
1.151932924985885620e-01
5.760568976402282715e-01
1.191534876823425293e+00
6.062915921211242676e-01
9.883561134338378906e-01
6.057800650596618652e-01
1.608528614044189453e+00
1.153218559920787811e-03
3.036352396011352539e-01
5.605617910623550415e-02
8.689644932746887207e-02
9.230883717536926270e-01
0.000000000000000000e+00
8.025715947151184082e-01
6.028528213500976562e-01
9.140322804450988770e-01
9.712674468755722046e-02
5.857938528060913086e-01
2.361094951629638672e+00
0.000000000000000000e+00
2.339566312730312347e-02
2.926868796348571777e-01
3.351484835147857666e-01
1.940089762210845947e-01
4.759916961193084717e-01
1.473773002624511719e+00
6.231410503387451172e-01
1.862533688545227051e+00
0.000000000000000000e+00
7.705299183726310730e-03
7.098188400268554688e-01
8.168726414442062378e-02
1.438362121582031250e+00
0.000000000000000000e+00
2.896643243730068207e-02
4.937411248683929443e-01
2.283746957778930664e+00
9.025804400444030762e-01
5.108054280281066895e-01
2.439435005187988281e+00
4.966306984424591064e-01
2.454563379287719727e-01
1.213958710432052612e-01
1.004340872168540955e-01
6.741158664226531982e-02
1.026969552040100098e+00
6.680116653442382812e-01
2.433757036924362183e-01
6.412271410226821899e-02
8.878074586391448975e-02
2.471925020217895508e+00
8.237512707710266113e-01
6.023329333402216434e-04
9.839627146720886230e-01
1.984527707099914551e-02
0.000000000000000000e+00
8.344148099422454834e-02
4.554796032607555389e-03
6.698381304740905762e-01
6.466793417930603027e-01
9.009839892387390137e-01
8.641472458839416504e-02
0.000000000000000000e+00
3.656131327152252197e-01
4.547368586063385010e-01
5.054831132292747498e-02
3.102277778089046478e-02
9.278496503829956055e-01
3.505408763885498047e-02
6.775535941123962402e-01
5.290898680686950684e-01
3.169180452823638916e-01
1.745993271470069885e-02
4.226378500461578369e-01
3.838918730616569519e-02
2.500125169754028320e-01
1.498798877000808716e-01
7.163584232330322266e-01
1.266995212063193321e-03
8.052972704172134399e-02
1.303979754447937012e-01
1.438038349151611328e-01
6.239045262336730957e-01
4.791054725646972656e-01
7.698003649711608887e-01
6.637260317802429199e-01
6.285198032855987549e-03
1.756909117102622986e-02
7.142574060708284378e-03
1.928509324789047241e-01
8.008980154991149902e-01
3.467367589473724365e-01
2.093193531036376953e+00
4.109010472893714905e-02
2.049061536788940430e+00
2.596399784088134766e-01
1.415361046791076660e+00
5.608011782169342041e-02
6.365209072828292847e-02
0.000000000000000000e+00
1.158854886889457703e-01
3.803368806838989258e-01
1.015532538294792175e-01
7.742335647344589233e-02
5.798870921134948730e-01
4.655832946300506592e-01
0.000000000000000000e+00
4.107331931591033936e-01
3.330491781234741211e-01
5.592796579003334045e-02
6.447757482528686523e-01
2.160518169403076172e-01
3.844286501407623291e-02
1.222293972969055176e-01
3.889750242233276367e-01
9.978916496038436890e-02
2.062765881419181824e-02
1.331435799598693848e+00
8.324629068374633789e-02
0.000000000000000000e+00
4.457631334662437439e-02
1.086928993463516235e-01
5.946444869041442871e-01
3.354037925601005554e-02
0.000000000000000000e+00
2.222452759742736816e-01
3.614563345909118652e-01
3.872143030166625977e-01
1.342374738305807114e-02
4.319107159972190857e-03
6.289267539978027344e-01
5.468652248382568359e-01
2.239509344100952148e+00
1.066117763519287109e+00
5.823614820837974548e-02
1.838219523429870605e+00
0.000000000000000000e+00
3.806898295879364014e-01
1.621692061424255371e+00
1.762907058000564575e-01
1.480166077613830566e+00
3.934849798679351807e-01
2.234743088483810425e-01
7.052327394485473633e-01
9.043635725975036621e-01
7.308027148246765137e-01
6.851752754300832748e-03
4.212656915187835693e-01
6.478195637464523315e-02
2.608089940622448921e-03
1.723110675811767578e-03
1.129568442702293396e-01
5.952626466751098633e-01
1.017565652728080750e-01
6.799735128879547119e-02
6.974841654300689697e-02
0.000000000000000000e+00
2.089480161666870117e-01
2.965856194496154785e-01
0.000000000000000000e+00
9.844945669174194336e-01
3.553124517202377319e-02
1.603927612304687500e-01
4.283633548766374588e-03
2.607561461627483368e-02
5.513773486018180847e-02
0.000000000000000000e+00
6.065234774723649025e-04
1.917015761137008667e-02
1.036554351449012756e-01
1.656723022460937500e+00
2.970639802515506744e-02
1.862127184867858887e-01
1.692123413085937500e-01
3.034789264202117920e-01
5.368170738220214844e-01
1.336552381515502930e+00
2.164016664028167725e-01
1.889748126268386841e-01
7.700438052415847778e-02
1.166002675890922546e-01
0.000000000000000000e+00
8.219454437494277954e-02
1.049932122230529785e+00
2.378746680915355682e-02
3.593881428241729736e-02
5.141516029834747314e-02
0.000000000000000000e+00
5.112486481666564941e-01
1.076024472713470459e-01
4.155107736587524414e-01
1.288034617900848389e-01
0.000000000000000000e+00
1.555407196283340454e-01
2.830389261245727539e+00
1.350059062242507935e-01
6.345725655555725098e-01
1.980057507753372192e-01
6.888974905014038086e-01
9.370000958442687988e-01
6.919337511062622070e-01
0.000000000000000000e+00
1.813544332981109619e-02
3.858726024627685547e-01
1.172410964965820312e+00
2.984851896762847900e-01
9.408928751945495605e-01
2.956339530646800995e-02
4.206748902797698975e-01
6.324617266654968262e-01
9.600752033293247223e-03
5.191364139318466187e-02
2.334843762218952179e-02
5.769012570381164551e-01
4.886554777622222900e-01
5.242459103465080261e-02
7.747625112533569336e-01
5.691800266504287720e-02
1.210167407989501953e+00
2.396487712860107422e+00
6.772226095199584961e-01
0.000000000000000000e+00
5.476571246981620789e-02
0.000000000000000000e+00
0.000000000000000000e+00
1.582671888172626495e-02
1.110615674406290054e-02
3.823989629745483398e-02
1.777593791484832764e-01
6.524906959384679794e-03
1.043424129486083984e+00
5.084601044654846191e-02
1.230239272117614746e-01
1.604221165180206299e-01
1.016727983951568604e-01
5.719145387411117554e-02
8.131893724203109741e-02
2.783283710479736328e+00
3.343241810798645020e-01
1.241850927472114563e-01
4.941685497760772705e-02
0.000000000000000000e+00
0.000000000000000000e+00
5.964099168777465820e-01
2.681127786636352539e-01
9.800682067871093750e-01
3.551992177963256836e-01
0.000000000000000000e+00
8.942944556474685669e-02
1.118357572704553604e-02
7.381362915039062500e-01
5.529095232486724854e-02
7.155451457947492599e-03
1.480358690023422241e-01
2.358860820531845093e-01
5.844134092330932617e-01
1.056891918182373047e+00
2.227914184331893921e-01
6.803761720657348633e-01
6.860219873487949371e-03
8.065671324729919434e-01
6.750895977020263672e-01
1.843757271766662598e+00
0.000000000000000000e+00
1.267192959785461426e+00
0.000000000000000000e+00
9.935632115229964256e-04
1.286478191614151001e-01
3.736909329891204834e-01
7.245189044624567032e-03
2.224104642868041992e+00
2.539826929569244385e-02
3.595038354396820068e-01
0.000000000000000000e+00
8.447833657264709473e-01
2.377698898315429688e+00
3.124167025089263916e-01
2.805291414260864258e-01
8.392222225666046143e-03
9.451717734336853027e-01
5.746341347694396973e-01
6.830769777297973633e-02
1.915862083435058594e+00
1.166509240865707397e-01
4.768286272883415222e-02
2.971677109599113464e-02
1.266511809080839157e-02
8.852489292621612549e-02
8.585771322250366211e-01
3.811286529526114464e-03
1.096540167927742004e-01
7.358493208885192871e-01
0.000000000000000000e+00
1.221258640289306641e+00
3.383949398994445801e-02
9.773190617561340332e-01
2.102260351181030273e+00
1.057266116142272949e+00
5.391592979431152344e-01
2.597969770431518555e-01
0.000000000000000000e+00
9.705396294593811035e-01
5.209155082702636719e-01
1.959802657365798950e-01
9.074070453643798828e-01
4.062552452087402344e-01
2.856543660163879395e-01
1.607207179069519043e+00
9.803573787212371826e-02
3.255491377785801888e-03
2.094040870666503906e+00
1.043470278382301331e-01
4.940375387668609619e-01
9.583519697189331055e-01
0.000000000000000000e+00
6.218979954719543457e-01
5.131769180297851562e+00
6.279018521308898926e-01
1.357792969793081284e-02
0.000000000000000000e+00
1.408846974372863770e-01
4.193194508552551270e-01
1.193054318428039551e-01
5.653137564659118652e-01
1.250553876161575317e-01
0.000000000000000000e+00
8.408134579658508301e-01
2.330800056457519531e+00
1.295072197914123535e+00
2.441108942031860352e+00
2.284683287143707275e-01
6.829118728637695312e-02
1.719535328447818756e-02
5.860796570777893066e-01
0.000000000000000000e+00
6.706638932228088379e-01
5.452788621187210083e-02
1.897641658782958984e+00
6.042556762695312500e-01
1.190067604184150696e-01
1.088579073548316956e-01
1.965599209070205688e-01
0.000000000000000000e+00
1.979122519493103027e+00
4.445104897022247314e-01
6.011390089988708496e-01
1.522768259048461914e+00
1.786304824054241180e-02
0.000000000000000000e+00
1.261041462421417236e-01
1.872416287660598755e-01
3.746734187006950378e-02
9.929987788200378418e-01
1.390343457460403442e-01
1.410561501979827881e-01
2.087687253952026367e-01
1.026445388793945312e+00
1.552393138408660889e-01
0.000000000000000000e+00
0.000000000000000000e+00
4.633974730968475342e-01
4.052360534667968750e+00
2.935979664325714111e-01
2.162204027175903320e+00
5.650888010859489441e-02
4.845394194126129150e-01
5.285021305084228516e+00
9.056287407875061035e-01
7.425273060798645020e-01
3.594923997297883034e-03
0.000000000000000000e+00
2.592242956161499023e-01
7.473295331001281738e-01
0.000000000000000000e+00
6.941934116184711456e-04
7.333971858024597168e-01
1.391607761383056641e+00
2.020726919174194336e+00
1.398443102836608887e+00
7.332262396812438965e-02
5.704024314880371094e+00
2.947827875614166260e-01
3.551011532545089722e-02
9.619420021772384644e-02
3.502869904041290283e-01
1.833164811134338379e+00
3.362242579460144043e-01
4.249890893697738647e-02
1.277611851692199707e-01
4.044091999530792236e-01
0.000000000000000000e+00
9.488099813461303711e-02
0.000000000000000000e+00
2.595919072628021240e-01
6.615610122680664062e-01
1.641510128974914551e-01
1.748861372470855713e-01
1.150503195822238922e-02
6.641101241111755371e-01
2.124191284179687500e+00
3.256501629948616028e-02
1.377076655626296997e-01
3.209077417850494385e-01
2.225437909364700317e-01
4.726739227771759033e-02
2.138386487960815430e+00
1.201466560363769531e+00
3.042094595730304718e-02
3.166830539703369141e-01
7.852584123611450195e-02
5.876145362854003906e-01
1.056871637701988220e-01
3.330611288547515869e-01
0.000000000000000000e+00
0.000000000000000000e+00
3.164210915565490723e-01
3.194288611412048340e-01
0.000000000000000000e+00
3.123103678226470947e-01
3.550517857074737549e-01
1.347443222999572754e+00
4.442604184150695801e-01
2.110350690782070160e-02
1.122871637344360352e+00
1.926875300705432892e-02
8.223207667469978333e-03
5.607081577181816101e-02
2.081255465745925903e-01
1.173649311065673828e+00
1.058296021074056625e-02
3.218741118907928467e-01
3.344557061791419983e-02
5.056135356426239014e-03
2.797160856425762177e-02
2.719555795192718506e-01
3.497533616609871387e-04
2.107172489166259766e+00
2.052676677703857422e-01
4.469531774520874023e-01
1.585438251495361328e-01
5.835783109068870544e-02
9.347724914550781250e-01
2.302366495132446289e-01
2.658568620681762695e-01
3.242858350276947021e-01
2.748763859272003174e-01
4.457234740257263184e-01
3.533582091331481934e-01
8.415253460407257080e-02
1.855653524398803711e-01
4.178900718688964844e+00
3.866171538829803467e-01
3.687190115451812744e-01
1.245153136551380157e-03
2.169109694659709930e-02
1.005622297525405884e-01
6.941140890121459961e-01
8.037153631448745728e-02
1.708778589963912964e-01
8.876592516899108887e-01
1.422857749275863171e-03
4.128497242927551270e-01
1.823324710130691528e-01
2.873601857572793961e-03
2.137346714735031128e-01
0.000000000000000000e+00
1.410337686538696289e-01
5.245127528905868530e-02
0.000000000000000000e+00
5.548301935195922852e-01
0.000000000000000000e+00
9.456297755241394043e-02
2.820589113980531693e-03
3.113170146942138672e+00
1.657986193895339966e-01
7.001463413238525391e+00
1.391806602478027344e-01
8.280605077743530273e-02
2.335931807756423950e-01
1.895064860582351685e-01
2.450229078531265259e-01
1.014720201492309570e+00
6.422173380851745605e-01
5.212871357798576355e-02
6.900990009307861328e-02
1.272897958755493164e+00
3.774693608283996582e-01
1.150632202625274658e-01
1.533789157867431641e+00
3.411794900894165039e-01
9.879577159881591797e-01
0.000000000000000000e+00
0.000000000000000000e+00
7.331931591033935547e-01
4.511984884738922119e-01
3.292022645473480225e-01
1.574937462806701660e+00
6.983540654182434082e-01
4.032880961894989014e-01
0.000000000000000000e+00
1.089465767145156860e-01
4.383173584938049316e-02
1.690041720867156982e-01
3.293520510196685791e-01
4.046794772148132324e-01
1.151308268308639526e-01
5.551571957767009735e-03
1.036415696144104004e-01
3.659762814640998840e-02
1.227910399436950684e+00
2.250354140996932983e-01
2.394625186920166016e+00
1.848356425762176514e-02
0.000000000000000000e+00
2.365168035030364990e-01
1.168264821171760559e-01
2.350101709365844727e+00
2.189745903015136719e+00
8.381748795509338379e-01
1.700238466262817383e+00
4.434686899185180664e-02
3.453021645545959473e-01
1.099961325526237488e-01
9.944952093064785004e-03
3.965249657630920410e-02
3.625776618719100952e-02
4.968763887882232666e-01
7.122044451534748077e-03
3.473142981529235840e-01
1.160726174712181091e-01
5.665547847747802734e-01
1.045095473527908325e-01
1.447840593755245209e-02
8.143854886293411255e-02
8.768565952777862549e-02
2.982949614524841309e-01
1.406745146960020065e-02
6.758502125740051270e-01
2.413629181683063507e-02
7.697991132736206055e-01
2.001782178878784180e+00
0.000000000000000000e+00
0.000000000000000000e+00
6.960009783506393433e-02
4.688203036785125732e-01
3.085097670555114746e-01
2.182313203811645508e-01
3.884718939661979675e-02
9.130040407180786133e-01
7.625495195388793945e-01
2.021349221467971802e-02
1.140252351760864258e+00
2.394222766160964966e-01
7.006189972162246704e-02
3.609988838434219360e-02
1.333905905485153198e-01
2.756755985319614410e-02
1.016792058944702148e-01
4.286512136459350586e-01
4.593826830387115479e-02
1.037194252014160156e+00
1.021034899167716503e-03
2.183001786470413208e-01
1.678080856800079346e-01
1.600741893053054810e-01
1.236371882259845734e-02
4.156120494008064270e-02
5.835646986961364746e-01
6.471473574638366699e-01
1.931138150393962860e-02
0.000000000000000000e+00
1.554350703954696655e-01
3.187924027442932129e-01
1.200956940650939941e+00
0.000000000000000000e+00
8.444029092788696289e-02
9.513043165206909180e-01
2.164701670408248901e-01
1.003030538558959961e+00
5.273137614130973816e-02
8.916570991277694702e-02
0.000000000000000000e+00
1.036330580711364746e+00
1.531366467475891113e+00
1.961978375911712646e-01
1.117338299751281738e+00
9.486958980560302734e-01
1.947272568941116333e-01
1.511830091476440430e-01
9.544624388217926025e-02
4.289678037166595459e-01
1.381323300302028656e-02
2.495563030242919922e-01
0.000000000000000000e+00
3.024600148200988770e-01
2.226104028522968292e-02
3.096564710140228271e-01
7.972761243581771851e-02
9.296933189034461975e-03
1.743533834815025330e-02
6.944160461425781250e-01
7.261138558387756348e-01
1.516747623682022095e-01
5.589556097984313965e-01
1.722264438867568970e-01
0.000000000000000000e+00
1.593919515609741211e+00
2.778311632573604584e-02
5.018345266580581665e-02
6.281001865863800049e-02
1.165115386247634888e-01
4.910236597061157227e-01
1.802506148815155029e-01
1.442948915064334869e-02
9.061412513256072998e-02
1.779027819633483887e+00
3.799055516719818115e-01
0.000000000000000000e+00
1.418627262115478516e+00
4.162081480026245117e-01
2.724350988864898682e-01
7.348325569182634354e-03
4.079440832138061523e-01
3.098504841327667236e-01
2.596781551837921143e-01
2.102526128292083740e-01
0.000000000000000000e+00
1.919860839843750000e-01
2.600354909896850586e+00
1.860996931791305542e-01
8.537545800209045410e-02
0.000000000000000000e+00
1.643875539302825928e-01
6.414719104766845703e+00
7.987009286880493164e-01
9.502856060862541199e-03
3.320582509040832520e-01
0.000000000000000000e+00
1.234323143959045410e+00
4.838160052895545959e-02
4.958854243159294128e-02
2.619927935302257538e-02
5.870810747146606445e-01
7.784980535507202148e-01
5.845738649368286133e-01
1.714570224285125732e-01
2.440292574465274811e-02
1.873067319393157959e-01
1.220149397850036621e+00
4.438257515430450439e-01
4.103334844112396240e-01
1.866810023784637451e-01
5.374661087989807129e-01
3.664586246013641357e-01
9.447148442268371582e-02
3.313804864883422852e-01
0.000000000000000000e+00
7.995583415031433105e-01
2.742833197116851807e-01
5.510017275810241699e-01
9.874614328145980835e-02
5.684825181961059570e-01
0.000000000000000000e+00
5.359089970588684082e-01
1.770074218511581421e-01
0.000000000000000000e+00
2.214131653308868408e-01
5.742468833923339844e-01
2.927505075931549072e-01
2.442021071910858154e-01
3.997626900672912598e-01
2.522040344774723053e-02
5.799767374992370605e-01
5.225955247879028320e-01
2.927501872181892395e-02
4.703482091426849365e-01
6.726601719856262207e-02
0.000000000000000000e+00
4.453409835696220398e-02
1.318582445383071899e-01
0.000000000000000000e+00
0.000000000000000000e+00
0.000000000000000000e+00
2.023774385452270508e-01
0.000000000000000000e+00
1.832645735703408718e-03
4.002414643764495850e-01
1.527452748268842697e-02
2.571907937526702881e-01
0.000000000000000000e+00
2.811580300331115723e-01
1.525410413742065430e-01
7.793270796537399292e-02
8.507006615400314331e-02
7.724032998085021973e-01
9.976848959922790527e-01
2.345086187124252319e-01
1.998356729745864868e-01
4.303470849990844727e-01
1.901790976524353027e+00
6.044284999370574951e-02
2.236423939466476440e-01
1.652922511100769043e+00
5.594330281019210815e-02
9.063771367073059082e-02
1.599070280790328979e-01
1.209872007369995117e+00
1.253513060510158539e-02
1.801089048385620117e-01
4.040618538856506348e-01
9.870127774775028229e-03
2.890796363353729248e-01
8.017867803573608398e-02
2.619893550872802734e-01
9.898056983947753906e-01
3.556548655033111572e-01
0.000000000000000000e+00
0.000000000000000000e+00
0.000000000000000000e+00
1.059861779212951660e-01
8.269243836402893066e-01
2.501277625560760498e-01
4.243670105934143066e-01
8.511120080947875977e-02
3.824320733547210693e-01
6.527929753065109253e-02
7.430697083473205566e-01
2.496606856584548950e-01
3.736977875232696533e-01
1.462547779083251953e-01
1.723337918519973755e-01
1.089020669460296631e-01
7.522921077907085419e-03
1.290709152817726135e-02
5.572984814643859863e-01
4.996864199638366699e-01
3.022123575210571289e-01
0.000000000000000000e+00
1.788418442010879517e-01
4.094012379646301270e-01
1.195588111877441406e+00
8.899533152580261230e-01
1.346333026885986328e-01
8.498351275920867920e-02
6.057662963867187500e-01
0.000000000000000000e+00
2.978181242942810059e-01
3.674800693988800049e-02
8.466134071350097656e-01
1.854701986303552985e-04
1.199482381343841553e-02
4.678561910986900330e-02
1.388701438903808594e+00
8.085452765226364136e-02
4.658003151416778564e-01
1.588038206100463867e-01
7.896728515625000000e-01
8.919515609741210938e-01
0.000000000000000000e+00
1.762830764055252075e-01
1.786788702011108398e-01
2.121859550476074219e+00
3.635272681713104248e-01
4.334839060902595520e-03
2.708199620246887207e-01
1.020863093435764313e-02
1.281731482595205307e-02
2.682504415512084961e+00
3.998879492282867432e-01
2.119030714035034180e+00
1.587876915931701660e+00
4.916224479675292969e-01
8.032952435314655304e-03
1.531407356262207031e+00
1.178387552499771118e-01
7.264022529125213623e-02
5.275143980979919434e-01
2.769419550895690918e-02
2.360952086746692657e-03
4.557071626186370850e-01
3.900882899761199951e-01
1.399707347154617310e-01
7.137872278690338135e-02
1.352850198745727539e+00
1.830536723136901855e-01
7.802422344684600830e-02
7.375563979148864746e-01
5.574416518211364746e-01
5.048666000366210938e-01
9.536597132682800293e-02
9.396409988403320312e-01
4.626636952161788940e-02
2.989590764045715332e-01
0.000000000000000000e+00
0.000000000000000000e+00
1.041737273335456848e-01
1.153799938037991524e-03
9.106595069169998169e-02
4.661353230476379395e-01
8.529577404260635376e-02
3.517003655433654785e-01
0.000000000000000000e+00
2.165494114160537720e-02
5.612418428063392639e-02
1.214523434638977051e+00
1.290014833211898804e-01
5.514866709709167480e-01
8.690103888511657715e-01
2.420177906751632690e-01
1.088194325566291809e-01
0.000000000000000000e+00
0.000000000000000000e+00
0.000000000000000000e+00
1.531026791781187057e-02
5.044289231300354004e-01
7.784770336002111435e-03
1.410800311714410782e-02
4.497408568859100342e-01
1.379376769065856934e+00
1.023154497146606445e+00
2.783322930335998535e-01
2.552778959274291992e+00
7.616071403026580811e-02
0.000000000000000000e+00
5.181904435157775879e-01
1.382917314767837524e-01
6.622495502233505249e-02
1.300195753574371338e-01
0.000000000000000000e+00
8.603081107139587402e-01
0.000000000000000000e+00
5.952448844909667969e-01
5.907700061798095703e-01
0.000000000000000000e+00
9.666114449501037598e-01
4.385129734873771667e-02
6.400898694992065430e-01
1.374580860137939453e-01
5.988642573356628418e-02
6.234687566757202148e-02
2.562222778797149658e-01
4.031240940093994141e-01
7.194385398179292679e-03
1.039775013923645020e+00
1.112454310059547424e-01
4.782118275761604309e-02
6.510049104690551758e-02
4.839953780174255371e-02
0.000000000000000000e+00
6.797258555889129639e-02
0.000000000000000000e+00
1.119372844696044922e+00
0.000000000000000000e+00
1.247472763061523438e-01
5.101540684700012207e-02
1.697479747235774994e-02
6.266772001981735229e-02
0.000000000000000000e+00
4.966289699077606201e-01
2.754758810624480247e-03
8.816170692443847656e-01
1.608293056488037109e-01
3.015224337577819824e-01
7.097119092941284180e-01
1.421476364135742188e+00
8.261855840682983398e-01
1.895576715469360352e-01
7.786961272358894348e-03
1.116217732429504395e+00
1.628931984305381775e-02
5.496192350983619690e-02
2.997057139873504639e-02
8.653873205184936523e-02
5.753251314163208008e-01
4.157917499542236328e-01
5.090448260307312012e-01
2.460365416482090950e-03
2.460048198699951172e-01
0.000000000000000000e+00
3.347025394439697266e+00
1.358778774738311768e-01
1.702266931533813477e-01
2.273529767990112305e-01
3.475990518927574158e-02
2.220997028052806854e-02
2.218083381652832031e+00
0.000000000000000000e+00
5.077868103981018066e-01
0.000000000000000000e+00
1.428268074989318848e+00
2.997190356254577637e-01
2.223406285047531128e-01
1.237698793411254883e-01
1.710642874240875244e-02
1.270838379859924316e-01
2.679012119770050049e-01
8.253832161426544189e-02
2.267885059118270874e-01
1.924508810043334961e-01
1.010286808013916016e+00
6.247704029083251953e-01
4.465800523757934570e-02
4.376345276832580566e-01
0.000000000000000000e+00
3.275618255138397217e-01
3.401484340429306030e-02
1.628982275724411011e-01
2.536825835704803467e-01
2.589696645736694336e-01
2.092854119837284088e-02
7.280734181404113770e-02
2.020847797393798828e-02
1.844125270843505859e+00
1.093458756804466248e-01
1.211407035589218140e-01
3.718921244144439697e-01
3.035000860691070557e-01
1.960211843252182007e-01
6.051845103502273560e-02
5.426578968763351440e-02
0.000000000000000000e+00
1.520676761865615845e-01
7.061193138360977173e-02
2.759997248649597168e-01
2.069921493530273438e-01
1.331550478935241699e+00
4.197846949100494385e-01
9.665463566780090332e-01
3.588379593566060066e-03
2.727830410003662109e-01
7.732840627431869507e-02
8.140737414360046387e-01
4.557302296161651611e-01
1.273708418011665344e-02
1.087303757667541504e-01
1.382834911346435547e-01
1.577136039733886719e+00
1.186247825622558594e+00
0.000000000000000000e+00
4.250269830226898193e-01
1.174828648567199707e+00
1.497173588722944260e-02
1.351250648498535156e+00
2.277649343013763428e-01
3.688807487487792969e-01
0.000000000000000000e+00
7.890123128890991211e-02
1.337463855743408203e-01
2.560358524322509766e+00
4.995164275169372559e-01
2.995642274618148804e-02
2.558853864669799805e+00
7.376324385404586792e-02
5.834384560585021973e-01
1.097096323966979980e+00
3.878194987773895264e-01
0.000000000000000000e+00
5.711761713027954102e-01
1.288057565689086914e-01
1.380048036575317383e+00
0.000000000000000000e+00
3.904677182435989380e-02
1.490823626518249512e-01
2.789272069931030273e-01
2.804135680198669434e-01
1.310855895280838013e-01
2.466489970684051514e-01
5.507451295852661133e-02
4.291120171546936035e-01
0.000000000000000000e+00
4.099956452846527100e-01
1.207399368286132812e+00
1.273268368095159531e-02
0.000000000000000000e+00
1.893122494220733643e-01
3.643225133419036865e-02
2.904237061738967896e-02
5.102181434631347656e-01
5.826046466827392578e-01
0.000000000000000000e+00
1.090484187006950378e-01
1.957330465316772461e+00
5.358771234750747681e-02
2.027532607316970825e-01
2.997187077999114990e-01
2.932985305786132812e+00
2.124771289527416229e-02
8.107258677482604980e-01
5.583115816116333008e-01
8.553059697151184082e-01
1.889104247093200684e+00
0.000000000000000000e+00
1.379342377185821533e-01
2.263583093881607056e-01
4.551556427031755447e-03
0.000000000000000000e+00
0.000000000000000000e+00
3.033716604113578796e-02
3.162720799446105957e-01
2.955339252948760986e-01
8.389434218406677246e-02
1.941591382026672363e+00
2.070601135492324829e-01
4.255621135234832764e-01
0.000000000000000000e+00
0.000000000000000000e+00
1.649478226900100708e-01
1.759746670722961426e-02
1.603368520736694336e-01
1.708672404289245605e+00
0.000000000000000000e+00
2.803448200225830078e+00
8.964727073907852173e-02
1.917095541954040527e+00
2.599189579486846924e-01
0.000000000000000000e+00
6.703702211380004883e-01
5.385385155677795410e-01
1.910792946815490723e+00
1.474772393703460693e-01
1.309841275215148926e+00
7.130580395460128784e-02
2.093745708465576172e+00
9.857132434844970703e-01
6.686070561408996582e-02
5.232552289962768555e-01
2.030913531780242920e-01
3.752316832542419434e-01
2.760036662220954895e-02
3.976743221282958984e-01
6.419753655791282654e-03
7.763960957527160645e-01
5.506488308310508728e-02
0.000000000000000000e+00
2.344626933336257935e-01
7.586001604795455933e-02
5.305907726287841797e-01
5.804469585418701172e-01
8.599688112735748291e-02
6.929100155830383301e-01
4.668260812759399414e-01
6.699352711439132690e-02
3.019040226936340332e-01
1.586434058845043182e-02
4.895857349038124084e-02
4.444716870784759521e-02
1.213105916976928711e-01
1.079668998718261719e-01
2.146470069885253906e+00
4.903250187635421753e-02
1.079806243069469929e-03
1.475139737129211426e+00
0.000000000000000000e+00
2.487272173166275024e-01
1.052438974380493164e+00
5.530568584799766541e-02
2.468165755271911621e-02
5.347242355346679688e-01
7.420582324266433716e-02
0.000000000000000000e+00
3.718245029449462891e-01
1.008823037147521973e+00
5.141931772232055664e-01
6.733586788177490234e-01
9.090253710746765137e-01
1.206264615058898926e+00
