9.075889363884925842e-03
1.806209683418273926e-01
1.353299498558044434e+00
1.379956603050231934e-01
8.260303875431418419e-04
1.154985547065734863e+00
8.086162805557250977e-02
0.000000000000000000e+00
1.356337428092956543e+00
5.795781016349792480e-01
4.854285344481468201e-02
2.739898860454559326e-01
6.493838503956794739e-03
4.517162442207336426e-01
5.486335754394531250e-01
1.636534333229064941e-01
0.000000000000000000e+00
2.002886682748794556e-01
6.725966930389404297e-02
6.786701679229736328e-01
1.651591509580612183e-01
1.225747108459472656e+00
0.000000000000000000e+00
5.024330019950866699e-01
2.897364832460880280e-02
6.777951121330261230e-01
0.000000000000000000e+00
1.130158007144927979e-01
2.185786962509155273e-01
8.287122473120689392e-03
3.642196953296661377e-01
5.312243103981018066e-01
3.849011659622192383e-01
7.397235035896301270e-01
0.000000000000000000e+00
1.042672395706176758e-01
4.118112921714782715e-01
4.134693145751953125e-01
3.634304180741310120e-02
5.567895770072937012e-01
3.373355567455291748e-01
1.757930219173431396e-01
7.988554984331130981e-02
1.471971273422241211e-01
0.000000000000000000e+00
8.430700749158859253e-02
1.619211435317993164e-01
1.260001398622989655e-02
1.361635327339172363e-01
0.000000000000000000e+00
4.919537901878356934e-02
3.419803380966186523e-01
1.478702872991561890e-01
7.594541311264038086e-01
2.145563364028930664e-01
8.818305283784866333e-02
1.072652190923690796e-01
0.000000000000000000e+00
5.084599852561950684e-01
1.441972970962524414e+00
7.892029285430908203e-01
1.990569829940795898e-01
3.507556617259979248e-01
0.000000000000000000e+00
7.604723572731018066e-01
8.397293090820312500e-02
5.103871822357177734e-01
9.557117819786071777e-01
4.255361855030059814e-01
5.695896223187446594e-02
5.859025478363037109e+00
3.857976198196411133e-02
0.000000000000000000e+00
4.740083217620849609e-01
0.000000000000000000e+00
3.169086575508117676e-01
1.293493842240422964e-04
1.564394235610961914e-01
2.735961198806762695e+00
1.538945175707340240e-02
6.645493507385253906e-01
9.993325173854827881e-02
0.000000000000000000e+00
3.243720233440399170e-01
4.459509551525115967e-01
3.434019982814788818e-01
1.227807020768523216e-03
1.468414068222045898e-01
3.569127619266510010e-01
1.568039506673812866e-02
0.000000000000000000e+00
2.886045873165130615e-01
1.127401646226644516e-02
7.465502023696899414e-01
0.000000000000000000e+00
0.000000000000000000e+00
3.076160140335559845e-02
2.150369167327880859e+00
1.010478019714355469e+00
1.171785593032836914e-01
9.264762699604034424e-02
2.290727376937866211e+00
3.056686222553253174e-01
3.906763792037963867e-01
0.000000000000000000e+00
8.414938300848007202e-02
2.649181187152862549e-01
1.008747741580009460e-01
8.177755028009414673e-02
5.106549859046936035e-01
4.375509917736053467e-01
1.713816821575164795e-01
2.420860901474952698e-02
2.954846713691949844e-03
2.876122593879699707e-01
4.950318932533264160e-01
1.781785786151885986e-01
7.739778608083724976e-02
0.000000000000000000e+00
0.000000000000000000e+00
2.736981511116027832e-01
6.063458975404500961e-03
0.000000000000000000e+00
2.927490742877125740e-03
5.058580875396728516e+00
0.000000000000000000e+00
0.000000000000000000e+00
1.370934009552001953e+00
3.724465370178222656e-01
3.413252532482147217e-01
6.218463182449340820e-01
3.958442807197570801e-01
4.206599667668342590e-02
6.095838546752929688e-02
4.601314291357994080e-02
8.604717999696731567e-02
4.910593330860137939e-01
1.525817066431045532e-02
2.992051541805267334e-01
1.013326346874237061e-01
1.057610735297203064e-01
4.293337464332580566e-01
5.818987488746643066e-01
9.970321059226989746e-01
2.392917722463607788e-01
3.207734227180480957e-01
2.118443399667739868e-01
1.801116764545440674e-01
3.748927116394042969e-01
0.000000000000000000e+00
4.263683259487152100e-01
1.518665254116058350e-01
4.264942556619644165e-02
5.229827389121055603e-02
8.857557922601699829e-02
5.318227689713239670e-03
3.241970762610435486e-02
0.000000000000000000e+00
0.000000000000000000e+00
1.242700144648551941e-01
6.599591970443725586e-01
1.126451134681701660e+00
9.526528120040893555e-01
3.307653963565826416e-01
7.384341955184936523e-02
1.105779647827148438e+00
1.411198079586029053e-02
2.100182175636291504e-01
8.682032227516174316e-01
4.303846880793571472e-02
5.847634077072143555e-01
7.844324111938476562e-01
1.747625172138214111e-01
7.417833209037780762e-01
0.000000000000000000e+00
6.681045889854431152e-01
9.830160997807979584e-03
4.270170032978057861e-01
0.000000000000000000e+00
7.916669249534606934e-01
2.167593538761138916e-01
1.219304561614990234e+00
1.520651698112487793e+00
5.577281117439270020e-01
3.664356172084808350e-01
0.000000000000000000e+00
7.712655514478683472e-02
1.229946389794349670e-01
0.000000000000000000e+00
2.350205034017562866e-01
1.535972803831100464e-01
3.423394262790679932e-01
1.714617596007883549e-03
1.841034442186355591e-01
0.000000000000000000e+00
0.000000000000000000e+00
1.406499385833740234e+00
1.406882405281066895e+00
0.000000000000000000e+00
1.301077753305435181e-01
3.703143820166587830e-02
1.490414142608642578e-02
6.138105392456054688e-01
4.266009330749511719e-01
0.000000000000000000e+00
1.789204478263854980e-01
0.000000000000000000e+00
4.473557770252227783e-01
2.547693848609924316e-01
5.136941373348236084e-02
8.899729698896408081e-03
3.050487935543060303e-01
1.569592356681823730e-01
3.871063888072967529e-02
2.296937704086303711e-01
2.562657892704010010e-01
2.800760231912136078e-02
3.028697893023490906e-02
0.000000000000000000e+00
5.653293803334236145e-02
6.162974168546497822e-04
2.458814084529876709e-01
2.168839871883392334e-01
3.434571623802185059e-02
0.000000000000000000e+00
0.000000000000000000e+00
1.148257255554199219e-01
5.657696723937988281e-01
3.263716101646423340e-01
1.415251612663269043e+00
1.701072603464126587e-02
4.948401153087615967e-01
1.867402158677577972e-02
2.778040468692779541e-01
1.376960754394531250e+00
1.012718200683593750e+00
1.528984960168600082e-02
1.220401655882596970e-02
0.000000000000000000e+00
1.015367135405540466e-01
2.806619107723236084e-01
2.482396513223648071e-01
5.641245469450950623e-02
4.820743575692176819e-03
0.000000000000000000e+00
9.096626043319702148e-01
1.399850994348526001e-01
1.974924057722091675e-01
1.851353794336318970e-01
2.678402960300445557e-01
1.399144879542291164e-03
9.749910980463027954e-02
1.256199274212121964e-02
0.000000000000000000e+00
5.382106825709342957e-02
3.989149630069732666e-01
7.245573401451110840e-02
8.008074164390563965e-01
1.803889870643615723e-02
8.362279534339904785e-01
5.178159475326538086e-01
5.871671065688133240e-02
3.190390348434448242e+00
6.068145483732223511e-02
6.315417289733886719e-01
5.763535574078559875e-02
6.384923458099365234e-01
3.170232474803924561e-01
1.012324333190917969e+00
4.204985499382019043e-02
6.449974775314331055e-01
7.531493306159973145e-01
1.653486490249633789e-01
5.152486264705657959e-02
1.919267475605010986e-01
3.505859989672899246e-03
0.000000000000000000e+00
7.252224683761596680e-01
4.993718564510345459e-01
8.115713298320770264e-02
1.738978922367095947e-02
4.034036397933959961e-02
1.214375123381614685e-01
0.000000000000000000e+00
2.241058349609375000e-01
4.999800585210323334e-03
5.463057663291692734e-03
3.977676033973693848e-01
1.326288461685180664e+00
3.642174974083900452e-02
1.314345717430114746e+00
0.000000000000000000e+00
6.841883528977632523e-03
5.351294204592704773e-02
2.247924543917179108e-02
4.914915934205055237e-02
1.979250162839889526e-01
3.510861396789550781e-01
5.609378963708877563e-02
2.621494047343730927e-02
3.217371404170989990e-01
5.729754269123077393e-02
7.373558878898620605e-01
0.000000000000000000e+00
3.834961950778961182e-01
4.724669829010963440e-02
4.114485681056976318e-01
4.861836731433868408e-01
4.241183102130889893e-01
7.886088453233242035e-03
1.594402361661195755e-03
5.804839134216308594e-01
4.443111121654510498e-01
9.937267750501632690e-04
0.000000000000000000e+00
1.307127326726913452e-01
1.089900374412536621e+00
7.984822988510131836e-01
3.447396993637084961e+00
6.479575484991073608e-02
2.936288416385650635e-01
3.430932760238647461e-01
3.993116915225982666e-01
4.215362668037414551e-01
7.396329641342163086e-01
3.365809321403503418e-01
3.837340325117111206e-02
1.248286604881286621e+00
0.000000000000000000e+00
4.541538059711456299e-01
8.036420941352844238e-01
1.502402964979410172e-02
1.677770465612411499e-01
6.270664930343627930e-01
2.051125019788742065e-01
7.856865413486957550e-04
7.557260990142822266e-01
3.248723596334457397e-02
1.684525370597839355e+00
4.802635870873928070e-03
0.000000000000000000e+00
2.318516522645950317e-01
7.892623543739318848e-02
6.005110964179039001e-02
7.419472187757492065e-02
1.241677626967430115e-01
0.000000000000000000e+00
3.274311870336532593e-02
5.825899168848991394e-02
9.170417487621307373e-02
8.512043952941894531e-01
3.133377293124794960e-03
3.749651461839675903e-02
0.000000000000000000e+00
0.000000000000000000e+00
4.187759011983871460e-03
6.234348937869071960e-02
1.586271673440933228e-01
2.665731608867645264e-01
0.000000000000000000e+00
7.577174156904220581e-02
4.008043110370635986e-01
1.822513788938522339e-01
0.000000000000000000e+00
8.995772600173950195e-01
0.000000000000000000e+00
6.286555528640747070e-01
8.706159889698028564e-02
6.758651137351989746e-02
1.500910148024559021e-02
7.201306223869323730e-01
1.863020896911621094e+00
6.545893847942352295e-02
4.994111135601997375e-02
6.978216767311096191e-02
5.496259778738021851e-02
8.983222767710685730e-03
1.469767768867313862e-03
1.254701375961303711e+00
6.753869056701660156e-01
9.255904555320739746e-01
3.707604706287384033e-01
1.463474184274673462e-01
0.000000000000000000e+00
2.630024254322052002e-01
6.404678821563720703e-01
1.618738099932670593e-02
9.885269403457641602e-01
1.847911626100540161e-01
3.575593978166580200e-02
5.818901211023330688e-02
5.218318849802017212e-02
3.498626351356506348e-01
0.000000000000000000e+00
2.376459538936614990e-01
5.354030728340148926e-01
9.229655377566814423e-03
2.066500857472419739e-02
0.000000000000000000e+00
3.635686039924621582e-01
7.772331833839416504e-01
2.105393260717391968e-01
1.874349080026149750e-02
1.977826356887817383e-01
3.180933371186256409e-02
2.028968334197998047e-01
1.978775560855865479e-01
1.098592758178710938e+00
1.357790112495422363e+00
1.701603770256042480e+00
0.000000000000000000e+00
1.173089668154716492e-01
2.008023023605346680e+00
7.065025717020034790e-02
2.552625894546508789e+00
1.188772171735763550e-01
1.708230823278427124e-01
1.999779492616653442e-01
8.151509612798690796e-02
2.694813013076782227e-01
9.913923591375350952e-02
2.256161451339721680e+00
7.441347241401672363e-01
4.517916589975357056e-02
1.556606441736221313e-01
2.980076670646667480e-01
3.699033260345458984e-01
1.410764455795288086e-01
8.911656588315963745e-02
0.000000000000000000e+00
5.117029547691345215e-01
0.000000000000000000e+00
3.395797491073608398e+00
6.499844789505004883e-01
3.941714391112327576e-02
3.192174136638641357e-01
1.383726149797439575e-01
5.298535525798797607e-02
4.319425225257873535e-01
4.385503381490707397e-02
1.424626447260379791e-03
2.378371953964233398e-01
0.000000000000000000e+00
8.471891283988952637e-01
1.826237291097640991e-01
5.150756239891052246e-02
5.792806148529052734e-01
2.525642700493335724e-02
2.112836241722106934e-01
1.137539744377136230e-01
4.385730326175689697e-01
3.872863531112670898e+00
1.200765073299407959e-01
3.943032324314117432e-01
7.389003038406372070e-02
1.213109254837036133e+00
0.000000000000000000e+00
0.000000000000000000e+00
2.003349363803863525e-01
1.857414245605468750e-01
5.074574947357177734e-01
9.691253900527954102e-01
2.714005231857299805e+00
7.054955512285232544e-02
0.000000000000000000e+00
2.486399561166763306e-01
1.992732584476470947e-01
8.386999368667602539e-02
3.249654173851013184e-02
5.849327519536018372e-02
6.178843602538108826e-02
1.065065264701843262e+00
4.470875859260559082e-01
1.748185753822326660e+00
1.887588620185852051e+00
2.779126167297363281e+00
3.458596467971801758e-01
1.918451786041259766e-01
1.244912445545196533e-01
5.253244638442993164e-01
1.183377504348754883e-01
2.657705172896385193e-02
5.997860059142112732e-02
2.953278459608554840e-02
4.133275747299194336e-01
2.079339884221553802e-02
5.193157792091369629e-01
9.962884709239006042e-03
3.026440143585205078e-01
2.235482931137084961e+00
3.764640986919403076e-01
4.227473139762878418e-01
1.406064927577972412e-01
5.465301871299743652e-01
6.003533024340867996e-03
7.559443265199661255e-02
1.169361174106597900e-01
6.600906699895858765e-02
4.177482128143310547e-01
1.948109418153762817e-01
1.096501424908638000e-01
5.245402082800865173e-02
4.105001091957092285e-01
0.000000000000000000e+00
1.333074122667312622e-01
4.754345118999481201e-01
1.651502400636672974e-01
2.010265924036502838e-02
2.170528173446655273e-01
1.524167954921722412e-01
8.386393189430236816e-01
7.692040205001831055e-01
1.038366794586181641e+00
1.235165074467658997e-01
6.628644652664661407e-03
2.697068750858306885e-01
3.907092809677124023e-01
2.508063614368438721e-01
3.030808642506599426e-02
3.506698608398437500e-01
1.025488138198852539e+00
5.795353055000305176e-01
2.225218415260314941e-01
9.682893007993698120e-02
1.058125257492065430e+00
2.835168600082397461e+00
1.287792325019836426e-01
2.213110178709030151e-01
2.442746013402938843e-01
1.160708144307136536e-01
1.230256538838148117e-02
7.531183362007141113e-01
1.284500360488891602e+00
2.681263163685798645e-02
2.086281031370162964e-01
0.000000000000000000e+00
1.815940625965595245e-02
5.808012932538986206e-02
6.356890499591827393e-02
2.030481994152069092e-01
4.168663581367582083e-04
5.974747240543365479e-03
5.229732990264892578e-01
1.541039794683456421e-01
2.884534299373626709e-01
8.161097764968872070e-02
8.496605753898620605e-01
0.000000000000000000e+00
1.083022952079772949e-01
1.417017459869384766e+00
1.756218373775482178e-01
9.862781316041946411e-02
1.082735061645507812e+00
2.107892483472824097e-01
4.750538989901542664e-02
1.411055587232112885e-02
4.727804043795913458e-04
8.244437724351882935e-02
1.245401948690414429e-01
1.713173985481262207e-01
6.004271507263183594e-01
2.863788306713104248e-01
2.244169414043426514e-01
2.074814587831497192e-01
0.000000000000000000e+00
3.397980332374572754e-02
6.746985763311386108e-02
6.398651003837585449e-01
0.000000000000000000e+00
1.230652481317520142e-01
1.158180274069309235e-02
7.315823435783386230e-02
6.119519844651222229e-02
2.462844848632812500e-01
3.988271579146385193e-02
3.192578554153442383e-01
0.000000000000000000e+00
8.671816587448120117e-01
7.138643860816955566e-01
1.554117918014526367e+00
1.016286239027976990e-01
4.416347444057464600e-01
6.956209540367126465e-01
4.332796931266784668e-01
9.733717888593673706e-02
2.377588897943496704e-01
1.159702613949775696e-01
7.825507968664169312e-02
2.580717086791992188e+00
3.457376733422279358e-02
5.872491002082824707e-02
4.150065183639526367e-01
0.000000000000000000e+00
1.489237248897552490e-01
1.266365125775337219e-02
7.204630970954895020e-02
1.683433167636394501e-02
1.238645017147064209e-01
1.525960683822631836e+00
2.224844414740800858e-03
5.760170221328735352e-01
1.255367994308471680e-01
1.004548463970422745e-02
5.270050466060638428e-02
2.601445198059082031e+00
0.000000000000000000e+00
4.261787980794906616e-03
2.015073597431182861e-02
1.733732223510742188e+00
1.396685093641281128e-01
4.963854551315307617e-01
1.977563463151454926e-02
4.896700084209442139e-01
7.195830345153808594e-02
1.266926169395446777e+00
1.567761063575744629e+00
1.124620735645294189e-01
1.625392138957977295e-01
4.370741546154022217e-03
5.998571217060089111e-02
9.573228955268859863e-01
7.483057975769042969e-01
6.951775550842285156e-01
0.000000000000000000e+00
1.853837817907333374e-01
7.775176167488098145e-01
2.645890712738037109e-01
2.258619308471679688e+00
1.875711679458618164e-01
6.222771480679512024e-02
0.000000000000000000e+00
5.403854325413703918e-02
1.842520833015441895e-01
6.870278716087341309e-02
5.167632829397916794e-03
6.079998612403869629e-01
7.236587256193161011e-02
2.797840118408203125e+00
1.240094900131225586e+00
9.421530365943908691e-02
4.785618185997009277e-01
2.227227926254272461e+00
1.483889762312173843e-02
0.000000000000000000e+00
7.667661905288696289e-01
1.903268694877624512e-01
1.776119172573089600e-01
6.108736991882324219e-01
2.880078256130218506e-01
0.000000000000000000e+00
2.674457430839538574e-01
1.982172608375549316e+00
3.062762916088104248e-01
3.125128448009490967e-01
8.262418210506439209e-02
1.595748424530029297e+00
2.499933242797851562e-01
2.765603922307491302e-02
2.047764956951141357e-01
3.764187335968017578e+00
1.172075867652893066e+00
1.587027311325073242e-01
1.243534311652183533e-01
1.532631069421768188e-01
1.424954533576965332e-01
1.162701249122619629e-01
1.978570938110351562e+00
1.286779642105102539e-01
1.967676877975463867e-01
1.632011830806732178e-01
9.020712971687316895e-01
0.000000000000000000e+00
1.009032409638166428e-02
1.140761002898216248e-01
2.658929117023944855e-02
0.000000000000000000e+00
1.251462936401367188e+00
1.579233258962631226e-02
8.216273784637451172e-01
1.448871016502380371e+00
3.983730077743530273e-02
4.834010601043701172e-01
1.819142326712608337e-02
6.579076051712036133e-01
6.201953440904617310e-02
1.710657589137554169e-02
5.269999802112579346e-02
8.212891221046447754e-02
0.000000000000000000e+00
0.000000000000000000e+00
2.906441688537597656e-01
5.718348622322082520e-01
1.166721731424331665e-01
7.643264252692461014e-03
2.902544476091861725e-02
1.292320787906646729e-01
0.000000000000000000e+00
1.045272469520568848e+00
0.000000000000000000e+00
8.095118999481201172e-01
3.175083398818969727e-01
2.351136505603790283e-01
0.000000000000000000e+00
0.000000000000000000e+00
5.042134318500757217e-03
2.438545227050781250e-01
3.215559422969818115e-01
9.929415583610534668e-02
3.913851082324981689e-02
4.571521580219268799e-01
1.510640420019626617e-02
2.998410761356353760e-01
9.437113068997859955e-03
2.046911604702472687e-02
7.401975244283676147e-02
2.423528768122196198e-02
8.496522903442382812e-02
1.085335314273834229e-01
1.075117111206054688e+00
9.368750452995300293e-02
7.882059551775455475e-03
2.221345901489257812e-02
7.045475840568542480e-01
1.128844618797302246e-01
3.346007168292999268e-01
1.342089567333459854e-02
6.776815056800842285e-01
1.031752377748489380e-01
5.183213949203491211e-01
1.465748436748981476e-02
1.106548547744750977e+00
7.468764670193195343e-03
8.274392783641815186e-02
2.043487548828125000e+00
3.235319554805755615e-01
0.000000000000000000e+00
4.028230011463165283e-01
1.231023669242858887e-01
4.234817344695329666e-03
1.248525381088256836e-01
1.940467357635498047e+00
7.725381851196289062e-01
2.043832689523696899e-01
3.966130688786506653e-02
2.320892363786697388e-01
1.459602415561676025e-01
1.073234558105468750e+00
3.847662210464477539e-01
5.256585776805877686e-02
2.465978413820266724e-01
4.772702455520629883e-01
2.804003715515136719e+00
3.477847576141357422e-02
0.000000000000000000e+00
0.000000000000000000e+00
9.242355823516845703e-02
4.005419462919235229e-02
4.133754372596740723e-01
1.672060012817382812e+00
1.106828004121780396e-01
6.918594986200332642e-02
2.276939600706100464e-01
6.631801277399063110e-02
6.340274959802627563e-02
1.040456414222717285e+00
1.997468173503875732e-01
0.000000000000000000e+00
2.634932994842529297e-01
2.887694537639617920e-01
5.572931095957756042e-02
6.495465338230133057e-02
8.472099900245666504e-02
9.499999880790710449e-01
1.568931192159652710e-01
2.052301466464996338e-01
0.000000000000000000e+00
3.355759978294372559e-01
3.265398740768432617e-01
4.397194087505340576e-01
8.095163106918334961e-01
4.746582508087158203e-01
5.468490719795227051e-01
4.213745594024658203e-01
3.134514391422271729e-02
2.463898807764053345e-02
0.000000000000000000e+00
3.815248310565948486e-01
0.000000000000000000e+00
4.629680216312408447e-01
4.074190557003021240e-01
4.151879996061325073e-02
5.768483877182006836e-01
5.453663468360900879e-01
0.000000000000000000e+00
3.084355033934116364e-02
2.459814071655273438e+00
4.310051798820495605e-01
1.045623421669006348e-01
0.000000000000000000e+00
1.806853525340557098e-02
2.437048032879829407e-02
2.428027153015136719e+00
1.056789308786392212e-01
0.000000000000000000e+00
4.742057994008064270e-02
1.473914831876754761e-02
0.000000000000000000e+00
2.923720479011535645e-01
1.526919901371002197e-01
8.671090751886367798e-02
0.000000000000000000e+00
0.000000000000000000e+00
2.105161175131797791e-02
1.758909076452255249e-01
6.730684638023376465e-02
1.492407470941543579e-01
3.144235312938690186e-01
1.667832136154174805e-01
6.145245432853698730e-01
2.086170613765716553e-01
0.000000000000000000e+00
5.148440599441528320e-01
3.821415081620216370e-02
7.523213624954223633e-01
3.022115528583526611e-01
1.241803914308547974e-02
2.065557427704334259e-02
1.944960206747055054e-01
1.807053834199905396e-01
2.922186255455017090e-01
5.058091878890991211e-01
1.036652326583862305e+00
0.000000000000000000e+00
3.308897316455841064e-01
8.414734601974487305e-01
1.932092383503913879e-02
2.695310674607753754e-02
0.000000000000000000e+00
0.000000000000000000e+00
2.773101329803466797e-01
3.797495737671852112e-02
7.350649237632751465e-01
1.799335237592458725e-03
9.828124642372131348e-01
7.078737020492553711e-01
5.185024738311767578e-01
1.226746290922164917e-01
3.696776926517486572e-01
1.493903279304504395e+00
6.118251085281372070e-01
6.328525543212890625e-01
9.910623431205749512e-01
5.521750450134277344e-01
4.180305302143096924e-01
1.292593330144882202e-01
2.300747632980346680e-01
4.079965129494667053e-02
4.983403086662292480e-01
3.202472925186157227e-01
2.344987243413925171e-01
0.000000000000000000e+00
2.594992816448211670e-01
1.101940512657165527e+00
8.185959458351135254e-01
6.287291646003723145e-01
1.298482269048690796e-01
1.880816221237182617e-01
2.866037935018539429e-02
0.000000000000000000e+00
5.459591047838330269e-04
5.609280467033386230e-01
9.299339056015014648e-01
1.371571123600006104e-01
4.747160151600837708e-02
2.244303189218044281e-02
8.176119066774845123e-03
1.405018121004104614e-01
9.762468338012695312e-01
4.978640675544738770e-01
3.734354972839355469e-01
6.212391331791877747e-02
5.613750815391540527e-01
3.400285542011260986e-01
1.861874945461750031e-02
5.320142507553100586e-01
1.231183052062988281e+00
0.000000000000000000e+00
8.015937805175781250e-01
5.887371301651000977e-02
0.000000000000000000e+00
1.409648507833480835e-01
0.000000000000000000e+00
1.162609696388244629e+00
9.150234982371330261e-03
2.424875050783157349e-01
1.200515747070312500e+00
3.169521689414978027e-02
6.671628355979919434e-02
7.265597820281982422e+00
1.690712012350559235e-02
3.661436587572097778e-02
7.521390318870544434e-01
6.178122013807296753e-02
1.247062012553215027e-01
6.767121958546340466e-04
1.906063109636306763e-01
1.067426919937133789e+00
9.612032771110534668e-02
0.000000000000000000e+00
1.588853076100349426e-03
3.409869736060500145e-03
0.000000000000000000e+00
3.047120571136474609e-01
3.767533540725708008e+00
4.030161201953887939e-01
1.737801283597946167e-01
8.883731439709663391e-03
8.971071243286132812e-02
0.000000000000000000e+00
6.798723340034484863e-01
2.641118168830871582e-01
0.000000000000000000e+00
2.011023759841918945e-01
4.412547871470451355e-02
7.783882319927215576e-02
4.217390716075897217e-01
5.478307604789733887e-01
1.246140077710151672e-01
7.452563941478729248e-02
2.050909250974655151e-01
2.050465494394302368e-01
1.465160548686981201e-01
2.088431268930435181e-02
0.000000000000000000e+00
1.311153173446655273e+00
4.700135290622711182e-01
2.111371457576751709e-01
1.551744490861892700e-01
1.421272635459899902e+00
4.942630417644977570e-03
3.965854272246360779e-02
3.567003011703491211e-01
7.534880191087722778e-02
0.000000000000000000e+00
2.139478206634521484e+00
2.356409840285778046e-02
1.562634468078613281e+00
8.644365519285202026e-02
1.575486660003662109e-01
7.192530632019042969e-01
3.409319818019866943e-01
7.241448760032653809e-02
4.688133951276540756e-03
1.544100344181060791e-01
4.137659072875976562e-02
9.712125658988952637e-01
4.911968484520912170e-02
4.416977614164352417e-02
1.204786077141761780e-01
6.325648725032806396e-02
2.942698597908020020e-01
3.073122203350067139e-01
3.256303966045379639e-01
7.919190078973770142e-02
9.233733266592025757e-02
1.542793393135070801e+00
7.034976780414581299e-02
4.586332142353057861e-01
1.099900454282760620e-01
7.011345773935317993e-02
1.087731838226318359e+00
3.847368955612182617e-01
9.172045625746250153e-03
1.501784801483154297e+00
3.023726940155029297e-01
1.895104944705963135e-01
1.044561386108398438e+00
1.958068609237670898e-01
1.692709475755691528e-01
0.000000000000000000e+00
1.153111100196838379e+00
5.797091722488403320e-01
1.686690375208854675e-02
2.277683764696121216e-01
3.827078938484191895e-01
3.622793555259704590e-01
1.678026169538497925e-01
3.592450022697448730e-01
2.267923578619956970e-02
1.280620455741882324e+00
1.062726974487304688e+00
5.227785706520080566e-01
5.328384041786193848e-02
8.654052615165710449e-01
4.996874928474426270e-02
4.807195067405700684e-02
0.000000000000000000e+00
1.157168373465538025e-01
1.014634966850280762e-01
1.642042875289916992e+00
1.594479918479919434e+00
2.660231851041316986e-02
0.000000000000000000e+00
5.512943025678396225e-04
1.655937314033508301e+00
4.863458275794982910e-01
1.572933048009872437e-01
2.402007818222045898e+00
9.036694169044494629e-01
4.126816689968109131e-01
8.480212092399597168e-02
5.395899415016174316e-01
1.489872485399246216e-01
1.596045680344104767e-02
4.058198451995849609e+00
4.225424490869045258e-03
0.000000000000000000e+00
7.006757259368896484e-01
2.549324512481689453e+00
3.189519047737121582e-01
5.089321732521057129e-02
6.266294717788696289e-01
6.613680720329284668e-01
1.360506401397287846e-03
5.938667058944702148e-01
0.000000000000000000e+00
2.750892564654350281e-02
5.477127805352210999e-02
1.693152427673339844e+00
9.834457933902740479e-02
1.518373936414718628e-01
3.742038458585739136e-02
1.026143908500671387e+00
0.000000000000000000e+00
0.000000000000000000e+00
4.088718593120574951e-01
6.501383781433105469e-01
9.152525663375854492e-02
0.000000000000000000e+00
2.412373386323451996e-02
0.000000000000000000e+00
8.496640920639038086e-01
1.803884059190750122e-01
4.170780181884765625e-01
0.000000000000000000e+00
1.535973846912384033e-01
1.248329281806945801e-01
1.373964548110961914e+00
2.952618002891540527e-01
3.278354704380035400e-01
2.571309506893157959e-01
6.111403703689575195e-01
4.254746064543724060e-02
3.587371706962585449e-01
9.678731858730316162e-02
1.920406520366668701e-02
5.461820363998413086e-01
5.504876375198364258e-01
9.150749444961547852e-01
8.705487847328186035e-02
2.829475700855255127e-02
3.466450572013854980e-01
1.147205010056495667e-01
0.000000000000000000e+00
1.975482795387506485e-03
2.409759461879730225e-01
6.598416715860366821e-02
6.437402218580245972e-02
7.315600514411926270e-01
3.291242122650146484e-01
1.378420591354370117e+00
3.884212672710418701e-01
3.918341398239135742e-01
5.927098989486694336e-01
1.395814061164855957e+00
3.656941931694746017e-03
5.571537017822265625e-01
1.602889299392700195e-01
2.829549312591552734e-01
1.003841087222099304e-01
1.119139552116394043e+00
0.000000000000000000e+00
2.275271117687225342e-01
0.000000000000000000e+00
0.000000000000000000e+00
9.982897341251373291e-02
0.000000000000000000e+00
7.179834414273500443e-03
2.223862260580062866e-01
3.684049248695373535e-01
1.004909873008728027e+00
5.835202336311340332e-01
1.168175712227821350e-01
1.311234105378389359e-02
0.000000000000000000e+00
1.067714616656303406e-01
1.620444804430007935e-01
1.264914721250534058e-01
1.402092725038528442e-01
2.069792002439498901e-01
5.639494583010673523e-02
2.426874823868274689e-03
6.404042243957519531e-01
7.303356379270553589e-02
1.137050837278366089e-01
3.787785768508911133e-02
3.443542809691280127e-04
1.119013503193855286e-01
2.606720328330993652e-01
0.000000000000000000e+00
1.321945935487747192e-01
1.613818407058715820e+00
2.411712519824504852e-02
4.736536443233489990e-01
7.360659241676330566e-01
4.781181812286376953e-01
4.880078881978988647e-02
2.501567363739013672e+00
2.683279477059841156e-02
2.716676294803619385e-01
8.030761033296585083e-02
3.014309331774711609e-02
4.551746547222137451e-01
2.843972444534301758e-01
6.792369484901428223e-01
8.568066954612731934e-01
6.934563517570495605e-01
0.000000000000000000e+00
3.092837333679199219e-01
1.224437952041625977e-01
5.997585654258728027e-01
3.090941160917282104e-02
1.512522846460342407e-01
1.599455326795578003e-01
2.839433550834655762e-01
9.044197201728820801e-01
6.236071586608886719e-01
1.042663693428039551e+00
0.000000000000000000e+00
1.225858107209205627e-01
1.178204864263534546e-01
1.213230490684509277e-01
3.372586369514465332e-01
1.462497413158416748e-01
4.739863872528076172e-01
1.827362924814224243e-02
0.000000000000000000e+00
3.486628532409667969e-01
2.002221345901489258e-01
9.314493089914321899e-02
2.970004081726074219e-01
4.709468781948089600e-01
3.855882883071899414e-01
9.069646596908569336e-01
2.232903614640235901e-02
3.424319624900817871e-02
5.212277173995971680e-01
3.739665150642395020e-01
1.009205818176269531e+00
0.000000000000000000e+00
1.343911588191986084e-01
1.208445310592651367e+00
6.037920117378234863e-01
2.926766127347946167e-02
3.835041522979736328e-01
2.641423791646957397e-02
1.767658293247222900e-01
0.000000000000000000e+00
4.185247793793678284e-02
1.726752519607543945e-01
3.344593942165374756e-02
3.454780951142311096e-02
1.326527237892150879e+00
3.262147679924964905e-02
6.932463496923446655e-02
3.985295444726943970e-02
1.231692075729370117e+00
3.490760922431945801e-01
1.579206436872482300e-01
1.412200927734375000e-02
5.650275573134422302e-02
1.938034743070602417e-01
4.834548532962799072e-01
4.082086682319641113e-02
1.235474586486816406e+00
0.000000000000000000e+00
2.896410822868347168e-01
1.221687942743301392e-01
2.581914961338043213e-01
2.399229444563388824e-02
1.119468733668327332e-02
2.220966517925262451e-01
4.202384948730468750e-01
1.596517562866210938e-01
1.448751538991928101e-01
1.016567125916481018e-01
5.140082836151123047e-01
5.875973701477050781e-01
0.000000000000000000e+00
1.411192566156387329e-01
2.498487383127212524e-01
5.809971690177917480e-02
3.656028509140014648e-01
0.000000000000000000e+00
1.818153858184814453e-01
1.062503904104232788e-01
6.842400431632995605e-01
1.141915321350097656e+00
6.786784157156944275e-03
1.366021335124969482e-01
4.019640982151031494e-01
4.150740057229995728e-02
5.546966791152954102e-01
7.953021675348281860e-02
1.502698957920074463e-01
5.530776977539062500e-01
1.084332820028066635e-02
1.668301820755004883e-01
2.342470735311508179e-01
3.600912988185882568e-01
4.168820977210998535e-01
5.595993995666503906e-01
6.265184283256530762e-01
0.000000000000000000e+00
1.254247128963470459e-01
2.314241379499435425e-01
5.949004739522933960e-02
9.178875684738159180e-01
2.068673372268676758e-01
1.476474255323410034e-01
2.342140376567840576e-01
4.092144966125488281e-01
9.001862257719039917e-02
3.461846411228179932e-01
1.564445495605468750e+00
1.209027886390686035e+00
4.954840242862701416e-01
5.212022736668586731e-02
5.926111936569213867e-01
9.666316327638924122e-04
6.799329817295074463e-02
9.406267404556274414e-01
8.801146745681762695e-01
2.533621191978454590e-01
1.374601721763610840e+00
2.657933160662651062e-02
1.733770817518234253e-01
1.110748946666717529e-01
2.580258809030056000e-02
0.000000000000000000e+00
6.619538646191358566e-03
1.534189134836196899e-01
6.728118062019348145e-01
7.323503494262695312e-03
0.000000000000000000e+00
9.221683144569396973e-01
1.506369113922119141e-01
8.056867718696594238e-01
1.660276949405670166e-01
7.487205862998962402e-01
8.465085625648498535e-01
2.479400634765625000e-01
6.850861310958862305e-01
8.554942607879638672e-01
3.738557994365692139e-01
0.000000000000000000e+00
3.745767474174499512e-02
1.931365877389907837e-01
1.769641935825347900e-01
7.455537915229797363e-01
1.000429131090641022e-02
2.565279006958007812e-01
6.029091477394104004e-01
0.000000000000000000e+00
1.111798286437988281e-01
3.196641504764556885e-01
2.221231311559677124e-01
1.395842991769313812e-02
1.914695620536804199e+00
2.522984743118286133e-01
1.981878131628036499e-01
0.000000000000000000e+00
4.638729244470596313e-02
6.807956844568252563e-02
6.166926026344299316e-02
1.487121544778347015e-02
7.084661629050970078e-03
4.389878809452056885e-01
7.399998903274536133e-01
3.760509192943572998e-02
2.047003954648971558e-01
0.000000000000000000e+00
1.493911147117614746e+00
1.206969842314720154e-01
1.047610491514205933e-02
1.532629728317260742e-01
9.820917248725891113e-01
3.120049647986888885e-02
6.093678474426269531e-01
1.658246815204620361e-01
1.612746529281139374e-02
0.000000000000000000e+00
3.913612663745880127e-01
5.140536427497863770e-01
3.144483864307403564e-01
0.000000000000000000e+00
0.000000000000000000e+00
1.245238259434700012e-01
1.143719777464866638e-01
1.162885725498199463e-01
1.275156438350677490e-01
6.424395740032196045e-02
3.988716304302215576e-01
5.941799841821193695e-03
9.694283455610275269e-02
2.636390030384063721e-01
4.543524682521820068e-01
2.731028944253921509e-02
4.631553310900926590e-03
8.781604468822479248e-02
1.697099884040653706e-03
0.000000000000000000e+00
2.965548038482666016e-01
2.266940101981163025e-02
2.140918970108032227e-01
1.759828090667724609e+00
0.000000000000000000e+00
8.321533203125000000e-01
5.004374384880065918e-01
0.000000000000000000e+00
1.422029081732034683e-02
4.394249990582466125e-02
0.000000000000000000e+00
0.000000000000000000e+00
0.000000000000000000e+00
7.162005305290222168e-01
6.309443712234497070e-02
1.465756416320800781e+00
3.915806710720062256e-01
0.000000000000000000e+00
0.000000000000000000e+00
3.504062294960021973e-01
1.257784605026245117e+00
1.858122110366821289e+00
4.065604507923126221e-02
2.361343428492546082e-02
3.807193636894226074e-01
4.192014932632446289e-01
1.810752414166927338e-02
4.492858648300170898e-01
1.936271488666534424e-01
0.000000000000000000e+00
1.516364216804504395e-01
4.507805109024047852e-01
5.669919848442077637e-01
9.393091797828674316e-01
2.447900176048278809e-01
1.775991797447204590e+00
1.146151646971702576e-01
8.087878823280334473e-01
2.969526946544647217e-01
1.161614656448364258e+00
8.399964332580566406e+00
2.571759521961212158e-01
1.380246281623840332e-01
9.573595225811004639e-02
3.816682472825050354e-02
3.176884651184082031e-01
5.437555536627769470e-02
5.875278264284133911e-03
1.596971414983272552e-02
4.457022249698638916e-01
7.219816744327545166e-02
3.429667353630065918e-01
0.000000000000000000e+00
1.681729316711425781e+00
3.013957142829895020e-01
9.229638427495956421e-02
7.882893085479736328e-01
1.760496795177459717e-01
1.781466789543628693e-02
0.000000000000000000e+00
1.288807392120361328e-01
1.427607059478759766e+00
6.633793711662292480e-01
7.790502309799194336e-01
0.000000000000000000e+00
5.443675518035888672e-01
4.104173481464385986e-01
0.000000000000000000e+00
0.000000000000000000e+00
4.769544303417205811e-01
8.453832268714904785e-01
1.522748172283172607e-01
1.062249660491943359e+00
3.403995335102081299e-01
1.001676991581916809e-01
3.183052539825439453e-01
2.202212661504745483e-01
8.959461003541946411e-02
6.252082586288452148e-01
4.699818789958953857e-02
5.720925331115722656e-02
2.885146066546440125e-02
4.637498557567596436e-01
2.207089900970458984e+00
2.740621566772460938e-04
1.577044576406478882e-01
4.413233399391174316e-01
1.870070099830627441e-01
3.170255513396114111e-04
0.000000000000000000e+00
1.448717594146728516e+00
1.181679606437683105e+00
1.281280070543289185e-02
1.153095960617065430e-01
2.494888752698898315e-01
1.700390130281448364e-02
5.548814535140991211e-01
2.611953496932983398e+00
4.774120450019836426e-02
0.000000000000000000e+00
0.000000000000000000e+00
3.308768868446350098e-01
2.337294071912765503e-01
5.436543002724647522e-02
5.255890265107154846e-02
1.783603802323341370e-02
4.105070531368255615e-01
2.934264242649078369e-01
8.835916407406330109e-03
3.013435602188110352e-01
3.229690313339233398e+00
7.291415333747863770e-01
5.285705327987670898e-01
2.624151706695556641e+00
1.988741606473922729e-01
6.190165281295776367e-01
5.237039327621459961e-01
9.051058441400527954e-02
6.675182282924652100e-02
2.034590393304824829e-02
5.588719844818115234e-01
3.301510810852050781e-01
4.306022077798843384e-03
7.389676570892333984e-01
2.092771977186203003e-01
3.301462158560752869e-02
2.865845151245594025e-02
1.189631819725036621e-01
6.377592217177152634e-03
7.952270507812500000e-01
8.564214222133159637e-03
0.000000000000000000e+00
1.256592720746994019e-01
1.578103661537170410e+00
5.867785308510065079e-03
1.142845749855041504e+00
3.653086721897125244e-01
2.010126709938049316e-01
1.930044740438461304e-01
8.945863693952560425e-03
1.321049872785806656e-02
3.981435596942901611e-01
2.086922340095043182e-02
0.000000000000000000e+00
5.508478283882141113e-01
4.848335087299346924e-01
3.082435429096221924e-01
2.292777597904205322e-01
1.224509358406066895e+00
2.241308242082595825e-01
4.431736096739768982e-02
3.258638978004455566e-01
7.606142759323120117e-02
2.348687686026096344e-02
2.235581129789352417e-01
5.793334171175956726e-02
0.000000000000000000e+00
1.891309916973114014e-01
7.183432579040527344e-01
3.598113544285297394e-03
6.511589288711547852e-01
1.230580452829599380e-02
0.000000000000000000e+00
7.091549634933471680e-01
1.264054775238037109e-01
7.964980602264404297e-02
0.000000000000000000e+00
1.390074133872985840e+00
1.536999195814132690e-01
2.845943868160247803e-01
1.977375894784927368e-01
1.787986904382705688e-01
3.200289011001586914e-01
4.429577291011810303e-01
0.000000000000000000e+00
2.203862667083740234e-01
1.912441372871398926e+00
5.022382736206054688e-01
8.346961140632629395e-01
7.106909751892089844e-01
7.993679493665695190e-02
1.174597740173339844e+00
1.568879932165145874e-01
1.078514382243156433e-01
9.857439398765563965e-01
3.441490232944488525e-01
1.578878909349441528e-01
7.165285944938659668e-02
0.000000000000000000e+00
2.134290784597396851e-01
3.853426456451416016e+00
3.113841712474822998e-01
3.222317993640899658e-02
9.408270120620727539e-01
8.264490962028503418e-01
1.773559451103210449e-01
7.490616291761398315e-02
7.623040080070495605e-01
1.251689076423645020e+00
5.542357265949249268e-02
4.723413661122322083e-02
1.725954860448837280e-01
2.253645472228527069e-02
5.269318222999572754e-01
4.081375002861022949e-01
0.000000000000000000e+00
3.797352015972137451e-01
4.878692924976348877e-01
6.668561697006225586e-01
4.832299426198005676e-02
4.599288105964660645e-01
6.638574600219726562e-01
0.000000000000000000e+00
2.539461553096771240e-01
1.074559837579727173e-01
6.857640743255615234e-01
2.434020489454269409e-01
7.878598570823669434e-01
1.784695386886596680e-01
6.752124428749084473e-02
1.925249546766281128e-01
1.140451431274414062e-02
3.286788463592529297e-01
1.511353105306625366e-01
7.572013139724731445e-02
4.173882305622100830e-02
1.144890710711479187e-01
8.019243367016315460e-03
6.650509834289550781e-01
1.274049282073974609e-01
1.689201407134532928e-02
2.621316313743591309e-01
0.000000000000000000e+00
3.410981595516204834e-01
4.549050331115722656e-02
7.697353959083557129e-01
3.999730348587036133e-01
0.000000000000000000e+00
1.580647110939025879e+00
5.475432872772216797e-01
8.457043021917343140e-02
2.376585155725479126e-01
6.927273273468017578e-01
1.144093155860900879e+00
3.928126394748687744e-01
3.275857567787170410e-01
4.190090596675872803e-01
1.348825693130493164e-01
3.718662634491920471e-02
5.023201704025268555e-01
3.718760311603546143e-01
5.406713485717773438e-01
1.379802227020263672e-01
3.384542167186737061e-01
1.343695446848869324e-03
8.365652710199356079e-02
1.970272064208984375e-01
2.005992829799652100e-01
0.000000000000000000e+00
3.910785913467407227e-01
5.966889671981334686e-03
1.157216548919677734e+00
8.633405566215515137e-01
1.977359056472778320e-01
1.155588030815124512e-01
1.190856024622917175e-01
3.235981464385986328e-01
0.000000000000000000e+00
0.000000000000000000e+00
3.366355001926422119e-01
0.000000000000000000e+00
2.380094677209854126e-02
7.816212773323059082e-01
2.644524574279785156e-01
6.278115790337324142e-03
2.533045709133148193e-01
6.195090245455503464e-03
1.058510765433311462e-01
1.497726328670978546e-02
1.248540207743644714e-01
4.906147345900535583e-02
1.514066476374864578e-02
0.000000000000000000e+00
0.000000000000000000e+00
5.506839603185653687e-02
4.088954534381628036e-03
2.636589109897613525e-01
0.000000000000000000e+00
0.000000000000000000e+00
7.234489917755126953e-02
1.748818755149841309e-01
0.000000000000000000e+00
1.865445226430892944e-01
1.025539517402648926e+00
1.143063664436340332e+00
1.323143243789672852e-01
4.124331176280975342e-01
8.476729271933436394e-04
2.619163393974304199e-01
0.000000000000000000e+00
2.514410018920898438e-02
3.021308034658432007e-02
1.485024571418762207e+00
3.331262618303298950e-02
4.579136073589324951e-01
5.836941301822662354e-02
6.504976153373718262e-01
6.172329187393188477e-01
1.283269882202148438e+00
3.563091903924942017e-02
3.430215418338775635e-01
2.843044996261596680e-01
2.596502900123596191e-01
1.786822080612182617e-01
1.251713931560516357e-01
3.833572566509246826e-01
1.645347177982330322e-01
4.717603325843811035e-02
2.807686328887939453e-01
1.326244026422500610e-01
0.000000000000000000e+00
1.972235739231109619e-02
2.335339598357677460e-02
6.534604430198669434e-01
2.427503466606140137e-02
7.224519550800323486e-02
5.947803333401679993e-02
5.434309244155883789e-01
0.000000000000000000e+00
3.239623829722404480e-02
4.701724946498870850e-01
5.212770029902458191e-02
1.539406180381774902e+00
1.624797731637954712e-01
8.311904035508632660e-03
4.089838266372680664e-01
5.006677284836769104e-02
7.465291619300842285e-01
0.000000000000000000e+00
0.000000000000000000e+00
3.691199049353599548e-02
7.977402955293655396e-02
0.000000000000000000e+00
1.268226265907287598e+00
2.505662202835083008e+00
3.161663115024566650e-01
3.883986175060272217e-02
5.037956684827804565e-02
2.279262244701385498e-02
0.000000000000000000e+00
2.739646658301353455e-02
1.163610909134149551e-02
2.128206044435501099e-01
1.577512547373771667e-02
3.396766781806945801e-01
3.930900394916534424e-01
1.550633087754249573e-02
0.000000000000000000e+00
2.157161757349967957e-02
4.483899772167205811e-01
2.301068305969238281e+00
0.000000000000000000e+00
6.329071521759033203e-02
4.404265433549880981e-02
8.448204398155212402e-02
7.153155207633972168e-01
4.569870471954345703e+00
1.680236905813217163e-01
4.105449914932250977e-01
9.011738002300262451e-02
2.843891382217407227e-01
1.244167983531951904e-01
0.000000000000000000e+00
1.192332208156585693e-01
9.700674563646316528e-02
7.628148049116134644e-02
3.655220270156860352e-01
0.000000000000000000e+00
6.813871860504150391e-02
1.586578845977783203e+00
2.213341556489467621e-02
8.552550673484802246e-01
2.910383045673370361e-02
1.032843887805938721e-01
5.946334451436996460e-03
7.630617022514343262e-01
2.781454801559448242e+00
8.729540742933750153e-03
4.722396731376647949e-01
5.323896557092666626e-02
2.739945173263549805e+00
7.953575998544692993e-02
2.230743169784545898e-01
3.042576368898153305e-03
9.431485086679458618e-02
1.453270077705383301e+00
1.131268069148063660e-01
3.619928844273090363e-03
1.029914379119873047e+00
0.000000000000000000e+00
1.117810327559709549e-02
3.368480801582336426e-01
1.334006488323211670e-01
1.653004527091979980e+00
9.778521060943603516e-01
1.760763823986053467e-01
9.574261903762817383e-01
2.118812650442123413e-01
5.543525815010070801e-01
1.567383180372416973e-03
5.921285152435302734e-01
1.460633426904678345e-01
6.680310517549514771e-02
2.250697463750839233e-01
1.495741009712219238e-01
1.372970342636108398e-01
2.442912608385086060e-01
6.016685068607330322e-02
5.756862163543701172e-01
8.983978033065795898e-01
1.525383144617080688e-01
6.810561418533325195e-01
2.402965351939201355e-02
1.112980172038078308e-01
1.469776332378387451e-01
1.295923143625259399e-01
0.000000000000000000e+00
2.750029325485229492e+00
6.987885385751724243e-02
9.847138822078704834e-02
1.448072791099548340e+00
0.000000000000000000e+00
1.318416744470596313e-01
1.479829430580139160e+00
1.038742423057556152e+00
7.245340943336486816e-02
9.756053984165191650e-02
2.866489067673683167e-02
1.152317877858877182e-02
4.633849859237670898e-01
1.607128500938415527e+00
7.199361920356750488e-02
8.443076908588409424e-02
9.294049441814422607e-02
9.241654723882675171e-02
2.003278285264968872e-01
5.604159832000732422e-01
0.000000000000000000e+00
2.363266497850418091e-01
3.198271989822387695e-02
5.144078731536865234e-01
4.482013732194900513e-02
1.811073780059814453e+00
1.257265508174896240e-01
2.412864239886403084e-03
2.679953873157501221e-01
3.321544528007507324e-01
8.470382094383239746e-01
9.617935419082641602e-01
3.263950347900390625e-03
4.420733451843261719e-02
0.000000000000000000e+00
3.534524738788604736e-01
1.958715021610260010e-01
2.179885208606719971e-01
6.962407231330871582e-01
0.000000000000000000e+00
6.019450351595878601e-02
4.363562539219856262e-02
2.508082091808319092e-01
1.700949519872665405e-01
2.721778303384780884e-02
6.446761488914489746e-01
8.757645636796951294e-02
8.157809078693389893e-02
4.733068645000457764e-01
1.191203445196151733e-01
2.161587178707122803e-01
3.016621470451354980e-01
3.741496801376342773e-02
5.752550959587097168e-01
1.147131443023681641e+00
4.823496639728546143e-01
2.024875134229660034e-01
0.000000000000000000e+00
1.675328463315963745e-01
2.220783010125160217e-02
7.810313999652862549e-02
3.055231571197509766e-01
1.616025209426879883e+00
1.290486752986907959e-02
4.792611300945281982e-01
4.155047610402107239e-02
0.000000000000000000e+00
6.137685477733612061e-02
1.544127706438302994e-03
5.625281110405921936e-02
1.387087255716323853e-01
1.288026422262191772e-01
1.481932848691940308e-01
4.838061332702636719e-01
1.130878210067749023e+00
1.448897272348403931e-01
7.648289203643798828e-01
9.432010352611541748e-02
0.000000000000000000e+00
2.245932817459106445e+00
1.642702845856547356e-03
6.602900568395853043e-03
2.011461406946182251e-01
0.000000000000000000e+00
1.180178746581077576e-01
4.173924680799245834e-03
3.337939269840717316e-03
2.297186851501464844e-02
7.097209095954895020e-01
5.012966394424438477e-01
1.062531471252441406e-01
6.583566218614578247e-02
1.032976061105728149e-01
1.169978260993957520e+00
2.681767463684082031e+00
4.174275696277618408e-02
4.740740358829498291e-02
1.886948198080062866e-01
2.694600224494934082e-01
1.148690506815910339e-01
1.281877309083938599e-01
4.158494770526885986e-01
3.615615963935852051e-01
1.325131803750991821e-01
5.638194456696510315e-02
0.000000000000000000e+00
0.000000000000000000e+00
0.000000000000000000e+00
1.567497253417968750e+00
3.142609819769859314e-02
0.000000000000000000e+00
9.432644397020339966e-02
1.885388046503067017e-01
1.179221630096435547e+00
5.207439884543418884e-02
4.742069244384765625e-01
1.675452709197998047e+00
1.579661667346954346e-01
2.764293178915977478e-02
5.757869482040405273e-01
2.337590694427490234e+00
0.000000000000000000e+00
2.915830314159393311e-01
5.602529644966125488e-01
4.373301565647125244e-01
4.267886653542518616e-02
7.823453843593597412e-02
3.793491125106811523e-01
1.280998706817626953e+00
1.048761606216430664e+00
8.152709603309631348e-01
8.418653011322021484e-01
2.677617371082305908e-01
5.280815362930297852e-01
2.231163233518600464e-01
1.214750260114669800e-01
8.858490735292434692e-02
4.211220890283584595e-02
1.411064267158508301e-01
4.554498493671417236e-01
7.042273879051208496e-02
2.752484679222106934e-01
2.604317963123321533e-01
4.327903687953948975e-01
1.957589685916900635e-01
1.128786325454711914e+00
6.477329414337873459e-03
2.873114682734012604e-02
1.084110662341117859e-01
0.000000000000000000e+00
1.852627992630004883e-01
6.181809585541486740e-03
4.762215018272399902e-01
0.000000000000000000e+00
2.537713758647441864e-02
1.201843749731779099e-02
0.000000000000000000e+00
2.969718165695667267e-02
2.028157234191894531e+00
5.791552364826202393e-02
0.000000000000000000e+00
8.046144843101501465e-01
2.034764140844345093e-01
3.216882050037384033e-02
1.488542067818343639e-03
5.150863528251647949e-01
8.374687433242797852e-01
1.384937465190887451e-01
6.201908588409423828e-01
0.000000000000000000e+00
7.889437675476074219e-02
0.000000000000000000e+00
1.388340592384338379e-01
1.562439799308776855e+00
1.524240374565124512e-01
1.469629287719726562e+00
0.000000000000000000e+00
0.000000000000000000e+00
1.121098473668098450e-01
5.284954234957695007e-02
3.960431739687919617e-02
2.326604366302490234e+00
1.082230806350708008e-01
2.316665090620517731e-02
4.971014559268951416e-01
2.255272567272186279e-01
8.160496354103088379e-01
1.455170035362243652e+00
1.858886122703552246e+00
1.538416594266891479e-01
4.357584714889526367e-01
5.256576836109161377e-02
3.986162543296813965e-01
5.296067148447036743e-02
1.509428769350051880e-01
1.450348943471908569e-01
3.395706415176391602e-02
8.503857254981994629e-02
3.282842934131622314e-01
4.059579689055681229e-03
2.287127543240785599e-03
5.690246820449829102e-01
8.490650653839111328e-01
1.141551733016967773e+00
7.059492170810699463e-02
6.358820199966430664e-02
8.671424537897109985e-02
1.184335425496101379e-01
1.304985404014587402e+00
6.060521118342876434e-03
2.054726518690586090e-02
1.126927137374877930e+00
1.690711244009435177e-03
6.108696460723876953e-01
7.052204608917236328e-01
8.505081534385681152e-01
4.568629860877990723e-01
7.291258871555328369e-02
1.284410804510116577e-02
3.586825430393218994e-01
5.948003530502319336e-01
9.338190406560897827e-02
2.050912618637084961e+00
1.556258320808410645e+00
7.154973149299621582e-01
3.818069119006395340e-03
9.399347305297851562e-01
2.438553720712661743e-01
8.608585000038146973e-01
1.839117109775543213e-01
3.040408194065093994e-01
1.319319903850555420e-01
0.000000000000000000e+00
4.236119985580444336e-02
1.744666457176208496e+00
4.612145200371742249e-02
1.667591631412506104e-01
1.096562385559082031e+00
1.296878606081008911e-02
6.300486624240875244e-02
4.283947050571441650e-01
1.047001406550407410e-01
2.260817587375640869e-02
6.776438355445861816e-01
2.314261674880981445e+00
0.000000000000000000e+00
9.428449720144271851e-02
5.923019647598266602e-01
0.000000000000000000e+00
2.505565404891967773e+00
8.810134604573249817e-03
1.100832670927047729e-01
9.116346947848796844e-03
3.326840996742248535e-01
0.000000000000000000e+00
1.550966408103704453e-03
1.937003433704376221e-02
2.567540621384978294e-03
0.000000000000000000e+00
7.924084663391113281e-01
4.670224785804748535e-01
1.601204127073287964e-01
1.193414330482482910e-01
0.000000000000000000e+00
6.265252232551574707e-01
1.161840558052062988e-01
3.698653075844049454e-03
2.581574022769927979e-01
3.746326267719268799e-02
6.368091106414794922e-01
1.230881094932556152e+00
0.000000000000000000e+00
6.021119952201843262e-01
4.773319140076637268e-02
3.947392851114273071e-02
5.897325277328491211e-01
0.000000000000000000e+00
0.000000000000000000e+00
6.452280282974243164e-01
2.576345577836036682e-02
6.565519571304321289e-01
1.803865283727645874e-02
3.783078491687774658e-02
9.152613282203674316e-01
1.413258790969848633e+00
3.944979235529899597e-02
2.433146815747022629e-03
1.626785546541213989e-01
1.362535059452056885e-01
7.756362855434417725e-02
2.804436683654785156e-01
3.956731557846069336e-01
3.286517262458801270e-01
1.383883833885192871e+00
3.241699337959289551e-01
3.772012889385223389e-02
2.989047765731811523e-01
2.968411520123481750e-02
1.553760617971420288e-01
