2.401393353939056396e-01
0.000000000000000000e+00
4.579637665301561356e-03
1.727383211255073547e-02
1.021015569567680359e-01
8.070942014455795288e-02
0.000000000000000000e+00
1.530082821846008301e-01
2.067918300628662109e+00
0.000000000000000000e+00
3.659873604774475098e-01
6.951655149459838867e-01
1.165313839912414551e+00
2.861280180513858795e-02
1.749221086502075195e-01
1.808295026421546936e-02
0.000000000000000000e+00
2.206271700561046600e-02
1.325888745486736298e-02
1.259575933218002319e-01
2.658106088638305664e-01
3.387111797928810120e-02
9.268939495086669922e-02
4.979851841926574707e-01
9.755427390336990356e-02
4.167169034481048584e-01
6.742782145738601685e-02
0.000000000000000000e+00
1.150046661496162415e-01
0.000000000000000000e+00
0.000000000000000000e+00
0.000000000000000000e+00
1.908163279294967651e-01
1.442612381651997566e-03
2.781518548727035522e-02
8.813191205263137817e-03
0.000000000000000000e+00
3.745056986808776855e-01
3.765540570020675659e-02
1.134229674935340881e-01
1.196778342127799988e-01
5.455021262168884277e-01
3.301673531532287598e-01
3.986730277538299561e-01
2.837319485843181610e-02
2.347878366708755493e-01
2.333414554595947266e-01
0.000000000000000000e+00
2.791753597557544708e-02
1.410979479551315308e-01
5.359339714050292969e-01
0.000000000000000000e+00
0.000000000000000000e+00
0.000000000000000000e+00
5.194188356399536133e-01
5.848975107073783875e-02
0.000000000000000000e+00
3.989589959383010864e-02
3.812636435031890869e-01
6.599910259246826172e-01
1.897878885269165039e+00
1.212396994233131409e-01
1.764151081442832947e-02
2.345926761627197266e-01
2.867468595504760742e+00
2.252668291330337524e-01
1.557531505823135376e-01
4.338991641998291016e-01
8.051667213439941406e-01
1.213248670101165771e-01
1.273235827684402466e-01
5.004547163844108582e-02
0.000000000000000000e+00
4.400952160358428955e-02
1.219637751579284668e+00
6.478933244943618774e-02
9.396056085824966431e-02
0.000000000000000000e+00
1.670464992523193359e+00
1.249540090560913086e+00
3.373121842741966248e-03
1.525642909109592438e-02
0.000000000000000000e+00
3.773601725697517395e-03
2.461627870798110962e-01
2.975221723318099976e-02
9.945472702383995056e-03
7.744235545396804810e-02
6.862396001815795898e-01
3.454304635524749756e-01
3.440947234630584717e-01
5.609569326043128967e-02
0.000000000000000000e+00
2.647941373288631439e-02
0.000000000000000000e+00
1.880333721637725830e-01
1.094351053237915039e+00
9.450607895851135254e-01
6.845866143703460693e-02
5.682295560836791992e-02
3.455653190612792969e-01
6.802902817726135254e-01
1.179281234741210938e+00
3.462954998016357422e+00
2.209132611751556396e-01
1.440813779830932617e+00
1.397732086479663849e-02
8.343880996108055115e-03
6.243453621864318848e-01
1.554951071739196777e+00
1.235160306096076965e-01
1.034011170268058777e-01
1.706966571509838104e-02
0.000000000000000000e+00
2.773644775152206421e-02
2.424534410238265991e-01
4.552557766437530518e-01
5.946449004113674164e-03
7.560972124338150024e-02
1.869693696498870850e-01
1.123438104987144470e-01
1.051441952586174011e-02
6.811928004026412964e-03
1.072972342371940613e-01
4.245593547821044922e+00
5.606549978256225586e-02
1.987919211387634277e-02
5.061088204383850098e-01
4.818066488951444626e-03
3.571435436606407166e-02
2.816749364137649536e-02
2.359080791473388672e+00
4.181910480838268995e-04
3.354962915182113647e-02
0.000000000000000000e+00
8.731846809387207031e-01
4.482542574405670166e-01
8.065230846405029297e-01
2.383725047111511230e-01
1.467858552932739258e-01
1.157587021589279175e-01
1.113944724202156067e-01
1.293558120727539062e+00
6.820744276046752930e-01
2.821860909461975098e-01
0.000000000000000000e+00
2.495822906494140625e-01
1.546288281679153442e-01
1.255602985620498657e-01
0.000000000000000000e+00
4.239553213119506836e-01
5.029968619346618652e-01
3.839786052703857422e-01
1.461481588194146752e-04
3.282940760254859924e-02
5.694735422730445862e-02
5.146347917616367340e-03
0.000000000000000000e+00
7.588982582092285156e-03
2.656701803207397461e-01
6.456309463828802109e-03
8.584318310022354126e-02
9.937666058540344238e-01
1.400960385799407959e-01
9.110596030950546265e-02
6.054702997207641602e-01
1.162767410278320312e-02
7.134560495615005493e-02
3.672195225954055786e-02
8.323646783828735352e-01
1.535966545343399048e-01
1.211837679147720337e-01
0.000000000000000000e+00
1.720914989709854126e-02
3.237839043140411377e-01
0.000000000000000000e+00
3.789484873414039612e-02
3.128276765346527100e-01
0.000000000000000000e+00
6.959009915590286255e-02
0.000000000000000000e+00
5.240257978439331055e-01
4.903964698314666748e-01
5.805313587188720703e-01
1.114726737141609192e-01
9.330626726150512695e-01
1.619582474231719971e-01
6.635328382253646851e-02
1.973591558635234833e-02
0.000000000000000000e+00
0.000000000000000000e+00
6.147033348679542542e-02
3.253380954265594482e-01
2.135760635137557983e-01
0.000000000000000000e+00
1.862565577030181885e-01
2.412215471267700195e+00
2.837580814957618713e-02
1.541226804256439209e-01
9.781428575515747070e-01
6.028856709599494934e-02
3.148458525538444519e-02
1.117803901433944702e-02
6.930195540189743042e-02
0.000000000000000000e+00
4.568573087453842163e-02
0.000000000000000000e+00
1.611649096012115479e-01
0.000000000000000000e+00
3.475330397486686707e-02
0.000000000000000000e+00
3.458837270736694336e-01
1.901264861226081848e-02
1.196471825242042542e-01
2.171372435986995697e-02
1.592308878898620605e+00
9.739288687705993652e-02
1.715885847806930542e-01
0.000000000000000000e+00
0.000000000000000000e+00
2.629854679107666016e-01
4.062436055392026901e-03
7.095746695995330811e-03
0.000000000000000000e+00
0.000000000000000000e+00
4.261874854564666748e-01
6.145439296960830688e-02
0.000000000000000000e+00
1.980719327926635742e+00
8.620262145996093750e-01
0.000000000000000000e+00
1.703153699636459351e-01
2.762642800807952881e-01
4.647974371910095215e-01
2.103174209594726562e+00
1.636556088924407959e-01
1.343190204352140427e-02
3.545890331268310547e+00
0.000000000000000000e+00
3.255991339683532715e-01
5.513443425297737122e-02
2.309616282582283020e-02
2.261793762445449829e-01
6.305748939514160156e+00
9.164146333932876587e-02
4.816834256052970886e-02
0.000000000000000000e+00
2.082927078008651733e-01
1.078859437257051468e-02
1.032087057828903198e-01
2.700261212885379791e-02
4.330956190824508667e-02
0.000000000000000000e+00
0.000000000000000000e+00
1.085496068000793457e+00
2.815228402614593506e-01
5.328451842069625854e-02
6.802262365818023682e-02
1.014249473810195923e-01
0.000000000000000000e+00
2.152629755437374115e-02
6.510159373283386230e-02
1.075638532638549805e+00
1.466945767402648926e+00
6.441801190376281738e-01
1.807225644588470459e-01
0.000000000000000000e+00
9.181845188140869141e-02
9.741057455539703369e-02
1.956800371408462524e-01
1.328499708324670792e-02
1.260459721088409424e-01
7.258904166519641876e-03
4.865438118577003479e-02
5.076125264167785645e-02
2.892270870506763458e-02
7.658842206001281738e-01
1.154245615005493164e+00
3.264925241470336914e+00
8.418617397546768188e-02
4.998270869255065918e-01
2.418192476034164429e-01
6.339411139488220215e-01
9.825903177261352539e-02
0.000000000000000000e+00
3.999399840831756592e-01
4.979048669338226318e-01
9.920912235975265503e-02
1.809631437063217163e-01
7.232833504676818848e-01
1.306218653917312622e-01
0.000000000000000000e+00
1.104450523853302002e-01
0.000000000000000000e+00
1.448028385639190674e-01
3.911354243755340576e-01
3.072019293904304504e-02
5.273150163702666759e-04
0.000000000000000000e+00
4.818322658538818359e-01
3.226344883441925049e-01
0.000000000000000000e+00
3.364802837371826172e+00
6.083406448364257812e+00
2.898658625781536102e-02
3.501587361097335815e-02
0.000000000000000000e+00
2.172380536794662476e-01
2.657146453857421875e-01
1.072640940546989441e-01
1.390860080718994141e+00
4.188935458660125732e-01
2.732769250869750977e-01
6.612239871174097061e-03
4.644764587283134460e-02
1.628872752189636230e-01
4.131657630205154419e-02
7.098531126976013184e-01
1.121947839856147766e-01
7.555457204580307007e-02
2.215140126645565033e-02
6.292206048965454102e-02
0.000000000000000000e+00
4.921970516443252563e-02
1.416137814521789551e+00
1.084045410156250000e+00
3.333889320492744446e-02
9.832713007926940918e-02
9.072285890579223633e-02
0.000000000000000000e+00
1.677588745951652527e-02
7.392665371298789978e-03
2.192648351192474365e-01
9.135541319847106934e-02
2.322703972458839417e-02
2.245536074042320251e-02
1.460087001323699951e-01
1.173534318804740906e-01
3.872839733958244324e-02
3.100376427173614502e-01
0.000000000000000000e+00
4.376805387437343597e-03
6.581761687994003296e-02
4.672676920890808105e-01
2.319328337907791138e-01
0.000000000000000000e+00
2.553313039243221283e-02
0.000000000000000000e+00
1.264336109161376953e-01
2.013466507196426392e-01
1.903655380010604858e-01
0.000000000000000000e+00
5.214285477995872498e-02
0.000000000000000000e+00
3.424876928329467773e-02
0.000000000000000000e+00
4.195617046207189560e-03
6.305222958326339722e-02
3.417735220864415169e-03
8.210454881191253662e-02
5.228559300303459167e-02
0.000000000000000000e+00
0.000000000000000000e+00
1.591656804084777832e-01
4.426489770412445068e-01
2.418111264705657959e-01
3.542214632034301758e-02
2.789268642663955688e-02
1.683057658374309540e-02
1.638876646757125854e-02
1.213442906737327576e-01
1.026496216654777527e-01
5.133641362190246582e-01
1.882136613130569458e-01
1.283930987119674683e-01
1.034431532025337219e-02
1.966667361557483673e-02
0.000000000000000000e+00
7.339531183242797852e-01
1.070549413561820984e-01
2.173162460327148438e+00
1.001448035240173340e-01
1.871398925781250000e+00
0.000000000000000000e+00
5.182613730430603027e-01
1.175342276692390442e-01
7.145325541496276855e-01
0.000000000000000000e+00
1.598824560642242432e-02
1.104005575180053711e-01
0.000000000000000000e+00
9.100853651762008667e-02
5.433460325002670288e-02
3.602916300296783447e-01
0.000000000000000000e+00
0.000000000000000000e+00
8.396896719932556152e-02
5.663842707872390747e-02
4.312287643551826477e-02
9.444112330675125122e-02
1.378411412239074707e+00
2.168015489587560296e-04
0.000000000000000000e+00
2.964964628219604492e+00
3.488640487194061279e-02
2.314766123890876770e-02
4.550399482250213623e-01
6.381133794784545898e-01
4.892486929893493652e-01
3.253697231411933899e-02
3.613848611712455750e-02
6.573468446731567383e-02
1.384468674659729004e-01
2.723030447959899902e-01
3.009255826473236084e-01
3.452400565147399902e-01
1.162312459200620651e-03
0.000000000000000000e+00
8.213574439287185669e-02
5.163947939872741699e-01
0.000000000000000000e+00
3.753189742565155029e-02
0.000000000000000000e+00
0.000000000000000000e+00
1.298140734434127808e-01
2.588775753974914551e-01
4.781980998814105988e-03
7.857384085655212402e-01
2.718891575932502747e-02
5.150882899761199951e-02
4.562329128384590149e-02
7.230920344591140747e-02
1.848422884941101074e+00
0.000000000000000000e+00
2.404251694679260254e-01
2.431831210851669312e-01
0.000000000000000000e+00
0.000000000000000000e+00
1.235634088516235352e-01
1.779403090476989746e-01
0.000000000000000000e+00
7.708068937063217163e-03
2.995103001594543457e-01
2.115107178688049316e-01
2.932812571525573730e-01
0.000000000000000000e+00
0.000000000000000000e+00
9.887819178402423859e-03
4.430446028709411621e-02
5.398759990930557251e-02
6.840103864669799805e-01
8.291926383972167969e-01
2.416973235085606575e-03
1.338271200656890869e-01
3.253031671047210693e-01
1.130139231681823730e-01
1.639281213283538818e-02
0.000000000000000000e+00
9.793888926506042480e-01
4.812882840633392334e-01
1.328669767826795578e-02
2.473881721496582031e+00
6.251329779624938965e-01
0.000000000000000000e+00
8.170109987258911133e-01
0.000000000000000000e+00
4.689212888479232788e-02
1.065609231591224670e-01
5.581073462963104248e-03
1.516502797603607178e-01
0.000000000000000000e+00
4.329217076301574707e-01
2.540717422962188721e-01
1.309350728988647461e+00
2.591294348239898682e-01
1.743321269750595093e-01
0.000000000000000000e+00
1.227814052253961563e-02
5.215784311294555664e-01
0.000000000000000000e+00
2.207909524440765381e-02
6.797726266086101532e-03
0.000000000000000000e+00
6.509821414947509766e-01
8.225265145301818848e-01
8.393379859626293182e-03
0.000000000000000000e+00
0.000000000000000000e+00
2.714781761169433594e-01
3.111551702022552490e-01
5.404600501060485840e-01
5.835751071572303772e-02
5.196075886487960815e-02
5.268439650535583496e-02
4.921089485287666321e-02
6.762397289276123047e-02
1.544622302055358887e+00
2.143284380435943604e-01
5.622427165508270264e-02
1.276908755302429199e+00
8.256287313997745514e-03
2.353930845856666565e-03
3.300862014293670654e-02
4.650774896144866943e-01
3.633960485458374023e-01
0.000000000000000000e+00
9.217671304941177368e-02
0.000000000000000000e+00
5.326461195945739746e-01
1.927882060408592224e-02
1.437942869961261749e-02
2.875726699829101562e+00
1.301559805870056152e+00
2.429209649562835693e-02
3.211441934108734131e-01
3.413108363747596741e-02
4.940627813339233398e-01
4.406868666410446167e-02
0.000000000000000000e+00
0.000000000000000000e+00
2.865581214427947998e-01
5.332697555422782898e-02
1.202536225318908691e-01
3.243887051939964294e-02
0.000000000000000000e+00
2.223893404006958008e+00
3.999125957489013672e+00
0.000000000000000000e+00
1.065287366509437561e-01
1.025656163692474365e-01
2.249204926192760468e-02
2.064608931541442871e-01
1.770183682441711426e+00
6.048417091369628906e-01
1.248553037643432617e+00
4.665683954954147339e-03
0.000000000000000000e+00
4.792625084519386292e-02
0.000000000000000000e+00
1.089769959449768066e+00
2.653971910476684570e-01
0.000000000000000000e+00
6.624723076820373535e-01
1.678429841995239258e-01
2.999740839004516602e-01
0.000000000000000000e+00
4.820765554904937744e-01
1.173064392060041428e-02
2.980025112628936768e-02
3.853062987327575684e-01
0.000000000000000000e+00
0.000000000000000000e+00
1.730869114398956299e-01
8.352532982826232910e-02
5.899544060230255127e-02
4.124544933438301086e-02
0.000000000000000000e+00
0.000000000000000000e+00
8.394838869571685791e-02
1.977088898420333862e-01
1.060779690742492676e-01
3.000100851058959961e-01
2.318916797637939453e+00
1.472821552306413651e-02
3.913279622793197632e-02
0.000000000000000000e+00
3.313567638397216797e-01
3.049928229302167892e-03
0.000000000000000000e+00
1.109817266464233398e+00
9.303207509219646454e-03
1.890239678323268890e-02
0.000000000000000000e+00
4.977447446435689926e-03
1.790657401084899902e+00
1.450627446174621582e-01
4.533052444458007812e-03
1.589156389236450195e-01
0.000000000000000000e+00
0.000000000000000000e+00
0.000000000000000000e+00
5.416035652160644531e-01
9.664315730333328247e-02
8.304084837436676025e-02
4.087589308619499207e-02
1.872992634773254395e+00
3.610687330365180969e-02
2.056729979813098907e-03
8.831834793090820312e-01
4.156779125332832336e-02
7.205434888601303101e-02
1.759883165359497070e-01
9.588976949453353882e-02
2.352174967527389526e-01
2.303554117679595947e-01
0.000000000000000000e+00
1.781049072742462158e-01
5.358002185821533203e-01
2.006741426885128021e-02
6.846806406974792480e-02
9.842538833618164062e-01
0.000000000000000000e+00
0.000000000000000000e+00
2.597965598106384277e-01
1.968433618545532227e+00
9.898292832076549530e-03
4.128297418355941772e-02
1.150538027286529541e-01
4.766437709331512451e-01
7.681471109390258789e-02
0.000000000000000000e+00
8.610444068908691406e-01
1.254035532474517822e-01
4.042711853981018066e-01
3.238597214221954346e-01
3.935346841812133789e+00
7.518371343612670898e-01
5.278632640838623047e-01
5.773932337760925293e-01
2.147492580115795135e-02
1.369296431541442871e+00
1.976576447486877441e-02
0.000000000000000000e+00
9.054305963218212128e-03
0.000000000000000000e+00
6.853930652141571045e-02
9.378611296415328979e-02
1.071225881576538086e+00
0.000000000000000000e+00
0.000000000000000000e+00
4.998719394207000732e-01
4.248344600200653076e-01
0.000000000000000000e+00
2.836571335792541504e-01
7.491688430309295654e-02
2.313112467527389526e-01
1.631141267716884613e-02
3.976202011108398438e-02
1.252024292945861816e+00
4.984410479664802551e-03
6.720405817031860352e-01
9.185091853141784668e-01
4.881913661956787109e-01
1.776690036058425903e-01
0.000000000000000000e+00
1.037031486630439758e-01
3.055988438427448273e-02
6.172974780201911926e-02
0.000000000000000000e+00
2.549062073230743408e-01
2.552715688943862915e-02
2.347817271947860718e-01
2.513822168111801147e-02
9.813675284385681152e-01
4.093695804476737976e-02
4.730068147182464600e-01
3.302513360977172852e-01
1.105452850461006165e-01
5.036960914731025696e-02
2.327604740858078003e-01
3.514355719089508057e-01
0.000000000000000000e+00
2.130454540252685547e+00
0.000000000000000000e+00
6.521748751401901245e-02
4.887404385954141617e-03
3.013449609279632568e-01
3.356534987688064575e-02
6.518668681383132935e-02
2.684336006641387939e-01
0.000000000000000000e+00
0.000000000000000000e+00
6.373062729835510254e-02
3.245585411787033081e-02
6.466912478208541870e-02
7.667796313762664795e-02
1.621952772140502930e+00
1.141475960612297058e-01
5.899665355682373047e-01
0.000000000000000000e+00
0.000000000000000000e+00
2.980624884366989136e-02
3.541701938956975937e-03
2.911999523639678955e-01
2.094473123550415039e+00
6.890358030796051025e-02
6.368476315401494503e-04
1.071642756462097168e+00
1.091032922267913818e-01
4.497912595979869366e-04
9.956797584891319275e-03
1.541665792465209961e+00
0.000000000000000000e+00
7.312609348446130753e-03
1.493010371923446655e-01
0.000000000000000000e+00
1.833442151546478271e-01
2.843523919582366943e-01
1.391696929931640625e-01
0.000000000000000000e+00
4.332187652587890625e+00
0.000000000000000000e+00
1.748484820127487183e-01
6.055635213851928711e-01
7.461642473936080933e-02
0.000000000000000000e+00
5.297087505459785461e-02
5.084640979766845703e-01
1.051286578178405762e+00
2.131911739706993103e-02
0.000000000000000000e+00
4.362224638462066650e-01
0.000000000000000000e+00
7.378580514341592789e-03
3.060862235724925995e-02
1.318503916263580322e-02
1.890370100736618042e-01
7.272048592567443848e-01
0.000000000000000000e+00
7.082433253526687622e-02
2.111673951148986816e-01
8.392047137022018433e-03
0.000000000000000000e+00
1.502897008322179317e-03
2.469589412212371826e-01
2.839543521404266357e-01
1.242017652839422226e-02
1.378930211067199707e-01
2.103354409337043762e-02
2.154411561787128448e-02
1.317897915840148926e+00
2.046646624803543091e-01
2.324644103646278381e-02
9.959923028945922852e-01
1.481639873236417770e-02
1.481882929801940918e-01
1.675200343132019043e+00
9.479022026062011719e-01
2.743501424789428711e+00
5.083785206079483032e-02
1.383156895637512207e+00
8.442329168319702148e-01
1.293286830186843872e-01
0.000000000000000000e+00
7.238306850194931030e-02
2.597424387931823730e-02
1.101997971534729004e+00
2.593626454472541809e-02
0.000000000000000000e+00
1.567184925079345703e-02
5.534632205963134766e-01
1.215736031532287598e+00
2.752669900655746460e-02
1.505020819604396820e-02
3.138279318809509277e-01
9.504353255033493042e-02
3.912881314754486084e-01
4.885468259453773499e-02
9.683397412300109863e-01
1.184162497520446777e+00
0.000000000000000000e+00
2.031919956207275391e-01
8.114882744848728180e-03
5.214709639549255371e-01
6.032724678516387939e-02
7.788956165313720703e-01
0.000000000000000000e+00
0.000000000000000000e+00
2.965466305613517761e-02
8.439900726079940796e-02
4.799812659621238708e-02
7.583142071962356567e-02
3.629476130008697510e-01
2.222015894949436188e-02
4.800499603152275085e-02
2.922615967690944672e-02
1.327916532754898071e-01
4.223458766937255859e-01
0.000000000000000000e+00
5.572333335876464844e-01
7.158379070460796356e-03
3.626955747604370117e-01
1.240613311529159546e-01
4.287381097674369812e-02
8.470845818519592285e-01
3.234823048114776611e-02
0.000000000000000000e+00
9.047254920005798340e-02
3.114391565322875977e-01
6.806337833404541016e-01
5.565025210380554199e-01
6.749097257852554321e-03
4.895465672016143799e-01
2.307732962071895599e-02
4.385422766208648682e-01
7.247561961412429810e-02
0.000000000000000000e+00
6.375976651906967163e-02
0.000000000000000000e+00
1.268343329429626465e-01
0.000000000000000000e+00
1.046226978302001953e+00
6.692031770944595337e-02
1.748588681221008301e-02
5.617671608924865723e-01
1.030627265572547913e-01
1.774587035179138184e-01
2.848270535469055176e-02
6.843698620796203613e-01
3.672116994857788086e-01
0.000000000000000000e+00
1.070291042327880859e+00
9.950195997953414917e-02
1.026995927095413208e-01
2.968728356063365936e-02
1.246421694755554199e+00
1.160599756985902786e-02
8.937090039253234863e-01
8.920165300369262695e-01
3.261018693447113037e-01
0.000000000000000000e+00
1.789150238037109375e-01
7.853861153125762939e-02
1.541916728019714355e-01
0.000000000000000000e+00
0.000000000000000000e+00
6.013409793376922607e-02
2.957939403131604195e-03
1.446195505559444427e-02
1.762677907943725586e+00
1.684110164642333984e-01
2.534684538841247559e-01
1.821642518043518066e-01
1.204873472452163696e-01
1.362330317497253418e-01
5.204181075096130371e-01
5.306191742420196533e-02
1.229913383722305298e-01
1.485098898410797119e-02
2.475755102932453156e-02
5.325452610850334167e-02
8.733897656202316284e-02
1.425576090812683105e+00
3.500587344169616699e-01
2.404109954833984375e+00
6.757309287786483765e-02
1.315104216337203979e-01
4.621655344963073730e-01
2.573612630367279053e-01
1.937884092330932617e-01
2.596838166937232018e-03
1.420345544815063477e+00
1.547529548406600952e-02
1.406829208135604858e-01
0.000000000000000000e+00
1.186908841133117676e+00
3.548074960708618164e-01
3.174140453338623047e-01
2.926423549652099609e-01
0.000000000000000000e+00
2.010597661137580872e-02
0.000000000000000000e+00
3.989559113979339600e-01
1.062425822019577026e-01
1.604790538549423218e-01
1.633607745170593262e-01
0.000000000000000000e+00
0.000000000000000000e+00
1.634930253028869629e+00
1.278722643852233887e+00
3.983575105667114258e-01
4.388609435409307480e-03
1.771306805312633514e-02
5.366461700759828091e-04
8.324294351041316986e-03
1.949285902082920074e-02
1.076590269804000854e-01
1.082986831665039062e+00
7.623956799507141113e-01
3.294638097286224365e-01
0.000000000000000000e+00
3.704689070582389832e-02
7.305297851562500000e-01
5.922965705394744873e-02
1.157339811325073242e-01
8.831132203340530396e-02
2.347938716411590576e-01
3.925202786922454834e-01
1.107693552970886230e+00
4.554480779916048050e-03
2.219543457031250000e+00
0.000000000000000000e+00
9.839086979627609253e-02
1.259710192680358887e-01
0.000000000000000000e+00
0.000000000000000000e+00
3.738887608051300049e-01
1.575676202774047852e-01
1.629913926124572754e+00
1.377702038735151291e-02
8.435407280921936035e-02
1.952145844697952271e-01
6.339228153228759766e-02
8.738040924072265625e-04
6.383160501718521118e-02
0.000000000000000000e+00
1.274389266967773438e+00
5.617215037345886230e-01
0.000000000000000000e+00
0.000000000000000000e+00
5.566306039690971375e-02
3.863051161170005798e-02
2.865700006484985352e+00
1.413025110960006714e-01
3.530050814151763916e-01
1.509470194578170776e-01
0.000000000000000000e+00
2.840799279510974884e-02
0.000000000000000000e+00
1.048248913139104843e-02
6.397470831871032715e-02
0.000000000000000000e+00
3.462373316287994385e-01
2.939698934555053711e+00
1.399460881948471069e-01
5.256909132003784180e-01
2.274077653884887695e+00
0.000000000000000000e+00
0.000000000000000000e+00
6.708339788019657135e-03
6.668639369308948517e-03
0.000000000000000000e+00
6.824842095375061035e-02
0.000000000000000000e+00
2.288248091936111450e-01
4.930147901177406311e-02
7.177007198333740234e-02
4.099208489060401917e-02
5.379493907094001770e-02
1.404500752687454224e-02
0.000000000000000000e+00
6.807261705398559570e-01
1.230524107813835144e-02
0.000000000000000000e+00
5.026404261589050293e-01
0.000000000000000000e+00
1.011708498001098633e+00
4.057118296623229980e-02
2.794724330306053162e-02
0.000000000000000000e+00
4.804620766662992537e-05
1.698957569897174835e-02
0.000000000000000000e+00
2.349647283554077148e-01
1.642123609781265259e-01
1.706853657960891724e-01
6.952116731554269791e-03
6.212743520736694336e-01
3.171798706054687500e+00
1.326210021972656250e+00
1.941266208887100220e-01
3.923948854207992554e-02
2.185300737619400024e-01
2.033270299434661865e-01
0.000000000000000000e+00
0.000000000000000000e+00
3.760630637407302856e-02
6.853317609056830406e-04
5.056528747081756592e-02
2.580688297748565674e-01
6.241677999496459961e-01
2.436927855014801025e-01
1.264075338840484619e-01
4.157610237598419189e-03
7.776179909706115723e-02
4.984052479267120361e-02
1.045374572277069092e-01
7.955186069011688232e-02
1.492882966995239258e-01
6.008510291576385498e-02
2.828948432579636574e-03
8.622077703475952148e-01
3.387777134776115417e-02
3.698534965515136719e-01
0.000000000000000000e+00
5.048264265060424805e-01
9.263294935226440430e-02
6.395418941974639893e-02
5.190405622124671936e-02
6.893008202314376831e-02
2.915242314338684082e-01
1.550159454345703125e-01
4.299700558185577393e-01
7.206648588180541992e-02
3.187455534934997559e-01
0.000000000000000000e+00
4.607925657182931900e-03
3.809064626693725586e-02
5.304016545414924622e-02
0.000000000000000000e+00
1.579878926277160645e-01
0.000000000000000000e+00
0.000000000000000000e+00
0.000000000000000000e+00
2.926191687583923340e-01
1.779384613037109375e-01
6.769412755966186523e-02
0.000000000000000000e+00
1.717917770147323608e-01
0.000000000000000000e+00
2.835951447486877441e-01
3.895876109600067139e-01
0.000000000000000000e+00
1.654738634824752808e-01
3.020274162292480469e+00
1.525098923593759537e-02
9.095768444240093231e-03
5.227128788828849792e-02
2.272674798965454102e+00
9.110299870371818542e-03
7.425938267260789871e-03
3.625594079494476318e-01
2.099488303065299988e-02
2.829748988151550293e-01
4.735603630542755127e-01
7.977651059627532959e-02
7.881936617195606232e-03
0.000000000000000000e+00
4.760381206870079041e-02
2.478891517966985703e-03
1.593051195144653320e+00
0.000000000000000000e+00
3.054157793521881104e-01
9.540946036577224731e-02
6.102407351136207581e-02
1.580355882644653320e+00
3.096575140953063965e-01
5.589939281344413757e-02
3.317156434059143066e-02
8.526461720466613770e-01
8.028647303581237793e-02
4.201707988977432251e-02
0.000000000000000000e+00
1.914615631103515625e-01
3.338961675763130188e-02
6.200225353240966797e-01
8.520876616239547729e-02
2.179719805717468262e-01
1.456613093614578247e-01
1.970417737960815430e+00
0.000000000000000000e+00
1.018069028854370117e+00
5.463729426264762878e-02
1.201569754630327225e-02
0.000000000000000000e+00
4.658813402056694031e-02
1.191367581486701965e-01
1.129551172256469727e+00
8.686625361442565918e-01
5.442249178886413574e-01
4.086368978023529053e-01
7.091210689395666122e-03
1.714224070310592651e-01
3.187542408704757690e-02
4.923311620950698853e-02
1.977576315402984619e-02
1.883598864078521729e-01
0.000000000000000000e+00
0.000000000000000000e+00
0.000000000000000000e+00
1.120568275451660156e+00
0.000000000000000000e+00
9.365211129188537598e-01
2.142428398132324219e+00
4.639822244644165039e-01
1.880323886871337891e-02
0.000000000000000000e+00
1.159257534891366959e-02
8.744501322507858276e-02
1.683183908462524414e+00
1.808363437652587891e+00
0.000000000000000000e+00
1.084377542138099670e-01
3.401071578264236450e-02
3.145891427993774414e-02
0.000000000000000000e+00
0.000000000000000000e+00
1.927842944860458374e-01
9.224167466163635254e-02
4.279057383537292480e-01
1.768061757087707520e+00
1.743767969310283661e-02
7.515816092491149902e-01
0.000000000000000000e+00
2.036661654710769653e-01
0.000000000000000000e+00
1.002964898943901062e-01
0.000000000000000000e+00
2.188581228256225586e-01
5.589568987488746643e-02
0.000000000000000000e+00
1.951269060373306274e-02
0.000000000000000000e+00
1.033223350532352924e-03
0.000000000000000000e+00
1.229484528303146362e-01
9.528345465660095215e-01
0.000000000000000000e+00
5.770266056060791016e-01
3.458667919039726257e-02
6.622651964426040649e-02
6.797289252281188965e-01
2.109655290842056274e-01
5.363952517509460449e-01
2.890423871576786041e-02
3.769135773181915283e-01
0.000000000000000000e+00
0.000000000000000000e+00
0.000000000000000000e+00
1.330444309860467911e-02
2.958190254867076874e-02
2.929347380995750427e-02
0.000000000000000000e+00
1.444644778966903687e-01
7.166181206703186035e-01
1.435934603214263916e-01
2.455471038818359375e+00
0.000000000000000000e+00
0.000000000000000000e+00
0.000000000000000000e+00
4.330526590347290039e-01
4.631037591025233269e-04
2.217500703409314156e-03
2.426972612738609314e-02
0.000000000000000000e+00
0.000000000000000000e+00
6.452323198318481445e-01
1.126678735017776489e-01
5.130648612976074219e-01
4.892048612236976624e-02
0.000000000000000000e+00
1.369524955749511719e+00
7.604205012321472168e-01
5.562061667442321777e-01
0.000000000000000000e+00
0.000000000000000000e+00
1.753243617713451385e-02
0.000000000000000000e+00
1.884377151727676392e-01
3.093345761299133301e-01
1.363236308097839355e-01
9.220504164695739746e-01
1.414383053779602051e-01
1.145823523402214050e-01
0.000000000000000000e+00
2.946036756038665771e-01
0.000000000000000000e+00
4.192670434713363647e-02
0.000000000000000000e+00
7.396951913833618164e-01
3.091233596205711365e-02
9.015661478042602539e-02
4.647450447082519531e-01
2.539125457406044006e-02
7.868670672178268433e-02
7.851654887199401855e-01
4.903944432735443115e-01
7.221344113349914551e-02
0.000000000000000000e+00
0.000000000000000000e+00
0.000000000000000000e+00
0.000000000000000000e+00
2.502598613500595093e-02
7.690837979316711426e-02
0.000000000000000000e+00
9.131646156311035156e-01
1.161850616335868835e-01
3.944746404886245728e-02
1.400257945060729980e-01
2.092099636793136597e-01
3.841093480587005615e-01
3.955024480819702148e+00
2.698664786294102669e-03
0.000000000000000000e+00
6.806872487068176270e-01
2.461767755448818207e-02
1.273678988218307495e-01
9.174866080284118652e-01
1.727008260786533356e-02
7.489939779043197632e-02
5.269127339124679565e-02
6.562306080013513565e-03
3.855283930897712708e-02
3.458079695701599121e-02
5.570372343063354492e-01
7.197418063879013062e-02
5.021338909864425659e-02
4.201790690422058105e-02
2.371957600116729736e-01
8.510743267834186554e-03
2.445961236953735352e-01
5.532166361808776855e-01
0.000000000000000000e+00
6.179070472717285156e-01
1.253786832094192505e-01
1.243178471922874451e-01
5.379566550254821777e-01
0.000000000000000000e+00
0.000000000000000000e+00
0.000000000000000000e+00
3.140806853771209717e-01
3.776494264602661133e-01
0.000000000000000000e+00
0.000000000000000000e+00
1.230946555733680725e-01
1.854396164417266846e-01
2.263181144371628761e-03
4.481530562043190002e-02
5.175158977508544922e-01
0.000000000000000000e+00
1.665586046874523163e-02
7.012600451707839966e-02
0.000000000000000000e+00
2.033983021974563599e-01
1.160292923450469971e-01
9.815953671932220459e-02
4.393453299999237061e-01
1.653966754674911499e-01
2.192187607288360596e-01
0.000000000000000000e+00
1.442359352950006723e-04
3.028144538402557373e-01
2.868314273655414581e-03
1.229417547583580017e-01
1.447552680969238281e+00
2.374007552862167358e-01
5.797397494316101074e-01
0.000000000000000000e+00
0.000000000000000000e+00
3.908625245094299316e-01
4.881689324975013733e-02
1.603708043694496155e-02
1.647483371198177338e-02
1.039432268589735031e-02
6.177826970815658569e-02
1.163085401058197021e-01
3.286816645413637161e-03
9.048831462860107422e-02
1.336752772331237793e-01
4.947639405727386475e-01
1.462898962199687958e-02
4.305467307567596436e-01
1.264682888984680176e+00
1.478149741888046265e-02
7.058602571487426758e-02
7.544220983982086182e-02
6.629745662212371826e-02
1.284208297729492188e+00
1.112288907170295715e-01
2.867730617523193359e+00
1.116322260349988937e-02
0.000000000000000000e+00
2.140515744686126709e-01
5.447898507118225098e-01
5.658693909645080566e-01
3.375492393970489502e-01
2.839957773685455322e-01
0.000000000000000000e+00
5.614560842514038086e-02
1.712860167026519775e-02
2.369111180305480957e-01
8.786530494689941406e-01
6.177613735198974609e-01
7.107067853212356567e-02
1.987213827669620514e-02
1.589828729629516602e-01
1.574371755123138428e-02
2.455507516860961914e-01
1.365040779113769531e+00
1.207678690552711487e-01
2.633498311042785645e-01
1.268146932125091553e-01
0.000000000000000000e+00
2.158792018890380859e-01
0.000000000000000000e+00
2.091745436191558838e-01
3.399413079023361206e-02
5.550204515457153320e-01
0.000000000000000000e+00
0.000000000000000000e+00
4.403862729668617249e-02
0.000000000000000000e+00
1.839582249522209167e-02
6.378869712352752686e-02
3.034581243991851807e-01
4.588799178600311279e-02
3.401825204491615295e-02
9.545447677373886108e-02
1.944821625947952271e-01
1.710999161005020142e-01
0.000000000000000000e+00
1.606412082910537720e-01
0.000000000000000000e+00
1.243230581283569336e+00
1.661846414208412170e-02
0.000000000000000000e+00
9.469311684370040894e-03
3.055313527584075928e-01
8.362655639648437500e-01
6.992191076278686523e-02
2.339753508567810059e-02
3.741782531142234802e-02
5.553941428661346436e-02
0.000000000000000000e+00
1.046668663620948792e-01
3.017348423600196838e-02
6.469190120697021484e-01
4.686394631862640381e-01
4.187097307294607162e-03
2.943430542945861816e-01
3.354792296886444092e-02
4.981178641319274902e-01
2.621133998036384583e-02
2.694523632526397705e-01
8.279766440391540527e-01
1.494251936674118042e-01
2.401169300079345703e+00
1.463706605136394501e-02
1.833414286375045776e-01
0.000000000000000000e+00
1.740823686122894287e-01
2.615822711959481239e-03
3.249600529670715332e-01
2.434965074062347412e-01
2.790253460407257080e-01
2.408796399831771851e-01
6.343428045511245728e-03
4.197421967983245850e-01
4.715505987405776978e-03
1.509068906307220459e-01
4.576288908720016479e-02
1.325702071189880371e-01
2.774672815576195717e-03
0.000000000000000000e+00
8.688068017363548279e-03
8.800703287124633789e-01
1.158025637269020081e-01
2.422551997005939484e-02
0.000000000000000000e+00
5.898634344339370728e-02
1.502235606312751770e-02
6.638276576995849609e-02
5.683932304382324219e-01
8.129000663757324219e-02
1.163536190986633301e+00
2.611289620399475098e-01
1.540710926055908203e-01
3.450219631195068359e-01
2.139293432235717773e+00
9.138777107000350952e-02
5.448867678642272949e-01
1.237228140234947205e-01
8.663113415241241455e-02
3.153335452079772949e-01
1.254841089248657227e-01
7.310636341571807861e-02
1.141451112926006317e-02
2.534562163054943085e-02
0.000000000000000000e+00
1.211435645818710327e-01
0.000000000000000000e+00
0.000000000000000000e+00
1.758235245943069458e-01
1.556357741355895996e-01
4.672792926430702209e-02
1.747035384178161621e-01
2.302512377500534058e-01
0.000000000000000000e+00
3.557733535766601562e+00
8.465176224708557129e-01
0.000000000000000000e+00
1.210499107837677002e-01
3.612936660647392273e-02
8.278004825115203857e-02
0.000000000000000000e+00
5.138465017080307007e-02
0.000000000000000000e+00
6.657332181930541992e-02
8.614366650581359863e-01
0.000000000000000000e+00
1.657742857933044434e-01
0.000000000000000000e+00
3.708338141441345215e-01
2.814499735832214355e-01
1.785895705223083496e+00
1.100082516670227051e+00
7.693179696798324585e-02
1.809193193912506104e-02
6.048648357391357422e-01
1.033311709761619568e-02
4.417411983013153076e-02
9.844118356704711914e-01
2.215523868799209595e-01
2.761174226179718971e-03
3.870200812816619873e-01
1.698890179395675659e-01
0.000000000000000000e+00
0.000000000000000000e+00
1.340540200471878052e-01
6.938467413419857621e-05
2.063675783574581146e-03
0.000000000000000000e+00
1.636495441198348999e-01
6.837560236454010010e-02
3.848836421966552734e-01
2.689982950687408447e-02
2.892717123031616211e-01
0.000000000000000000e+00
2.537316381931304932e-01
0.000000000000000000e+00
0.000000000000000000e+00
1.363745331764221191e-01
1.125362981110811234e-02
6.349506229162216187e-02
1.158330321311950684e+00
2.568551525473594666e-02
1.770688034594058990e-02
3.375271260738372803e-01
1.272837966680526733e-01
8.431459665298461914e-01
6.713597476482391357e-02
0.000000000000000000e+00
1.181494832038879395e+00
9.429018497467041016e-01
5.279666185379028320e-01
1.925611644983291626e-01
2.724588215351104736e-01
2.281038463115692139e-01
3.954361379146575928e-01
3.086430430412292480e-01
3.009285449981689453e+00
2.189793884754180908e-01
4.773575663566589355e-01
1.497291326522827148e-01
8.952395059168338776e-03
8.712694793939590454e-02
1.835291981697082520e-01
0.000000000000000000e+00
0.000000000000000000e+00
0.000000000000000000e+00
2.766380608081817627e-01
2.675936222076416016e-01
9.599437564611434937e-02
5.920665804296731949e-03
5.610661581158638000e-02
4.276198446750640869e-01
0.000000000000000000e+00
2.554181516170501709e-01
1.278844475746154785e-01
9.025017172098159790e-02
0.000000000000000000e+00
1.905797272920608521e-01
9.421808645129203796e-03
1.598881557583808899e-02
4.944097995758056641e-01
0.000000000000000000e+00
0.000000000000000000e+00
3.195350244641304016e-02
3.651081919670104980e-01
2.609012126922607422e-01
4.099880158901214600e-01
3.093544840812683105e-01
2.447677552700042725e-01
0.000000000000000000e+00
5.357401371002197266e-01
4.133016169071197510e-01
2.952387034893035889e-01
0.000000000000000000e+00
4.082378447055816650e-01
4.372214376926422119e-01
0.000000000000000000e+00
0.000000000000000000e+00
0.000000000000000000e+00
1.138176489621400833e-02
4.666245877742767334e-01
3.736498355865478516e-01
4.816125333309173584e-02
1.287164539098739624e-01
3.598853200674057007e-02
2.617472708225250244e-01
0.000000000000000000e+00
0.000000000000000000e+00
0.000000000000000000e+00
0.000000000000000000e+00
8.958514779806137085e-02
2.872698783874511719e+00
0.000000000000000000e+00
1.037198957055807114e-02
0.000000000000000000e+00
4.208572208881378174e-02
5.893318653106689453e-01
2.845904588699340820e+00
2.457063198089599609e-01
3.153714179992675781e+00
0.000000000000000000e+00
3.340250626206398010e-02
8.766204118728637695e-02
1.688953161239624023e+00
1.287874430418014526e-01
0.000000000000000000e+00
5.593986809253692627e-02
6.042914986610412598e-01
3.360768795013427734e+00
0.000000000000000000e+00
4.015883058309555054e-02
0.000000000000000000e+00
2.042610794305801392e-01
5.483525991439819336e-01
3.432774543762207031e-01
0.000000000000000000e+00
2.107201330363750458e-02
1.223389245569705963e-02
1.317298710346221924e-01
6.433039158582687378e-02
2.340256869792938232e-01
8.931057527661323547e-03
9.102190136909484863e-01
0.000000000000000000e+00
4.541821479797363281e-01
8.771797418594360352e-01
0.000000000000000000e+00
0.000000000000000000e+00
3.254834413528442383e-01
7.708635330200195312e-01
0.000000000000000000e+00
1.585304379463195801e+00
2.416470795869827271e-01
2.580978441983461380e-03
2.214374989271163940e-01
7.103462517261505127e-02
4.566856473684310913e-02
0.000000000000000000e+00
3.073627687990665436e-02
0.000000000000000000e+00
0.000000000000000000e+00
0.000000000000000000e+00
5.607614517211914062e-01
2.835944294929504395e-01
0.000000000000000000e+00
4.264078438282012939e-01
1.316351443529129028e-01
1.301660388708114624e-01
5.244008898735046387e-01
8.466244675219058990e-03
1.434664335101842880e-02
5.196910500526428223e-01
5.279875919222831726e-02
6.346628665924072266e-01
7.975407689809799194e-02
8.399860560894012451e-02
3.430677652359008789e-01
0.000000000000000000e+00
2.676920652389526367e+00
5.919411182403564453e-01
1.766684651374816895e-02
1.519560813903808594e-01
3.211366534233093262e-01
1.648570775985717773e+00
1.500696837902069092e-01
1.583327502012252808e-01
0.000000000000000000e+00
5.867933854460716248e-03
1.452998667955398560e-01
4.510838985443115234e-01
2.238873392343521118e-01
1.017127707600593567e-01
5.937336757779121399e-02
5.460600927472114563e-02
5.279628559947013855e-02
2.743251062929630280e-02
3.054448366165161133e-01
2.194168046116828918e-02
2.126164287328720093e-01
1.691942930221557617e+00
2.258893474936485291e-02
4.226107522845268250e-02
0.000000000000000000e+00
4.412072598934173584e-01
5.451816320419311523e-02
5.125346779823303223e-01
4.867833573371171951e-03
7.825696468353271484e-01
0.000000000000000000e+00
2.616743557155132294e-03
5.424762368202209473e-01
6.633923053741455078e-01
4.790041130036115646e-03
4.353604093194007874e-02
0.000000000000000000e+00
6.662349216639995575e-03
1.236493349075317383e+00
2.339578419923782349e-01
0.000000000000000000e+00
0.000000000000000000e+00
3.726924583315849304e-02
0.000000000000000000e+00
0.000000000000000000e+00
4.927889257669448853e-02
0.000000000000000000e+00
1.066137254238128662e-01
8.851421065628528595e-03
2.135792514309287071e-03
2.991003394126892090e-01
2.678429894149303436e-02
7.572539895772933960e-02
2.542019784450531006e-01
2.700971066951751709e-02
0.000000000000000000e+00
1.133556291460990906e-01
3.200935125350952148e-01
1.835765689611434937e-02
2.258601635694503784e-01
1.672971062362194061e-02
1.551202297210693359e+00
1.158163696527481079e-01
8.259974420070648193e-03
6.838985532522201538e-02
0.000000000000000000e+00
0.000000000000000000e+00
1.883959211409091949e-02
1.386331045068800449e-03
3.152427375316619873e-01
2.266674302518367767e-02
4.240957796573638916e-01
2.919630147516727448e-03
0.000000000000000000e+00
0.000000000000000000e+00
3.095394074916839600e-01
0.000000000000000000e+00
6.824865937232971191e-02
4.171447455883026123e-02
0.000000000000000000e+00
3.350964486598968506e-01
8.236284852027893066e-01
1.862655952572822571e-02
4.322996363043785095e-02
3.388652503490447998e-01
0.000000000000000000e+00
1.104687750339508057e-01
2.137233167886734009e-01
1.216330453753471375e-01
1.878464967012405396e-02
7.412337511777877808e-02
0.000000000000000000e+00
4.435223061591386795e-03
1.551004201173782349e-01
3.751210868358612061e-02
0.000000000000000000e+00
0.000000000000000000e+00
2.688202261924743652e-01
1.283590793609619141e-01
1.790772005915641785e-02
1.088494509458541870e-01
1.658256649971008301e+00
4.985564947128295898e-02
1.754817843437194824e+00
3.168015480041503906e+00
1.946400105953216553e-01
8.310849070549011230e-01
1.997179836034774780e-01
0.000000000000000000e+00
0.000000000000000000e+00
9.772836565971374512e-01
6.073536872863769531e-01
0.000000000000000000e+00
1.507144123315811157e-01
6.898757815361022949e-01
5.526323914527893066e-01
2.495479583740234375e-01
2.395614385604858398e-01
0.000000000000000000e+00
1.086739152669906616e-01
2.179643213748931885e-01
0.000000000000000000e+00
0.000000000000000000e+00
2.956106364727020264e-01
0.000000000000000000e+00
8.779547363519668579e-02
5.188502669334411621e-01
1.983094513416290283e-01
1.482115983963012695e-01
2.015435695648193359e-02
2.288794666528701782e-01
1.686924882233142853e-02
3.398908615112304688e+00
2.564915120601654053e-01
5.478002429008483887e-01
4.108766466379165649e-02
5.316765606403350830e-02
0.000000000000000000e+00
1.280694007873535156e+00
5.441781282424926758e-01
3.610958456993103027e-01
1.827518492937088013e-01
1.253476459532976151e-02
2.205689847469329834e-01
0.000000000000000000e+00
1.717294454574584961e-01
2.021500468254089355e-02
5.530973672866821289e-01
1.090863227844238281e+00
7.892996817827224731e-02
5.781194940209388733e-02
0.000000000000000000e+00
3.442946076393127441e-02
0.000000000000000000e+00
1.354111582040786743e-01
1.306712627410888672e-03
4.718914628028869629e-02
1.316081434488296509e-01
6.721869111061096191e-02
9.648784995079040527e-01
4.543954432010650635e-01
2.279251337051391602e+00
3.901441395282745361e-02
1.020683050155639648e+00
0.000000000000000000e+00
1.205009128898382187e-02
1.405552774667739868e-01
2.346526598557829857e-03
4.809750914573669434e-01
5.934953689575195312e-02
7.069842219352722168e-01
0.000000000000000000e+00
7.854796648025512695e-01
2.866570353507995605e-01
8.658116459846496582e-01
3.301211893558502197e-01
7.829284071922302246e-01
1.183582283556461334e-02
4.447460174560546875e-02
1.506899744272232056e-01
5.690040439367294312e-02
1.694153249263763428e-02
4.435169510543346405e-03
3.710166811943054199e-01
4.089355468750000000e-02
1.231345161795616150e-01
2.026418894529342651e-01
1.770699143409729004e+00
6.236095726490020752e-02
3.624009713530540466e-02
4.366960227489471436e-01
0.000000000000000000e+00
0.000000000000000000e+00
1.330892927944660187e-02
1.084223985671997070e+00
2.797510921955108643e-01
1.350406557321548462e-01
1.214627996087074280e-01
0.000000000000000000e+00
1.810941472649574280e-02
8.522678017616271973e-01
0.000000000000000000e+00
5.458804368972778320e-01
2.304130315780639648e+00
5.954920873045921326e-02
3.180921971797943115e-01
1.414512991905212402e+00
0.000000000000000000e+00
2.667354345321655273e-01
0.000000000000000000e+00
4.528841003775596619e-03
4.248149693012237549e-03
5.227851867675781250e-01
1.201897501945495605e+00
6.842494010925292969e-03
3.625378245487809181e-03
0.000000000000000000e+00
2.199335545301437378e-01
1.065338701009750366e-01
6.553779542446136475e-02
9.910015016794204712e-02
1.017027974128723145e+00
4.347387701272964478e-03
5.952449515461921692e-03
1.737046718597412109e+00
2.049221515655517578e+00
0.000000000000000000e+00
1.273360997438430786e-01
1.779071688652038574e-01
2.687773704528808594e-01
7.086505293846130371e-01
0.000000000000000000e+00
1.545751541852951050e-01
1.057880043983459473e+00
2.911194860935211182e-01
1.903297781944274902e+00
3.159837424755096436e-01
2.841079607605934143e-03
2.478892803192138672e-01
0.000000000000000000e+00
3.042719662189483643e-01
8.689573965966701508e-03
0.000000000000000000e+00
3.475042581558227539e-01
6.008188053965568542e-02
0.000000000000000000e+00
2.597622275352478027e-01
7.516350150108337402e-01
1.396268844604492188e+00
5.267537757754325867e-02
9.082698822021484375e-02
5.306391417980194092e-02
9.900724887847900391e-02
1.457344144582748413e-01
2.247887253761291504e-01
0.000000000000000000e+00
2.215881109237670898e+00
0.000000000000000000e+00
5.239920318126678467e-02
3.943859934806823730e-01
6.873364448547363281e-01
3.848710656166076660e-02
0.000000000000000000e+00
1.864451617002487183e-01
4.019795451313257217e-03
3.264948958531022072e-03
3.481129646301269531e+00
5.859807878732681274e-02
7.200609892606735229e-02
2.648258768022060394e-02
1.206281781196594238e-01
2.147721201181411743e-01
4.679228365421295166e-02
9.925347566604614258e-02
0.000000000000000000e+00
2.394231110811233521e-01
7.290581464767456055e-01
4.857835173606872559e-02
2.139997482299804688e-02
0.000000000000000000e+00
1.263370513916015625e-01
3.994566202163696289e+00
0.000000000000000000e+00
1.538428757339715958e-02
1.809808239340782166e-02
1.558646466583013535e-02
3.671206533908843994e-01
1.497412216849625111e-03
0.000000000000000000e+00
1.845620870590209961e-01
7.628104090690612793e-02
1.231134682893753052e-01
2.788950204849243164e-01
1.015975832939147949e+00
0.000000000000000000e+00
1.725723296403884888e-01
3.041395545005798340e-02
0.000000000000000000e+00
1.193075403571128845e-01
1.363658666610717773e+00
3.338392078876495361e-01
0.000000000000000000e+00
1.491793841123580933e-01
2.404693365097045898e+00
5.447374191135168076e-03
3.625881299376487732e-02
0.000000000000000000e+00
1.482859402894973755e-01
0.000000000000000000e+00
2.509702146053314209e-01
3.958760574460029602e-02
9.103561043739318848e-01
0.000000000000000000e+00
0.000000000000000000e+00
0.000000000000000000e+00
1.932548731565475464e-02
1.336488407105207443e-02
4.543436467647552490e-01
3.039365410804748535e-01
2.925894260406494141e+00
7.848108410835266113e-01
2.054947428405284882e-02
0.000000000000000000e+00
4.548349976539611816e-01
0.000000000000000000e+00
1.724405139684677124e-01
2.353410571813583374e-01
9.120201468467712402e-01
1.531966924667358398e-01
2.142553180456161499e-01
9.423645138740539551e-01
2.114958047866821289e+00
0.000000000000000000e+00
4.030764102935791016e-02
0.000000000000000000e+00
4.757294431328773499e-02
4.004422128200531006e-01
4.684710875153541565e-02
2.520446106791496277e-02
9.037468582391738892e-02
4.311623573303222656e-01
0.000000000000000000e+00
0.000000000000000000e+00
4.936481127515435219e-05
5.166392400860786438e-02
1.364034533500671387e+00
3.389463126659393311e-01
1.095770597457885742e-01
9.218148887157440186e-02
4.390890896320343018e-01
2.763733640313148499e-02
3.357107639312744141e-01
6.179139390587806702e-02
3.079393208026885986e-01
1.330357044935226440e-01
5.409948229789733887e-01
2.374738901853561401e-01
1.399784326553344727e+00
8.592560142278671265e-02
2.611612081527709961e-01
2.787929475307464600e-01
1.028792485594749451e-01
6.218861937522888184e-01
1.322415173053741455e-01
0.000000000000000000e+00
0.000000000000000000e+00
0.000000000000000000e+00
8.625891804695129395e-02
1.628373265266418457e-01
1.492915391921997070e+00
3.325276076793670654e-02
2.898990362882614136e-02
0.000000000000000000e+00
8.054849505424499512e-01
2.580183744430541992e-01
1.285436987876892090e+00
5.115985274314880371e-01
5.843452364206314087e-02
1.204860955476760864e-02
1.601055115461349487e-01
1.462999582290649414e+00
1.092620417475700378e-01
1.719054579734802246e-01
1.056416511535644531e+00
2.590745389461517334e-01
1.822216659784317017e-01
1.582004576921463013e-01
2.708246409893035889e-01
9.104129858314990997e-03
5.778693556785583496e-01
3.847699463367462158e-01
9.609057754278182983e-02
9.251661598682403564e-02
4.771888852119445801e-01
2.307507693767547607e-01
5.324924588203430176e-01
1.224705483764410019e-02
1.528021246194839478e-01
1.404203195124864578e-02
0.000000000000000000e+00
3.571920990943908691e-01
2.722018063068389893e-01
2.889941930770874023e-01
2.077405154705047607e-01
9.993975609540939331e-02
0.000000000000000000e+00
9.565842337906360626e-03
5.490214228630065918e-01
1.370670199394226074e-01
2.728622853755950928e-01
1.052589416503906250e-01
7.812166213989257812e-01
4.909393563866615295e-02
9.506219625473022461e-01
2.043783217668533325e-01
6.032542586326599121e-01
5.223242938518524170e-02
2.048760093748569489e-02
2.812416255474090576e-01
1.649354235269129276e-03
3.731765225529670715e-02
1.184954345226287842e-01
9.386281967163085938e-01
6.846547126770019531e-01
5.619916319847106934e-01
3.842104598879814148e-02
5.915783718228340149e-02
3.947530090808868408e-01
4.415954947471618652e-01
0.000000000000000000e+00
5.618073344230651855e-01
1.597378373146057129e+00
0.000000000000000000e+00
1.511119119822978973e-02
9.677399694919586182e-02
4.720925986766815186e-01
2.184635877609252930e+00
0.000000000000000000e+00
6.835752865299582481e-04
2.818140983581542969e-01
0.000000000000000000e+00
1.627589954296126962e-04
0.000000000000000000e+00
1.429088711738586426e-01
3.216716274619102478e-02
1.901068538427352905e-02
2.680633366107940674e-01
6.075498461723327637e-01
1.150087639689445496e-02
3.854007646441459656e-02
2.976737171411514282e-02
4.411824047565460205e-02
6.975509691983461380e-03
3.575137853622436523e-01
1.307467073202133179e-01
3.468020260334014893e-02
1.547933518886566162e-01
2.279128313064575195e+00
5.869495868682861328e-01
4.393384978175163269e-02
1.237184405326843262e-01
2.536060847342014313e-02
7.943630218505859375e-02
3.427266776561737061e-01
1.875892579555511475e-01
1.445967435836791992e+00
0.000000000000000000e+00
4.385979175567626953e-01
0.000000000000000000e+00
6.056806445121765137e-01
4.440650809556245804e-03
1.492754817008972168e-01
0.000000000000000000e+00
5.056065041571855545e-03
1.101325964555144310e-03
6.829368472099304199e-01
0.000000000000000000e+00
5.646717175841331482e-02
0.000000000000000000e+00
7.050323486328125000e-01
0.000000000000000000e+00
0.000000000000000000e+00
1.012207753956317902e-02
3.861268460750579834e-01
7.929980009794235229e-02
3.921432793140411377e-02
