1.313807070255279541e-01
3.649395406246185303e-01
1.144547536969184875e-01
3.717626094818115234e+00
0.000000000000000000e+00
1.711275815963745117e+00
4.779726639389991760e-02
4.072340205311775208e-03
3.016936063766479492e+00
1.854505062103271484e+00
2.417362527921795845e-03
2.376573532819747925e-01
6.445053219795227051e-01
0.000000000000000000e+00
3.321127593517303467e-01
3.137049973011016846e-01
1.160232350230216980e-03
0.000000000000000000e+00
2.240230888128280640e-02
2.182468652725219727e+00
4.796488583087921143e-01
4.418762028217315674e-02
3.865040093660354614e-02
1.332647982053458691e-03
1.329353749752044678e-01
1.014359891414642334e-01
4.880009889602661133e-01
3.597529605031013489e-03
4.269586801528930664e-01
5.028361082077026367e-02
3.838668111711740494e-03
3.815256357192993164e-01
3.898449987173080444e-02
2.558051049709320068e-01
8.994837105274200439e-02
7.716149091720581055e-02
0.000000000000000000e+00
2.378266490995883942e-02
1.224910281598567963e-02
5.693712830543518066e-01
1.041468349285423756e-03
1.944155246019363403e-01
1.967350095510482788e-01
6.425517201423645020e-01
0.000000000000000000e+00
5.194577574729919434e-01
0.000000000000000000e+00
9.962091222405433655e-03
7.421278953552246094e-01
1.045923605561256409e-01
3.638534247875213623e-01
6.821205019950866699e-01
2.615407854318618774e-02
1.926476322114467621e-02
0.000000000000000000e+00
5.212611556053161621e-01
4.635833203792572021e-02
8.414673805236816406e-01
2.648658454418182373e-01
6.011772751808166504e-01
2.034150660037994385e-01
7.988795638084411621e-01
4.024249911308288574e-01
1.650960147380828857e-01
3.314753174781799316e-01
3.846969048026949167e-04
1.249152183532714844e+00
1.006546139717102051e+00
6.684563588351011276e-03
0.000000000000000000e+00
3.146723806858062744e-01
1.335665434598922729e-01
0.000000000000000000e+00
1.928249120712280273e+00
2.779950797557830811e-01
7.268696557730436325e-03
1.774663478136062622e-01
3.659605681896209717e-01
2.507261991500854492e+00
8.912804187275469303e-04
3.968522548675537109e-01
0.000000000000000000e+00
1.328576803207397461e-01
0.000000000000000000e+00
1.411525845527648926e+00
0.000000000000000000e+00
0.000000000000000000e+00
3.929298371076583862e-02
3.963223695755004883e-01
0.000000000000000000e+00
4.109007120132446289e-02
5.458369385451078415e-03
0.000000000000000000e+00
3.210362046957015991e-02
0.000000000000000000e+00
2.960027195513248444e-02
3.094099760055541992e-01
1.997665166854858398e-01
1.391570568084716797e-01
7.410039007663726807e-02
0.000000000000000000e+00
2.526250362396240234e+00
7.652107715606689453e+00
6.578590393066406250e+00
0.000000000000000000e+00
5.918626673519611359e-03
0.000000000000000000e+00
3.026146888732910156e-01
6.563389897346496582e-01
4.055673778057098389e-01
7.299622520804405212e-04
0.000000000000000000e+00
1.081412062048912048e-01
4.847710728645324707e-01
4.916965663433074951e-01
5.786410570144653320e-01
9.872231483459472656e-01
1.175972074270248413e-01
1.427511423826217651e-01
0.000000000000000000e+00
9.155498445034027100e-02
0.000000000000000000e+00
0.000000000000000000e+00
9.008740633726119995e-02
7.417992591857910156e+00
0.000000000000000000e+00
0.000000000000000000e+00
1.255533993244171143e-01
5.941809620708227158e-03
0.000000000000000000e+00
2.870927453041076660e-01
7.445644736289978027e-01
2.002528011798858643e-01
1.502035409212112427e-01
7.534637581557035446e-03
1.664693281054496765e-02
7.773689627647399902e-01
2.620544983074069023e-03
1.596975803375244141e+00
0.000000000000000000e+00
0.000000000000000000e+00
1.939418017864227295e-01
7.577777504920959473e-01
0.000000000000000000e+00
1.385618746280670166e-01
6.733840703964233398e-02
2.973165988922119141e+00
0.000000000000000000e+00
2.618793584406375885e-02
0.000000000000000000e+00
2.675996065139770508e+00
1.642193645238876343e-02
2.983961626887321472e-02
0.000000000000000000e+00
1.066351413726806641e+00
0.000000000000000000e+00
4.961331188678741455e-02
2.137411236763000488e-01
5.463207513093948364e-02
5.802894830703735352e-01
2.677254378795623779e-02
2.879702299833297729e-02
0.000000000000000000e+00
1.187428683042526245e-01
1.204917579889297485e-02
1.051921606063842773e+00
2.503397502005100250e-02
0.000000000000000000e+00
1.153047010302543640e-02
4.189941659569740295e-02
4.412061274051666260e-01
2.399568259716033936e-02
1.037011265754699707e+00
1.836301088333129883e-01
3.940738439559936523e-01
9.105712175369262695e-02
2.574601769447326660e-01
2.293577939271926880e-01
0.000000000000000000e+00
1.917592525482177734e+00
1.641058176755905151e-01
1.103833317756652832e+00
1.108336806297302246e+00
2.062776803970336914e+00
2.994534373283386230e-02
5.611815452575683594e-01
0.000000000000000000e+00
1.787123531103134155e-01
4.023632407188415527e-01
0.000000000000000000e+00
1.229942739009857178e-01
1.671628654003143311e-02
8.761161565780639648e-01
6.520395874977111816e-01
1.084565650671720505e-02
1.470597088336944580e-01
1.048271894454956055e+00
5.627565458416938782e-02
0.000000000000000000e+00
1.600934028625488281e+00
7.649830513400956988e-05
7.460632920265197754e-02
1.315621256828308105e+00
3.836260735988616943e-01
0.000000000000000000e+00
7.077675312757492065e-02
0.000000000000000000e+00
1.685958802700042725e-01
0.000000000000000000e+00
0.000000000000000000e+00
3.595963492989540100e-02
1.882848590612411499e-01
0.000000000000000000e+00
2.828893363475799561e-01
0.000000000000000000e+00
8.771426677703857422e-01
1.775442212820053101e-01
5.048129558563232422e-01
0.000000000000000000e+00
0.000000000000000000e+00
2.098609507083892822e-02
0.000000000000000000e+00
0.000000000000000000e+00
3.952235877513885498e-01
1.211491525173187256e-01
0.000000000000000000e+00
0.000000000000000000e+00
5.432467535138130188e-02
1.396525502204895020e-01
1.292268276214599609e+00
0.000000000000000000e+00
9.030394256114959717e-03
1.321989148855209351e-01
5.843151211738586426e-01
9.305785894393920898e-01
4.829321205615997314e-01
7.507814466953277588e-02
4.186702668666839600e-01
8.617109619081020355e-03
4.498400688171386719e-01
7.641431689262390137e-01
1.387774199247360229e-01
1.266337752342224121e+00
1.616272479295730591e-01
5.414540320634841919e-02
0.000000000000000000e+00
0.000000000000000000e+00
0.000000000000000000e+00
0.000000000000000000e+00
7.901922613382339478e-02
8.584207296371459961e-02
7.900029420852661133e-02
6.730268150568008423e-02
0.000000000000000000e+00
4.049012362957000732e-01
4.237038665451109409e-04
8.013951592147350311e-03
1.872868463397026062e-02
3.087690174579620361e-01
0.000000000000000000e+00
5.840665698051452637e-01
1.535762697458267212e-01
4.040118217468261719e+00
4.819086790084838867e-01
0.000000000000000000e+00
3.713955357670783997e-02
0.000000000000000000e+00
9.837508201599121094e-01
1.830113679170608521e-01
2.763601541519165039e-01
0.000000000000000000e+00
1.716583967208862305e-01
1.315006171353161335e-03
2.295154035091400146e-01
4.419859126210212708e-02
2.842901647090911865e-01
1.861902952194213867e+00
3.382942080497741699e-01
1.133376240730285645e+00
8.834985084831714630e-03
0.000000000000000000e+00
1.097090616822242737e-01
9.204611182212829590e-03
2.543901205062866211e-01
1.035688146948814392e-01
9.512257575988769531e-01
9.516032785177230835e-02
3.881497383117675781e-01
3.580532073974609375e-01
8.346170186996459961e-02
2.368195056915283203e-01
0.000000000000000000e+00
4.897224605083465576e-01
0.000000000000000000e+00
3.671159720397554338e-05
3.277305364608764648e-01
3.076057434082031250e-01
5.079366266727447510e-02
2.286369949579238892e-01
1.321666836738586426e-01
1.711617261171340942e-01
0.000000000000000000e+00
1.545001029968261719e+00
1.662061452865600586e+00
3.953227698802947998e-01
1.323468796908855438e-02
6.350830942392349243e-02
1.377322673797607422e-01
3.414630889892578125e-03
3.401538729667663574e-01
2.448859930038452148e+00
0.000000000000000000e+00
1.955808162689208984e+00
0.000000000000000000e+00
0.000000000000000000e+00
7.042273879051208496e-02
0.000000000000000000e+00
1.104145795106887817e-01
2.024555578827857971e-03
8.009915798902511597e-02
0.000000000000000000e+00
9.431464225053787231e-02
1.151568368077278137e-01
1.197929978370666504e-01
0.000000000000000000e+00
0.000000000000000000e+00
3.307355567812919617e-02
4.853105247020721436e-01
0.000000000000000000e+00
2.162706404924392700e-01
1.006302330642938614e-02
1.253291312605142593e-02
2.474979460239410400e-01
1.563507504761219025e-02
2.401152849197387695e-01
0.000000000000000000e+00
1.832521557807922363e-01
4.191073775291442871e-02
5.588302016258239746e-01
4.164234995841979980e-01
6.346210092306137085e-02
5.564170330762863159e-02
1.550892293453216553e-01
4.628948271274566650e-01
7.703522592782974243e-02
1.286565661430358887e-01
3.359722346067428589e-02
6.207537651062011719e-01
8.568570762872695923e-02
0.000000000000000000e+00
9.804189801216125488e-01
6.477315425872802734e-01
9.449005722999572754e-01
8.612346649169921875e-02
0.000000000000000000e+00
5.657251477241516113e-01
2.003365196287631989e-02
1.636447161436080933e-01
1.630432787351310253e-03
9.031114727258682251e-02
3.099557571113109589e-02
0.000000000000000000e+00
2.377038747072219849e-01
0.000000000000000000e+00
6.516754031181335449e-01
2.654228508472442627e-01
3.980999886989593506e-01
4.097420871257781982e-01
0.000000000000000000e+00
3.787232935428619385e-01
3.982258215546607971e-02
0.000000000000000000e+00
0.000000000000000000e+00
1.513298600912094116e-01
1.615036092698574066e-02
0.000000000000000000e+00
8.952398598194122314e-02
4.077514633536338806e-03
1.848071813583374023e-01
5.320866405963897705e-02
5.950755476951599121e-01
7.432418465614318848e-01
7.897283554077148438e+00
0.000000000000000000e+00
1.065990686416625977e+00
8.400891721248626709e-02
0.000000000000000000e+00
0.000000000000000000e+00
0.000000000000000000e+00
1.240275986492633820e-02
3.443408012390136719e-01
3.280915692448616028e-02
1.146918162703514099e-02
0.000000000000000000e+00
3.787592351436614990e-01
7.010215520858764648e-02
1.849471926689147949e-01
8.273923397064208984e-01
0.000000000000000000e+00
7.516689896583557129e-01
2.153622359037399292e-01
2.312107235193252563e-01
0.000000000000000000e+00
3.619192913174629211e-02
3.006375022232532501e-02
4.915237724781036377e-01
2.181499600410461426e-01
0.000000000000000000e+00
7.547007501125335693e-02
4.165138304233551025e-01
0.000000000000000000e+00
7.613330613821744919e-03
1.611564755439758301e-01
7.597225904464721680e-02
1.211498141288757324e+00
9.587560594081878662e-02
4.542558640241622925e-02
5.809751898050308228e-02
3.037664890289306641e-01
1.926502585411071777e+00
6.909769773483276367e-02
2.318456470966339111e-01
1.965622231364250183e-02
1.182205788791179657e-02
2.390014410018920898e+00
5.119872093200683594e-01
6.375885009765625000e-02
9.150373339653015137e-01
0.000000000000000000e+00
4.289665445685386658e-02
1.034574270248413086e+00
9.120753966271877289e-03
3.101454019546508789e+00
1.760740876197814941e-01
3.266359865665435791e-02
1.657636612653732300e-01
0.000000000000000000e+00
0.000000000000000000e+00
9.444156661629676819e-03
8.529996499419212341e-03
1.152511965483427048e-02
2.421773242531344295e-04
3.742615133523941040e-02
4.704780876636505127e-01
5.350293591618537903e-02
3.421734273433685303e-01
1.630213856697082520e-02
5.920143723487854004e-01
3.712636530399322510e-01
4.025092124938964844e-01
7.667065411806106567e-02
1.524722576141357422e-01
1.181687712669372559e-01
2.120906859636306763e-01
1.553647398948669434e+00
6.648380756378173828e-01
0.000000000000000000e+00
0.000000000000000000e+00
1.180749014019966125e-01
7.050182819366455078e-01
2.675138115882873535e-01
3.119975805282592773e+00
1.475888397544622421e-02
4.412250220775604248e-02
0.000000000000000000e+00
2.310096472501754761e-02
1.199006512761116028e-01
0.000000000000000000e+00
0.000000000000000000e+00
1.305033117532730103e-01
2.962107537314295769e-04
5.192172154784202576e-02
7.643687725067138672e-02
1.493235230445861816e+00
2.250095605850219727e-01
2.780191227793693542e-02
1.435022894293069839e-02
8.822010830044746399e-03
1.668470263481140137e+00
0.000000000000000000e+00
3.816323727369308472e-02
1.245687082409858704e-01
0.000000000000000000e+00
2.051258563995361328e+00
2.248440235853195190e-01
0.000000000000000000e+00
0.000000000000000000e+00
0.000000000000000000e+00
1.474924236536026001e-01
3.328641355037689209e-01
2.517673015594482422e+00
9.814607910811901093e-03
0.000000000000000000e+00
3.072623163461685181e-03
0.000000000000000000e+00
3.991359472274780273e-01
0.000000000000000000e+00
5.549142882227897644e-02
3.215155303478240967e-01
3.567768633365631104e-02
2.247242480516433716e-01
1.014089956879615784e-02
9.731876850128173828e-01
3.351067900657653809e-01
8.212783187627792358e-02
0.000000000000000000e+00
1.111295342445373535e+00
0.000000000000000000e+00
4.009728729724884033e-01
5.769702419638633728e-02
2.530659176409244537e-02
2.264163732528686523e+00
4.920484066009521484e+00
1.781188249588012695e-01
5.923993587493896484e-01
5.854433868080377579e-03
2.795633077621459961e-01
1.045812129974365234e+00
3.062315657734870911e-02
1.512603610754013062e-01
1.390591979026794434e+00
4.726554453372955322e-01
1.043243631720542908e-01
1.067695692181587219e-01
9.298053383827209473e-02
8.763176202774047852e-02
1.474079966545104980e+00
5.033962428569793701e-03
0.000000000000000000e+00
3.578373789787292480e-02
1.188296526670455933e-01
1.210914552211761475e-01
1.529766678810119629e+00
1.605002433061599731e-01
3.848125934600830078e-01
0.000000000000000000e+00
4.702522233128547668e-02
3.323349714279174805e+00
0.000000000000000000e+00
2.543891966342926025e-01
8.450302481651306152e-02
0.000000000000000000e+00
2.119550466537475586e+00
5.079497694969177246e-01
3.376142680644989014e-02
1.239335071295499802e-02
4.192802608013153076e-01
3.862850600853562355e-03
0.000000000000000000e+00
3.888916373252868652e-01
2.586944997310638428e-01
9.661515057086944580e-02
4.774070158600807190e-02
3.359054327011108398e-01
1.349959224462509155e-01
1.199377104640007019e-01
2.669388055801391602e-01
9.067395329475402832e-02
3.878147304058074951e-01
2.130301594734191895e-01
1.089074183255434036e-03
1.407853234559297562e-02
1.193477511405944824e+00
9.189371019601821899e-02
1.120995497331023216e-03
1.743183732032775879e-01
7.076106965541839600e-02
1.372511535882949829e-01
1.779500395059585571e-01
7.714827656745910645e-01
2.689899206161499023e-01
1.357882376760244370e-02
2.436949172988533974e-03
1.093964502215385437e-01
1.325150609016418457e+00
9.427220821380615234e-01
0.000000000000000000e+00
2.474968694150447845e-02
1.777810975909233093e-02
8.133453130722045898e-02
0.000000000000000000e+00
0.000000000000000000e+00
1.627416722476482391e-02
1.055112838745117188e+00
1.465680599212646484e-01
1.930241823196411133e+00
8.605770021677017212e-02
4.778923392295837402e-01
2.552822589874267578e+00
2.192066423594951630e-02
1.547462120652198792e-02
0.000000000000000000e+00
3.042667210102081299e-01
5.807574391365051270e-01
3.729036450386047363e-02
3.255355656147003174e-01
1.616162620484828949e-02
3.639060538262128830e-03
1.066832304000854492e+00
0.000000000000000000e+00
7.914670109748840332e-01
0.000000000000000000e+00
0.000000000000000000e+00
7.630569934844970703e-01
4.128701388835906982e-01
0.000000000000000000e+00
8.325034379959106445e-02
5.885944236069917679e-03
0.000000000000000000e+00
7.723525911569595337e-02
6.036551594734191895e-01
0.000000000000000000e+00
8.993428945541381836e-02
8.272419869899749756e-02
8.581125140190124512e-01
1.804026603698730469e+00
3.436475396156311035e-01
9.603118151426315308e-02
7.048227358609437943e-03
3.358115907758474350e-03
1.013291031122207642e-01
1.437989175319671631e-01
0.000000000000000000e+00
0.000000000000000000e+00
2.900376319885253906e-01
2.711389958858489990e-01
1.606139987707138062e-01
2.576198339462280273e+00
8.662980794906616211e-02
9.268244728446006775e-03
0.000000000000000000e+00
2.400880604982376099e-01
2.093053907155990601e-01
9.850320219993591309e-02
1.988308737054467201e-03
1.303833723068237305e-01
0.000000000000000000e+00
1.284836232662200928e-02
0.000000000000000000e+00
2.319027855992317200e-02
1.724583096802234650e-02
0.000000000000000000e+00
1.539902567863464355e+00
1.975865006446838379e+00
1.961386501789093018e-01
1.256500482559204102e-01
1.821637153625488281e-02
8.643572032451629639e-02
3.951877355575561523e-01
0.000000000000000000e+00
2.792471647262573242e-01
0.000000000000000000e+00
1.174168661236763000e-02
3.789897680282592773e+00
7.111348211765289307e-02
4.360417723655700684e-01
0.000000000000000000e+00
2.786149382591247559e-01
2.127027064561843872e-01
3.720178127288818359e+00
1.039899468421936035e+00
3.424790874123573303e-02
7.044568657875061035e-02
0.000000000000000000e+00
2.367034740746021271e-02
0.000000000000000000e+00
5.348389148712158203e-01
7.257313001900911331e-03
6.888191103935241699e-01
0.000000000000000000e+00
1.050566881895065308e-01
7.344734668731689453e-02
2.452177107334136963e-01
8.342835120856761932e-03
1.043062563985586166e-02
1.281146109104156494e-01
8.034560680389404297e-01
3.462767004966735840e-01
1.058110296726226807e-01
0.000000000000000000e+00
0.000000000000000000e+00
1.016282569617033005e-02
0.000000000000000000e+00
1.033680215477943420e-01
1.992342591285705566e+00
8.273321390151977539e-02
4.075706005096435547e-02
6.855524778366088867e-01
1.334134936332702637e-01
0.000000000000000000e+00
2.015283584594726562e+00
3.278948068618774414e-01
0.000000000000000000e+00
6.438145041465759277e-02
2.078627347946166992e+00
4.422429949045181274e-02
2.277977205812931061e-02
2.516516447067260742e-01
4.777712523937225342e-01
0.000000000000000000e+00
7.103731632232666016e-01
4.908249378204345703e-01
0.000000000000000000e+00
9.826991707086563110e-02
1.069687843322753906e+00
1.403056979179382324e+00
1.735337674617767334e-01
3.884210288524627686e-01
5.722218006849288940e-02
0.000000000000000000e+00
2.188628017902374268e-01
1.720741391181945801e+00
6.722675170749425888e-03
5.087754726409912109e-01
4.569000750780105591e-02
1.962860673666000366e-02
7.688476890325546265e-02
1.910892128944396973e-02
1.167074963450431824e-02
4.527914151549339294e-02
5.323027074337005615e-02
0.000000000000000000e+00
1.804052293300628662e-01
6.544899195432662964e-02
1.628385782241821289e-01
2.153669856488704681e-02
1.942813768982887268e-02
0.000000000000000000e+00
4.182480648159980774e-02
5.166177824139595032e-02
1.842721104621887207e+00
2.608096897602081299e-01
0.000000000000000000e+00
2.089195728302001953e+00
9.216217324137687683e-03
0.000000000000000000e+00
8.850055336952209473e-01
2.442836165428161621e-01
1.808518290519714355e+00
9.165109694004058838e-02
1.229508996009826660e+00
7.038760781288146973e-01
4.375645518302917480e-01
0.000000000000000000e+00
9.696707129478454590e-03
1.009687483310699463e-01
3.559589013457298279e-02
1.975734084844589233e-01
1.685616672039031982e-01
1.585062220692634583e-02
4.510677158832550049e-01
4.407441988587379456e-02
2.140538543462753296e-01
0.000000000000000000e+00
7.205137014389038086e-01
7.632225751876831055e-02
2.446221560239791870e-01
0.000000000000000000e+00
1.187363386154174805e+00
7.052029669284820557e-02
5.731479451060295105e-02
3.097135424613952637e-01
2.955381572246551514e-01
3.213395774364471436e-01
0.000000000000000000e+00
6.265071034431457520e-02
0.000000000000000000e+00
9.316767565906047821e-03
4.522875696420669556e-02
4.779816791415214539e-02
5.121331661939620972e-02
1.021984368562698364e-01
5.849061161279678345e-02
0.000000000000000000e+00
1.023153588175773621e-01
5.665076971054077148e-01
2.457679063081741333e-02
2.242887973785400391e+00
3.020125068724155426e-02
2.583741664886474609e+00
8.443428203463554382e-03
8.763255923986434937e-02
3.955585658550262451e-01
1.914208568632602692e-02
5.219595432281494141e-01
0.000000000000000000e+00
3.094178251922130585e-02
5.183796286582946777e-01
1.664262115955352783e-01
1.059293746948242188e+00
2.048235535621643066e-01
8.500230615027248859e-04
2.454744428396224976e-01
1.239394396543502808e-02
3.112914506345987320e-03
0.000000000000000000e+00
2.223482914268970490e-02
0.000000000000000000e+00
0.000000000000000000e+00
1.781328797340393066e+00
5.382038652896881104e-02
2.550700187683105469e+00
1.730792410671710968e-02
0.000000000000000000e+00
2.564607262611389160e-01
9.469034671783447266e-01
5.526126176118850708e-02
6.143686771392822266e-01
4.186294376850128174e-01
5.454324483871459961e-01
0.000000000000000000e+00
1.236363723874092102e-01
7.336118221282958984e-01
5.667212605476379395e-01
0.000000000000000000e+00
4.712083041667938232e-01
0.000000000000000000e+00
7.331410795450210571e-02
1.633457303047180176e+00
9.891018271446228027e-03
0.000000000000000000e+00
5.560919046401977539e-01
0.000000000000000000e+00
6.599232554435729980e-02
5.414788424968719482e-02
5.745215713977813721e-02
0.000000000000000000e+00
4.448220133781433105e-01
0.000000000000000000e+00
1.233785986900329590e+00
0.000000000000000000e+00
3.345651030540466309e-01
0.000000000000000000e+00
1.464940905570983887e-01
5.134847387671470642e-02
0.000000000000000000e+00
7.623534649610519409e-02
3.559392094612121582e-01
1.652730070054531097e-02
9.864770807325839996e-03
1.782701462507247925e-01
6.581082474440336227e-03
9.424542784690856934e-01
2.711887061595916748e-01
1.972863674163818359e+00
3.032669425010681152e-01
6.227111443877220154e-02
4.928537607192993164e-01
2.540554851293563843e-02
5.947487056255340576e-02
5.918455123901367188e-01
4.482460319995880127e-01
4.084716439247131348e-01
6.983170751482248306e-03
1.434024721384048462e-01
2.237427048385143280e-02
3.926805257797241211e-01
3.656004667282104492e-01
1.799249053001403809e-01
4.814276937395334244e-03
0.000000000000000000e+00
3.104942142963409424e-01
3.807150602340698242e+00
1.005843058228492737e-01
4.116757586598396301e-02
0.000000000000000000e+00
1.818492263555526733e-02
6.815154105424880981e-02
0.000000000000000000e+00
3.717985004186630249e-02
9.152114987373352051e-01
1.047583948820829391e-02
0.000000000000000000e+00
0.000000000000000000e+00
0.000000000000000000e+00
2.136104274541139603e-03
7.159651815891265869e-02
6.770399212837219238e-01
6.475095637142658234e-03
3.794033825397491455e-02
3.809972852468490601e-02
1.852255463600158691e-01
1.915332227945327759e-01
0.000000000000000000e+00
3.695768862962722778e-02
1.132145762443542480e+00
2.698631584644317627e-02
2.201458662748336792e-01
5.146333016455173492e-03
8.351457118988037109e-02
1.333594918251037598e+00
0.000000000000000000e+00
2.624867260456085205e-01
4.961349535733461380e-03
2.867090702056884766e-01
0.000000000000000000e+00
1.097759723663330078e+00
6.997905373573303223e-01
7.508266448974609375e+00
0.000000000000000000e+00
0.000000000000000000e+00
0.000000000000000000e+00
3.561120107769966125e-02
0.000000000000000000e+00
5.823275074362754822e-02
6.044832617044448853e-02
5.511811971664428711e-01
3.158182621002197266e+00
3.437522053718566895e-01
0.000000000000000000e+00
3.039358742535114288e-02
5.458404496312141418e-02
2.070344924926757812e+00
9.604543447494506836e-01
2.562330802902579308e-03
4.756500199437141418e-02
1.188387274742126465e-01
1.842130124568939209e-01
1.017441079020500183e-01
0.000000000000000000e+00
6.028642654418945312e-01
1.630296856164932251e-01
2.377217710018157959e-01
0.000000000000000000e+00
3.503307402133941650e-01
4.952865242958068848e-01
1.792790889739990234e+00
8.420029655098915100e-03
1.082939002662897110e-02
5.505615379661321640e-03
3.994525074958801270e-01
3.971932530403137207e-01
0.000000000000000000e+00
1.535041723400354385e-02
5.214608833193778992e-02
3.717095553874969482e-01
7.477825880050659180e-02
4.555193707346916199e-03
1.842422485351562500e-01
2.125285863876342773e-01
1.990706622600555420e-01
2.199209630489349365e-01
2.205752134323120117e-01
0.000000000000000000e+00
2.628949284553527832e-01
0.000000000000000000e+00
2.641261816024780273e-01
0.000000000000000000e+00
0.000000000000000000e+00
1.516099646687507629e-02
3.474274650216102600e-02
1.885325312614440918e-01
1.448033284395933151e-02
1.343876242637634277e+00
6.653963923454284668e-01
6.474030017852783203e-01
3.656256943941116333e-02
1.482154130935668945e-01
6.726921200752258301e-01
2.031744956970214844e+00
1.947587430477142334e-01
1.946134716272354126e-01
2.710042595863342285e-01
0.000000000000000000e+00
9.185345843434333801e-03
2.171586081385612488e-02
4.316890537738800049e-01
6.314395666122436523e-01
0.000000000000000000e+00
9.143576025962829590e-03
1.170428693294525146e-01
4.919423758983612061e-01
1.753702759742736816e-01
2.366519123315811157e-01
2.297794967889785767e-01
5.217937827110290527e-01
0.000000000000000000e+00
1.437662988901138306e-01
9.203624725341796875e-02
2.223009057343006134e-02
3.559260070323944092e-01
5.340495333075523376e-02
2.610449194908142090e-01
2.049724757671356201e-01
0.000000000000000000e+00
3.106263875961303711e+00
1.341176271438598633e+00
1.822719722986221313e-01
5.142429098486900330e-02
3.822326362133026123e-01
3.145610168576240540e-02
2.724972069263458252e-01
0.000000000000000000e+00
2.576030492782592773e-01
1.938997358083724976e-01
2.318140119314193726e-02
1.382479518651962280e-01
5.097799301147460938e-01
1.452161371707916260e-02
5.883882641792297363e-01
1.672401428222656250e+00
0.000000000000000000e+00
6.143905222415924072e-02
0.000000000000000000e+00
0.000000000000000000e+00
0.000000000000000000e+00
0.000000000000000000e+00
0.000000000000000000e+00
5.021824967116117477e-03
0.000000000000000000e+00
3.667866587638854980e-01
2.419502139091491699e-01
9.162365645170211792e-02
3.199237212538719177e-02
3.401834487915039062e+00
9.806107264012098312e-04
0.000000000000000000e+00
0.000000000000000000e+00
3.683273553848266602e+00
2.843564152717590332e-01
1.279937624931335449e-01
5.064142942428588867e-01
2.663672566413879395e-01
3.344112634658813477e-01
5.919319987297058105e-01
0.000000000000000000e+00
3.124783560633659363e-02
0.000000000000000000e+00
9.422608464956283569e-02
3.156996071338653564e-01
4.262624084949493408e-01
1.821132898330688477e-01
2.249203175306320190e-01
1.231141388416290283e-01
1.691342890262603760e-01
3.712699651718139648e+00
1.439841650426387787e-02
0.000000000000000000e+00
1.168238222599029541e-01
0.000000000000000000e+00
0.000000000000000000e+00
1.212437078356742859e-01
2.541617453098297119e-01
6.898252177052199841e-04
1.641795486211776733e-01
3.674777224659919739e-02
5.538027286529541016e-01
1.644731760025024414e+00
0.000000000000000000e+00
3.175871074199676514e-01
2.750748302787542343e-03
8.052939772605895996e-01
3.211040198802947998e-01
4.057085141539573669e-03
0.000000000000000000e+00
9.348686039447784424e-02
1.845927387475967407e-01
0.000000000000000000e+00
0.000000000000000000e+00
8.268637657165527344e-01
2.327586412429809570e-01
6.311611533164978027e-01
8.148413896560668945e-01
2.239403426647186279e-01
1.180537864565849304e-01
9.093862771987915039e-02
5.817665457725524902e-01
0.000000000000000000e+00
2.356287837028503418e-02
2.948698960244655609e-02
3.349922969937324524e-02
2.637672424316406250e-02
3.329303115606307983e-02
2.064948320388793945e+00
1.197116255760192871e+00
0.000000000000000000e+00
6.675610542297363281e-01
0.000000000000000000e+00
1.086636185646057129e+00
3.561174869537353516e+00
0.000000000000000000e+00
0.000000000000000000e+00
8.049482852220535278e-02
0.000000000000000000e+00
3.427765890955924988e-02
1.235315874218940735e-01
3.495734035968780518e-01
1.340627908706665039e+00
1.303386569023132324e+00
4.891901742666959763e-03
2.039449065923690796e-01
2.635133862495422363e-01
1.187322288751602173e-01
0.000000000000000000e+00
0.000000000000000000e+00
0.000000000000000000e+00
2.830804884433746338e-01
1.695976406335830688e-01
6.542000174522399902e-01
6.300999522209167480e-01
3.017691895365715027e-03
0.000000000000000000e+00
2.434467971324920654e-01
2.922314964234828949e-02
0.000000000000000000e+00
1.591967642307281494e-01
0.000000000000000000e+00
0.000000000000000000e+00
0.000000000000000000e+00
1.534620067104697227e-03
0.000000000000000000e+00
1.942533701658248901e-01
6.547383069992065430e-01
0.000000000000000000e+00
2.428026311099529266e-02
1.508023589849472046e-01
1.400731801986694336e-01
0.000000000000000000e+00
2.239373922348022461e-01
4.392864182591438293e-02
2.972958683967590332e-01
3.720512613654136658e-02
0.000000000000000000e+00
5.880420207977294922e-01
1.116394281387329102e+00
2.602974653244018555e+00
9.381619095802307129e-01
0.000000000000000000e+00
3.502588868141174316e-01
1.155161112546920776e-02
4.383238032460212708e-02
8.285415172576904297e-02
1.209188178181648254e-01
0.000000000000000000e+00
1.648647934198379517e-01
4.046217352151870728e-02
4.339331388473510742e-02
1.850941218435764313e-02
8.239253610372543335e-02
2.046935558319091797e+00
1.116495020687580109e-02
1.091277003288269043e-01
0.000000000000000000e+00
1.675327718257904053e-01
4.435593634843826294e-02
0.000000000000000000e+00
0.000000000000000000e+00
4.852433800697326660e-01
3.338997364044189453e-01
2.313571870326995850e-01
1.279489874839782715e+00
1.348350048065185547e+00
9.016693234443664551e-01
1.732750684022903442e-01
4.806400462985038757e-02
7.623803801834583282e-03
4.550802335143089294e-02
1.475059986114501953e-01
1.502822339534759521e-02
3.604360818862915039e-01
3.940919339656829834e-01
7.557187676429748535e-01
0.000000000000000000e+00
9.488854408264160156e-01
3.239552974700927734e-01
2.939176857471466064e-01
4.498528540134429932e-01
0.000000000000000000e+00
1.184484884142875671e-01
5.922785997390747070e-01
2.801009118556976318e-01
4.409857690334320068e-01
0.000000000000000000e+00
4.667204618453979492e-02
0.000000000000000000e+00
4.104369878768920898e-01
6.961708664894104004e-01
9.342476129531860352e-01
2.922570407390594482e-01
6.594052910804748535e-02
1.403000831604003906e+00
8.127589710056781769e-03
6.299535930156707764e-02
0.000000000000000000e+00
6.373161315917968750e+00
0.000000000000000000e+00
0.000000000000000000e+00
1.918768644332885742e+00
3.006965517997741699e-01
2.593415416777133942e-02
3.780492022633552551e-02
7.410226855427026749e-03
1.033344585448503494e-02
4.664676636457443237e-02
3.262208700180053711e-01
3.833485767245292664e-02
8.670602925121784210e-03
1.933077722787857056e-02
6.573509424924850464e-02
7.044742256402969360e-02
2.653894722461700439e-01
1.227117627859115601e-01
4.172310233116149902e-02
0.000000000000000000e+00
1.801146194338798523e-02
0.000000000000000000e+00
2.267749607563018799e-01
1.092838495969772339e-02
0.000000000000000000e+00
9.862744482234120369e-04
1.357469558715820312e+00
3.009686470031738281e-01
4.865040257573127747e-02
0.000000000000000000e+00
8.573420345783233643e-02
1.928464472293853760e-01
2.337663620710372925e-01
4.954754188656806946e-02
2.766261249780654907e-02
1.885065063834190369e-02
2.112196683883666992e+00
1.654882311820983887e+00
1.176454544067382812e+00
5.239516030997037888e-04
8.806829899549484253e-02
4.143454134464263916e-02
3.258708119392395020e-01
2.239403873682022095e-01
3.127468004822731018e-02
4.194736778736114502e-01
3.005389310419559479e-02
7.150354981422424316e-01
1.414440870285034180e-01
2.190156280994415283e-01
1.044632792472839355e+00
5.711212158203125000e-01
2.022392511367797852e+00
2.005043067038059235e-02
0.000000000000000000e+00
1.521044820547103882e-01
3.978969752788543701e-01
8.668502420186996460e-02
4.938421398401260376e-02
8.796510845422744751e-02
5.819158554077148438e-01
0.000000000000000000e+00
0.000000000000000000e+00
1.117259025573730469e+00
5.653120204806327820e-02
8.600032329559326172e-02
1.253270268440246582e+00
3.365996479988098145e-01
7.531911134719848633e-02
0.000000000000000000e+00
1.865025907754898071e-01
2.626308053731918335e-02
0.000000000000000000e+00
1.178820371627807617e+00
1.075768959708511829e-03
8.266742527484893799e-02
5.744892638176679611e-03
4.107895493507385254e-02
1.361014414578676224e-02
1.132697939872741699e+00
0.000000000000000000e+00
0.000000000000000000e+00
3.727176412940025330e-02
6.913492679595947266e-01
2.845141850411891937e-02
5.255485773086547852e-01
0.000000000000000000e+00
3.132990598678588867e-01
1.824676394462585449e-01
3.251989781856536865e-01
5.255513265728950500e-02
6.275947093963623047e-01
2.346149832010269165e-02
5.818102881312370300e-02
2.902249813079833984e+00
5.043888092041015625e-02
5.553475618362426758e-01
7.194769382476806641e-02
0.000000000000000000e+00
0.000000000000000000e+00
2.917352914810180664e-01
4.010811448097229004e-02
0.000000000000000000e+00
1.457257866859436035e-01
0.000000000000000000e+00
9.760513156652450562e-02
1.623116284608840942e-01
0.000000000000000000e+00
1.244117785245180130e-02
2.238916000351309776e-03
1.777432858943939209e-02
2.710590660572052002e-01
0.000000000000000000e+00
2.740414142608642578e-01
3.986681401729583740e-01
0.000000000000000000e+00
9.685649536550045013e-03
1.158665120601654053e-01
2.012543976306915283e-01
7.628557682037353516e-01
7.489150855690240860e-03
0.000000000000000000e+00
9.872429072856903076e-02
3.642391238827258348e-04
7.728999853134155273e-02
4.210641607642173767e-02
0.000000000000000000e+00
2.902486920356750488e-02
8.107881061732769012e-03
0.000000000000000000e+00
1.683504879474639893e-02
0.000000000000000000e+00
4.188558757305145264e-01
3.013752996921539307e-01
6.816562265157699585e-03
4.054630175232887268e-02
0.000000000000000000e+00
6.213247179985046387e-01
1.321892589330673218e-01
1.242642641067504883e+00
3.229427337646484375e-01
6.264810450375080109e-03
6.228144764900207520e-01
1.214872673153877258e-01
2.949902415275573730e-02
0.000000000000000000e+00
2.249788492918014526e-01
4.343014061450958252e-01
1.481505036354064941e-01
5.460272431373596191e-01
9.126354008913040161e-03
2.225058078765869141e+00
1.482576713897287846e-03
5.040316581726074219e-01
0.000000000000000000e+00
8.357867002487182617e-01
0.000000000000000000e+00
1.071554422378540039e+00
6.377676129341125488e-02
1.280058860778808594e+00
9.368768334388732910e-02
7.490295171737670898e-01
3.400560468435287476e-02
0.000000000000000000e+00
1.618236862123012543e-02
2.411158755421638489e-02
2.533829212188720703e-01
1.289343535900115967e-01
1.293171346187591553e-01
3.804932907223701477e-02
1.530550867319107056e-01
2.278286695480346680e+00
1.657174229621887207e-01
3.851425349712371826e-01
1.509662270545959473e+00
1.043269708752632141e-01
8.193401694297790527e-01
0.000000000000000000e+00
2.158910594880580902e-02
3.433550521731376648e-02
1.767315268516540527e+00
8.916583657264709473e-02
1.337257176637649536e-01
9.906811714172363281e-01
0.000000000000000000e+00
2.761780619621276855e-01
3.451468050479888916e-02
1.516333371400833130e-01
3.184895515441894531e+00
1.772316455841064453e+00
0.000000000000000000e+00
6.887057423591613770e-01
0.000000000000000000e+00
5.612014532089233398e-01
8.021670341491699219e+00
3.063919022679328918e-02
1.567882299423217773e-01
1.327956914901733398e-01
0.000000000000000000e+00
4.700618982315063477e-02
3.029903583228588104e-02
1.785955578088760376e-01
2.488679438829421997e-01
9.576607346534729004e-01
4.334427043795585632e-02
3.560352325439453125e-01
4.779227077960968018e-02
9.288873523473739624e-02
3.410862982273101807e-01
3.307860195636749268e-01
1.964194059371948242e+00
5.291559696197509766e-01
8.050178177654743195e-03
0.000000000000000000e+00
1.257093250751495361e-01
2.622492909431457520e-01
1.229338906705379486e-02
0.000000000000000000e+00
0.000000000000000000e+00
0.000000000000000000e+00
1.119416594505310059e+00
5.629717707633972168e-01
5.179450988769531250e+00
2.321583628654479980e-01
2.305933684110641479e-01
7.634863257408142090e-02
8.812242595013231039e-05
4.841369111090898514e-03
0.000000000000000000e+00
3.439660072326660156e-01
1.112224236130714417e-01
3.183617809554561973e-05
2.791447639465332031e-01
0.000000000000000000e+00
9.467262625694274902e-01
0.000000000000000000e+00
2.312159352004528046e-02
0.000000000000000000e+00
6.070705503225326538e-02
4.837188124656677246e-02
1.819170594215393066e+00
5.544368624687194824e-01
2.898098826408386230e-01
7.659973576664924622e-03
1.366420090198516846e-01
4.749364554882049561e-01
0.000000000000000000e+00
0.000000000000000000e+00
3.672921657562255859e+00
2.214260697364807129e-01
1.400176286697387695e-01
4.128355979919433594e-01
2.542477846145629883e-01
0.000000000000000000e+00
8.510778546333312988e-01
0.000000000000000000e+00
8.927688002586364746e-02
6.763325333595275879e-01
1.771537959575653076e-01
1.737947225570678711e+00
2.536195889115333557e-02
1.267361789941787720e-01
2.085820287466049194e-01
1.546090245246887207e-01
5.839233994483947754e-01
1.551990509033203125e-01
9.529299102723598480e-03
0.000000000000000000e+00
6.325784325599670410e-02
0.000000000000000000e+00
1.892949640750885010e-02
3.608377873897552490e-01
0.000000000000000000e+00
1.057376980781555176e+00
8.086104393005371094e-01
1.018964797258377075e-01
0.000000000000000000e+00
1.715701509965583682e-04
4.511131718754768372e-02
2.558967769145965576e-01
2.129548974335193634e-02
0.000000000000000000e+00
0.000000000000000000e+00
0.000000000000000000e+00
1.730049215257167816e-02
3.218641877174377441e-01
2.824606597423553467e-01
8.553215861320495605e-01
0.000000000000000000e+00
1.896472424268722534e-01
2.968250513076782227e-01
5.322941020131111145e-02
1.373814493417739868e-01
1.940645277500152588e-01
5.995384417474269867e-03
4.090868830680847168e-01
2.026859074831008911e-01
3.712611645460128784e-02
1.787586957216262817e-01
0.000000000000000000e+00
0.000000000000000000e+00
3.333388268947601318e-01
5.128639936447143555e-02
1.283609122037887573e-01
1.122969239950180054e-01
8.721637725830078125e-02
0.000000000000000000e+00
0.000000000000000000e+00
0.000000000000000000e+00
0.000000000000000000e+00
0.000000000000000000e+00
2.184943437576293945e+00
0.000000000000000000e+00
1.393128931522369385e-01
0.000000000000000000e+00
7.547987252473831177e-02
2.057256922125816345e-02
2.282103776931762695e+00
2.102326869964599609e+00
2.562246322631835938e+00
0.000000000000000000e+00
1.416740119457244873e-01
2.170355468988418579e-01
3.655267715454101562e+00
2.235445231199264526e-01
1.076211500912904739e-02
5.596225857734680176e-01
1.579155027866363525e-02
5.528819084167480469e+00
2.586160320788621902e-03
2.979981712996959686e-03
0.000000000000000000e+00
6.860338151454925537e-02
1.348527669906616211e+00
4.732546508312225342e-01
3.643795847892761230e-02
4.703562259674072266e-01
1.090324744582176208e-01
1.750812307000160217e-02
2.576833069324493408e-01
5.107625722885131836e-01
0.000000000000000000e+00
1.487390249967575073e-01
0.000000000000000000e+00
2.137891650199890137e-01
2.937179207801818848e-01
2.686903998255729675e-02
0.000000000000000000e+00
8.430941104888916016e-01
7.392202019691467285e-01
4.157878831028938293e-02
7.132240533828735352e-01
4.537565410137176514e-01
1.004325985908508301e+00
0.000000000000000000e+00
7.457495480775833130e-02
4.089341163635253906e-01
9.557665325701236725e-04
0.000000000000000000e+00
2.540732920169830322e-01
0.000000000000000000e+00
1.046575456857681274e-01
0.000000000000000000e+00
3.018827736377716064e-01
1.928429454565048218e-01
5.070468410849571228e-02
7.292454838752746582e-01
2.845640480518341064e-02
0.000000000000000000e+00
7.573195616714656353e-04
0.000000000000000000e+00
6.218463182449340820e-01
5.079385638236999512e-01
1.378070116043090820e+00
3.250654041767120361e-01
0.000000000000000000e+00
3.316538631916046143e-01
1.200092673301696777e+00
1.115593075752258301e+00
1.599865220487117767e-02
4.129526671022176743e-03
2.568724453449249268e-01
1.068889260292053223e+00
0.000000000000000000e+00
0.000000000000000000e+00
5.554742813110351562e-01
9.060121774673461914e-01
0.000000000000000000e+00
2.447622418403625488e-01
2.624341845512390137e-02
1.420165896415710449e-01
1.085998862981796265e-02
3.438353165984153748e-02
3.382016718387603760e-01
1.673490554094314575e-01
1.012571081519126892e-01
0.000000000000000000e+00
3.535897657275199890e-02
5.568579435348510742e-01
1.552978157997131348e+00
2.603307552635669708e-02
2.668234752491116524e-03
9.431563317775726318e-02
1.382758975028991699e+00
1.229427903890609741e-01
5.710642039775848389e-02
6.607425957918167114e-02
6.900077313184738159e-02
0.000000000000000000e+00
0.000000000000000000e+00
2.512819766998291016e+00
1.364735513925552368e-02
0.000000000000000000e+00
3.546058386564254761e-02
1.621228642761707306e-02
0.000000000000000000e+00
1.700101345777511597e-01
2.215249836444854736e-01
0.000000000000000000e+00
0.000000000000000000e+00
0.000000000000000000e+00
3.632898032665252686e-01
7.374919368885457516e-05
0.000000000000000000e+00
8.180158734321594238e-01
2.163284271955490112e-01
8.421617746353149414e-02
7.790905833244323730e-01
5.953331477940082550e-03
3.394782915711402893e-02
4.062535464763641357e-01
2.056065082550048828e+00
1.668389797210693359e+00
0.000000000000000000e+00
1.619175821542739868e-02
0.000000000000000000e+00
3.018925711512565613e-02
0.000000000000000000e+00
0.000000000000000000e+00
1.787065029144287109e+00
1.878911256790161133e-01
7.175641506910324097e-02
1.443045288324356079e-01
3.809648379683494568e-02
2.481254935264587402e-02
5.386886373162269592e-02
4.513841629028320312e+00
3.511654958128929138e-02
4.066593572497367859e-02
2.385230176150798798e-02
5.173372626304626465e-01
2.653606608510017395e-02
7.039906084537506104e-02
0.000000000000000000e+00
0.000000000000000000e+00
9.456097148358821869e-03
3.512134775519371033e-02
3.318396508693695068e-01
2.152556367218494415e-02
1.078603863716125488e+00
0.000000000000000000e+00
1.326033592224121094e+00
2.104731462895870209e-02
8.354470878839492798e-02
2.954983115196228027e-01
6.014000773429870605e-01
1.613672375679016113e-01
5.595192313194274902e-02
2.180983871221542358e-01
0.000000000000000000e+00
5.429237484931945801e-01
5.816448926925659180e-01
0.000000000000000000e+00
4.352854564785957336e-02
3.539711236953735352e-01
3.727420568466186523e-01
1.441919524222612381e-02
1.275179535150527954e-02
1.182361484097782522e-05
1.746563166379928589e-01
5.621032416820526123e-02
1.220440626144409180e+00
1.037753462791442871e+00
1.226116437464952469e-02
9.785211645066738129e-03
4.868253171443939209e-01
2.999719791114330292e-02
2.788399718701839447e-02
4.154157042503356934e-01
4.976507625542581081e-04
0.000000000000000000e+00
0.000000000000000000e+00
7.903025746345520020e-01
7.223663479089736938e-02
4.882863163948059082e-02
6.960320472717285156e-01
0.000000000000000000e+00
0.000000000000000000e+00
8.264322280883789062e-01
0.000000000000000000e+00
1.436930596828460693e-01
1.818760782480239868e-01
5.813916027545928955e-02
1.106449604034423828e+00
5.156105756759643555e-01
1.539193838834762573e-01
1.057996600866317749e-02
4.480092525482177734e-01
8.400798588991165161e-02
6.636697333306074142e-03
0.000000000000000000e+00
2.307249605655670166e-01
2.533736526966094971e-01
5.122242122888565063e-02
9.708976745605468750e-02
0.000000000000000000e+00
2.297845184803009033e-01
6.177911162376403809e-01
1.743546128273010254e-01
5.921437740325927734e-01
1.590254008769989014e-01
6.561143696308135986e-02
7.277036458253860474e-02
1.207011938095092773e+00
7.229888439178466797e-02
2.260363288223743439e-02
1.210703849792480469e+00
8.616389036178588867e-01
4.807601496577262878e-02
0.000000000000000000e+00
8.230085484683513641e-03
1.090721227228641510e-03
0.000000000000000000e+00
1.663811802864074707e+00
0.000000000000000000e+00
6.168940663337707520e-02
7.380956411361694336e-01
9.276449680328369141e-02
0.000000000000000000e+00
1.266734123229980469e+00
2.012284658849239349e-02
4.198025166988372803e-02
6.478269696235656738e-01
0.000000000000000000e+00
0.000000000000000000e+00
5.059102550148963928e-02
6.449817121028900146e-02
0.000000000000000000e+00
2.037644200026988983e-02
0.000000000000000000e+00
3.648282587528228760e-01
4.044010862708091736e-02
1.046725921332836151e-02
7.122246548533439636e-03
7.689671516418457031e-01
0.000000000000000000e+00
5.366537254303693771e-03
1.291987150907516479e-01
3.885675072669982910e-01
9.554248303174972534e-02
1.156114935874938965e-01
4.321485757827758789e-01
8.460646867752075195e-02
1.229396760463714600e-01
3.678395450115203857e-01
7.433532476425170898e-01
3.268797881901264191e-03
0.000000000000000000e+00
7.348803281784057617e-01
1.542237587273120880e-02
1.376490201801061630e-02
9.938346743583679199e-01
1.580931618809700012e-02
0.000000000000000000e+00
2.967467345297336578e-02
7.885228097438812256e-02
1.154683530330657959e-02
8.294022083282470703e-02
2.151527643203735352e+00
0.000000000000000000e+00
0.000000000000000000e+00
5.456196665763854980e-01
6.298879534006118774e-02
1.172536984086036682e-02
1.418602019548416138e-01
1.251086685806512833e-02
5.686132311820983887e-01
8.865591883659362793e-02
1.351259350776672363e-01
2.674523368477821350e-02
1.491784334182739258e+00
1.109339818358421326e-01
0.000000000000000000e+00
6.785404682159423828e-02
2.412185072898864746e-02
7.800677418708801270e-01
6.733334660530090332e-01
2.315221875905990601e-01
5.623105540871620178e-02
1.730443388223648071e-01
0.000000000000000000e+00
0.000000000000000000e+00
3.023237586021423340e-01
1.548417687416076660e+00
1.044267863035202026e-01
6.920257210731506348e-02
3.359362483024597168e-02
3.359585106372833252e-01
1.165639162063598633e-01
0.000000000000000000e+00
9.506278485059738159e-02
1.049769163131713867e+00
1.613996922969818115e-01
1.849118947982788086e+00
1.505843400955200195e-01
1.047257065773010254e+00
0.000000000000000000e+00
0.000000000000000000e+00
2.982451021671295166e-01
2.517099976539611816e-01
1.122185122221708298e-02
2.248830050230026245e-01
1.645767502486705780e-02
2.919269260019063950e-03
7.209333032369613647e-02
2.498892068862915039e+00
2.616888880729675293e-01
4.291534423828125000e-01
0.000000000000000000e+00
6.445920467376708984e-02
0.000000000000000000e+00
0.000000000000000000e+00
6.413971632719039917e-02
1.565485149621963501e-01
1.595223546028137207e+00
0.000000000000000000e+00
9.952148795127868652e-02
1.500558108091354370e-02
7.668866217136383057e-02
9.698651731014251709e-03
8.857651054859161377e-02
7.201418876647949219e-01
9.464561939239501953e-02
6.376902014017105103e-02
6.258872509002685547e+00
1.103327125310897827e-01
2.770172804594039917e-02
1.090030968189239502e-01
1.163091659545898438e-01
1.102392226457595825e-01
4.740361869335174561e-02
0.000000000000000000e+00
2.515514940023422241e-02
3.226617574691772461e-01
2.914411544799804688e+00
1.616556756198406219e-02
2.006467990577220917e-02
0.000000000000000000e+00
6.568347215652465820e-01
9.374682903289794922e-01
0.000000000000000000e+00
6.401025652885437012e-01
1.557862013578414917e-01
2.012530416250228882e-01
1.045438528060913086e+00
0.000000000000000000e+00
1.319388020783662796e-02
5.917625129222869873e-02
1.710606575012207031e+00
0.000000000000000000e+00
2.965914011001586914e-01
4.418772757053375244e-01
1.044793054461479187e-02
9.825626388192176819e-03
3.321816027164459229e-02
0.000000000000000000e+00
4.089003801345825195e-02
9.411147236824035645e-01
4.112728312611579895e-02
0.000000000000000000e+00
1.955722272396087646e-02
3.789001226425170898e+00
8.224767446517944336e-01
7.436393946409225464e-02
1.811645925045013428e-02
5.128887891769409180e-01
0.000000000000000000e+00
0.000000000000000000e+00
3.396343206986784935e-03
9.766840934753417969e-01
1.307563632726669312e-01
7.278931885957717896e-02
6.696953903883695602e-03
5.019063949584960938e-01
7.838656306266784668e-01
0.000000000000000000e+00
7.288064062595367432e-02
4.344163417816162109e+00
5.746021866798400879e-01
8.624121546745300293e-02
2.972868084907531738e-02
0.000000000000000000e+00
8.291905373334884644e-02
1.741435974836349487e-01
4.084668457508087158e-01
3.161455392837524414e-01
5.195230990648269653e-02
4.271801561117172241e-02
9.846013188362121582e-01
2.205695867538452148e+00
3.105418086051940918e-01
0.000000000000000000e+00
9.195211343467235565e-03
6.351193785667419434e-02
3.154416568577289581e-03
3.860724270343780518e-01
1.724836765788495541e-04
5.711573362350463867e-01
4.038858413696289062e-02
1.557503193616867065e-01
0.000000000000000000e+00
2.057355046272277832e-01
0.000000000000000000e+00
1.020837903022766113e+00
2.814863622188568115e-01
0.000000000000000000e+00
1.377820730209350586e+00
2.606470510363578796e-02
0.000000000000000000e+00
4.663866385817527771e-02
2.058354765176773071e-01
8.750582486391067505e-02
2.411305606365203857e-01
2.949315682053565979e-02
0.000000000000000000e+00
1.155189275741577148e-01
7.074164599180221558e-02
1.280266344547271729e-01
9.084689021110534668e-01
5.553150177001953125e-02
8.310343027114868164e-01
2.163195461034774780e-01
1.302198171615600586e-01
4.577726125717163086e-02
4.996037855744361877e-02
0.000000000000000000e+00
3.600633516907691956e-02
3.166703283786773682e-01
1.736203208565711975e-02
2.409191280603408813e-01
6.867890246212482452e-03
1.689598709344863892e-01
1.128426864743232727e-01
2.789971828460693359e-01
7.111272811889648438e-01
0.000000000000000000e+00
1.462591905146837234e-02
5.804848298430442810e-02
9.753567576408386230e-01
0.000000000000000000e+00
0.000000000000000000e+00
1.672427177429199219e+00
7.930509448051452637e-01
4.218036830425262451e-01
2.083080122247338295e-03
1.113595999777317047e-02
0.000000000000000000e+00
6.991191506385803223e-01
8.991793990135192871e-01
7.420025467872619629e-01
0.000000000000000000e+00
6.616902537643909454e-03
9.416749328374862671e-02
2.875067293643951416e-01
0.000000000000000000e+00
2.614576101303100586e+00
8.327433466911315918e-02
2.170465439558029175e-01
3.348770141601562500e-01
5.408106446266174316e-01
5.649758502840995789e-02
1.149389706552028656e-02
0.000000000000000000e+00
0.000000000000000000e+00
4.719428122043609619e-01
7.611775398254394531e-01
9.239308536052703857e-02
2.851392701268196106e-02
2.507582008838653564e-01
2.486033886671066284e-01
7.251026574522256851e-03
1.420480251312255859e+00
0.000000000000000000e+00
3.267914652824401855e-01
0.000000000000000000e+00
0.000000000000000000e+00
0.000000000000000000e+00
0.000000000000000000e+00
0.000000000000000000e+00
3.688013553619384766e-01
6.050216034054756165e-02
4.877803921699523926e-01
8.717432618141174316e-01
0.000000000000000000e+00
0.000000000000000000e+00
0.000000000000000000e+00
0.000000000000000000e+00
2.954008579254150391e-01
2.181643396615982056e-01
2.159568309783935547e+00
3.424815088510513306e-02
5.359335243701934814e-02
4.954465329647064209e-01
3.024942940101027489e-03
4.897889792919158936e-01
0.000000000000000000e+00
2.413600981235504150e-01
1.377285122871398926e-01
4.193523153662681580e-02
2.350030988454818726e-01
3.011461496353149414e-01
5.451907869428396225e-03
4.118433594703674316e-02
1.206599250435829163e-01
1.909178644418716431e-01
5.361111164093017578e-01
0.000000000000000000e+00
2.146326750516891479e-02
2.335519297048449516e-03
2.276062518358230591e-01
9.916162118315696716e-03
1.326588913798332214e-02
6.159790158271789551e-01
8.152413368225097656e-02
3.124784491956233978e-02
1.188769340515136719e+00
1.770450151525437832e-03
2.980300486087799072e-01
2.364003658294677734e-01
0.000000000000000000e+00
2.901203930377960205e-02
0.000000000000000000e+00
0.000000000000000000e+00
1.468765616416931152e+00
3.254924342036247253e-02
2.674664556980133057e-01
2.700546383857727051e-02
0.000000000000000000e+00
3.689252138137817383e-01
2.813677787780761719e-01
0.000000000000000000e+00
1.624416746199131012e-02
0.000000000000000000e+00
5.409357547760009766e-01
1.054340507835149765e-03
0.000000000000000000e+00
9.547595679759979248e-02
3.525370359420776367e-01
1.790731996297836304e-01
0.000000000000000000e+00
2.432077974081039429e-01
4.748638272285461426e-01
0.000000000000000000e+00
5.967332050204277039e-02
