3.379796743392944336e-01
4.308502003550529480e-02
1.881697773933410645e-01
0.000000000000000000e+00
1.550660878419876099e-01
0.000000000000000000e+00
1.320370137691497803e-01
1.988441050052642822e-01
1.750269651412963867e+00
5.486941337585449219e-02
4.841853305697441101e-02
4.943585395812988281e-02
2.350392639636993408e-01
4.067400693893432617e-01
1.438713818788528442e-01
2.931119203567504883e-01
2.140975445508956909e-01
1.132312864065170288e-01
0.000000000000000000e+00
8.040932416915893555e-01
6.778040528297424316e-02
2.235171198844909668e-02
1.231970041990280151e-01
3.297931849956512451e-01
6.349596977233886719e-01
2.278692007064819336e+00
8.226264119148254395e-01
5.590939521789550781e-02
1.798933744430541992e+00
9.228734970092773438e-01
0.000000000000000000e+00
5.758407115936279297e-01
0.000000000000000000e+00
2.823097407817840576e-01
5.889342427253723145e-01
0.000000000000000000e+00
9.338995069265365601e-02
2.892591357231140137e-01
5.824989173561334610e-03
1.163651123642921448e-01
1.353120803833007812e+00
3.556313812732696533e-01
9.456899166107177734e-01
1.273684144020080566e+00
0.000000000000000000e+00
1.607706785202026367e+00
1.028584688901901245e-01
2.654357850551605225e-01
1.364486217498779297e-01
6.025040745735168457e-01
6.496442556381225586e-01
3.234676837921142578e+00
3.127148747444152832e-01
5.080218315124511719e-01
2.029711723327636719e+00
1.975346531253308058e-04
0.000000000000000000e+00
0.000000000000000000e+00
3.792764246463775635e-02
1.821694493293762207e+00
8.650462329387664795e-02
5.928119271993637085e-02
7.348512411117553711e-01
3.692857325077056885e-01
1.131240248680114746e+00
2.249036356806755066e-02
7.617543339729309082e-01
1.210255980491638184e+00
3.501805290579795837e-02
5.700825452804565430e-01
3.701597213745117188e+00
1.365791261196136475e-01
4.072649478912353516e-01
1.945898294448852539e+00
8.267599344253540039e-02
3.739640414714813232e-01
1.244941949844360352e+00
3.170741200447082520e-01
1.917624354362487793e+00
1.702842265367507935e-01
1.394326146692037582e-02
7.035975344479084015e-03
0.000000000000000000e+00
3.150810953229665756e-04
1.385447382926940918e-01
0.000000000000000000e+00
4.923653602600097656e-01
5.629421398043632507e-02
0.000000000000000000e+00
1.879174828529357910e+00
5.939983725547790527e-01
6.490006297826766968e-02
3.296092152595520020e-01
9.144119173288345337e-02
2.885378198698163033e-03
2.274527912959456444e-03
0.000000000000000000e+00
1.841324448585510254e+00
2.058768987655639648e+00
2.210662215948104858e-01
4.119614064693450928e-01
6.224150657653808594e-01
6.408004164695739746e-01
1.343169569969177246e+00
1.248006075620651245e-01
4.430647790431976318e-01
5.760992169380187988e-01
2.234743118286132812e+00
5.178290978074073792e-02
1.264601796865463257e-01
0.000000000000000000e+00
1.154619455337524414e+00
3.632656335830688477e-01
4.977529346942901611e-01
3.197748363018035889e-01
1.482321918010711670e-01
1.008662581443786621e-01
1.133143752813339233e-01
1.908013075590133667e-01
1.427349299192428589e-01
0.000000000000000000e+00
5.552012920379638672e-01
0.000000000000000000e+00
7.197868824005126953e-02
7.348161220550537109e+00
0.000000000000000000e+00
2.538477778434753418e-01
1.011432528495788574e+00
8.028097152709960938e-01
0.000000000000000000e+00
5.964350104331970215e-01
2.570806145668029785e-01
2.781517505645751953e-01
0.000000000000000000e+00
3.913286328315734863e-02
5.252367854118347168e-01
4.224226474761962891e-01
0.000000000000000000e+00
1.835356831550598145e+00
8.411143422126770020e-01
2.427682653069496155e-02
1.449122745543718338e-02
3.087402343750000000e+00
9.870497882366180420e-02
1.053351983428001404e-01
4.014824926853179932e-01
4.675118446350097656e+00
3.055154323577880859e+00
4.986831843852996826e-01
9.169512391090393066e-01
1.099444508552551270e+00
1.995939314365386963e-01
0.000000000000000000e+00
1.697814278304576874e-02
8.449261188507080078e-01
5.834676697850227356e-02
5.460218191146850586e-01
2.435122728347778320e-01
1.721122302114963531e-02
4.238419532775878906e-01
4.338614642620086670e-02
4.343544244766235352e-01
1.764889955520629883e+00
2.318147756159305573e-02
7.652603834867477417e-02
7.017242908477783203e-01
1.444398192688822746e-03
6.266413331031799316e-01
2.543509602546691895e-01
1.604739427566528320e+00
0.000000000000000000e+00
4.925242066383361816e-01
1.125973463058471680e+00
6.140117347240447998e-02
8.894724398851394653e-02
1.997683286666870117e+00
0.000000000000000000e+00
7.753258943557739258e-02
0.000000000000000000e+00
5.778391361236572266e-01
8.378021419048309326e-02
1.554378628730773926e+00
2.750822603702545166e-01
1.220872044563293457e+00
0.000000000000000000e+00
0.000000000000000000e+00
1.243442818522453308e-01
5.527770519256591797e-01
1.492705475538969040e-02
7.704064249992370605e-01
1.726768910884857178e-01
6.887104362249374390e-02
1.967635750770568848e-02
1.029393300414085388e-01
0.000000000000000000e+00
1.293377280235290527e-01
5.178425312042236328e-01
3.057310581207275391e-01
3.004476726055145264e-01
7.293177247047424316e-01
0.000000000000000000e+00
1.881376802921295166e-01
4.377937875688076019e-03
5.416734814643859863e-01
0.000000000000000000e+00
9.222143888473510742e-02
3.347998261451721191e-01
3.396010994911193848e-01
0.000000000000000000e+00
5.781966447830200195e-02
1.206698417663574219e+00
2.435100674629211426e-01
5.567307397723197937e-02
5.647235866490518674e-06
3.959824442863464355e-01
2.490349531173706055e+00
5.646674335002899170e-02
5.150275826454162598e-01
1.565962284803390503e-01
3.554818034172058105e-02
2.475789934396743774e-01
0.000000000000000000e+00
2.285721451044082642e-01
9.751801379024982452e-03
3.347454369068145752e-01
2.077194117009639740e-02
2.957465592771768570e-03
2.663598537445068359e+00
1.276896595954895020e-01
2.246575117111206055e+00
9.563565254211425781e-03
7.269085198640823364e-02
2.744340002536773682e-01
9.617574512958526611e-02
3.717199563980102539e+00
2.176759004592895508e+00
0.000000000000000000e+00
3.382914066314697266e+00
2.617688477039337158e-02
3.249183064326643944e-04
4.423343762755393982e-02
1.056212112307548523e-01
1.700333207845687866e-01
1.177387952804565430e+00
3.223324194550514221e-02
8.413294702768325806e-02
0.000000000000000000e+00
1.157842203974723816e-01
0.000000000000000000e+00
1.039640046656131744e-02
5.454384684562683105e-01
2.433328889310359955e-02
4.449312388896942139e-02
9.581684321165084839e-02
2.518771588802337646e-01
2.567461729049682617e-01
2.265965752303600311e-02
1.999101489782333374e-01
3.875166773796081543e-01
2.934136614203453064e-02
5.479065775871276855e-01
6.665973067283630371e-01
3.072420060634613037e-01
0.000000000000000000e+00
1.079629659652709961e+00
0.000000000000000000e+00
1.345462258905172348e-02
1.745141506195068359e+00
1.527059555053710938e+00
5.136854052543640137e-01
2.762128412723541260e-01
5.833113670349121094e+00
9.965507388114929199e-01
1.875387728214263916e-01
0.000000000000000000e+00
5.706557631492614746e-01
4.250621423125267029e-02
4.518894106149673462e-02
3.526483848690986633e-02
4.896599333733320236e-03
6.445305049419403076e-02
1.271440863609313965e+00
0.000000000000000000e+00
1.560532897710800171e-01
4.369222559034824371e-03
2.027501463890075684e-01
9.264151006937026978e-02
6.869651675224304199e-01
2.477580070495605469e+00
6.866051349788904190e-03
0.000000000000000000e+00
9.396927356719970703e-01
1.200343489646911621e+00
1.648453623056411743e-02
1.010843873023986816e+00
3.035483062267303467e-01
5.373180285096168518e-02
8.083575405180454254e-03
8.623491972684860229e-02
2.892740070819854736e-01
6.265648603439331055e-01
2.041541785001754761e-02
6.389979273080825806e-02
1.764865219593048096e-02
3.265160620212554932e-01
7.335997819900512695e-01
2.753790915012359619e-01
7.087521255016326904e-02
5.784285664558410645e-01
0.000000000000000000e+00
8.506467193365097046e-02
3.999262452125549316e-01
8.574425578117370605e-01
2.925501903519034386e-03
1.961216703057289124e-02
4.639156758785247803e-01
0.000000000000000000e+00
2.830840647220611572e-01
1.063763350248336792e-01
3.164229393005371094e-01
6.158261299133300781e-01
1.012155190110206604e-01
7.934046909213066101e-03
1.785974502563476562e-01
8.874561786651611328e-01
4.360865429043769836e-02
1.699842512607574463e-01
7.151124954223632812e+00
3.187873065471649170e-01
2.409501001238822937e-02
3.018762171268463135e-01
9.052632749080657959e-02
4.716639518737792969e-01
2.107945680618286133e-01
2.956387996673583984e-01
0.000000000000000000e+00
8.487336039543151855e-01
5.907574668526649475e-03
4.583216309547424316e-01
2.060749009251594543e-02
2.171055078506469727e-01
1.317078247666358948e-02
6.661163270473480225e-02
1.154990911483764648e+00
1.521672471426427364e-03
3.813453614711761475e-01
3.293031826615333557e-02
2.043268643319606781e-02
1.015228480100631714e-01
5.385643839836120605e-01
3.894394636154174805e-02
1.584716141223907471e-02
2.037055790424346924e-02
1.017890810966491699e+00
5.512361973524093628e-02
8.280719071626663208e-02
8.303578197956085205e-02
8.638839423656463623e-02
2.616696357727050781e+00
3.253097832202911377e-02
1.715022176504135132e-01
3.216529130935668945e+00
9.455136209726333618e-02
0.000000000000000000e+00
9.826637804508209229e-03
9.704464673995971680e-02
1.548348069190979004e+00
6.316102296113967896e-02
1.764695532619953156e-02
5.565184950828552246e-01
1.063723638653755188e-01
2.552488565444946289e+00
0.000000000000000000e+00
3.180758953094482422e-01
1.108132861554622650e-02
0.000000000000000000e+00
2.322191447019577026e-01
1.462210435420274734e-02
1.183150887489318848e+00
1.477799862623214722e-01
1.318261306732892990e-02
6.038450077176094055e-02
2.264096736907958984e+00
6.646841168403625488e-01
4.032381772994995117e-01
3.736386895179748535e-01
1.895423792302608490e-02
1.530637294054031372e-01
3.797948062419891357e-01
5.373184010386466980e-02
1.998058259487152100e-01
1.531727761030197144e-01
0.000000000000000000e+00
3.794559463858604431e-02
3.098451197147369385e-01
1.025784388184547424e-01
1.033521592617034912e-01
2.091724276542663574e-01
0.000000000000000000e+00
1.363214701414108276e-01
1.581709623336791992e+00
1.829771101474761963e-01
2.161686569452285767e-01
3.448743522167205811e-01
5.546695590019226074e-01
2.151167541742324829e-01
0.000000000000000000e+00
9.646926522254943848e-01
2.277515381574630737e-01
0.000000000000000000e+00
0.000000000000000000e+00
4.918325841426849365e-01
2.265473008155822754e-01
1.088039040565490723e+00
6.771659851074218750e-01
7.323746681213378906e-01
1.098357955925166607e-03
7.856675982475280762e-01
4.901424050331115723e-02
3.900643587112426758e-01
3.003142178058624268e-01
2.879056036472320557e-01
1.952017247676849365e-01
0.000000000000000000e+00
3.426150977611541748e-02
1.647809892892837524e-02
1.706551201641559601e-02
7.969683408737182617e-01
6.397316604852676392e-02
0.000000000000000000e+00
9.303706288337707520e-01
1.288437694311141968e-01
5.033161640167236328e-01
3.622283637523651123e-01
3.016563653945922852e-01
2.304844185709953308e-02
6.314523220062255859e-01
5.262308567762374878e-02
5.527007579803466797e-01
9.896307438611984253e-02
5.612234584987163544e-03
1.776674687862396240e-01
2.077250927686691284e-01
3.724456727504730225e-01
1.822028607130050659e-01
0.000000000000000000e+00
0.000000000000000000e+00
4.363814294338226318e-01
0.000000000000000000e+00
5.364101752638816833e-02
4.760116934776306152e-01
4.014788568019866943e-01
1.103602647781372070e-01
3.662231564521789551e-01
5.085433125495910645e-01
1.541236340999603271e-01
0.000000000000000000e+00
1.953892856836318970e-01
6.557115912437438965e-01
1.010485664010047913e-01
0.000000000000000000e+00
5.025491118431091309e-01
3.610204160213470459e-02
3.000823780894279480e-03
6.544080376625061035e-01
0.000000000000000000e+00
3.021232225000858307e-02
1.208669304847717285e+00
1.505008101463317871e+00
3.522820537909865379e-03
5.164545029401779175e-02
1.295854330062866211e+00
1.096103563904762268e-01
1.511395096778869629e+00
5.953360795974731445e-01
1.481080174446105957e+00
8.305540308356285095e-03
2.523074671626091003e-02
2.082027494907379150e-01
1.795351654291152954e-01
4.230324120726436377e-04
5.776721984148025513e-02
1.437265723943710327e-01
8.875755220651626587e-02
4.592986702919006348e-01
7.722605466842651367e-01
2.361375093460083008e-01
0.000000000000000000e+00
8.806978166103363037e-02
1.487081766128540039e+00
6.349724531173706055e-01
4.611458163708448410e-03
0.000000000000000000e+00
2.194699764251708984e+00
4.470976591110229492e-01
2.850629761815071106e-02
3.285889029502868652e-01
1.337589174509048462e-01
2.847391646355390549e-03
7.020701169967651367e-01
4.380561783909797668e-02
1.701176166534423828e-01
8.744547367095947266e-01
0.000000000000000000e+00
6.461446732282638550e-02
5.634865909814834595e-02
3.128827214241027832e-01
0.000000000000000000e+00
2.014218717813491821e-01
6.151438355445861816e-01
4.297344386577606201e-01
4.291040897369384766e-01
6.744071483612060547e+00
0.000000000000000000e+00
7.011632919311523438e-01
0.000000000000000000e+00
2.952094674110412598e-01
5.589441396296024323e-03
1.711981603875756264e-03
6.204060316085815430e-01
3.249712288379669189e-01
7.566291689872741699e-01
1.498259544372558594e+00
5.668625980615615845e-02
7.647484540939331055e-01
1.532755136489868164e+00
9.446055293083190918e-01
3.872896358370780945e-02
3.466401398181915283e-01
0.000000000000000000e+00
7.875983417034149170e-02
1.369896084070205688e-01
2.281384766101837158e-01
0.000000000000000000e+00
1.470345973968505859e+00
2.803636312484741211e+00
4.244036674499511719e-01
1.256348788738250732e-01
1.016755700111389160e+00
9.602884761989116669e-03
1.054969191551208496e+00
0.000000000000000000e+00
4.885504722595214844e+00
5.718170404434204102e-01
6.091123819351196289e-02
3.350406186655163765e-03
3.410636782646179199e-01
3.747228384017944336e-01
2.753555960953235626e-02
1.362749785184860229e-01
1.650637015700340271e-02
1.334754779236391187e-04
1.615934632718563080e-02
4.979210440069437027e-03
0.000000000000000000e+00
1.357012271881103516e+00
1.752069033682346344e-02
1.407980680465698242e+00
1.409358233213424683e-01
3.242329657077789307e-01
0.000000000000000000e+00
1.083154678344726562e-01
5.030415058135986328e-01
1.084900796413421631e-01
4.086460173130035400e-01
1.165530323982238770e+00
4.370167851448059082e-02
0.000000000000000000e+00
2.477517351508140564e-02
9.634712338447570801e-01
0.000000000000000000e+00
0.000000000000000000e+00
3.850171864032745361e-01
0.000000000000000000e+00
1.155281555838882923e-03
2.428458817303180695e-02
6.130968779325485229e-02
4.682615697383880615e-01
2.810288667678833008e-01
2.129102200269699097e-01
1.829832047224044800e-01
9.365802407264709473e-01
4.367966949939727783e-01
1.176653265953063965e+00
2.224661111831665039e-01
4.337880313396453857e-01
8.593314290046691895e-01
1.371716707944869995e-01
1.042829990386962891e+00
0.000000000000000000e+00
2.831769287586212158e-01
0.000000000000000000e+00
2.063737958669662476e-01
2.815169990062713623e-01
4.722960293292999268e-03
1.575398743152618408e-01
1.822617948055267334e-01
0.000000000000000000e+00
2.198671102523803711e+00
1.715336292982101440e-01
3.854268491268157959e-01
0.000000000000000000e+00
1.945639401674270630e-01
2.071955502033233643e-01
9.131246805191040039e-01
1.855395361781120300e-02
7.550227642059326172e-02
1.814045608043670654e-01
1.333558261394500732e-01
1.478759199380874634e-02
4.899346828460693359e-01
2.662616729736328125e+00
3.595422506332397461e-01
4.947015643119812012e-02
1.771404981613159180e+00
2.942291200160980225e-01
5.343859791755676270e-01
1.853380799293518066e-01
2.025715559720993042e-01
1.895012408494949341e-01
3.149083256721496582e-01
1.964472681283950806e-01
9.085326790809631348e-01
5.067412257194519043e-01
1.795283555984497070e-01
4.352020323276519775e-01
3.773812949657440186e-02
1.257403790950775146e-01
6.151428818702697754e-01
4.262147545814514160e-01
3.306457074359059334e-03
6.741824150085449219e-01
1.752165257930755615e-01
1.492383629083633423e-01
3.178060352802276611e-01
1.274268478155136108e-01
4.506307840347290039e-02
5.818365216255187988e-01
1.742100954055786133e+00
4.591052830219268799e-01
3.024783432483673096e-01
2.431935310363769531e+00
2.855907082557678223e-01
6.065394282341003418e-01
2.035073377192020416e-02
1.377724558115005493e-01
1.340257883071899414e+00
5.070687737315893173e-03
0.000000000000000000e+00
8.938382863998413086e-01
1.090804785490036011e-01
2.159142792224884033e-01
0.000000000000000000e+00
2.213149070739746094e+00
6.557771563529968262e-01
1.439575791358947754e+00
1.613783687353134155e-01
0.000000000000000000e+00
3.614446222782135010e-01
8.820536136627197266e-01
3.445057868957519531e-01
1.405490517616271973e+00
1.435806155204772949e+00
3.095282800495624542e-02
1.617782004177570343e-02
6.791114062070846558e-02
1.264857292175292969e+00
0.000000000000000000e+00
2.765883207321166992e+00
1.672251224517822266e-01
7.251570820808410645e-01
7.058874368667602539e-01
2.978058755397796631e-01
3.696024417877197266e-01
2.435931116342544556e-01
1.762689352035522461e+00
3.158032894134521484e-01
7.974571734666824341e-02
1.746244907379150391e+00
2.638169825077056885e-01
3.302343189716339111e-02
3.367613826412707567e-04
0.000000000000000000e+00
2.568734884262084961e+00
7.634493708610534668e-02
7.386868596076965332e-01
0.000000000000000000e+00
2.988609671592712402e-02
4.189391732215881348e-01
0.000000000000000000e+00
1.738637983798980713e-01
1.261655330657958984e+00
9.985619783401489258e-02
0.000000000000000000e+00
2.271423101425170898e+00
2.245088368654251099e-01
7.786459475755691528e-02
1.839208841323852539e+00
1.422900557518005371e+00
4.720838069915771484e-01
5.345339179039001465e-01
5.675035063177347183e-03
1.930994354188442230e-02
1.966164469718933105e+00
5.369536876678466797e-01
5.404461622238159180e-01
6.172872185707092285e-01
8.531944453716278076e-02
1.708910018205642700e-01
1.029376268386840820e+00
2.905052304267883301e-01
1.995242433622479439e-03
0.000000000000000000e+00
0.000000000000000000e+00
0.000000000000000000e+00
7.001940011978149414e-01
5.836095809936523438e-01
4.135387390851974487e-02
7.048500776290893555e-01
2.290847897529602051e-01
4.044355154037475586e-01
5.884959828108549118e-03
7.019488811492919922e-01
1.361171007156372070e+00
5.193552374839782715e-01
1.147182583808898926e+00
2.563977241516113281e-01
4.995635747909545898e-01
1.856914013624191284e-01
2.755042552947998047e+00
4.187989234924316406e-01
6.861294507980346680e-01
0.000000000000000000e+00
4.597781300544738770e-01
1.069622635841369629e-01
6.336016654968261719e-01
5.481009371578693390e-03
5.761968493461608887e-01
1.073026191443204880e-02
1.191235263831913471e-03
1.759095311164855957e+00
1.979935288429260254e+00
0.000000000000000000e+00
7.013054192066192627e-02
4.199604094028472900e-01
1.339869052171707153e-01
6.242691874504089355e-01
4.028233587741851807e-01
7.577129639685153961e-03
3.933139741420745850e-01
3.072474300861358643e-01
1.320802330970764160e+00
2.342490702867507935e-01
8.850985765457153320e-01
3.548559173941612244e-02
3.171378076076507568e-01
5.277163386344909668e-01
5.750065296888351440e-02
5.460497140884399414e-01
1.874707698822021484e+00
6.952649354934692383e-02
6.632456928491592407e-02
1.218362748622894287e-01
9.945965409278869629e-01
1.628089398145675659e-01
8.321264758706092834e-03
8.422911912202835083e-02
4.109676554799079895e-02
1.635075956583023071e-01
1.743537373840808868e-02
2.571165561676025391e-01
1.096687018871307373e-01
1.782616823911666870e-01
2.029841206967830658e-02
3.084197938442230225e-01
6.953709721565246582e-01
8.279633522033691406e-01
8.307892829179763794e-03
7.127487063407897949e-01
4.195766746997833252e-01
2.314339280128479004e-01
2.963714674115180969e-02
1.960680037736892700e-01
0.000000000000000000e+00
7.258200645446777344e-01
0.000000000000000000e+00
5.438716411590576172e-01
1.091279149055480957e+00
2.929682657122612000e-02
1.624103039503097534e-01
7.840741425752639771e-02
1.629878431558609009e-01
0.000000000000000000e+00
4.579295590519905090e-02
1.233665719628334045e-01
9.279946088790893555e-01
1.336380243301391602e-01
1.912179589271545410e-02
4.580631852149963379e-02
5.434473156929016113e-01
9.906743764877319336e-01
2.533853769302368164e+00
2.913130760192871094e+00
2.504180073738098145e-01
2.265015244483947754e-01
3.079698383808135986e-01
2.224665284156799316e-01
9.099436998367309570e-01
1.253885775804519653e-01
4.186472892761230469e-01
0.000000000000000000e+00
2.867053985595703125e+00
1.417225748300552368e-01
0.000000000000000000e+00
1.478255391120910645e-01
3.130253031849861145e-02
2.242548204958438873e-02
2.064439207315444946e-01
1.245206743478775024e-01
5.776152387261390686e-02
9.450934082269668579e-02
1.116886615753173828e+00
4.034233093261718750e-02
0.000000000000000000e+00
2.106821537017822266e+00
1.294683665037155151e-01
0.000000000000000000e+00
1.145096302032470703e+00
7.734987139701843262e-02
1.330283880233764648e-01
1.119240075349807739e-01
1.043934151530265808e-01
8.757868781685829163e-03
5.848899483680725098e-01
5.663178861141204834e-02
7.941522449254989624e-02
0.000000000000000000e+00
2.111089825630187988e-01
0.000000000000000000e+00
1.170445084571838379e-01
0.000000000000000000e+00
5.462231636047363281e-01
2.466842889785766602e+00
4.536275565624237061e-01
3.946373164653778076e-01
7.434593439102172852e-01
0.000000000000000000e+00
7.296483516693115234e-01
5.877135396003723145e-01
0.000000000000000000e+00
4.384574890136718750e-01
7.355787158012390137e-01
5.831118822097778320e-01
1.347598791122436523e+00
8.732189238071441650e-02
2.408300526440143585e-02
0.000000000000000000e+00
3.304687738418579102e-01
0.000000000000000000e+00
5.640743374824523926e-01
4.515997469425201416e-01
1.392217725515365601e-01
1.348984360694885254e+00
9.162596543319523335e-04
1.367616176605224609e+00
1.427086830139160156e+00
3.588749095797538757e-02
7.907366752624511719e-01
5.887110531330108643e-02
1.383660137653350830e-01
8.064072132110595703e-01
2.219954133033752441e-01
9.079346060752868652e-01
3.107049763202667236e-01
8.827525377273559570e-01
9.465222246944904327e-03
0.000000000000000000e+00
2.707328319549560547e+00
3.192963004112243652e-01
8.154018223285675049e-02
1.574285142123699188e-02
0.000000000000000000e+00
5.446535348892211914e-02
1.294919848442077637e-01
4.470552206039428711e-01
4.277150154113769531e+00
4.398717731237411499e-02
9.513892978429794312e-02
1.535181328654289246e-02
3.374508917331695557e-01
0.000000000000000000e+00
4.013818874955177307e-02
3.233211517333984375e+00
1.203567441552877426e-02
1.074604317545890808e-01
3.939007222652435303e-01
0.000000000000000000e+00
0.000000000000000000e+00
2.585761547088623047e+00
1.953480988740921021e-01
1.973181351786479354e-04
1.115460634231567383e+00
1.786377429962158203e-01
1.046583175659179688e+00
8.523969650268554688e-01
5.342026352882385254e-01
1.193062424659729004e+00
3.652065098285675049e-01
2.570021152496337891e-01
2.397284470498561859e-02
0.000000000000000000e+00
9.323962777853012085e-02
8.253018856048583984e-01
2.570987224578857422e+00
2.933205068111419678e-01
2.731068134307861328e-01
5.818274244666099548e-02
1.721794307231903076e-01
5.006048362702131271e-03
4.993036091327667236e-01
6.380617022514343262e-01
6.824631690979003906e-01
1.471467129886150360e-02
1.038813829421997070e+00
8.062309622764587402e-01
3.377292454242706299e-01
6.449688673019409180e-01
6.399714201688766479e-02
1.326051652431488037e-01
2.519950270652770996e-01
6.677427291870117188e-01
2.968727648258209229e-01
7.258466444909572601e-03
2.542929537594318390e-02
1.001154899597167969e+00
5.542021989822387695e-01
6.258937716484069824e-02
6.009445786476135254e-01
0.000000000000000000e+00
2.945178560912609100e-02
1.552795153111219406e-02
1.184268355369567871e+00
5.179361701011657715e-01
8.600877481512725353e-04
3.143107593059539795e-01
0.000000000000000000e+00
6.582021713256835938e-03
0.000000000000000000e+00
1.872417628765106201e-01
6.016791984438896179e-02
1.177218854427337646e-01
3.347197547554969788e-02
8.146993815898895264e-02
2.712573707103729248e-01
2.517423927783966064e-01
2.336272448301315308e-01
4.489915911108255386e-03
3.744822368025779724e-02
1.296443939208984375e+00
1.823172904551029205e-02
6.570502519607543945e-01
3.188209980726242065e-02
1.838582381606101990e-02
1.466957628726959229e-01
6.186021119356155396e-02
4.042961299419403076e-01
4.151727631688117981e-02
2.125265359878540039e+00
2.653174877166748047e+00
6.274705529212951660e-01
1.358902603387832642e-01
3.510847330093383789e+00
0.000000000000000000e+00
2.864694222807884216e-03
0.000000000000000000e+00
2.136105000972747803e-01
6.279646754264831543e-01
1.855461001396179199e-01
0.000000000000000000e+00
0.000000000000000000e+00
9.476701617240905762e-01
2.219436019659042358e-01
0.000000000000000000e+00
3.511358797550201416e-01
0.000000000000000000e+00
4.952874779701232910e-01
1.562092639505863190e-02
1.799957275390625000e+00
2.888421900570392609e-02
1.183490157127380371e-01
8.426549434661865234e-01
0.000000000000000000e+00
3.311504796147346497e-02
0.000000000000000000e+00
1.666025668382644653e-01
7.507746666669845581e-02
9.645325541496276855e-01
1.233696192502975464e-01
1.901745498180389404e-01
3.720089673995971680e+00
1.430439829826354980e+00
0.000000000000000000e+00
1.120550185441970825e-01
2.774358391761779785e-01
2.367285639047622681e-01
5.247369408607482910e-01
0.000000000000000000e+00
5.923095941543579102e-01
7.152998447418212891e-02
1.564633846282958984e-01
4.310310482978820801e-01
1.679801847785711288e-03
0.000000000000000000e+00
1.007230043411254883e+00
8.548344612121582031e+00
6.793332695960998535e-01
5.172247812151908875e-02
4.349287226796150208e-02
0.000000000000000000e+00
1.555808186531066895e+00
9.100605547428131104e-02
4.555819630622863770e-01
0.000000000000000000e+00
1.103356957435607910e+00
5.771381855010986328e-01
2.075002789497375488e-01
1.711623072624206543e-01
0.000000000000000000e+00
0.000000000000000000e+00
6.537676602602005005e-02
8.137705735862255096e-03
7.322516757994890213e-03
0.000000000000000000e+00
3.597973287105560303e-01
5.990056693553924561e-02
1.535951852798461914e+00
5.772886276245117188e-01
3.618450462818145752e-01
2.063821703195571899e-01
1.780876331031322479e-02
7.883370667695999146e-02
1.972281187772750854e-01
1.104638695716857910e+00
9.160524606704711914e-02
1.076743677258491516e-01
5.968594551086425781e-02
3.772146999835968018e-01
1.763008981943130493e-01
1.664063185453414917e-01
3.791431486606597900e-01
6.344490498304367065e-02
1.894942671060562134e-01
1.955708488821983337e-02
0.000000000000000000e+00
8.922000415623188019e-03
0.000000000000000000e+00
3.512284904718399048e-02
1.862310618162155151e-01
3.452008664608001709e-01
5.892275273799896240e-02
1.324205398559570312e-01
4.720059782266616821e-02
5.502281785011291504e-01
0.000000000000000000e+00
4.608444869518280029e-02
5.669569596648216248e-02
5.680942907929420471e-02
6.363133192062377930e-01
9.063914418220520020e-01
3.882920369505882263e-03
1.278270840644836426e+00
1.144227944314479828e-02
5.529866218566894531e-01
4.295585453510284424e-01
4.679615199565887451e-01
3.404084220528602600e-02
6.110976934432983398e-01
1.977117419242858887e+00
2.464691251516342163e-01
2.033652514219284058e-01
4.001369327306747437e-02
2.020430415868759155e-01
3.614090085029602051e-01
1.379738211631774902e+00
3.276784718036651611e-02
7.560676336288452148e-02
7.541909217834472656e-01
1.193975880742073059e-01
1.955332309007644653e-01
5.042455741204321384e-04
6.249496340751647949e-01
5.767921805381774902e-01
4.062515497207641602e-01
1.491173207759857178e-01
4.089272022247314453e-01
2.830719016492366791e-02
7.709857076406478882e-02
8.655160665512084961e-01
2.514272451400756836e+00
2.055351994931697845e-02
1.826681569218635559e-02
7.104707509279251099e-02
1.446638107299804688e-01
1.150478005409240723e+00
1.335937529802322388e-01
2.807905972003936768e-01
3.482733666896820068e-02
1.209324598312377930e-01
3.352535367012023926e-01
7.071700096130371094e-01
1.249807700514793396e-01
4.331294596195220947e-01
5.182445421814918518e-02
7.333331704139709473e-01
2.033161640167236328e+00
1.178468018770217896e-01
2.892383188009262085e-02
2.973316609859466553e-01
0.000000000000000000e+00
2.867256402969360352e-01
0.000000000000000000e+00
4.467575550079345703e-01
1.023629426956176758e+00
8.890821337699890137e-01
3.070996403694152832e-01
1.373072385787963867e+00
4.353283941745758057e-01
4.241613745689392090e-01
1.453108191490173340e-01
4.131792783737182617e-01
1.536116361618041992e+00
1.708993762731552124e-01
1.520603895187377930e-02
3.828720450401306152e-01
6.167944073677062988e-01
1.713180094957351685e-01
2.137150317430496216e-01
5.960543155670166016e-01
9.048572182655334473e-02
2.435497343540191650e-01
1.026766747236251831e-01
0.000000000000000000e+00
5.197587236762046814e-02
7.604914903640747070e-02
0.000000000000000000e+00
8.844948559999465942e-02
4.843332991003990173e-02
8.971494436264038086e-01
1.184009909629821777e-01
4.125195026397705078e+00
2.943256795406341553e-01
1.991598606109619141e+00
1.161996200680732727e-01
6.874720752239227295e-02
5.628668889403343201e-02
1.721483349800109863e+00
5.031735170632600784e-03
2.079209089279174805e-01
4.255038872361183167e-02
5.095562338829040527e-02
9.014382958412170410e-03
3.089579343795776367e+00
3.754555061459541321e-02
5.245191603899002075e-02
5.728068947792053223e-01
1.586709753610193729e-03
3.229734897613525391e-01
1.443879902362823486e-01
2.784089148044586182e-01
3.605572506785392761e-03
8.684102892875671387e-01
3.817097842693328857e-01
7.462511956691741943e-02
0.000000000000000000e+00
1.727913469076156616e-01
0.000000000000000000e+00
7.979090213775634766e-01
2.188555598258972168e-01
5.616791248321533203e-01
2.465840429067611694e-01
8.697329461574554443e-02
7.867382764816284180e-01
0.000000000000000000e+00
1.925632357597351074e+00
1.736932039260864258e+00
1.107285767793655396e-01
6.758537888526916504e-01
4.900554716587066650e-01
1.294197082519531250e+00
4.547718167304992676e-01
6.692333519458770752e-02
7.975862175226211548e-02
1.979320496320724487e-01
2.147989422082901001e-01
3.721435666084289551e-01
4.496414065361022949e-01
1.113057434558868408e-01
6.286767870187759399e-02
2.784190177917480469e-01
1.467062979936599731e-01
2.047938555479049683e-01
3.256645426154136658e-02
3.579846024513244629e-02
3.567617677617818117e-04
1.170098260045051575e-01
5.615753680467605591e-02
3.297601938247680664e-01
1.069228649139404297e+00
9.852483868598937988e-01
5.051701515913009644e-02
2.957819998264312744e-01
1.759043186902999878e-01
1.061268448829650879e-01
3.128241375088691711e-02
2.279998064041137695e+00
9.142147004604339600e-02
3.444803059101104736e-01
2.288413494825363159e-01
0.000000000000000000e+00
1.960239857435226440e-01
2.176221460103988647e-03
1.884284913539886475e-01
1.302158832550048828e-01
3.575854003429412842e-01
0.000000000000000000e+00
2.626887336373329163e-02
0.000000000000000000e+00
1.805991649627685547e+00
2.542369842529296875e+00
1.530254930257797241e-01
3.414117395877838135e-01
0.000000000000000000e+00
7.205136418342590332e-01
1.770124584436416626e-01
1.446780711412429810e-01
1.293895006179809570e+00
6.997223943471908569e-02
3.581079840660095215e-01
2.517562918365001678e-02
2.099897384643554688e+00
5.921289324760437012e-01
0.000000000000000000e+00
3.212280571460723877e-02
2.182122617959976196e-01
2.234168201684951782e-01
1.148788407444953918e-01
6.756377220153808594e-01
3.833169043064117432e-01
0.000000000000000000e+00
2.406554371118545532e-01
0.000000000000000000e+00
3.657934367656707764e-01
6.644486188888549805e-01
1.153943061828613281e+00
4.072464108467102051e-01
5.287722945213317871e-01
1.008023262023925781e+00
1.069603711366653442e-01
3.130668401718139648e-01
1.581175088882446289e+00
1.232137754559516907e-01
0.000000000000000000e+00
3.282649442553520203e-02
7.341632246971130371e-01
6.749899685382843018e-02
3.418865427374839783e-02
0.000000000000000000e+00
3.987063094973564148e-02
1.552223879843950272e-02
7.736297249794006348e-01
2.830119431018829346e-02
1.739389181137084961e+00
6.440152879804372787e-03
4.064799472689628601e-02
4.456844646483659744e-03
1.850803256034851074e+00
1.229549124836921692e-01
1.553909659385681152e+00
7.520245313644409180e-01
1.813026666641235352e-01
5.932615697383880615e-02
6.833711266517639160e-02
9.645326733589172363e-01
8.223276585340499878e-02
2.071719616651535034e-01
4.042239114642143250e-02
7.564744353294372559e-02
2.377004474401473999e-01
1.183413993567228317e-02
6.326594948768615723e-02
1.588662415742874146e-01
8.334833383560180664e-02
7.512819766998291016e-02
1.481946706771850586e+00
6.852828897535800934e-03
0.000000000000000000e+00
0.000000000000000000e+00
1.226546019315719604e-01
3.087257146835327148e-01
3.221669420599937439e-02
2.770538209006190300e-03
8.658333122730255127e-02
1.053212285041809082e+00
1.860965602099895477e-02
2.489922940731048584e-01
6.206236034631729126e-02
2.023252695798873901e-01
8.289888501167297363e-01
2.266479730606079102e+00
1.125475525856018066e+00
2.038200199604034424e-01
3.161947429180145264e-02
9.037504196166992188e-01
9.920155256986618042e-02
8.336723446846008301e-01
0.000000000000000000e+00
1.828240007162094116e-01
1.596599444746971130e-02
6.459367461502552032e-03
1.048483252525329590e+00
1.342307329177856445e-01
6.224803626537322998e-02
1.255369484424591064e-01
4.432405158877372742e-02
1.128629922866821289e+00
8.207760453224182129e-01
2.028684854507446289e+00
1.501712482422590256e-02
7.629579305648803711e-01
0.000000000000000000e+00
9.311094880104064941e-02
1.477087497711181641e+00
5.924010649323463440e-03
4.560214579105377197e-01
6.085681319236755371e-01
2.137790203094482422e+00
2.509037852287292480e-01
1.517791748046875000e-01
6.839928030967712402e-02
7.890654355287551880e-02
0.000000000000000000e+00
2.598209083080291748e-01
2.631455361843109131e-01
3.030690193176269531e+00
1.938347369432449341e-01
7.382297888398170471e-03
2.398671954870223999e-01
6.774450838565826416e-02
9.436343312263488770e-01
8.245547413825988770e-01
5.913424491882324219e-01
1.277036905288696289e+00
1.129382610321044922e+00
1.804918795824050903e-01
4.680899083614349365e-01
3.751100273802876472e-03
2.704966545104980469e+00
1.880097687244415283e-01
9.407168626785278320e-02
2.874445728957653046e-02
1.016727685928344727e+00
4.348895549774169922e-01
3.998215913772583008e+00
3.389226272702217102e-02
1.258460432291030884e-01
7.977880239486694336e-01
5.792474374175071716e-02
3.139857947826385498e-01
2.372678220272064209e-01
7.061886042356491089e-02
3.770627379417419434e-01
3.518231511116027832e-01
0.000000000000000000e+00
1.269111037254333496e-01
5.596305727958679199e-01
4.097558498382568359e+00
8.422148972749710083e-02
7.498383522033691406e-01
6.204028725624084473e-01
9.762765765190124512e-01
1.853261142969131470e-01
0.000000000000000000e+00
6.644610315561294556e-02
6.693407297134399414e-01
8.364176005125045776e-02
2.339648604393005371e-01
1.157618314027786255e-01
0.000000000000000000e+00
6.449269652366638184e-01
4.356576874852180481e-02
7.904843427240848541e-03
7.712189853191375732e-02
2.380700409412384033e-01
1.192669034004211426e+00
1.212350368499755859e+00
6.555677950382232666e-02
1.754568330943584442e-02
4.781333804130554199e-01
0.000000000000000000e+00
1.756173729896545410e+00
0.000000000000000000e+00
3.222812414169311523e-01
7.116202265024185181e-03
1.994813382625579834e-01
1.016196161508560181e-01
7.463538169860839844e+00
8.576317876577377319e-02
1.268581449985504150e-01
0.000000000000000000e+00
9.794633835554122925e-03
4.470728337764739990e-01
3.020163998007774353e-02
9.129880070686340332e-01
5.604649782180786133e-01
7.193367928266525269e-02
1.054994985461235046e-01
0.000000000000000000e+00
0.000000000000000000e+00
9.062598347663879395e-01
0.000000000000000000e+00
0.000000000000000000e+00
4.683113992214202881e-01
6.686370074748992920e-02
1.698754310607910156e+00
6.259592533111572266e+00
1.453047275543212891e+00
2.262465357780456543e-01
0.000000000000000000e+00
1.309704482555389404e-01
4.062691926956176758e-01
6.735543012619018555e-01
7.902456820011138916e-02
2.708469051867723465e-03
9.326931834220886230e-02
1.775350809097290039e+00
1.940248131752014160e+00
6.038086861371994019e-02
0.000000000000000000e+00
2.840682864189147949e-01
1.107817292213439941e-01
6.545258164405822754e-01
2.645381353795528412e-02
9.173244982957839966e-02
3.437013551592826843e-02
3.026517480611801147e-02
1.364799588918685913e-02
2.087293624877929688e+00
0.000000000000000000e+00
1.099446322768926620e-03
0.000000000000000000e+00
4.293682575225830078e-01
3.913649022579193115e-01
4.869419708847999573e-02
0.000000000000000000e+00
6.452526431530714035e-03
2.620572090148925781e+00
0.000000000000000000e+00
3.257814049720764160e-01
8.478134870529174805e-01
2.843252196907997131e-02
1.470358762890100479e-02
4.406348168849945068e-01
9.270079317502677441e-04
8.320395648479461670e-02
3.361004292964935303e-01
3.643263876438140869e-01
0.000000000000000000e+00
4.572994410991668701e-01
4.567185342311859131e-01
1.992276906967163086e-01
6.079382419586181641e+00
1.079366683959960938e+00
2.517651591915637255e-04
4.119564592838287354e-02
1.531596183776855469e+00
2.080029994249343872e-01
4.707728922367095947e-01
8.793693035840988159e-02
1.731465458869934082e-01
0.000000000000000000e+00
1.017209887504577637e-01
1.892296224832534790e-02
1.425702810287475586e+00
4.013598710298538208e-02
0.000000000000000000e+00
7.046935558319091797e-01
1.926005497807636857e-04
6.672482490539550781e-01
9.015112370252609253e-02
2.283091247081756592e-01
2.438824996352195740e-02
2.942631244659423828e-01
0.000000000000000000e+00
8.576132059097290039e-01
1.818566620349884033e-01
5.486912131309509277e-01
1.332047134637832642e-01
8.723630309104919434e-01
2.285960316658020020e-02
0.000000000000000000e+00
5.232639908790588379e-01
1.099283337593078613e+00
1.561991214752197266e+00
1.087478756904602051e+00
3.575535118579864502e-01
5.923416931182146072e-03
1.542099595069885254e+00
7.634602785110473633e-01
1.111167788505554199e+00
0.000000000000000000e+00
7.651110738515853882e-02
8.444103598594665527e-02
4.829964637756347656e+00
4.629507362842559814e-01
0.000000000000000000e+00
1.723217777907848358e-02
0.000000000000000000e+00
6.602218151092529297e-01
2.358055906370282173e-03
1.064335227012634277e+00
8.249463886022567749e-02
2.035491704940795898e+00
9.073006510734558105e-01
1.014001015573740005e-02
1.493705660104751587e-01
0.000000000000000000e+00
1.607855916023254395e+00
1.497046053409576416e-01
7.991772294044494629e-01
1.327515393495559692e-01
2.059760808944702148e+00
6.743796169757843018e-03
2.178394496440887451e-01
0.000000000000000000e+00
3.970710560679435730e-03
2.399019718170166016e+00
4.374863505363464355e-01
4.805304110050201416e-02
4.805735349655151367e-01
5.939172208309173584e-02
8.764038980007171631e-02
0.000000000000000000e+00
0.000000000000000000e+00
5.530052185058593750e-01
1.306444257497787476e-01
0.000000000000000000e+00
2.572931349277496338e-01
1.426323950290679932e-01
5.166940689086914062e-01
6.672907620668411255e-02
2.826786041259765625e+00
2.700703451409935951e-03
6.752372384071350098e-01
1.133681088685989380e-01
0.000000000000000000e+00
1.194356903433799744e-01
8.542096614837646484e-01
3.424115478992462158e-01
2.052796818315982819e-02
1.587403118610382080e-01
2.600013017654418945e+00
1.511890813708305359e-02
6.822465658187866211e-01
9.226497262716293335e-03
1.305641829967498779e-01
2.227834701538085938e+00
2.872564792633056641e-01
1.475520282983779907e-01
4.371664226055145264e-01
1.541720144450664520e-02
1.227401420474052429e-01
2.629319950938224792e-02
1.044555783271789551e+00
2.916558086872100830e-01
2.670356035232543945e-01
1.815774664282798767e-02
1.364474445581436157e-01
2.350486069917678833e-01
1.082164496183395386e-01
3.269468069076538086e+00
3.301586210727691650e-01
1.707601696252822876e-01
2.747116804122924805e+00
8.402327075600624084e-03
3.873786628246307373e-01
5.953974649310112000e-02
2.927679419517517090e-01
0.000000000000000000e+00
1.047633290290832520e-01
1.689076572656631470e-01
3.233296447433531284e-04
1.201603338122367859e-01
9.283956885337829590e-02
2.523264288902282715e-01
5.888034105300903320e-01
1.267501235008239746e+00
9.077646732330322266e-01
6.865298748016357422e-02
0.000000000000000000e+00
1.664944440126419067e-01
1.463940888643264771e-01
5.923240184783935547e-01
2.636440470814704895e-02
1.581167988479137421e-02
2.021410688757896423e-02
0.000000000000000000e+00
2.556369081139564514e-02
0.000000000000000000e+00
9.490448981523513794e-02
1.106228157877922058e-01
3.273009300231933594e+00
2.308317087590694427e-02
0.000000000000000000e+00
5.378468707203865051e-02
5.610535666346549988e-02
5.543983936309814453e+00
9.696223258972167969e+00
0.000000000000000000e+00
0.000000000000000000e+00
3.406242132186889648e-01
3.634774312376976013e-02
0.000000000000000000e+00
3.744969367980957031e-01
9.602810740470886230e-01
7.372400760650634766e-01
6.686461567878723145e-01
9.625653922557830811e-02
5.616019964218139648e-01
1.448841989040374756e-01
4.382697865366935730e-02
1.629906296730041504e+00
1.093059182167053223e+00
7.881394028663635254e-01
4.956658184528350830e-02
1.090563297271728516e+00
1.409617662429809570e+00
1.187249571084976196e-01
4.606253281235694885e-02
6.552159190177917480e-01
2.792114205658435822e-02
5.023321509361267090e-01
1.891375146806240082e-02
6.477935910224914551e-01
1.285981386899948120e-01
7.917566895484924316e-01
7.433230988681316376e-03
4.822753369808197021e-02
3.894758522510528564e-01
2.180798947811126709e-01
2.888351082801818848e-01
3.904270529747009277e-01
7.368467003107070923e-02
1.276865601539611816e-01
0.000000000000000000e+00
3.397759497165679932e-01
4.083472490310668945e-02
2.472245395183563232e-01
4.245347678661346436e-01
1.310066431760787964e-01
7.732515782117843628e-02
1.834191083908081055e-01
1.334277987480163574e-01
1.471590697765350342e-01
5.069232463836669922e+00
6.739544123411178589e-02
1.285706400871276855e+00
3.120606839656829834e-01
1.709349080920219421e-02
3.751260936260223389e-01
8.838307857513427734e-02
2.431492507457733154e-01
4.124192893505096436e-02
8.066154122352600098e-01
1.448275744915008545e-01
2.879631705582141876e-03
1.551463641226291656e-02
7.063307762145996094e-01
1.028444170951843262e+00
1.861843764781951904e-01
2.027476787567138672e+00
0.000000000000000000e+00
1.385884642601013184e+00
6.075950264930725098e-01
1.101325452327728271e-01
1.403699279762804508e-03
0.000000000000000000e+00
5.790581181645393372e-02
6.682652235031127930e-01
3.082786083221435547e+00
0.000000000000000000e+00
4.145830571651458740e-01
4.093046784400939941e-01
0.000000000000000000e+00
4.646216034889221191e-01
8.498582988977432251e-02
6.035979837179183960e-02
0.000000000000000000e+00
3.132295608520507812e-01
4.377906024456024170e-02
4.030028730630874634e-02
1.063669443130493164e+00
2.512294240295886993e-02
3.113356605172157288e-02
9.582373499870300293e-02
6.243360415101051331e-02
2.355236001312732697e-02
1.328735705465078354e-02
1.123749494552612305e+00
3.909023702144622803e-01
9.443946927785873413e-02
1.708745241165161133e+00
4.712520912289619446e-02
1.370936185121536255e-01
5.530924797058105469e-01
1.084050089120864868e-01
0.000000000000000000e+00
2.583544552326202393e-01
5.090604424476623535e-01
1.897345334291458130e-01
1.055918633937835693e-01
1.651811450719833374e-01
3.141166642308235168e-02
0.000000000000000000e+00
1.528917998075485229e-02
1.200717985630035400e-01
0.000000000000000000e+00
2.405056715011596680e+00
1.492676734924316406e-01
7.579907774925231934e-01
5.918851494789123535e-02
8.015462160110473633e-01
2.802376821637153625e-02
4.856034219264984131e-01
7.945734858512878418e-01
0.000000000000000000e+00
9.389838203787803650e-03
2.532747268676757812e+00
6.493739485740661621e-01
1.473575353622436523e+00
6.547348201274871826e-02
3.950307890772819519e-02
4.359143376350402832e-01
8.065994828939437866e-03
5.050755105912685394e-03
5.273725986480712891e-01
2.306413173675537109e+00
3.367818593978881836e-01
7.483397722244262695e-01
2.414672262966632843e-02
4.384561777114868164e-01
7.669085860252380371e-01
0.000000000000000000e+00
5.238841772079467773e-01
4.922378063201904297e-01
1.029326319694519043e+00
1.062141656875610352e+00
6.076529026031494141e-01
8.375479280948638916e-02
4.408457875251770020e-01
1.065660500898957253e-03
3.696137666702270508e-02
0.000000000000000000e+00
2.238458842039108276e-01
0.000000000000000000e+00
2.087276428937911987e-01
1.735629081726074219e+00
5.640989542007446289e-01
6.228085979819297791e-02
2.115427970886230469e+00
2.792655490338802338e-02
1.016249656677246094e+00
8.727651089429855347e-03
2.223721742630004883e-01
8.501413278281688690e-03
3.627752959728240967e-01
5.476365685462951660e-01
3.262155354022979736e-01
2.078219056129455566e-01
1.476117372512817383e-01
7.097638249397277832e-01
2.886595577001571655e-02
3.260010108351707458e-02
7.280674576759338379e-01
2.492353916168212891e-01
3.875615596771240234e-01
0.000000000000000000e+00
2.180399179458618164e+00
3.867687284946441650e-01
8.061443222686648369e-04
3.882989585399627686e-01
3.285187110304832458e-02
7.302296161651611328e-02
5.836247801780700684e-01
5.624715611338615417e-02
1.004440426826477051e+00
2.658122181892395020e-01
1.347842574119567871e+00
2.370743304491043091e-01
1.086953189224004745e-02
1.967166304588317871e+00
0.000000000000000000e+00
0.000000000000000000e+00
7.702292799949645996e-01
1.342549175024032593e-01
0.000000000000000000e+00
7.380360364913940430e-02
4.185537099838256836e-01
0.000000000000000000e+00
1.084398031234741211e+00
1.043862819671630859e+00
0.000000000000000000e+00
2.718780755996704102e+00
4.089295268058776855e-01
8.243528008460998535e-01
4.094654917716979980e-01
3.621672391891479492e-01
6.303504854440689087e-02
5.561552047729492188e-01
2.286011874675750732e-01
1.244839578866958618e-01
0.000000000000000000e+00
6.433292031288146973e-01
4.928467795252799988e-02
2.210558624938130379e-03
6.376618146896362305e-02
7.171729952096939087e-02
1.336663484573364258e+00
0.000000000000000000e+00
3.392726898193359375e+00
2.376709729433059692e-01
6.548471003770828247e-02
2.353608421981334686e-02
4.104271531105041504e-02
0.000000000000000000e+00
5.499513745307922363e-01
7.387670129537582397e-02
1.419433802366256714e-01
6.542018800973892212e-02
7.324219346046447754e-01
0.000000000000000000e+00
9.230239689350128174e-02
6.097932811826467514e-03
1.107917428016662598e+00
2.856400728225708008e+00
1.300346571952104568e-02
1.414163596928119659e-02
3.736663982272148132e-02
2.944662570953369141e-01
1.955670118331909180e+00
1.116095930337905884e-01
8.583959341049194336e-01
3.623624891042709351e-02
4.151662439107894897e-02
1.544352024793624878e-01
3.976481407880783081e-02
3.554378151893615723e-01
2.320105731487274170e-01
9.126305580139160156e-01
2.600033879280090332e-01
0.000000000000000000e+00
3.405747413635253906e-01
2.120505124330520630e-01
1.156616330146789551e+00
6.798744797706604004e-01
4.470385313034057617e-01
9.046200513839721680e-01
9.594894200563430786e-02
2.050868034362792969e+00
5.513973534107208252e-02
3.767767250537872314e-01
3.304744362831115723e-01
1.919318556785583496e+00
1.327763557434082031e+00
0.000000000000000000e+00
0.000000000000000000e+00
9.214223362505435944e-03
3.015548363327980042e-02
6.662902235984802246e-01
3.378457129001617432e-01
8.621291518211364746e-01
6.041943281888961792e-02
1.161546483635902405e-01
8.354349732398986816e-01
5.837148427963256836e-01
1.331578344106674194e-01
1.383483409881591797e-02
4.731167852878570557e-01
0.000000000000000000e+00
7.569221258163452148e-01
2.454997412860393524e-02
1.037067472934722900e-01
5.384019389748573303e-02
2.797372937202453613e-01
4.654413759708404541e-01
2.790008299052715302e-02
5.012755990028381348e-01
0.000000000000000000e+00
1.085295975208282471e-01
9.979833364486694336e-01
1.267681363970041275e-03
9.148665666580200195e-01
1.964100301265716553e-01
4.647676646709442139e-01
7.745541930198669434e-01
7.194154709577560425e-02
5.638219118118286133e-01
2.465878576040267944e-01
4.038586914539337158e-01
3.978507220745086670e-02
6.984110474586486816e-01
3.964846432209014893e-01
1.422474384307861328e-01
6.811521649360656738e-01
1.935257762670516968e-01
5.584521293640136719e-01
7.872027158737182617e-02
1.610121726989746094e-01
7.883073687553405762e-01
8.256919682025909424e-02
2.721920311450958252e-01
8.912042379379272461e-01
2.722693979740142822e-01
1.438969254493713379e+00
8.420065790414810181e-02
5.700674057006835938e-01
2.496173977851867676e-01
1.490704901516437531e-02
8.476067334413528442e-03
1.100386083126068115e-01
0.000000000000000000e+00
4.509127438068389893e-01
2.997630462050437927e-02
1.129865050315856934e-01
9.885568618774414062e-01
8.669630438089370728e-02
2.449681758880615234e+00
6.950838565826416016e-01
3.574333190917968750e-01
2.020004093647003174e-01
1.774669140577316284e-01
0.000000000000000000e+00
2.171859741210937500e-01
1.417667120695114136e-01
0.000000000000000000e+00
1.258780002593994141e+00
4.527936279773712158e-01
0.000000000000000000e+00
2.883845567703247070e-01
1.249643340706825256e-01
0.000000000000000000e+00
4.646722972393035889e-02
3.389791026711463928e-02
3.458312988281250000e+00
0.000000000000000000e+00
4.683530889451503754e-03
2.526645064353942871e-01
1.538446266204118729e-02
6.361265778541564941e-01
1.791753340512514114e-03
1.849431395530700684e-01
1.975664734840393066e+00
1.480458676815032959e-01
2.095300704240798950e-01
4.941722378134727478e-02
5.637195333838462830e-02
1.154719665646553040e-01
9.249093942344188690e-03
4.373407363891601562e-02
1.552158445119857788e-01
5.106536555103957653e-04
3.268313109874725342e-01
1.600105464458465576e-01
2.015036940574645996e-01
3.863477408885955811e-01
1.161115884780883789e+00
1.534782499074935913e-01
2.751454012468457222e-03
1.716723561286926270e+00
2.388554811477661133e-01
4.202076233923435211e-03
5.327529311180114746e-01
2.255926653742790222e-02
8.562783896923065186e-02
7.459164857864379883e-01
0.000000000000000000e+00
4.003334939479827881e-01
8.565012365579605103e-03
1.218034625053405762e-01
1.269856542348861694e-01
0.000000000000000000e+00
0.000000000000000000e+00
5.002218764275312424e-03
1.292009279131889343e-02
5.010097503662109375e+00
1.575590856373310089e-02
3.578254461288452148e+00
0.000000000000000000e+00
1.187051553279161453e-02
1.494345188140869141e+00
0.000000000000000000e+00
2.894992828369140625e-01
1.313002780079841614e-02
8.217678219079971313e-02
4.574498161673545837e-03
4.038709402084350586e-02
0.000000000000000000e+00
1.072058603167533875e-01
6.514818966388702393e-02
1.102787405252456665e-01
1.664499342441558838e-01
1.376809030771255493e-01
5.160672068595886230e-01
7.312431931495666504e-02
1.980100125074386597e-01
2.733184397220611572e-01
0.000000000000000000e+00
1.005656242370605469e+00
9.180191904306411743e-02
2.917366288602352142e-02
2.356415614485740662e-02
1.002240300178527832e+00
2.727545976638793945e+00
2.304745465517044067e-01
0.000000000000000000e+00
2.437828183174133301e-01
1.375161290168762207e+00
5.057055950164794922e-01
6.105508208274841309e-01
0.000000000000000000e+00
2.488679140806198120e-01
6.311833262443542480e-01
0.000000000000000000e+00
1.203272223472595215e+00
2.919953782111406326e-03
0.000000000000000000e+00
0.000000000000000000e+00
2.772664308547973633e+00
3.084827363491058350e-01
0.000000000000000000e+00
1.287813335657119751e-01
1.651093214750289917e-01
1.465139389038085938e-01
1.128209382295608521e-01
1.335973262786865234e+00
5.700816512107849121e-01
1.295708119869232178e-02
5.106136575341224670e-02
5.027923583984375000e-01
