1.850631535053253174e-01
1.554503560066223145e+00
9.879019111394882202e-02
4.982850551605224609e-01
3.559255972504615784e-03
2.897684276103973389e-01
2.140560973202809691e-04
6.168172135949134827e-02
1.926177889108657837e-01
8.709389716386795044e-02
2.283495187759399414e+00
4.136633127927780151e-03
5.384551286697387695e-01
1.077411770820617676e+00
2.838860452175140381e-01
9.916224516928195953e-03
0.000000000000000000e+00
3.352493047714233398e-01
6.159973144531250000e-02
1.590933203697204590e-01
7.907292842864990234e-01
1.056597288697957993e-02
1.561844825744628906e+00
4.437458142638206482e-02
4.571664333343505859e+00
2.407720535993576050e-01
3.616906106472015381e-01
1.454654186964035034e-01
0.000000000000000000e+00
0.000000000000000000e+00
1.265005171298980713e-01
2.047866582870483398e-01
7.684864103794097900e-02
2.051230818033218384e-01
0.000000000000000000e+00
1.201989799737930298e-01
3.660664334893226624e-02
1.626281261444091797e+00
4.503103494644165039e-01
5.147431511431932449e-03
2.771166898310184479e-02
5.833691954612731934e-01
4.661026000976562500e-01
5.775645375251770020e-01
2.067935913801193237e-01
2.318990230560302734e-01
1.707516796886920929e-02
1.622229069471359253e-01
3.486197814345359802e-02
5.345612168312072754e-01
7.735588005743920803e-04
1.700212240219116211e+00
0.000000000000000000e+00
1.262998133897781372e-01
2.521683871746063232e-01
5.455220937728881836e-01
0.000000000000000000e+00
1.106941979378461838e-02
1.487551480531692505e-01
8.727214336395263672e-01
7.389653921127319336e-01
9.330625534057617188e-01
4.005604982376098633e-01
0.000000000000000000e+00
5.166350841522216797e+00
5.714598894119262695e-01
1.058379746973514557e-02
2.265172243118286133e+00
1.997368931770324707e+00
2.683428861200809479e-02
3.183863684535026550e-02
1.186107993125915527e-01
4.866636916995048523e-02
0.000000000000000000e+00
1.150269985198974609e+00
3.612114861607551575e-02
6.034585833549499512e-01
1.354076415300369263e-01
2.144838869571685791e-02
3.518876791000366211e+00
2.678270936012268066e-01
1.148565769195556641e+00
6.635404229164123535e-01
0.000000000000000000e+00
3.152313232421875000e-01
1.752923727035522461e+00
9.339654445648193359e-02
1.580052524805068970e-01
1.173205971717834473e+00
2.893497049808502197e-01
2.740384042263031006e-01
4.826523736119270325e-02
0.000000000000000000e+00
9.809779375791549683e-02
1.520047485828399658e-01
0.000000000000000000e+00
5.138639211654663086e-01
5.195794105529785156e+00
6.908308267593383789e-01
1.286369264125823975e-01
1.008520722389221191e-01
5.709687247872352600e-04
1.891830563545227051e-01
1.269740223884582520e+00
1.697571873664855957e-01
1.001487951725721359e-02
1.414700448513031006e-01
0.000000000000000000e+00
0.000000000000000000e+00
3.449235677719116211e+00
3.402764350175857544e-02
2.009359896183013916e-01
9.627576470375061035e-01
1.175394728779792786e-01
0.000000000000000000e+00
4.664830863475799561e-02
1.055058091878890991e-01
1.850528717041015625e-01
2.873351052403450012e-02
2.925198078155517578e-01
5.077062640339136124e-03
8.970704674720764160e-02
0.000000000000000000e+00
4.961502179503440857e-02
7.754063129425048828e+00
2.222703583538532257e-02
4.137421548366546631e-01
6.987627148628234863e-01
1.663832738995552063e-02
6.424632668495178223e-02
9.906445443630218506e-02
9.938699722290039062e+00
1.107641533017158508e-01
0.000000000000000000e+00
9.249464422464370728e-02
1.950678080320358276e-01
7.291738688945770264e-02
0.000000000000000000e+00
4.131596088409423828e+00
1.227889489382505417e-02
1.627393364906311035e-01
1.909918151795864105e-02
4.198247432708740234e+00
1.359574198722839355e-01
0.000000000000000000e+00
1.028176620602607727e-01
8.790572285652160645e-01
2.078701496124267578e+00
3.536740243434906006e-01
0.000000000000000000e+00
2.417972311377525330e-02
1.146836996078491211e+00
2.076211869716644287e-01
1.594454981386661530e-02
5.581483989953994751e-02
1.075262278318405151e-01
3.128712654113769531e+00
1.767559498548507690e-01
1.024177148938179016e-01
4.522241353988647461e-01
2.490228973329067230e-02
8.811088800430297852e-01
6.234586611390113831e-02
1.016801223158836365e-01
1.300913095474243164e-01
7.427520751953125000e-01
1.115323066711425781e+00
0.000000000000000000e+00
2.474966645240783691e-02
4.363482296466827393e-01
0.000000000000000000e+00
4.254056885838508606e-02
0.000000000000000000e+00
9.777151048183441162e-02
3.331912279129028320e+00
2.304327636957168579e-01
7.114474475383758545e-02
0.000000000000000000e+00
3.836714476346969604e-02
1.006192088127136230e+00
2.139355614781379700e-02
3.613439083099365234e+00
9.215471744537353516e-01
1.069824248552322388e-01
3.567956089973449707e-01
1.952773928642272949e-01
5.772878527641296387e-01
1.621608376502990723e+00
7.518399506807327271e-02
1.499171704053878784e-01
1.877538859844207764e-02
1.579750562086701393e-03
9.205394983291625977e-02
1.417722940444946289e+00
0.000000000000000000e+00
1.907038688659667969e+00
5.800593495368957520e-01
9.536133706569671631e-02
4.393976926803588867e-02
3.715381324291229248e-01
2.862062931060791016e+00
0.000000000000000000e+00
3.566814586520195007e-02
0.000000000000000000e+00
0.000000000000000000e+00
5.981192588806152344e-01
4.235562682151794434e-02
1.525531113147735596e-01
1.962756687134969980e-05
3.833714872598648071e-02
2.770363092422485352e-01
2.841558754444122314e-01
8.400251716375350952e-02
2.808391302824020386e-02
0.000000000000000000e+00
2.187783718109130859e+00
1.199951544404029846e-01
1.282051205635070801e-01
5.835997462272644043e-01
0.000000000000000000e+00
5.045865774154663086e-01
0.000000000000000000e+00
1.758672483265399933e-02
4.949006438255310059e-01
1.278100311756134033e-01
0.000000000000000000e+00
4.744311794638633728e-02
7.194807380437850952e-02
1.428706884384155273e+00
1.631909906864166260e-01
0.000000000000000000e+00
0.000000000000000000e+00
1.422645449638366699e+00
3.757342929020524025e-03
4.111037254333496094e+00
0.000000000000000000e+00
0.000000000000000000e+00
1.144284844398498535e+00
1.570613086223602295e-01
1.214310169219970703e+00
0.000000000000000000e+00
1.588319540023803711e-01
1.964391022920608521e-01
2.808921337127685547e+00
9.651304781436920166e-02
4.487889409065246582e-01
0.000000000000000000e+00
3.755648136138916016e-01
3.618695437908172607e-01
1.093315035104751587e-01
2.487676404416561127e-02
1.241530328989028931e-01
1.315296143293380737e-01
2.040625572204589844e+00
2.096281014382839203e-02
1.656095683574676514e-02
0.000000000000000000e+00
4.627668559551239014e-01
2.083354070782661438e-02
1.196224540472030640e-01
2.319749146699905396e-01
5.002216249704360962e-02
2.785202674567699432e-02
5.274823307991027832e-02
9.034449607133865356e-02
0.000000000000000000e+00
1.323876529932022095e-01
8.105432391166687012e-01
9.717112779617309570e-02
1.215740561485290527e+00
1.296367526054382324e+00
1.296303570270538330e-01
2.449103817343711853e-02
1.353258043527603149e-01
7.853892631828784943e-03
2.693447113037109375e+00
1.175373911857604980e+00
6.171671673655509949e-02
4.641901969909667969e+00
4.596195369958877563e-02
0.000000000000000000e+00
1.007555425167083740e-01
2.884523570537567139e-01
8.843052387237548828e-02
1.154595706611871719e-02
6.103091835975646973e-01
5.067608132958412170e-02
0.000000000000000000e+00
7.487749457359313965e-01
1.650995574891567230e-02
0.000000000000000000e+00
1.519201844930648804e-01
5.521212816238403320e-01
1.299746751785278320e+00
4.202933907508850098e-01
9.589662402868270874e-02
0.000000000000000000e+00
4.625510424375534058e-03
3.253407776355743408e-02
3.010855615139007568e-02
8.201833367347717285e-01
6.043420359492301941e-02
1.811478845775127411e-02
3.072449922561645508e+00
4.188621640205383301e-01
4.370093718171119690e-02
0.000000000000000000e+00
2.438595294952392578e+00
2.189978025853633881e-03
1.909874677658081055e-01
6.697987765073776245e-02
1.575930714607238770e-01
4.753602743148803711e-01
4.765706509351730347e-02
4.233818501234054565e-02
9.460532665252685547e-02
1.027139574289321899e-01
0.000000000000000000e+00
5.589820146560668945e-01
1.040656678378582001e-02
1.005589887499809265e-01
0.000000000000000000e+00
2.358015626668930054e-03
1.275771617889404297e+00
1.206394791603088379e+00
1.650824993848800659e-01
0.000000000000000000e+00
3.408558666706085205e-02
1.898123323917388916e-01
4.250430688261985779e-02
5.218886211514472961e-02
2.595145702362060547e-01
7.132769376039505005e-02
6.011979579925537109e-01
6.721482276916503906e-01
2.608093619346618652e-02
0.000000000000000000e+00
7.233862997964024544e-04
6.415208801627159119e-03
9.209492802619934082e-01
2.606038004159927368e-02
1.001250967383384705e-01
1.642953991889953613e+00
8.036484122276306152e-01
3.815692067146301270e-01
1.145063787698745728e-01
1.883215010166168213e-01
0.000000000000000000e+00
1.198517680168151855e-01
7.287499308586120605e-02
1.036186695098876953e+00
2.329976670444011688e-02
7.857424789108335972e-04
9.362386465072631836e-01
1.509469654411077499e-02
4.717843234539031982e-01
8.525874465703964233e-02
1.377888321876525879e+00
9.969072937965393066e-01
1.348137557506561279e-01
3.645915165543556213e-02
2.041726112365722656e+00
0.000000000000000000e+00
1.135493159294128418e+00
6.782612204551696777e-02
3.040618002414703369e-01
1.012116447091102600e-01
4.338535070419311523e-01
9.502211809158325195e-01
1.532861869782209396e-02
2.026879787445068359e-01
1.475506424903869629e+00
2.187916040420532227e-01
1.745195537805557251e-01
3.452004492282867432e-01
1.703636348247528076e-01
4.020262062549591064e-01
3.766989335417747498e-03
0.000000000000000000e+00
2.348230965435504913e-02
1.929001063108444214e-01
0.000000000000000000e+00
1.218355178833007812e+00
0.000000000000000000e+00
4.989755451679229736e-01
4.796371981501579285e-02
9.032414853572845459e-02
0.000000000000000000e+00
1.579462736845016479e-01
2.645729109644889832e-02
1.754548028111457825e-02
0.000000000000000000e+00
1.315167266875505447e-02
9.437094926834106445e-01
2.430909574031829834e-01
4.067634418606758118e-02
1.179094687104225159e-01
5.174446105957031250e-01
0.000000000000000000e+00
4.890152253210544586e-03
8.191486448049545288e-02
0.000000000000000000e+00
4.655568301677703857e-02
2.401439100503921509e-01
1.466531515121459961e+00
2.778623253107070923e-02
0.000000000000000000e+00
1.867924481630325317e-01
5.059077739715576172e-01
3.607370555400848389e-01
0.000000000000000000e+00
1.589773148298263550e-01
1.895960271358489990e-01
6.926032304763793945e-01
1.351185679435729980e+00
1.262081384658813477e+00
2.882613837718963623e-01
9.880532026290893555e-01
6.640933454036712646e-02
4.837702810764312744e-01
0.000000000000000000e+00
2.252812264487147331e-04
1.662931591272354126e-01
1.958779990673065186e-02
2.872574031352996826e-01
2.242456674575805664e+00
3.862519562244415283e-02
3.300527334213256836e-01
0.000000000000000000e+00
3.952105343341827393e-02
7.357954978942871094e-01
7.468406111001968384e-03
8.133574388921260834e-03
1.018933773040771484e+00
2.691301107406616211e-01
8.678522109985351562e-01
4.268567562103271484e-01
2.441866090521216393e-03
1.396534293889999390e-01
5.558409914374351501e-02
0.000000000000000000e+00
0.000000000000000000e+00
9.460579603910446167e-02
5.797971040010452271e-02
2.706636302173137665e-02
7.118292897939682007e-02
1.643499433994293213e-01
1.022806391119956970e-01
1.460140850394964218e-02
5.289253592491149902e-01
0.000000000000000000e+00
0.000000000000000000e+00
1.164686232805252075e-01
2.134109258651733398e+00
2.043389230966567993e-01
1.283901929855346680e+00
8.528909683227539062e-01
3.517710044980049133e-02
9.494132399559020996e-01
9.699691832065582275e-02
2.860499620437622070e-01
2.202369689941406250e+00
1.410706996917724609e+00
2.447369042783975601e-03
5.388633608818054199e-01
0.000000000000000000e+00
4.700602963566780090e-02
6.677027940750122070e-01
7.195734232664108276e-02
0.000000000000000000e+00
0.000000000000000000e+00
2.177736282348632812e+00
5.871443748474121094e-01
1.264470219612121582e-01
5.033666491508483887e-01
0.000000000000000000e+00
3.919978626072406769e-04
1.171748757362365723e+00
7.928006052970886230e-01
7.281933724880218506e-02
1.539150953292846680e+00
2.951208443846553564e-04
0.000000000000000000e+00
4.880868494510650635e-01
4.420734345912933350e-01
0.000000000000000000e+00
1.845083385705947876e-01
3.710326850414276123e-01
1.890427768230438232e-01
1.863497495651245117e-01
3.228905145078897476e-03
5.415107607841491699e-01
0.000000000000000000e+00
1.410270810127258301e+00
1.752067089080810547e+00
1.727970317006111145e-02
1.284477561712265015e-01
7.387331128120422363e-01
8.976118639111518860e-03
3.321282148361206055e+00
8.773916363716125488e-01
6.130778193473815918e-01
0.000000000000000000e+00
0.000000000000000000e+00
1.392338395118713379e+00
4.979300126433372498e-02
0.000000000000000000e+00
4.090759437531232834e-03
3.173249661922454834e-01
6.644510477781295776e-02
1.212985634803771973e+00
8.284932374954223633e-01
5.993014574050903320e-01
2.220713347196578979e-01
8.139203786849975586e-01
5.851863026618957520e-01
1.612493753433227539e+00
0.000000000000000000e+00
0.000000000000000000e+00
7.794751971960067749e-02
1.741863340139389038e-01
0.000000000000000000e+00
7.076918333768844604e-02
2.918346822261810303e-01
4.631638899445533752e-02
6.660450935363769531e+00
6.790895462036132812e-01
9.889459237456321716e-03
0.000000000000000000e+00
1.212516892701387405e-02
3.466217517852783203e-01
2.373375147581100464e-01
6.851982325315475464e-02
3.177613914012908936e-01
1.282530426979064941e-01
2.493834942579269409e-01
8.117565512657165527e-02
7.716562598943710327e-02
7.059159278869628906e-01
1.353817060589790344e-02
2.317070029675960541e-02
5.396523699164390564e-02
2.392369031906127930e+00
1.374755054712295532e-01
1.782726682722568512e-02
0.000000000000000000e+00
2.873748779296875000e+00
2.810426354408264160e-01
2.282539457082748413e-01
5.084793567657470703e-01
2.311196178197860718e-02
1.952212862670421600e-02
4.132667481899261475e-01
0.000000000000000000e+00
1.848704069852828979e-01
5.356863141059875488e-01
3.987560048699378967e-02
1.531498074531555176e+00
3.291106596589088440e-02
0.000000000000000000e+00
1.559500815346837044e-04
9.218199551105499268e-02
2.615741267800331116e-02
9.263849258422851562e-02
4.899607971310615540e-02
0.000000000000000000e+00
5.562130361795425415e-03
0.000000000000000000e+00
0.000000000000000000e+00
2.759134471416473389e-01
2.185463011264801025e-01
0.000000000000000000e+00
2.024306505918502808e-01
9.836226701736450195e-01
1.798626542091369629e+00
9.441505372524261475e-02
1.285804063081741333e-01
1.047025203704833984e+00
0.000000000000000000e+00
6.766563057899475098e-01
1.068680360913276672e-02
1.587861061096191406e+00
1.097241044044494629e+00
1.902223676443099976e-01
3.949719369411468506e-01
1.260297656059265137e+00
0.000000000000000000e+00
3.502981364727020264e-01
2.109292268753051758e+00
1.712539494037628174e-01
0.000000000000000000e+00
1.409362768754363060e-03
8.574237581342458725e-04
1.422695666551589966e-01
2.321017533540725708e-02
2.332735776901245117e+00
0.000000000000000000e+00
3.759832978248596191e-01
4.778330028057098389e-02
6.765352934598922729e-02
4.059140384197235107e-01
0.000000000000000000e+00
1.434153318405151367e-01
6.860397011041641235e-02
3.267390727996826172e-01
1.358489319682121277e-02
0.000000000000000000e+00
2.329728566110134125e-02
8.685547113418579102e-01
3.307431191205978394e-02
0.000000000000000000e+00
2.374349832534790039e+00
0.000000000000000000e+00
1.218368578702211380e-02
6.705372929573059082e-01
1.189790725708007812e+00
9.627287089824676514e-02
6.239724755287170410e-01
8.831667900085449219e+00
0.000000000000000000e+00
4.814357031136751175e-03
2.118984162807464600e-01
1.233143448829650879e+00
0.000000000000000000e+00
2.881221845746040344e-02
7.402081489562988281e-01
3.541256859898567200e-02
3.549433350563049316e-01
0.000000000000000000e+00
3.640026152133941650e-01
1.683634370565414429e-01
6.796299666166305542e-02
1.815304011106491089e-01
8.805041760206222534e-02
1.259586494415998459e-02
9.090331941843032837e-02
6.869633197784423828e-01
6.405400484800338745e-02
2.920347750186920166e-01
2.639595419168472290e-03
1.640658639371395111e-02
1.163863763213157654e-01
5.529350042343139648e-01
1.888035058975219727e+00
9.217003732919692993e-02
7.487716674804687500e-01
1.933730721473693848e+00
3.673127591609954834e-01
0.000000000000000000e+00
2.121332406997680664e+00
3.971803933382034302e-03
2.246147207915782928e-02
4.555997550487518311e-01
1.907532930374145508e+00
4.532327409833669662e-03
0.000000000000000000e+00
3.244768381118774414e-01
1.255918294191360474e-02
3.686038851737976074e-01
7.702646851539611816e-01
7.357228547334671021e-02
1.384721696376800537e-01
1.061640858650207520e+00
0.000000000000000000e+00
0.000000000000000000e+00
2.431471832096576691e-03
1.905040144920349121e-01
0.000000000000000000e+00
3.156917572021484375e+00
2.981795370578765869e-01
2.156351059675216675e-01
1.791895627975463867e+00
3.593968391418457031e+00
4.504735469818115234e-01
7.051414996385574341e-02
6.928744316101074219e-01
1.814235448837280273e+00
1.141066774725914001e-01
2.595683574676513672e+00
0.000000000000000000e+00
2.829333208501338959e-02
0.000000000000000000e+00
1.574498713016510010e-01
3.056419789791107178e-01
1.162690639495849609e+00
4.905793070793151855e-02
6.175887957215309143e-02
6.338213086128234863e-01
2.548298100009560585e-03
4.841658845543861389e-02
0.000000000000000000e+00
8.391916751861572266e-02
5.302357301115989685e-02
4.288338497281074524e-02
2.170836627483367920e-01
0.000000000000000000e+00
0.000000000000000000e+00
1.028512641787528992e-01
7.605178952217102051e-01
2.226281404495239258e+00
3.858691692352294922e+00
2.777999639511108398e-01
4.719029664993286133e-01
5.486660599708557129e-01
8.996001482009887695e-01
5.508671998977661133e-01
3.026278495788574219e+00
3.873384790495038033e-03
2.170015126466751099e-01
0.000000000000000000e+00
1.659920439124107361e-02
3.197853565216064453e-01
0.000000000000000000e+00
1.359042078256607056e-01
6.918063163757324219e-01
1.754354387521743774e-01
1.705697923898696899e-01
6.902246922254562378e-02
8.302546292543411255e-02
1.411707401275634766e-01
2.832167036831378937e-02
3.888248205184936523e-01
5.023624375462532043e-02
1.937871724367141724e-01
2.291301190853118896e-01
6.213420033454895020e-01
4.337702319025993347e-02
6.217074394226074219e-02
3.253315925598144531e+00
1.099263072013854980e+00
7.511776685714721680e-02
3.225761931389570236e-03
1.280182480812072754e+00
1.723614692687988281e+00
1.575356535613536835e-02
0.000000000000000000e+00
5.872977375984191895e-01
1.230645924806594849e-01
2.044652253389358521e-01
4.563722908496856689e-01
2.110037088394165039e+00
1.139274537563323975e-01
1.756341457366943359e-01
0.000000000000000000e+00
8.186820894479751587e-02
6.343588232994079590e-01
1.046195700764656067e-01
8.042267709970474243e-02
1.173047900199890137e+00
8.499189019203186035e-01
9.479077160358428955e-02
8.517990708351135254e-01
3.465969860553741455e-02
6.150159835815429688e-01
0.000000000000000000e+00
6.087284684181213379e-01
7.333104610443115234e-01
1.606594920158386230e+00
1.360188797116279602e-02
0.000000000000000000e+00
9.613631963729858398e-01
2.605675160884857178e-01
1.333093154244124889e-03
7.959498465061187744e-02
2.699666976928710938e+00
3.787946403026580811e-01
0.000000000000000000e+00
1.083264723420143127e-01
2.353385239839553833e-01
7.341251242905855179e-03
1.689007878303527832e-02
5.981364846229553223e-01
4.485004544258117676e-01
2.775467932224273682e-01
7.247969042509794235e-03
3.903485536575317383e-01
6.833254694938659668e-01
1.713547259569168091e-01
2.820843644440174103e-02
3.260666847229003906e+00
6.483433302491903305e-03
1.327035017311573029e-02
2.385428547859191895e-01
0.000000000000000000e+00
3.849008679389953613e-02
8.591452613472938538e-03
2.634153068065643311e-01
1.745283365249633789e+00
7.031219005584716797e-01
4.505186975002288818e-01
2.320505082607269287e-01
0.000000000000000000e+00
2.486221075057983398e+00
6.588614732027053833e-02
0.000000000000000000e+00
9.808398038148880005e-02
3.624410927295684814e-01
0.000000000000000000e+00
8.536589331924915314e-03
1.151938550174236298e-02
3.739292621612548828e-01
8.654813282191753387e-04
1.382279992103576660e+00
4.970654845237731934e-02
6.312735676765441895e-01
1.989509463310241699e+00
6.314858198165893555e-01
6.825771648436784744e-03
8.067820072174072266e-01
8.738200664520263672e-01
6.424086540937423706e-02
2.222931623458862305e+00
7.295508384704589844e-01
7.608399260789155960e-03
2.183199627324938774e-03
4.468673467636108398e-01
4.110112190246582031e-01
9.476656317710876465e-01
8.121323585510253906e-01
5.236625671386718750e-01
0.000000000000000000e+00
2.508539520204067230e-02
5.437575578689575195e-01
3.686023652553558350e-01
1.212889105081558228e-01
1.850695535540580750e-02
9.191790595650672913e-04
1.093640029430389404e-01
3.547415137290954590e-02
1.276449680328369141e+00
0.000000000000000000e+00
0.000000000000000000e+00
3.386853262782096863e-02
5.204931646585464478e-02
1.930468380451202393e-01
1.008692756295204163e-01
4.984853789210319519e-02
0.000000000000000000e+00
1.414171513170003891e-02
1.986399292945861816e-01
6.439629793167114258e-01
6.756582260131835938e-01
4.943311214447021484e+00
0.000000000000000000e+00
9.830895066261291504e-02
2.849520444869995117e-01
1.804810613393783569e-01
0.000000000000000000e+00
4.305903315544128418e-01
4.424025490880012512e-02
0.000000000000000000e+00
0.000000000000000000e+00
3.151587024331092834e-02
6.157665979117155075e-03
2.288297861814498901e-01
2.651123762130737305e+00
8.786097764968872070e-01
8.136433959007263184e-01
4.030669927597045898e-01
9.246150255203247070e-01
1.667048782110214233e-01
2.288154840469360352e+00
4.387018382549285889e-01
9.962520003318786621e-02
1.989302597939968109e-02
3.303530812263488770e-01
2.619016170501708984e-01
4.164746999740600586e-01
7.826629281044006348e-02
1.083363890647888184e-01
7.901059985160827637e-01
4.770521074533462524e-02
1.146828085184097290e-01
2.355463244020938873e-02
0.000000000000000000e+00
2.548516541719436646e-02
0.000000000000000000e+00
3.550710976123809814e-01
6.285569667816162109e-01
9.754345566034317017e-02
1.019234776496887207e+00
9.125105291604995728e-02
4.388514161109924316e-01
3.968818783760070801e-01
9.720471501350402832e-02
1.589524559676647186e-02
6.339846644550561905e-03
0.000000000000000000e+00
1.416869014501571655e-01
1.014562845230102539e+00
2.598912715911865234e+00
1.572664640843868256e-02
6.600323319435119629e-01
0.000000000000000000e+00
0.000000000000000000e+00
1.960453689098358154e-01
2.517961978912353516e+00
8.230606466531753540e-02
1.121435239911079407e-01
0.000000000000000000e+00
6.812444329261779785e-01
1.524012684822082520e+00
8.752749860286712646e-02
1.230264175683259964e-02
3.095269501209259033e-01
1.070877984166145325e-01
1.023365855216979980e+00
8.170974440872669220e-03
3.198861777782440186e-01
2.591306902468204498e-02
2.894651889801025391e-01
1.486071385443210602e-02
5.562843322753906250e+00
9.457927346229553223e-01
3.119307458400726318e-01
2.232501804828643799e-01
1.389375515282154083e-02
0.000000000000000000e+00
0.000000000000000000e+00
7.223767638206481934e-01
1.208920124918222427e-02
1.685454547405242920e-01
7.961410880088806152e-01
3.507420420646667480e-01
4.413264337927103043e-03
3.460221886634826660e-01
7.666855454444885254e-01
2.815854363143444061e-02
0.000000000000000000e+00
2.597830444574356079e-02
4.630526818800717592e-04
0.000000000000000000e+00
0.000000000000000000e+00
5.223278701305389404e-02
3.439053595066070557e-01
1.216849535703659058e-01
5.827369750477373600e-04
0.000000000000000000e+00
1.457573890686035156e+00
3.215372264385223389e-01
1.185134202241897583e-01
7.882860302925109863e-01
8.986470848321914673e-02
3.325948864221572876e-02
9.882621467113494873e-03
0.000000000000000000e+00
2.040040940046310425e-01
8.650811761617660522e-02
3.436678946018218994e-01
0.000000000000000000e+00
6.919122934341430664e-01
4.284797906875610352e-01
1.867051050066947937e-02
3.696340322494506836e-01
0.000000000000000000e+00
9.376139640808105469e-01
4.142687097191810608e-02
0.000000000000000000e+00
1.703156352043151855e+00
1.045391634106636047e-01
7.492522709071636200e-04
0.000000000000000000e+00
1.050933543592691422e-02
3.069518692791461945e-02
1.164727751165628433e-02
4.313146695494651794e-02
0.000000000000000000e+00
3.646541237831115723e-01
9.258140921592712402e-01
3.982894420623779297e-01
1.566636376082897186e-02
4.479467391967773438e+00
0.000000000000000000e+00
5.790318846702575684e-01
0.000000000000000000e+00
1.764886617660522461e+00
5.289238691329956055e-01
2.687062919139862061e-01
3.311781212687492371e-02
1.556785218417644501e-02
1.857777833938598633e-01
8.680548667907714844e-01
0.000000000000000000e+00
3.845716118812561035e-01
1.626481115818023682e-02
1.717493057250976562e+00
1.106418848037719727e+00
1.471045166254043579e-01
7.135022431612014771e-03
9.272557497024536133e-01
7.553461790084838867e-01
1.176900118589401245e-01
5.126197814941406250e+00
6.234661340713500977e-01
1.164987564086914062e+00
1.510352548211812973e-02
1.286872625350952148e-01
6.380113363265991211e-01
0.000000000000000000e+00
3.849168121814727783e-02
1.370411664247512817e-01
3.183374926447868347e-02
1.603130437433719635e-02
7.929623872041702271e-02
5.128760337829589844e+00
0.000000000000000000e+00
2.760507632046937943e-03
2.374619990587234497e-01
2.210793733596801758e+00
8.416438475251197815e-03
0.000000000000000000e+00
1.762459278106689453e+00
3.133245976641774178e-03
0.000000000000000000e+00
2.883177757263183594e+00
1.902513578534126282e-02
2.979518771171569824e-01
1.819728910923004150e-01
0.000000000000000000e+00
3.314656317234039307e-01
1.214434355497360229e-01
3.631966421380639076e-03
2.925870940089225769e-02
1.281242370605468750e-01
4.196731150150299072e-01
5.942334532737731934e-01
3.007588684558868408e-01
8.434800803661346436e-02
2.512516081333160400e-01
4.675000533461570740e-02
6.602259278297424316e-01
2.283906698226928711e+00
7.101844549179077148e-01
2.202913537621498108e-02
2.000217288732528687e-01
1.655180215835571289e+00
9.512373059988021851e-02
1.017720103263854980e-01
2.312515377998352051e-01
9.671702980995178223e-03
3.994138538837432861e-02
3.280444145202636719e-01
0.000000000000000000e+00
2.654250711202621460e-02
1.046888381242752075e-01
4.657263681292533875e-02
1.211407706141471863e-01
1.328719019889831543e+00
1.256221681833267212e-01
8.565556406974792480e-01
8.990296125411987305e-01
1.127403378486633301e-01
7.347127199172973633e-01
2.249076031148433685e-03
7.160463929176330566e-02
4.824424395337700844e-04
1.191265434026718140e-01
1.216756820678710938e+00
3.729746639728546143e-01
8.341349661350250244e-02
1.055245280265808105e+00
2.442438602447509766e-01
3.538115024566650391e-01
1.307939551770687103e-02
4.503679461777210236e-03
1.297160685062408447e-01
6.575995590537786484e-03
0.000000000000000000e+00
7.954475402832031250e+00
4.899989441037178040e-02
1.900855541229248047e+00
0.000000000000000000e+00
1.471575465984642506e-03
1.033006422221660614e-02
1.355361491441726685e-01
7.712652534246444702e-02
9.913723170757293701e-02
0.000000000000000000e+00
1.949887424707412720e-01
0.000000000000000000e+00
1.418676972389221191e-01
8.128269016742706299e-02
1.108916521072387695e+00
1.179196238517761230e+00
2.972595021128654480e-02
1.077228691428899765e-02
1.056679338216781616e-01
2.455898374319076538e-02
6.270779669284820557e-02
5.831200163811445236e-03
3.157784789800643921e-02
0.000000000000000000e+00
0.000000000000000000e+00
2.053815722465515137e-01
4.646895527839660645e-01
6.680403947830200195e-01
5.144138932228088379e-01
9.946530917659401894e-04
1.023044344037771225e-03
0.000000000000000000e+00
7.784357070922851562e-01
8.640762418508529663e-02
1.308706849813461304e-01
2.458601631224155426e-02
4.927032813429832458e-02
6.778023391962051392e-02
9.321039915084838867e-02
2.754284627735614777e-02
5.248055458068847656e-01
6.819475293159484863e-01
0.000000000000000000e+00
4.484538555145263672e+00
4.097461700439453125e-01
7.290910929441452026e-02
2.258628904819488525e-01
6.430499553680419922e-01
0.000000000000000000e+00
0.000000000000000000e+00
1.054184511303901672e-02
7.061292529106140137e-01
6.667606830596923828e-01
0.000000000000000000e+00
1.391002893447875977e+00
2.267915010452270508e-01
4.809091389179229736e-01
1.232103779911994934e-01
4.551931381225585938e+00
0.000000000000000000e+00
6.688982993364334106e-02
1.379780322313308716e-01
8.940328657627105713e-02
3.517254889011383057e-01
3.192242681980133057e-01
1.885395795106887817e-01
1.314378976821899414e-01
0.000000000000000000e+00
7.601815462112426758e-02
3.940345346927642822e-01
3.737552762031555176e-01
7.623741030693054199e-01
2.864075265824794769e-02
4.095904231071472168e-01
3.166871368885040283e-01
1.843270421028137207e+00
9.776173830032348633e-01
9.516478329896926880e-02
4.280573725700378418e-01
2.664820849895477295e-02
7.638801634311676025e-02
5.540814716368913651e-03
1.453009605407714844e+00
8.474407792091369629e-01
5.504562333226203918e-02
5.167165771126747131e-03
3.262884020805358887e-01
0.000000000000000000e+00
2.162679284811019897e-02
1.826985836029052734e+00
8.555145002901554108e-03
0.000000000000000000e+00
6.060051545500755310e-02
1.575119197368621826e-01
2.338193058967590332e-01
1.105907037854194641e-01
1.929278016090393066e+00
3.029284000396728516e+00
1.378337740898132324e-01
9.419782459735870361e-02
2.246825955808162689e-02
0.000000000000000000e+00
2.034142017364501953e-01
3.408674523234367371e-02
3.288435637950897217e-01
5.645837783813476562e-01
5.214152857661247253e-02
2.399019449949264526e-01
4.725620746612548828e-01
5.266318097710609436e-03
2.108846902847290039e-01
6.506773829460144043e-01
1.921661943197250366e-02
1.785941272974014282e-01
0.000000000000000000e+00
0.000000000000000000e+00
8.637129068374633789e-01
2.730735838413238525e-01
2.554310299456119537e-02
4.051379114389419556e-02
2.440553717315196991e-02
0.000000000000000000e+00
0.000000000000000000e+00
8.422962576150894165e-02
0.000000000000000000e+00
2.118100970983505249e-02
2.822068214416503906e+00
4.573152959346771240e-01
0.000000000000000000e+00
2.395421415567398071e-01
2.225880175828933716e-01
2.101886123418807983e-01
4.764027521014213562e-02
1.813150644302368164e-01
0.000000000000000000e+00
2.175052464008331299e-01
0.000000000000000000e+00
0.000000000000000000e+00
5.741912871599197388e-02
5.091431736946105957e-02
0.000000000000000000e+00
3.799699619412422180e-02
1.194877982139587402e+00
0.000000000000000000e+00
0.000000000000000000e+00
0.000000000000000000e+00
2.925064265727996826e-01
2.294652462005615234e+00
0.000000000000000000e+00
3.241020143032073975e-01
0.000000000000000000e+00
1.627360135316848755e-01
0.000000000000000000e+00
2.108922973275184631e-02
0.000000000000000000e+00
4.938731715083122253e-02
0.000000000000000000e+00
6.343654356896877289e-03
1.199786737561225891e-01
1.068701222538948059e-01
1.189068794250488281e+00
1.289256662130355835e-01
2.422302961349487305e-01
1.600124090909957886e-01
2.415455818176269531e+00
1.601542830467224121e+00
2.236055135726928711e+00
4.339585080742835999e-02
2.085672169923782349e-01
2.254417240619659424e-01
3.884293511509895325e-02
3.286395687609910965e-03
0.000000000000000000e+00
3.462083578109741211e+00
0.000000000000000000e+00
7.220291532576084137e-03
9.052584320306777954e-02
7.274642586708068848e-01
1.020570546388626099e-01
1.848890781402587891e-01
9.129524230957031250e-03
2.653971016407012939e-01
0.000000000000000000e+00
5.726437568664550781e-01
2.107408642768859863e-01
1.916221082210540771e-01
1.054287478327751160e-01
1.545350551605224609e-01
0.000000000000000000e+00
0.000000000000000000e+00
2.860670685768127441e-01
6.352702379226684570e-01
5.175862312316894531e-01
1.390259861946105957e-01
0.000000000000000000e+00
4.430709481239318848e-01
6.224901676177978516e-01
1.060484908521175385e-02
0.000000000000000000e+00
0.000000000000000000e+00
2.038931287825107574e-02
1.036435842514038086e+00
3.980924785137176514e-01
2.520274639129638672e+00
1.591976848430931568e-03
0.000000000000000000e+00
4.799677431583404541e-01
5.483343601226806641e-01
2.699040472507476807e-01
1.576833724975585938e+00
2.400396019220352173e-02
0.000000000000000000e+00
2.460276931524276733e-01
1.999657303094863892e-01
2.503878176212310791e-01
7.428409997373819351e-03
2.662768602371215820e+00
1.826860383152961731e-02
0.000000000000000000e+00
4.487502202391624451e-02
0.000000000000000000e+00
4.853180348873138428e-01
8.186038136482238770e-01
0.000000000000000000e+00
0.000000000000000000e+00
1.363975182175636292e-02
1.015793800354003906e+00
2.122317105531692505e-01
1.258572190999984741e-01
0.000000000000000000e+00
2.000217325985431671e-02
1.313775870949029922e-02
0.000000000000000000e+00
4.330803453922271729e-02
5.705755352973937988e-01
6.380028277635574341e-02
6.380863785743713379e-01
9.686231613159179688e-03
0.000000000000000000e+00
1.344848275184631348e+00
3.322607278823852539e+00
1.458332035690546036e-02
2.553291559219360352e+00
1.560580730438232422e-01
1.217201817780733109e-02
1.640324713662266731e-03
2.620090484619140625e+00
1.218632385134696960e-01
6.599411368370056152e-02
2.498331852257251740e-02
5.007700063288211823e-03
5.692742299288511276e-03
7.349087595939636230e-01
4.175975799560546875e+00
0.000000000000000000e+00
4.931578636169433594e-01
8.130583167076110840e-02
2.378709614276885986e-02
1.989791274070739746e+00
2.231683731079101562e-01
1.801337599754333496e-01
0.000000000000000000e+00
1.057685166597366333e-01
1.276305556297302246e+00
5.240534543991088867e-01
2.172947376966476440e-01
3.413573205471038818e-01
1.365251779556274414e+00
2.503631822764873505e-02
8.762299269437789917e-02
1.459874361753463745e-01
2.418623566627502441e-01
0.000000000000000000e+00
1.120329648256301880e-01
1.633185334503650665e-02
2.774031162261962891e-01
1.853174902498722076e-02
1.627743601799011230e+00
9.336588382720947266e-01
2.429182082414627075e-01
6.419271230697631836e-02
1.239054054021835327e-01
4.888529330492019653e-02
1.145310178399085999e-01
1.771703720092773438e+00
3.896797075867652893e-02
2.511016845703125000e+00
4.248493164777755737e-02
4.202010631561279297e+00
3.393934965133666992e-01
4.477317929267883301e-01
3.887254893779754639e-01
1.055838108062744141e+00
2.001133188605308533e-02
2.714139223098754883e-01
6.423130398616194725e-04
5.723910331726074219e-01
3.540206670761108398e+00
1.321668177843093872e-01
0.000000000000000000e+00
0.000000000000000000e+00
3.405247926712036133e-01
3.613017499446868896e-02
2.181674540042877197e-02
2.279184263898059726e-04
1.871971040964126587e-02
3.963993117213249207e-02
1.253476738929748535e+00
7.185688614845275879e-01
0.000000000000000000e+00
2.192935228347778320e+00
1.214749291539192200e-01
0.000000000000000000e+00
2.156083583831787109e-01
9.095429629087448120e-02
8.620849251747131348e-02
0.000000000000000000e+00
2.492915242910385132e-01
6.935628131031990051e-03
1.690955832600593567e-02
5.858190536499023438e+00
0.000000000000000000e+00
3.321972608566284180e+00
1.269971281290054321e-01
1.295843720436096191e-01
6.435981392860412598e-01
9.560735821723937988e-01
0.000000000000000000e+00
1.098734438419342041e-01
1.477852761745452881e-01
1.523809786885976791e-02
2.064186185598373413e-01
4.179356037639081478e-04
6.858131885528564453e-01
5.472373962402343750e-01
6.773527711629867554e-02
5.806776285171508789e-01
2.612958550453186035e-01
0.000000000000000000e+00
9.243459254503250122e-02
4.856389388442039490e-02
2.460386790335178375e-02
1.185693740844726562e-01
4.915976151823997498e-02
0.000000000000000000e+00
5.851415544748306274e-02
1.141679048538208008e+00
2.038209438323974609e-01
4.467509984970092773e-01
2.207461148500442505e-01
1.582283228635787964e-01
7.760803699493408203e-01
8.954404853284358978e-03
2.213672697544097900e-01
1.255650073289871216e-01
6.506670266389846802e-02
8.196902275085449219e+00
2.420229673385620117e+00
1.751425862312316895e-01
8.283887803554534912e-02
5.760739371180534363e-02
7.634991407394409180e-01
3.696701955050230026e-03
1.497651189565658569e-01
2.306472808122634888e-01
1.677958726882934570e+00
5.236973166465759277e-01
6.740286946296691895e-01
6.249986216425895691e-02
9.269363880157470703e-01
7.485963702201843262e-01
3.350762277841567993e-02
8.761746287345886230e-01
8.291419148445129395e-01
1.429167151451110840e+00
2.220352590084075928e-01
1.006917282938957214e-02
2.418669909238815308e-01
0.000000000000000000e+00
5.146306008100509644e-02
1.338345408439636230e-01
0.000000000000000000e+00
1.673951148986816406e+00
1.319967210292816162e-01
0.000000000000000000e+00
7.309368252754211426e-02
1.044351607561111450e-01
4.434430971741676331e-03
5.662287026643753052e-02
0.000000000000000000e+00
1.121718049049377441e+00
7.951955795288085938e-01
0.000000000000000000e+00
6.055903434753417969e-02
0.000000000000000000e+00
0.000000000000000000e+00
9.956169128417968750e-02
2.381289303302764893e-01
0.000000000000000000e+00
1.132520474493503571e-02
4.078949987888336182e-01
4.601869106292724609e+00
1.858839273452758789e+00
0.000000000000000000e+00
0.000000000000000000e+00
1.306824535131454468e-01
0.000000000000000000e+00
0.000000000000000000e+00
7.215933799743652344e-01
1.577681750059127808e-01
1.984482444822788239e-02
6.319746375083923340e-02
3.054211378097534180e+00
8.227582573890686035e-01
3.812470734119415283e-01
0.000000000000000000e+00
1.552610993385314941e-01
1.217605113983154297e+00
2.224010042846202850e-02
0.000000000000000000e+00
4.498897492885589600e-01
8.685984611511230469e-01
1.183024123311042786e-01
3.890282660722732544e-02
2.288147658109664917e-01
4.985513538122177124e-02
0.000000000000000000e+00
3.768059015274047852e-01
3.377724587917327881e-01
2.912734746932983398e-01
8.799649029970169067e-02
0.000000000000000000e+00
6.344407796859741211e-01
1.954626142978668213e-01
8.443457633256912231e-02
1.473763287067413330e-01
2.150037884712219238e-02
1.237913034856319427e-03
7.394001632928848267e-02
4.269011318683624268e-01
6.245086193084716797e-01
0.000000000000000000e+00
1.949776411056518555e-01
1.359732985496520996e+00
6.355160236358642578e+00
3.180682659149169922e-02
3.103874027729034424e-01
1.514943242073059082e-01
9.215026497840881348e-01
6.286646723747253418e-01
0.000000000000000000e+00
0.000000000000000000e+00
8.123463392257690430e-01
2.185515910387039185e-01
0.000000000000000000e+00
1.105050668120384216e-01
4.844329878687858582e-02
2.961630105972290039e+00
5.027858257293701172e+00
0.000000000000000000e+00
0.000000000000000000e+00
3.127726912498474121e-02
7.564540952444076538e-02
0.000000000000000000e+00
2.429665476083755493e-01
5.137103557586669922e+00
2.176464647054672241e-01
2.122312039136886597e-01
1.347780134528875351e-02
2.210476398468017578e-01
1.483038999140262604e-03
1.948695979081094265e-03
0.000000000000000000e+00
0.000000000000000000e+00
0.000000000000000000e+00
0.000000000000000000e+00
2.345257811248302460e-02
2.244657836854457855e-02
0.000000000000000000e+00
4.924232065677642822e-01
5.537744760513305664e-01
1.342995017766952515e-01
4.516772925853729248e-01
2.532562613487243652e-01
7.076098918914794922e-01
7.278754562139511108e-02
1.525348052382469177e-02
1.683219373226165771e-01
1.226143240928649902e-01
1.978154033422470093e-01
1.983036100864410400e-01
2.433241009712219238e-01
7.938960939645767212e-02
0.000000000000000000e+00
4.496541619300842285e-01
1.129170693457126617e-02
0.000000000000000000e+00
9.442129135131835938e-01
1.649799495935440063e-01
3.304287791252136230e-01
2.571853697299957275e-01
3.960632160305976868e-02
2.193280607461929321e-01
1.123272553086280823e-01
1.861283555626869202e-02
1.253041744232177734e+00
8.439869433641433716e-02
1.290446817874908447e-01
1.312066316604614258e-01
1.982159912586212158e-01
6.000290066003799438e-02
3.124178620055317879e-03
0.000000000000000000e+00
0.000000000000000000e+00
8.425704836845397949e-01
3.054478764533996582e-01
9.064263105392456055e-01
4.435141384601593018e-02
5.146220326423645020e-02
1.363201532512903214e-02
3.532572686672210693e-01
2.828269720077514648e+00
1.361081600189208984e-01
1.038186810910701752e-02
0.000000000000000000e+00
9.486874565482139587e-03
1.849472522735595703e-03
3.648066520690917969e-01
3.028871119022369385e-01
2.103291302919387817e-01
0.000000000000000000e+00
3.873100038617849350e-03
1.175096444785594940e-02
6.922113709151744843e-03
0.000000000000000000e+00
7.410029172897338867e-01
9.957663714885711670e-02
3.252105787396430969e-02
1.832253932952880859e-01
0.000000000000000000e+00
3.269467502832412720e-02
3.981016874313354492e-01
1.030778586864471436e-01
1.953518986701965332e-01
0.000000000000000000e+00
0.000000000000000000e+00
5.138136148452758789e-01
6.674273610115051270e-01
8.842636346817016602e-01
2.839119732379913330e-02
2.714907526969909668e-01
4.110382869839668274e-02
6.084679439663887024e-02
1.226067841053009033e-01
1.940910965204238892e-01
4.227882623672485352e-01
2.452669888734817505e-01
6.919021606445312500e-01
2.131595164537429810e-01
2.457800954580307007e-01
7.832673192024230957e-02
3.498700261116027832e-01
1.125504076480865479e-02
1.208292841911315918e-01
0.000000000000000000e+00
7.223993539810180664e-01
4.034478962421417236e-01
4.543845653533935547e-01
0.000000000000000000e+00
1.187059357762336731e-01
1.871664635837078094e-02
1.275166124105453491e-01
5.675690714269876480e-03
5.852996185421943665e-02
8.615911602973937988e-01
1.353975012898445129e-02
2.951984703540802002e-01
3.913023695349693298e-02
8.297410607337951660e-02
2.287041991949081421e-01
1.534462720155715942e-01
2.944042719900608063e-02
0.000000000000000000e+00
1.302231073379516602e+00
1.648079045116901398e-02
1.936766952276229858e-01
0.000000000000000000e+00
0.000000000000000000e+00
2.415534853935241699e-01
3.878343477845191956e-02
1.413424611091613770e-01
4.666853323578834534e-02
2.150927037000656128e-01
4.587047919631004333e-02
0.000000000000000000e+00
6.588262040168046951e-03
1.179710701107978821e-01
6.501287221908569336e-01
1.051892042160034180e+00
1.756757870316505432e-02
2.296463489532470703e+00
0.000000000000000000e+00
3.463391363620758057e-01
0.000000000000000000e+00
4.360729157924652100e-01
2.355339676141738892e-01
6.539497971534729004e-01
0.000000000000000000e+00
1.294750809669494629e+00
7.812227308750152588e-02
2.437533438205718994e-02
5.626150965690612793e-02
2.853108197450637817e-02
1.259287297725677490e-01
3.895036280155181885e-01
5.055907964706420898e-01
1.427209526300430298e-01
0.000000000000000000e+00
4.034885391592979431e-02
7.145249843597412109e-02
7.242471575736999512e-01
6.408357620239257812e-02
9.312031269073486328e-01
1.958804875612258911e-01
1.479519754648208618e-01
9.829550981521606445e-02
0.000000000000000000e+00
6.947975754737854004e-01
8.931645750999450684e-02
9.794903546571731567e-02
5.466896574944257736e-03
1.496054977178573608e-01
0.000000000000000000e+00
5.530326366424560547e-01
7.131649851799011230e-01
5.745509266853332520e-01
0.000000000000000000e+00
8.178471773862838745e-02
1.553699672222137451e-01
2.688989937305450439e-01
3.381748199462890625e-01
3.832177259027957916e-03
2.331200838088989258e+00
2.423756271600723267e-01
1.054651856422424316e+00
0.000000000000000000e+00
5.483204722404479980e-01
5.291088223457336426e-01
6.063859164714813232e-02
4.557848572731018066e-01
0.000000000000000000e+00
7.631705701351165771e-02
8.069556206464767456e-02
5.467881914228200912e-03
1.534959767013788223e-02
4.032241404056549072e-01
2.179456055164337158e-01
1.606759071350097656e+00
4.384401142597198486e-01
2.387584447860717773e-01
2.920378744602203369e-01
0.000000000000000000e+00
4.357315599918365479e-02
1.804113388061523438e-02
2.017257511615753174e-01
1.723129153251647949e-01
5.011581778526306152e-01
3.649217188358306885e-01
3.027835488319396973e-01
2.057814039289951324e-02
1.327124953269958496e+00
1.216379702091217041e-01
1.686518788337707520e+00
0.000000000000000000e+00
1.946096867322921753e-01
0.000000000000000000e+00
2.126262187957763672e-01
1.021689623594284058e-01
1.862356960773468018e-01
1.993682831525802612e-01
1.145813688635826111e-01
2.339384555816650391e-01
8.576774597167968750e-02
1.019620671868324280e-01
7.583330273628234863e-01
2.971256375312805176e-01
3.978180289268493652e-01
1.100019551813602448e-02
3.865790069103240967e-01
4.203655198216438293e-02
1.303149104118347168e+00
0.000000000000000000e+00
1.324912309646606445e-01
1.306585222482681274e-01
2.423546016216278076e-01
9.571624919772148132e-03
4.301757812500000000e-01
1.541980952024459839e-01
2.804286777973175049e-01
1.121739149093627930e+00
3.558253049850463867e+00
4.437840878963470459e-01
1.835990697145462036e-02
0.000000000000000000e+00
1.276222765445709229e-01
3.395999073982238770e-01
5.921217203140258789e-01
1.280385208129882812e+01
0.000000000000000000e+00
9.290755726397037506e-03
0.000000000000000000e+00
1.350009143352508545e-01
3.229450061917304993e-02
8.253324776887893677e-03
2.884762547910213470e-02
2.686237730085849762e-02
2.522298309486359358e-04
3.074238896369934082e-01
9.315509349107742310e-02
6.653541922569274902e-01
3.425586521625518799e-01
3.912052512168884277e-01
5.078618526458740234e-01
6.455760449171066284e-02
1.442075133323669434e+00
4.904879257082939148e-02
1.485709697008132935e-01
3.324482440948486328e+00
1.670540273189544678e-01
3.519971609115600586e+00
1.133699417114257812e-01
1.941755712032318115e-01
0.000000000000000000e+00
3.706283867359161377e-01
0.000000000000000000e+00
4.442903399467468262e-02
0.000000000000000000e+00
1.265456806868314743e-02
4.238007962703704834e-02
0.000000000000000000e+00
5.145826339721679688e-01
0.000000000000000000e+00
6.118493080139160156e-01
0.000000000000000000e+00
2.006965130567550659e-01
2.594829201698303223e-01
0.000000000000000000e+00
8.103092908859252930e-01
1.585780410096049309e-03
0.000000000000000000e+00
4.151621162891387939e-01
0.000000000000000000e+00
0.000000000000000000e+00
5.888893604278564453e+00
6.210460066795349121e-01
6.003232300281524658e-02
1.642515696585178375e-02
2.392075657844543457e-01
1.436625421047210693e-01
7.251901179552078247e-02
1.020492672920227051e+00
1.046007592231035233e-02
8.395569026470184326e-02
8.726832270622253418e-02
2.097734212875366211e-01
5.602533817291259766e-01
5.761753320693969727e-01
3.108803927898406982e-01
7.360959798097610474e-02
6.283125877380371094e-01
8.435133099555969238e-01
1.759134382009506226e-01
1.846767663955688477e-01
1.376225985586643219e-02
0.000000000000000000e+00
9.476544380187988281e+00
4.199130833148956299e-01
0.000000000000000000e+00
6.872416734695434570e-01
3.531753644347190857e-02
4.707239568233489990e-02
1.038651540875434875e-01
2.018260210752487183e-01
7.771940529346466064e-02
5.432338267564773560e-02
3.415529727935791016e-01
4.430460557341575623e-02
3.431620001792907715e-01
0.000000000000000000e+00
6.874817609786987305e-01
8.805160224437713623e-02
6.537076830863952637e-01
1.360653638839721680e+00
7.030371576547622681e-02
1.705531328916549683e-01
1.680694073438644409e-01
5.645673871040344238e-01
1.104522109031677246e+00
7.625818252563476562e-01
4.449191689491271973e-01
1.115318015217781067e-01
2.973112761974334717e-01
4.330773651599884033e-02
4.207653403282165527e-01
7.901654392480850220e-02
1.993989109992980957e+00
3.780405819416046143e-01
0.000000000000000000e+00
0.000000000000000000e+00
1.008872762322425842e-01
2.598887383937835693e-01
4.261284768581390381e-01
0.000000000000000000e+00
1.593133211135864258e+00
2.454538494348526001e-01
0.000000000000000000e+00
3.924037516117095947e-01
7.707936763763427734e-01
3.014700487256050110e-02
3.113942742347717285e-01
3.658099412918090820e+00
1.407269835472106934e-01
3.844243288040161133e-01
2.641729116439819336e-01
4.772190153598785400e-01
5.795661926269531250e+00
1.726823747158050537e-01
0.000000000000000000e+00
0.000000000000000000e+00
1.218099117279052734e+00
5.482483655214309692e-03
2.210523486137390137e-01
4.500860869884490967e-01
3.481740877032279968e-02
1.574592232704162598e+00
7.130212783813476562e-01
5.044499412178993225e-04
2.487128414213657379e-02
1.677664965391159058e-01
9.625923633575439453e-01
2.491308152675628662e-01
1.001126289367675781e+00
4.064826965332031250e-01
2.708778157830238342e-02
1.328710615634918213e-01
3.317946493625640869e-01
1.377563457936048508e-02
1.908229887485504150e-01
0.000000000000000000e+00
7.420694828033447266e-01
4.269528388977050781e-02
0.000000000000000000e+00
1.856481097638607025e-02
3.846413791179656982e-01
3.377161324024200439e-01
0.000000000000000000e+00
5.742348432540893555e-01
1.035819947719573975e-02
0.000000000000000000e+00
4.579027369618415833e-02
0.000000000000000000e+00
0.000000000000000000e+00
1.393517732620239258e+00
2.468783110380172729e-01
1.876143813133239746e-01
2.288472838699817657e-03
2.905594743788242340e-02
1.325635313987731934e-01
5.942959785461425781e-01
4.878565669059753418e-01
2.552921772003173828e-01
1.076816767454147339e-02
2.950306534767150879e-01
0.000000000000000000e+00
5.276054739952087402e-01
9.981374740600585938e-01
1.229078531265258789e+00
1.321466732770204544e-02
0.000000000000000000e+00
2.069848179817199707e-01
0.000000000000000000e+00
3.142469823360443115e-01
1.436538994312286377e-01
0.000000000000000000e+00
6.589415669441223145e-01
3.466290980577468872e-02
0.000000000000000000e+00
5.491668358445167542e-02
2.135626226663589478e-02
1.298442780971527100e-01
1.288716495037078857e-02
6.057068705558776855e-01
6.557785719633102417e-02
1.152712386101484299e-02
3.309836089611053467e-01
1.824695765972137451e-01
3.519981503486633301e-01
2.460412532091140747e-01
2.256662352010607719e-03
1.935533620417118073e-02
0.000000000000000000e+00
0.000000000000000000e+00
4.064055085182189941e-01
1.730345338582992554e-01
3.423869237303733826e-02
1.409218609333038330e-01
7.124296575784683228e-02
1.184217929840087891e+00
1.312119420617818832e-02
3.827956020832061768e-01
1.882738433778285980e-02
8.753066062927246094e-01
1.708106160163879395e+00
5.982293933629989624e-02
0.000000000000000000e+00
2.801202796399593353e-02
0.000000000000000000e+00
4.865226447582244873e-01
3.973011374473571777e-01
1.527407318353652954e-01
0.000000000000000000e+00
4.740023240447044373e-02
1.390160769224166870e-01
2.428189069032669067e-01
1.869853883981704712e-01
5.235744118690490723e-01
4.003238677978515625e-02
2.066764086484909058e-01
0.000000000000000000e+00
2.585575342178344727e+00
3.451996743679046631e-01
2.355444431304931641e-01
0.000000000000000000e+00
3.323640301823616028e-02
0.000000000000000000e+00
7.701061200350522995e-03
4.210925474762916565e-02
0.000000000000000000e+00
0.000000000000000000e+00
9.161847829818725586e-02
2.036291807889938354e-01
1.133290648460388184e+00
0.000000000000000000e+00
1.274614453315734863e+00
1.184384431689977646e-02
1.515868008136749268e-01
8.450097590684890747e-02
0.000000000000000000e+00
6.201396584510803223e-01
2.126101031899452209e-02
2.362589538097381592e-02
1.970336914062500000e+00
1.401469588279724121e+00
1.337802767753601074e+00
4.792138002812862396e-03
7.471467852592468262e-01
1.087623909115791321e-01
9.325782656669616699e-01
3.701421990990638733e-02
1.292484905570745468e-02
1.806550174951553345e-01
8.214338123798370361e-02
2.629046738147735596e-01
1.539947092533111572e-01
1.844405531883239746e-01
2.216667234897613525e-01
1.203652657568454742e-02
0.000000000000000000e+00
2.397906303405761719e+00
2.139332294464111328e-01
7.096169050782918930e-03
1.120745182037353516e+00
6.867697834968566895e-02
1.407475173473358154e-01
2.398297190666198730e-01
1.268918067216873169e-01
7.358826398849487305e-01
5.333412885665893555e-01
0.000000000000000000e+00
2.696841657161712646e-01
