8.820470422506332397e-02
3.328466117382049561e-01
0.000000000000000000e+00
7.318226695060729980e-01
2.312159985303878784e-01
3.029310405254364014e-01
4.918492436408996582e-01
2.778772115707397461e-01
1.841080188751220703e+00
3.658836483955383301e-01
4.833019673824310303e-01
1.102241724729537964e-01
2.855529487133026123e-01
9.994773566722869873e-02
4.456755220890045166e-01
5.998905897140502930e-01
2.841143012046813965e-01
2.279352098703384399e-01
1.037060748785734177e-02
1.392723560333251953e+00
1.092129349708557129e-01
3.952975198626518250e-02
2.061922550201416016e-01
3.182392418384552002e-01
2.321838140487670898e-01
1.174930781126022339e-01
9.608296155929565430e-01
0.000000000000000000e+00
8.080291002988815308e-02
2.645507454872131348e-01
2.110404968261718750e-01
5.720632076263427734e-01
7.580973953008651733e-02
1.917775273323059082e-01
4.071022272109985352e-01
4.367948174476623535e-01
2.837969660758972168e-01
1.346019983291625977e+00
0.000000000000000000e+00
8.708328753709793091e-02
1.216479837894439697e-01
2.373769506812095642e-02
4.245884120464324951e-01
3.943271189928054810e-02
6.136751174926757812e-02
8.082666397094726562e-01
3.135606348514556885e-01
2.748899348080158234e-02
1.129664033651351929e-01
2.819478511810302734e-01
4.673873260617256165e-02
4.372731447219848633e-01
3.422347903251647949e-01
8.254995942115783691e-02
1.470765918493270874e-01
8.195139467716217041e-02
6.274682283401489258e-01
2.593736350536346436e-01
2.779297113418579102e+00
6.048643589019775391e-01
6.504236221313476562e+00
1.497081816196441650e-01
2.923839390277862549e-01
2.497829645872116089e-01
5.264206409454345703e+00
3.916150331497192383e-01
2.168898135423660278e-01
2.527483940124511719e+00
1.199652105569839478e-01
0.000000000000000000e+00
6.170333623886108398e-01
2.427261590957641602e+00
1.587300747632980347e-01
9.005250036716461182e-02
3.360544443130493164e-01
1.894423812627792358e-01
7.843371629714965820e-01
3.690120279788970947e-01
5.813734531402587891e+00
1.340424120426177979e-01
1.879175662994384766e+00
0.000000000000000000e+00
0.000000000000000000e+00
5.233611911535263062e-02
3.334148883819580078e+00
1.930980086326599121e-01
6.793019711039960384e-04
3.030742984265089035e-03
1.132042884826660156e+00
3.033970296382904053e-02
8.339604139328002930e-01
5.017961934208869934e-02
1.207637563347816467e-01
6.226710975170135498e-02
4.632124677300453186e-02
2.642328664660453796e-02
4.706576466560363770e-01
5.214897394180297852e-01
1.757719993591308594e+00
5.723048448562622070e-01
2.510100044310092926e-02
2.994291484355926514e-01
1.261729001998901367e+00
1.713085293769836426e+00
1.119840979576110840e+00
2.924741804599761963e-01
6.151717156171798706e-02
1.321280747652053833e-01
8.323221802711486816e-01
1.856682419776916504e+00
1.745136082172393799e-02
8.994521498680114746e-01
1.937119662761688232e-01
8.994954824447631836e-02
2.435239218175411224e-02
1.575114764273166656e-02
6.302505135536193848e-01
5.080736875534057617e-01
7.811611890792846680e-02
2.584476172924041748e-01
1.289875149726867676e+00
1.011858209967613220e-01
0.000000000000000000e+00
2.007477916777133942e-02
5.457555770874023438e+00
0.000000000000000000e+00
7.401713728904724121e-01
3.546015024185180664e-01
1.326890438795089722e-01
0.000000000000000000e+00
3.801576793193817139e-02
1.291711568832397461e+00
2.732715010643005371e-01
7.600539922714233398e-01
0.000000000000000000e+00
4.884684383869171143e-01
7.811899185180664062e-01
8.703598380088806152e-01
1.402756333351135254e+00
4.536733031272888184e-01
9.057408571243286133e-01
1.202331662178039551e+00
6.757471561431884766e-01
1.020261168479919434e+00
2.916600108146667480e-01
2.553438208997249603e-02
7.755860686302185059e-02
1.255256831645965576e-01
2.288271486759185791e-01
1.763416081666946411e-02
6.137165799736976624e-02
2.699500918388366699e-01
8.568879961967468262e-01
1.966286152601242065e-01
6.270607113838195801e-01
2.785742580890655518e-01
5.445114523172378540e-02
1.926042139530181885e-01
6.550266593694686890e-02
2.207114458084106445e+00
8.628868460655212402e-01
2.045679539442062378e-01
2.367599457502365112e-01
2.768505513668060303e-01
4.390656352043151855e-01
1.677701711654663086e+00
2.919612638652324677e-02
0.000000000000000000e+00
3.867918848991394043e-01
1.766558408737182617e+00
4.395758211612701416e-01
2.382456660270690918e-01
2.283001691102981567e-01
6.685862783342599869e-03
6.128980312496423721e-03
3.922555446624755859e-01
2.831264734268188477e-01
2.095473557710647583e-01
6.138451099395751953e-01
1.169763207435607910e-01
2.797515504062175751e-02
1.153742074966430664e+00
9.835881739854812622e-02
3.575889766216278076e-01
6.834907531738281250e-01
5.979341268539428711e-01
1.165815591812133789e+00
1.388609766960144043e+00
4.960805177688598633e-01
4.345310851931571960e-02
3.812580108642578125e-01
1.119268894195556641e+00
5.171424746513366699e-01
2.781902551651000977e-01
0.000000000000000000e+00
2.057554721832275391e-01
2.194524765014648438e+00
4.153053164482116699e-01
4.469363193493336439e-04
1.164269685745239258e+00
1.175095140933990479e-01
2.298742085695266724e-01
3.886872231960296631e-01
4.974268972873687744e-01
0.000000000000000000e+00
1.468180418014526367e+00
8.038319647312164307e-02
5.470846220850944519e-02
4.098126664757728577e-02
1.738608814775943756e-02
1.634582579135894775e-01
2.026761136949062347e-02
3.117122948169708252e-01
1.820573955774307251e-01
0.000000000000000000e+00
1.173741936683654785e+00
3.448643907904624939e-02
1.155126810073852539e+00
4.768472164869308472e-02
0.000000000000000000e+00
6.874420493841171265e-02
4.788678139448165894e-02
8.684052526950836182e-02
2.295535504817962646e-01
0.000000000000000000e+00
5.084120035171508789e-01
7.410720735788345337e-02
3.865794837474822998e-02
1.062241196632385254e-01
2.395640760660171509e-01
0.000000000000000000e+00
7.869578897953033447e-02
6.658676266670227051e-01
1.148089990019798279e-01
7.810338586568832397e-02
8.448067307472229004e-02
2.617248892784118652e-02
8.693883419036865234e-01
4.329719766974449158e-02
0.000000000000000000e+00
3.896564617753028870e-02
1.745155900716781616e-01
8.170238137245178223e-01
3.929353952407836914e+00
0.000000000000000000e+00
2.860117256641387939e-01
0.000000000000000000e+00
2.570124268531799316e-01
6.226643323898315430e-01
2.561441659927368164e-01
4.639472067356109619e-01
2.470901608467102051e-01
0.000000000000000000e+00
3.243723511695861816e-02
1.140934944152832031e+00
5.655297040939331055e-01
3.801982700824737549e-01
3.942740336060523987e-02
1.959927231073379517e-01
0.000000000000000000e+00
1.468563199043273926e+00
4.533996433019638062e-02
1.163065910339355469e+00
1.145697832107543945e-01
9.737029671669006348e-01
7.795685529708862305e-01
3.043182194232940674e-01
9.396706223487854004e-01
9.827760607004165649e-02
8.555615544319152832e-01
4.312001466751098633e-01
2.019874006509780884e-01
1.060660742223262787e-02
3.713826090097427368e-02
1.454683486372232437e-02
8.306468129158020020e-01
2.741707861423492432e-01
6.432190537452697754e-01
4.551086902618408203e+00
1.061071455478668213e-01
5.272687599062919617e-02
2.784745767712593079e-02
2.415061146020889282e-01
1.511614322662353516e-01
0.000000000000000000e+00
9.799784421920776367e-01
2.775706723332405090e-02
5.461538210511207581e-02
2.901986837387084961e-01
1.267171621322631836e+00
4.158133268356323242e-01
1.579222381114959717e-01
6.539172027260065079e-03
5.389896631240844727e-01
3.968917205929756165e-02
5.217496752738952637e-01
0.000000000000000000e+00
4.179391637444496155e-02
5.543436389416456223e-03
1.200815849006175995e-02
3.957435488700866699e-02
2.417925372719764709e-02
1.980107665061950684e+00
8.623398542404174805e-01
1.137675018981099129e-03
1.288033366203308105e+00
3.801445364952087402e-01
5.784494280815124512e-01
2.300244420766830444e-01
7.664268463850021362e-02
1.276517868041992188e+00
1.697996973991394043e+00
4.681035876274108887e-02
6.580743193626403809e-02
3.912499174475669861e-02
1.718467622995376587e-01
3.394588530063629150e-01
1.703311055898666382e-01
1.577350199222564697e-01
0.000000000000000000e+00
4.361542314291000366e-02
7.074300199747085571e-03
5.001219511032104492e-01
1.329336464405059814e-01
1.454021811485290527e+00
1.083204001188278198e-01
3.036518990993499756e-01
2.305854558944702148e-01
0.000000000000000000e+00
1.154504418373107910e+00
5.238806605339050293e-01
2.987322807312011719e-01
2.458517849445343018e-01
4.620064795017242432e-01
9.695872068405151367e-01
2.544417418539524078e-02
6.602101027965545654e-03
9.424871206283569336e-02
5.405609607696533203e-01
7.560505867004394531e-01
7.814843952655792236e-02
4.596325755119323730e-02
1.443441867828369141e+00
6.500970721244812012e-01
1.020694449543952942e-01
6.321591883897781372e-02
0.000000000000000000e+00
3.709446787834167480e-01
2.585170567035675049e-01
0.000000000000000000e+00
4.154985398054122925e-02
3.181458413600921631e-01
2.867725444957613945e-03
0.000000000000000000e+00
4.745636880397796631e-01
9.848234802484512329e-02
8.337920904159545898e-02
1.402100473642349243e-01
6.824346780776977539e-01
1.761034727096557617e-01
2.080690301954746246e-02
4.717496633529663086e-01
5.913300514221191406e-01
0.000000000000000000e+00
1.602610349655151367e-01
4.022702574729919434e-01
9.353001713752746582e-01
4.787045065313577652e-03
4.044981300830841064e-02
2.474784851074218750e-03
6.487172842025756836e-02
1.004154607653617859e-01
1.289942860603332520e-01
2.427926212549209595e-01
0.000000000000000000e+00
3.738130331039428711e-01
0.000000000000000000e+00
1.241158843040466309e-01
2.119747638702392578e+00
1.060647219419479370e-01
3.841809928417205811e-01
0.000000000000000000e+00
2.317338943481445312e+00
0.000000000000000000e+00
3.999263346195220947e-01
7.550983875989913940e-02
0.000000000000000000e+00
0.000000000000000000e+00
1.204642057418823242e-01
6.616587042808532715e-01
2.957933843135833740e-01
3.796844482421875000e-01
6.082576513290405273e-02
3.661200776696205139e-02
2.591641843318939209e-01
2.720209658145904541e-01
1.307626962661743164e-01
3.290269076824188232e-01
4.407666996121406555e-02
1.337662339210510254e-01
1.223021864891052246e+00
6.374595221132040024e-03
3.263897895812988281e-01
8.890551924705505371e-01
1.641015149652957916e-02
1.328080892562866211e-01
1.381813168525695801e+00
4.024859070777893066e-01
1.412477642297744751e-01
2.187324501574039459e-02
1.964218169450759888e-01
4.458597674965858459e-02
7.229752540588378906e-01
0.000000000000000000e+00
1.686435937881469727e-01
3.028642833232879639e-01
2.400811575353145599e-02
1.285507250577211380e-02
1.002185195684432983e-01
5.317287147045135498e-02
2.098096907138824463e-02
2.276485562324523926e-01
3.468462824821472168e-02
7.876629941165447235e-03
1.140970969572663307e-03
2.086382865905761719e+00
2.441028356552124023e-01
3.467221558094024658e-01
6.816433276981115341e-03
1.495067961513996124e-02
2.573407649993896484e+00
7.225596345961093903e-03
3.669009685516357422e+00
1.132968589663505554e-01
5.024088025093078613e-01
0.000000000000000000e+00
2.498143613338470459e-01
0.000000000000000000e+00
2.400459349155426025e-02
7.211389485746622086e-03
7.009418308734893799e-02
3.619098663330078125e-02
1.596224494278430939e-02
7.836140990257263184e-01
1.246208071708679199e+00
7.966196537017822266e-02
1.282098591327667236e-01
5.422709882259368896e-02
0.000000000000000000e+00
2.277583582326769829e-03
1.546294093132019043e+00
8.510358333587646484e-01
1.046860963106155396e-02
2.128601521253585815e-01
6.356193423271179199e-01
6.603402644395828247e-02
8.624474704265594482e-02
8.329878002405166626e-02
2.165846824645996094e+00
1.120187282562255859e+00
1.451568454504013062e-01
2.639034032821655273e+00
2.544206976890563965e-01
6.369781494140625000e-02
2.452407032251358032e-01
2.858936786651611328e-01
4.966688752174377441e-01
6.589277386665344238e-01
1.278076022863388062e-01
6.855601072311401367e-02
3.804179728031158447e-01
3.962635993957519531e+00
1.740220817737281322e-03
5.570497989654541016e+00
7.385683655738830566e-01
1.096579134464263916e-01
6.432682741433382034e-03
7.340947166085243225e-03
3.107119560241699219e+00
1.112396493554115295e-01
1.763102859258651733e-01
1.992160230875015259e-01
1.694875508546829224e-01
9.982292056083679199e-01
3.905068337917327881e-01
0.000000000000000000e+00
1.435328572988510132e-01
3.972765803337097168e-02
1.225312948226928711e-01
2.917379140853881836e-01
1.794024705886840820e+00
4.741040617227554321e-02
4.090695828199386597e-02
3.621359169483184814e-02
5.306494422256946564e-03
6.563957333564758301e-01
8.292993307113647461e-01
4.663008451461791992e-01
0.000000000000000000e+00
0.000000000000000000e+00
0.000000000000000000e+00
0.000000000000000000e+00
1.926735997200012207e+00
0.000000000000000000e+00
9.305396080017089844e-01
1.001508310437202454e-01
2.324701286852359772e-02
3.422084078192710876e-02
1.187993526458740234e+00
9.860043972730636597e-02
5.246698260307312012e-01
7.915924191474914551e-01
1.691271781921386719e+00
2.334508672356605530e-02
1.322623729705810547e+00
6.640398502349853516e-02
1.722857713699340820e+00
2.697564661502838135e-01
0.000000000000000000e+00
2.451923936605453491e-01
4.665794968605041504e-02
0.000000000000000000e+00
3.484999239444732666e-01
7.302161455154418945e-01
1.392887681722640991e-01
3.664873123168945312e+00
1.265951395034790039e+00
7.421202212572097778e-02
2.766048610210418701e-01
1.494890451431274414e-01
0.000000000000000000e+00
1.001115679740905762e+00
2.664338350296020508e+00
6.715015769004821777e-01
2.424583196640014648e+00
2.260899394750595093e-01
4.058683216571807861e-01
8.266743421554565430e-01
1.787723600864410400e-01
2.683776140213012695e+00
8.150933682918548584e-02
8.599596470594406128e-02
1.166034579277038574e+00
0.000000000000000000e+00
3.353297114372253418e-01
4.016959667205810547e-01
1.319317817687988281e+00
2.924966216087341309e-01
8.933883905410766602e-02
1.310367941856384277e+00
7.794087529182434082e-01
8.672872558236122131e-03
2.121193557977676392e-01
4.985472559928894043e-02
6.353905051946640015e-02
2.605665475130081177e-02
0.000000000000000000e+00
5.186073184013366699e-01
1.770228147506713867e-01
4.729971885681152344e-01
2.708781063556671143e-01
9.187663346529006958e-02
4.818263053894042969e+00
5.599937438964843750e-01
2.269949950277805328e-02
0.000000000000000000e+00
1.103216528892517090e+00
0.000000000000000000e+00
6.740363687276840210e-02
1.173142433166503906e+00
2.524322830140590668e-02
4.825504496693611145e-03
8.821321651339530945e-03
1.047119021415710449e+00
3.613343238830566406e+00
2.976672947406768799e-01
1.517465896904468536e-02
4.474631845951080322e-01
2.956178188323974609e-01
2.744199335575103760e-01
0.000000000000000000e+00
1.701265424489974976e-01
3.090800344944000244e-01
2.132983505725860596e-01
4.480444767978042364e-04
1.757977485656738281e+00
1.596078425645828247e-01
2.422831654548645020e-01
3.955471515655517578e+00
4.605920016765594482e-01
0.000000000000000000e+00
3.528158962726593018e-01
1.758361322572454810e-04
1.503963619470596313e-01
2.775617837905883789e-01
0.000000000000000000e+00
4.418406188488006592e-01
2.436604499816894531e+00
4.788008630275726318e-01
1.105278823524713516e-02
4.254387915134429932e-01
2.730469405651092529e-01
1.516318786889314651e-02
1.220705389976501465e+00
1.686932891607284546e-01
8.222700655460357666e-02
8.560393750667572021e-02
4.062273204326629639e-01
2.030682861804962158e-01
1.780719608068466187e-01
2.106214128434658051e-02
7.620437145233154297e-01
0.000000000000000000e+00
1.814497351646423340e+00
4.788837134838104248e-01
2.243497848510742188e+00
4.426119923591613770e-01
3.795393183827400208e-02
5.202066302299499512e-01
4.402994513511657715e-01
1.017950773239135742e-01
1.357299089431762695e-01
7.885165512561798096e-02
1.878847032785415649e-01
6.396862119436264038e-02
8.153489977121353149e-02
2.321931719779968262e-01
2.855183124542236328e+00
1.081165950745344162e-02
5.132405161857604980e-01
2.690904140472412109e-01
1.935680210590362549e-01
8.703803420066833496e-01
5.416972637176513672e-01
0.000000000000000000e+00
2.667833864688873291e-02
4.640136286616325378e-02
1.522301584482192993e-01
8.968840837478637695e-01
9.215274825692176819e-03
2.443780750036239624e-01
1.367519944906234741e-01
2.719129323959350586e+00
2.302662730216979980e-01
1.224651932716369629e+00
3.626605868339538574e-01
1.770416349172592163e-01
1.332085928879678249e-03
8.777303695678710938e-01
6.844792366027832031e-01
5.727378726005554199e-01
7.781253457069396973e-01
3.029000163078308105e-01
2.223902463912963867e+00
1.080874651670455933e-01
6.684356927871704102e-01
1.883299827575683594e+00
5.840961933135986328e-01
1.143743470311164856e-01
1.329697012901306152e+00
3.830066919326782227e-01
0.000000000000000000e+00
5.732864141464233398e-01
0.000000000000000000e+00
3.891463950276374817e-02
4.846037551760673523e-02
2.612887322902679443e-01
3.815953060984611511e-02
1.135414600372314453e+00
6.623246073722839355e-01
2.462733089923858643e-01
4.966977983713150024e-03
0.000000000000000000e+00
1.936559751629829407e-02
4.576916247606277466e-02
2.471227049827575684e-01
2.576887369155883789e+00
1.540620923042297363e-01
2.987560033798217773e-01
4.317432641983032227e-02
2.306346036493778229e-02
5.601092576980590820e-01
5.104944482445716858e-02
5.738381147384643555e-01
4.449331760406494141e-01
5.128314252942800522e-03
2.389573007822036743e-01
2.138906419277191162e-01
1.673624515533447266e-01
1.639460586011409760e-02
3.503582179546356201e-01
1.097260229289531708e-02
7.175725698471069336e-01
1.506781118223443627e-04
7.249106764793395996e-01
1.444942355155944824e-01
1.708192676305770874e-01
1.446871906518936157e-01
2.911970615386962891e-01
2.867279052734375000e-01
4.198523044586181641e+00
2.788169384002685547e-01
7.775359600782394409e-02
1.012500047683715820e+00
2.361492253839969635e-03
5.382263660430908203e-01
2.010126709938049316e-01
2.961173057556152344e-01
1.859251707792282104e-01
2.970549464225769043e-02
1.056593060493469238e-01
3.227674961090087891e-01
7.595633864402770996e-01
4.949617683887481689e-01
3.036406077444553375e-02
1.222102195024490356e-01
2.749412059783935547e-01
3.913310766220092773e-01
2.922752499580383301e-01
7.701952755451202393e-02
0.000000000000000000e+00
3.723016381263732910e-02
5.998519062995910645e-02
8.199715018272399902e-01
7.714854478836059570e-01
2.440565079450607300e-01
9.359890222549438477e-02
1.543077975511550903e-01
1.773032173514366150e-02
7.265894860029220581e-02
9.106447100639343262e-01
1.974785625934600830e-01
3.935004174709320068e-01
1.574616312980651855e+00
5.710801854729652405e-02
1.083709721569903195e-04
6.144790053367614746e-01
7.423509955406188965e-01
5.907500386238098145e-01
2.474782466888427734e-01
2.462545394897460938e+00
1.442503333091735840e+00
2.763562202453613281e-01
1.208985671401023865e-01
1.118053644895553589e-01
7.714490406215190887e-03
7.781387567520141602e-01
4.813356101512908936e-01
6.132355332374572754e-02
6.897814273834228516e-01
1.870855540037155151e-01
3.565227240324020386e-02
2.612080611288547516e-02
6.354803917929530144e-04
1.290178745985031128e-01
4.784044623374938965e-01
5.214867591857910156e-01
3.341278433799743652e-01
8.034657239913940430e-01
1.660046339035034180e+00
2.985126674175262451e-01
1.880546092987060547e+00
1.150010004639625549e-01
5.502479076385498047e-01
4.525505304336547852e-01
1.537452638149261475e-01
1.971347033977508545e-01
7.773956060409545898e-01
4.804212134331464767e-03
7.960860729217529297e-01
2.106289006769657135e-02
6.504071503877639771e-02
1.030569449067115784e-01
2.124684164300560951e-03
1.212899610400199890e-01
8.558648824691772461e-02
1.385484337806701660e+00
1.659645885229110718e-01
2.200940996408462524e-01
5.692875981330871582e-01
6.541800498962402344e-02
2.457633800804615021e-02
7.550209760665893555e-01
3.692348022013902664e-03
2.854570001363754272e-02
8.305958658456802368e-02
1.745827794075012207e-01
7.868155837059020996e-02
1.110492587089538574e+00
0.000000000000000000e+00
1.284054636955261230e+00
0.000000000000000000e+00
9.928763657808303833e-02
1.625414043664932251e-01
1.764440983533859253e-01
1.529923528432846069e-01
1.419658899307250977e+00
5.117796733975410461e-02
2.337611913681030273e-01
1.157711505889892578e+00
1.597594022750854492e-01
9.381988644599914551e-01
7.357617020606994629e-01
0.000000000000000000e+00
4.270756244659423828e-01
1.392992436885833740e-01
7.910268008708953857e-02
1.416613757610321045e-01
2.175910949707031250e+00
4.046894311904907227e-01
0.000000000000000000e+00
1.127495408058166504e+00
0.000000000000000000e+00
6.252326965332031250e-01
2.321667969226837158e-01
5.683244466781616211e-01
7.049276679754257202e-02
3.705517575144767761e-02
1.343634486198425293e+00
8.354137092828750610e-02
3.114421106874942780e-02
3.683463633060455322e-01
1.105928197503089905e-01
0.000000000000000000e+00
1.052252799272537231e-01
0.000000000000000000e+00
6.838649976998567581e-03
1.857345104217529297e-01
1.603576540946960449e-02
1.344889283180236816e+00
9.348291158676147461e-02
1.164941415190696716e-01
3.404848277568817139e-02
5.205677077174186707e-02
7.122702598571777344e-01
1.282874941825866699e+00
1.127477362751960754e-02
9.999129688367247581e-04
0.000000000000000000e+00
1.612471230328083038e-02
1.036397457122802734e+00
1.682051062583923340e+00
2.373029947280883789e+00
4.436630308628082275e-01
2.569586038589477539e+00
1.672395467758178711e-01
1.064909547567367554e-01
3.007261276245117188e+00
1.443654060363769531e+00
2.875995934009552002e-01
1.066403165459632874e-01
1.546519994735717773e+00
2.319640014320611954e-03
0.000000000000000000e+00
5.790303647518157959e-02
8.457919359207153320e-01
1.017481833696365356e-01
5.511849373579025269e-02
2.253751009702682495e-01
0.000000000000000000e+00
0.000000000000000000e+00
1.074713915586471558e-01
6.487954854965209961e-01
2.029324322938919067e-01
1.371303498744964600e-01
9.374880790710449219e-01
1.796534471213817596e-02
2.985689640045166016e-01
4.185117185115814209e-01
1.487512707710266113e+00
4.729628264904022217e-01
0.000000000000000000e+00
0.000000000000000000e+00
6.785464286804199219e-02
0.000000000000000000e+00
5.240610241889953613e-02
1.630069911479949951e-01
5.821054577827453613e-01
2.627941846847534180e+00
2.257516622543334961e+00
4.382176995277404785e-01
2.072561979293823242e-01
5.777272582054138184e-01
0.000000000000000000e+00
1.561886072158813477e-01
6.036183834075927734e-01
6.723844259977340698e-02
6.684952974319458008e-02
3.678084313869476318e-01
1.164253354072570801e-01
7.052213549613952637e-01
8.783753961324691772e-03
2.919386923313140869e-01
1.217357888817787170e-01
3.033654987812042236e-01
9.619873599149286747e-04
2.094041347503662109e+00
5.980255827307701111e-02
1.601595997810363770e+00
2.947229705750942230e-02
3.988684713840484619e-01
7.203241437673568726e-02
8.434234559535980225e-02
2.158302441239356995e-02
5.614650249481201172e-01
4.317055940628051758e-01
4.933122158050537109e+00
1.482004404067993164e+00
3.045351244509220123e-02
5.239812284708023071e-02
6.885497570037841797e-01
4.197564125061035156e-01
4.681471824645996094e+00
5.480149984359741211e-01
4.727138876914978027e-01
7.042101621627807617e-01
0.000000000000000000e+00
4.551305994391441345e-02
1.253416538238525391e-01
3.074127435684204102e-01
4.497377872467041016e-01
2.101535052061080933e-01
2.566413581371307373e-01
2.078434944152832031e+00
1.429693549871444702e-01
2.764900445938110352e+00
3.978320121765136719e+00
1.633858978748321533e-01
1.616389602422714233e-01
0.000000000000000000e+00
2.608919441699981689e-01
0.000000000000000000e+00
1.488082259893417358e-01
0.000000000000000000e+00
9.889062643051147461e-01
9.625136107206344604e-02
7.043652534484863281e-01
0.000000000000000000e+00
8.357740938663482666e-02
5.727332551032304764e-03
0.000000000000000000e+00
1.868668556213378906e+00
7.912915199995040894e-03
3.033547997474670410e-01
3.529796302318572998e-01
4.677688702940940857e-02
9.161102175712585449e-01
4.777370393276214600e-01
7.914984226226806641e-02
2.622775919735431671e-02
9.175742417573928833e-02
4.614404588937759399e-02
4.717611968517303467e-01
6.046238541603088379e-01
1.833476424217224121e-01
1.326233297586441040e-01
1.192420348525047302e-02
7.329037040472030640e-02
1.513982534408569336e+00
1.552138090133666992e+00
4.140957891941070557e-01
2.506734430789947510e-01
8.527989983558654785e-01
9.364128857851028442e-02
1.289989650249481201e-01
2.837622351944446564e-02
5.962982773780822754e-01
1.864414364099502563e-01
1.169736504554748535e+00
2.756663858890533447e-01
4.019002318382263184e-01
7.733281850814819336e-01
3.636496365070343018e-01
8.422597050666809082e-01
7.945651561021804810e-02
0.000000000000000000e+00
1.155379056930541992e+00
4.292790889739990234e-01
4.843750000000000000e-01
5.823242068290710449e-01
5.881675332784652710e-02
3.334625810384750366e-02
6.241670995950698853e-02
2.172197848558425903e-01
3.300766460597515106e-03
7.436505556106567383e-01
4.125577956438064575e-02
1.192972660064697266e+00
1.460020840167999268e-01
0.000000000000000000e+00
1.494142174720764160e+00
3.786692023277282715e-01
7.322790473699569702e-02
5.210459828376770020e-01
3.251081705093383789e-01
2.348253503441810608e-02
6.413334608078002930e-01
4.396099150180816650e-01
0.000000000000000000e+00
3.616461157798767090e-01
5.418042540550231934e-01
0.000000000000000000e+00
4.155858419835567474e-03
1.366455946117639542e-02
5.952658653259277344e-01
1.046856772154569626e-02
1.965193003416061401e-01
1.387695521116256714e-01
2.860021293163299561e-01
3.564723581075668335e-02
7.159858196973800659e-02
2.421899735927581787e-01
8.832263946533203125e-02
3.429190516471862793e-01
5.278232097625732422e+00
0.000000000000000000e+00
0.000000000000000000e+00
2.894126772880554199e-01
2.566009759902954102e+00
4.753066897392272949e-01
0.000000000000000000e+00
4.146358072757720947e-01
5.831670016050338745e-03
3.496671020984649658e-01
4.379642307758331299e-01
3.768845498561859131e-01
1.024190336465835571e-01
5.417298153042793274e-02
0.000000000000000000e+00
2.188245803117752075e-01
1.239108368754386902e-01
2.487948834896087646e-01
7.689971476793289185e-02
1.868758499622344971e-01
1.286114901304244995e-01
1.296736955642700195e+00
2.552711069583892822e-01
2.986489832401275635e-01
1.942204833030700684e-01
3.452578326687216759e-03
3.185904817655682564e-03
1.043492108583450317e-01
5.197156593203544617e-02
4.534371942281723022e-02
3.362073600292205811e-01
1.649352550506591797e+00
4.233887195587158203e-01
1.159400343894958496e+00
5.613571405410766602e-01
2.421998739242553711e+00
4.255124554038047791e-02
1.788541078567504883e+00
2.898346185684204102e-01
5.239277333021163940e-02
1.136044710874557495e-01
1.374529749155044556e-01
2.081175297498703003e-01
8.033167570829391479e-02
1.559033751487731934e+00
4.436919987201690674e-01
9.128052741289138794e-02
1.876036226749420166e-01
3.195143863558769226e-02
4.532212764024734497e-02
5.193400196731090546e-03
3.188550099730491638e-02
8.713442087173461914e-02
0.000000000000000000e+00
0.000000000000000000e+00
8.225613087415695190e-02
8.982977867126464844e-01
5.261567980051040649e-02
3.868700027465820312e+00
2.448708772659301758e+00
2.195873498916625977e+00
1.911049336194992065e-01
1.163287460803985596e-01
0.000000000000000000e+00
5.125556588172912598e-01
1.897039413452148438e-01
1.837886571884155273e-01
2.850451320409774780e-02
1.112409234046936035e+00
6.065983176231384277e-01
0.000000000000000000e+00
1.710342317819595337e-01
6.557143642567098141e-04
3.973396122455596924e-02
8.875067830085754395e-01
7.825495004653930664e-01
1.641892075538635254e+00
2.675676047801971436e-01
6.034734472632408142e-02
7.147354632616043091e-02
4.623670876026153564e-01
2.361298352479934692e-01
5.548481345176696777e-01
4.394785687327384949e-02
9.064026474952697754e-01
5.633677840232849121e-01
1.134112328290939331e-01
2.391694486141204834e-02
1.032367274165153503e-01
4.539836049079895020e-01
1.757625639438629150e-01
4.872584715485572815e-03
3.284299075603485107e-01
6.785968691110610962e-02
1.036198616027832031e+00
4.277168214321136475e-01
6.309881061315536499e-02
1.545114163309335709e-02
5.313455313444137573e-02
1.015434622764587402e+00
4.800302088260650635e-01
2.395374886691570282e-02
3.197624683380126953e-01
4.219713062047958374e-02
3.254355490207672119e-01
6.184740066528320312e-01
1.540739182382822037e-02
0.000000000000000000e+00
0.000000000000000000e+00
4.114045798778533936e-01
2.156446874141693115e-01
5.342967510223388672e-01
1.258817672729492188e+00
0.000000000000000000e+00
4.018772393465042114e-02
5.832559242844581604e-02
2.170667201280593872e-01
8.720909245312213898e-03
3.277409076690673828e-01
4.767473787069320679e-02
1.710184663534164429e-02
1.880024373531341553e-02
1.253610730171203613e+00
4.105563759803771973e-01
5.822258442640304565e-02
8.688799738883972168e-01
0.000000000000000000e+00
2.017804682254791260e-01
1.364703893661499023e+00
4.639919847249984741e-03
9.082835167646408081e-02
2.061785489786416292e-04
2.903239727020263672e-01
2.459028959274291992e-01
1.466486416757106781e-02
8.416398763656616211e-01
3.174837529659271240e-01
3.237693607807159424e-01
1.443242430686950684e-01
6.842572093009948730e-01
0.000000000000000000e+00
3.019903004169464111e-01
0.000000000000000000e+00
2.326944828033447266e+00
5.719653889536857605e-02
7.530390024185180664e-01
1.462318778038024902e+00
1.134419217705726624e-01
2.031451702117919922e+00
2.541960716247558594e+00
8.507057428359985352e-01
3.817016482353210449e-01
1.542460769414901733e-01
2.354826778173446655e-02
3.172072172164916992e-01
1.075679436326026917e-01
1.369278073310852051e+00
5.924560595303773880e-03
3.676601918414235115e-03
8.761542290449142456e-02
0.000000000000000000e+00
5.277027487754821777e-01
1.755438685417175293e+00
1.956910371780395508e+00
6.108821183443069458e-02
1.855005770921707153e-01
1.749943345785140991e-01
8.190038204193115234e-01
3.960848450660705566e-01
1.239287108182907104e-02
2.842371463775634766e+00
3.584416955709457397e-02
7.527188658714294434e-01
0.000000000000000000e+00
7.812906801700592041e-02
1.074573621153831482e-01
4.316833913326263428e-01
6.480581164360046387e-01
0.000000000000000000e+00
1.746881902217864990e-01
5.365251302719116211e-01
8.967727422714233398e-02
1.142425537109375000e-01
4.324273020029067993e-02
0.000000000000000000e+00
0.000000000000000000e+00
9.056937880814075470e-03
2.348033040761947632e-01
0.000000000000000000e+00
2.549995481967926025e-01
7.491641491651535034e-02
2.730767726898193359e-01
2.736689746379852295e-01
8.572676777839660645e-01
1.068698987364768982e-01
1.321050673723220825e-01
4.534506201744079590e-01
2.378000169992446899e-01
0.000000000000000000e+00
4.220636561512947083e-02
2.616910636425018311e-01
4.719712305814027786e-03
1.468838751316070557e-02
0.000000000000000000e+00
0.000000000000000000e+00
5.352177470922470093e-02
1.684137736447155476e-03
3.477616608142852783e-01
6.280250549316406250e-01
4.023082852363586426e-01
4.907647892832756042e-02
0.000000000000000000e+00
4.417625814676284790e-02
5.534753575921058655e-02
0.000000000000000000e+00
2.924290485680103302e-02
0.000000000000000000e+00
1.331295073032379150e-01
3.019042871892452240e-02
1.935188174247741699e-01
1.422197818756103516e+00
3.989284634590148926e-01
8.085475564002990723e-01
2.588236033916473389e-01
2.962827682495117188e-03
1.368630826473236084e-01
3.387319855391979218e-03
3.072704561054706573e-02
1.951357722282409668e-01
1.099522411823272705e-02
2.865713834762573242e-01
0.000000000000000000e+00
0.000000000000000000e+00
1.173964217305183411e-01
4.603817686438560486e-02
8.054094016551971436e-02
7.829013466835021973e-01
4.459590911865234375e-01
1.781987428665161133e+00
9.302151389420032501e-03
4.660193026065826416e-01
0.000000000000000000e+00
3.088540434837341309e-01
1.244304299354553223e+00
6.140100359916687012e-01
1.617052555084228516e-01
2.354323118925094604e-02
7.904924452304840088e-02
7.276239246129989624e-02
1.120821714401245117e+00
3.814667835831642151e-02
7.827305793762207031e-01
8.775086142122745514e-03
2.681339383125305176e-01
5.945833325386047363e-01
2.869798243045806885e-01
6.801921874284744263e-02
0.000000000000000000e+00
5.960030555725097656e-01
1.451306194067001343e-01
1.945981532335281372e-01
3.024926662445068359e+00
6.785560399293899536e-03
3.784943546634167433e-04
2.221567153930664062e+00
4.313625693321228027e-01
5.687574148178100586e-01
3.476469963788986206e-02
1.018278226256370544e-01
1.217458322644233704e-01
7.239828258752822876e-02
1.861751824617385864e-02
3.049924373626708984e-01
4.344570636749267578e-01
1.069725081324577332e-01
0.000000000000000000e+00
2.073001712560653687e-01
3.270103782415390015e-02
0.000000000000000000e+00
3.661252260208129883e-01
9.339674115180969238e-01
7.791427969932556152e-01
2.468945831060409546e-02
7.648684978485107422e-01
1.215390563011169434e-01
0.000000000000000000e+00
7.557704299688339233e-02
1.376863382756710052e-02
8.950836658477783203e-01
2.616705179214477539e+00
1.047500781714916229e-02
7.026158273220062256e-02
5.584915354847908020e-02
3.797204792499542236e-01
3.491271138191223145e-01
2.420518398284912109e-01
1.154680326581001282e-01
3.593950569629669189e-01
4.555805027484893799e-01
6.638531573116779327e-03
2.467685192823410034e-01
0.000000000000000000e+00
2.344896078109741211e+00
8.515919446945190430e-01
0.000000000000000000e+00
2.246110737323760986e-01
4.307675957679748535e-01
3.633059024810791016e+00
2.224083989858627319e-01
3.331438899040222168e-01
3.782707154750823975e-01
1.812709212303161621e+00
3.220291137695312500e+00
1.871573179960250854e-01
2.943745553493499756e-01
0.000000000000000000e+00
2.793739140033721924e-01
4.058601334691047668e-02
1.826057434082031250e-01
2.254107296466827393e-01
8.210899680852890015e-02
1.804821729660034180e+00
0.000000000000000000e+00
6.376656293869018555e-01
1.042149029672145844e-02
1.195292845368385315e-01
2.262203022837638855e-03
3.419538140296936035e-01
1.451687365770339966e-01
9.391787052154541016e-01
5.163362994790077209e-02
2.466432601213455200e-01
1.466484926640987396e-02
1.365645527839660645e-01
3.175431489944458008e-02
8.102592080831527710e-03
8.440365195274353027e-01
3.966816067695617676e-01
3.643207252025604248e-02
0.000000000000000000e+00
1.538164854049682617e+00
1.696546524763107300e-01
1.738456077873706818e-02
1.329854846000671387e+00
6.289435625076293945e-01
1.499185115098953247e-01
5.955548286437988281e-01
6.518199443817138672e-01
3.783421516418457031e-01
2.088878005743026733e-01
4.552633762359619141e-01
1.012978672981262207e+00
1.551315747201442719e-02
1.112193167209625244e-01
9.076840430498123169e-02
5.072941184043884277e-01
1.582398116588592529e-01
1.326458603143692017e-01
3.729803860187530518e-01
1.551066160202026367e+00
2.271900624036788940e-01
5.434045940637588501e-02
6.348311901092529297e-01
6.990125775337219238e-01
3.371177196502685547e+00
6.566364765167236328e-01
8.596239984035491943e-02
1.610046327114105225e-01
4.638089835643768311e-01
4.270250499248504639e-01
1.800395399332046509e-01
2.938573248684406281e-02
0.000000000000000000e+00
1.696624159812927246e+00
3.261256515979766846e-01
0.000000000000000000e+00
7.571741342544555664e-01
1.073502153158187866e-01
2.888228930532932281e-02
8.857415989041328430e-03
2.338442087173461914e+00
2.381113767623901367e-01
0.000000000000000000e+00
2.321446128189563751e-02
1.729409694671630859e-01
3.637613654136657715e-01
0.000000000000000000e+00
4.675901494920253754e-03
1.185428574681282043e-01
0.000000000000000000e+00
4.859704375267028809e-01
7.793909311294555664e-01
1.866369396448135376e-01
9.376817382872104645e-03
9.084716439247131348e-02
3.088458776473999023e-01
0.000000000000000000e+00
7.078492641448974609e-02
9.032399952411651611e-02
1.175502538681030273e+00
4.447248205542564392e-02
3.650918304920196533e-01
1.685093790292739868e-01
4.616183787584304810e-02
2.627227269113063812e-02
3.344469964504241943e-01
5.064624547958374023e-02
0.000000000000000000e+00
3.278211057186126709e-01
6.991196423768997192e-02
5.085294842720031738e-01
1.164925694465637207e+00
1.998104155063629150e-01
0.000000000000000000e+00
1.904254108667373657e-01
1.623412728309631348e+00
2.397587150335311890e-02
2.764840982854366302e-02
1.708548665046691895e-01
4.274181127548217773e-01
9.535109996795654297e-02
2.180045604705810547e+00
4.390412867069244385e-01
9.884645938873291016e-01
4.689332544803619385e-01
6.719231009483337402e-01
3.948342502117156982e-01
6.084938645362854004e-01
1.517363637685775757e-01
1.887995377182960510e-02
6.658957153558731079e-02
0.000000000000000000e+00
1.852287054061889648e-01
0.000000000000000000e+00
3.164480905979871750e-03
3.342359066009521484e-01
0.000000000000000000e+00
5.455907434225082397e-02
9.460984729230403900e-04
2.366736680269241333e-01
1.924169510602951050e-01
6.257884502410888672e-01
1.450324207544326782e-01
1.494500935077667236e-01
3.190042376518249512e-01
1.432305481284856796e-02
8.829250186681747437e-02
4.870556294918060303e-02
3.833132237195968628e-02
2.916200459003448486e-01
1.404095143079757690e-01
0.000000000000000000e+00
2.941715903580188751e-02
1.107781156897544861e-01
3.617309033870697021e-02
1.287745833396911621e+00
1.169012427330017090e+00
3.804971277713775635e-01
9.763506241142749786e-03
5.248262360692024231e-02
5.554396659135818481e-02
5.123593211174011230e-01
3.365842625498771667e-02
7.618884742259979248e-02
1.314193308353424072e-01
4.150286614894866943e-01
9.573533385992050171e-02
0.000000000000000000e+00
9.677471220493316650e-02
7.661074865609407425e-03
4.126489162445068359e-01
1.526997327804565430e+00
7.095157355070114136e-02
0.000000000000000000e+00
6.896169781684875488e-01
5.639617145061492920e-02
3.778373822569847107e-02
2.807655930519104004e-01
6.479834914207458496e-01
3.692359030246734619e-01
3.390083834528923035e-02
1.944718599319458008e+00
1.173746064305305481e-01
1.442323159426450729e-02
0.000000000000000000e+00
4.648556187748908997e-02
1.332405447959899902e+00
1.386220335960388184e+00
5.374872088432312012e-01
2.987110614776611328e+00
1.712371781468391418e-02
9.364256262779235840e-02
2.435020655393600464e-01
7.586825489997863770e-01
5.238405615091323853e-02
0.000000000000000000e+00
3.581991419196128845e-02
3.697656989097595215e-01
3.794746875762939453e+00
4.776013493537902832e-01
8.840560913085937500e-04
1.310779154300689697e-02
3.059969842433929443e-01
3.944385051727294922e+00
6.442514806985855103e-02
3.209030330181121826e-01
4.146666824817657471e-02
0.000000000000000000e+00
1.060353033244609833e-02
1.954088807106018066e-01
2.166868560016155243e-02
2.134075313806533813e-01
1.375612735748291016e+00
6.730204075574874878e-02
1.726247865008190274e-04
1.186766743659973145e+00
6.679916381835937500e-01
0.000000000000000000e+00
1.304212361574172974e-01
1.374896883964538574e+00
8.791626989841461182e-02
1.454552054405212402e+00
1.536945402622222900e-01
3.503851592540740967e-01
6.857910007238388062e-02
3.614879846572875977e-01
0.000000000000000000e+00
0.000000000000000000e+00
3.588825464248657227e-02
4.277119785547256470e-02
1.566351950168609619e-01
5.553157329559326172e-01
0.000000000000000000e+00
0.000000000000000000e+00
3.218888118863105774e-02
2.392908781766891479e-01
1.229965448379516602e+00
5.701360851526260376e-02
3.437314648181200027e-03
1.184299811720848083e-01
5.161049962043762207e-02
1.102753877639770508e-01
7.398284971714019775e-02
1.167544126510620117e+00
3.208797716069966555e-05
3.222210705280303955e-01
1.914938390254974365e-01
2.282589524984359741e-01
2.599647760391235352e+00
5.593875050544738770e-01
0.000000000000000000e+00
7.647818922996520996e-01
2.091521501541137695e+00
4.323793411254882812e+00
3.222852945327758789e-01
1.056248769164085388e-01
1.349603235721588135e-01
0.000000000000000000e+00
3.373507410287857056e-03
3.903596401214599609e-01
4.283384978771209717e-01
4.023784026503562927e-02
5.410495027899742126e-02
5.351508408784866333e-02
1.413384914398193359e+00
3.056387901306152344e-01
8.020784705877304077e-02
4.356455206871032715e-01
5.263257622718811035e-01
1.073387503623962402e+00
0.000000000000000000e+00
2.652213573455810547e-01
1.367803364992141724e-01
8.369112610816955566e-01
2.763844430446624756e-01
4.990729987621307373e-01
1.911742389202117920e-01
7.450396418571472168e-01
6.530724465847015381e-02
1.124062854796648026e-02
1.934836506843566895e+00
4.600358307361602783e-01
1.641945093870162964e-01
9.256543964147567749e-02
8.996873162686824799e-03
0.000000000000000000e+00
4.623517096042633057e-01
4.469219148159027100e-01
5.210264921188354492e-01
2.720028460025787354e-01
0.000000000000000000e+00
4.139321297407150269e-02
5.549645982682704926e-03
7.817018777132034302e-02
2.065435647964477539e-01
3.245604634284973145e-01
7.337049394845962524e-02
2.375957667827606201e-01
6.283111572265625000e-01
1.135696843266487122e-01
7.410637736320495605e-01
1.323466420173645020e+00
4.839015901088714600e-01
2.795749809592962265e-03
6.672526597976684570e-01
3.613650202751159668e-01
4.993301630020141602e-01
1.493410021066665649e-01
1.381829977035522461e-01
2.074209451675415039e+00
0.000000000000000000e+00
4.749209061264991760e-02
4.415405914187431335e-02
5.570771917700767517e-02
9.367620348930358887e-01
5.936488974839448929e-03
5.334201082587242126e-02
8.105181455612182617e-01
9.913702011108398438e-01
4.365187585353851318e-01
2.435823529958724976e-01
2.359221875667572021e-01
0.000000000000000000e+00
1.017261445522308350e-01
0.000000000000000000e+00
1.045552492141723633e+00
4.498640894889831543e-01
2.026112228631973267e-01
0.000000000000000000e+00
1.558976888656616211e+00
3.819280266761779785e-01
1.039807274937629700e-01
0.000000000000000000e+00
3.070438839495182037e-02
3.182347863912582397e-02
1.064322948455810547e+00
1.479052454233169556e-01
6.256061792373657227e-02
5.703816656023263931e-03
1.079800501465797424e-01
6.660749018192291260e-02
1.241325065493583679e-01
4.179065525531768799e-01
1.698484271764755249e-01
0.000000000000000000e+00
1.882947087287902832e-01
1.286708563566207886e-01
6.515706330537796021e-02
0.000000000000000000e+00
6.419395655393600464e-02
2.071806602180004120e-02
2.373227596282958984e+00
8.717017769813537598e-01
9.586250782012939453e-02
5.065434575080871582e-01
0.000000000000000000e+00
0.000000000000000000e+00
5.680058617144823074e-03
1.645578891038894653e-01
3.129462897777557373e-01
1.265584379434585571e-01
2.078150212764739990e-01
5.711492896080017090e-02
6.640979051589965820e-01
4.594836011528968811e-02
6.026894450187683105e-01
0.000000000000000000e+00
1.198354139924049377e-01
6.225758790969848633e-01
6.341447681188583374e-02
2.510331869125366211e-01
2.039309889078140259e-01
7.191388309001922607e-02
2.192402817308902740e-02
2.399096012115478516e+00
6.583674550056457520e-01
5.035268664360046387e-01
1.206071853637695312e+00
4.113455116748809814e-02
6.495552659034729004e-01
1.543317079544067383e+00
5.247528851032257080e-02
2.810161411762237549e-01
0.000000000000000000e+00
1.116173416376113892e-01
0.000000000000000000e+00
2.183151721954345703e+00
6.334642171859741211e-01
1.762818932533264160e+00
1.940175443887710571e-01
4.944598302245140076e-02
1.710668504238128662e-01
2.692473493516445160e-02
2.153059244155883789e-01
4.074396193027496338e-02
2.862335741519927979e-02
1.137170672416687012e+00
8.658313751220703125e-02
8.904549479484558105e-02
1.022782921791076660e+00
4.316651523113250732e-01
1.916448213160037994e-02
8.162923455238342285e-01
1.891602575778961182e-02
1.515437383204698563e-02
1.490077376365661621e-01
2.828599698841571808e-02
3.332330226898193359e+00
0.000000000000000000e+00
2.781144142150878906e+00
7.994617521762847900e-02
1.873156070709228516e+00
4.064856469631195068e-01
1.184083670377731323e-01
4.962221384048461914e-01
1.399193541146814823e-03
4.557743370532989502e-01
0.000000000000000000e+00
1.051430106163024902e+00
0.000000000000000000e+00
8.560429215431213379e-01
2.635478675365447998e-01
7.916666865348815918e-01
3.565475344657897949e-01
3.239756226539611816e-01
8.456811308860778809e-02
0.000000000000000000e+00
7.029867917299270630e-02
0.000000000000000000e+00
5.219919085502624512e-01
1.954719573259353638e-01
6.462207436561584473e-01
7.320606708526611328e-02
1.065972745418548584e-01
3.581127524375915527e-01
1.003261685371398926e+00
2.771708369255065918e-01
2.889893949031829834e-02
8.328144550323486328e-01
1.815398409962654114e-02
8.286780864000320435e-02
4.759613275527954102e-01
1.863050222396850586e+00
1.793559454381465912e-02
2.262102961540222168e-01
2.272221744060516357e-01
1.788219669833779335e-03
8.868306130170822144e-02
1.267151236534118652e+00
8.771526813507080078e-02
1.028965950012207031e+00
1.938820630311965942e-01
1.248340234160423279e-01
4.122267011553049088e-03
5.626656413078308105e-01
0.000000000000000000e+00
1.414376646280288696e-01
5.491695180535316467e-02
4.960303306579589844e-01
1.533003710210323334e-02
2.088572084903717041e-01
1.125746607780456543e+00
3.880500420928001404e-02
2.865377813577651978e-02
1.103741288185119629e+00
6.273395419120788574e-01
4.386848211288452148e-01
3.502315878868103027e-01
2.392676174640655518e-01
5.326912403106689453e-01
1.411408334970474243e-01
2.489698678255081177e-02
2.105027914047241211e+00
1.972580432891845703e+00
0.000000000000000000e+00
3.685530424118041992e-01
1.021429337561130524e-02
2.988998889923095703e-01
1.077334403991699219e+00
0.000000000000000000e+00
2.006165385246276855e-01
9.788626432418823242e-02
3.502638101577758789e+00
1.580947279930114746e+00
2.054719924926757812e-01
5.065655708312988281e-01
3.197960853576660156e-01
4.015570878982543945e-02
5.447872877120971680e-01
6.263601593673229218e-03
4.010327160358428955e-03
5.257167387753725052e-03
0.000000000000000000e+00
2.382003664970397949e-01
4.404027760028839111e-01
6.697315573692321777e-01
3.567027151584625244e-01
6.104337573051452637e-01
3.219521837309002876e-03
3.739199787378311157e-02
1.604158133268356323e-01
9.785721302032470703e-01
0.000000000000000000e+00
2.914045155048370361e-01
9.090445637702941895e-01
2.268727868795394897e-02
1.324550658464431763e-01
8.536767959594726562e-02
3.611845970153808594e-01
4.713784903287887573e-02
2.597965300083160400e-02
2.341583490371704102e+00
1.526658888906240463e-02
8.750927634537220001e-03
2.720941305160522461e+00
0.000000000000000000e+00
7.558557391166687012e-01
1.906599551439285278e-01
3.360441653057932854e-03
5.683520808815956116e-02
5.991143584251403809e-01
1.028786301612854004e-01
9.520774334669113159e-02
8.226295709609985352e-01
2.141287624835968018e-01
4.583438932895660400e-01
6.938374042510986328e-01
8.895650506019592285e-03
1.673416972160339355e+00
1.488605141639709473e+00
1.258043851703405380e-02
3.476928547024726868e-02
4.206581115722656250e-01
0.000000000000000000e+00
4.127698242664337158e-01
0.000000000000000000e+00
6.523354053497314453e-01
1.621512621641159058e-01
5.377981066703796387e-02
8.021500892937183380e-03
4.627630710601806641e-01
5.002023577690124512e-01
1.373661756515502930e-01
8.846407532691955566e-01
5.244249105453491211e-02
0.000000000000000000e+00
6.752228736877441406e-01
2.422925472259521484e+00
0.000000000000000000e+00
5.682137329131364822e-03
1.277418613433837891e+00
1.932276487350463867e+00
4.676227271556854248e-01
3.889141082763671875e-01
2.784301936626434326e-01
8.037605881690979004e-01
0.000000000000000000e+00
3.714382275938987732e-02
2.423400282859802246e-01
3.913835883140563965e-01
1.376333236694335938e-01
8.749059401452541351e-03
2.544779479503631592e-01
1.983822584152221680e+00
1.813559055328369141e+00
3.209108114242553711e-01
3.077922761440277100e-02
8.106446266174316406e-01
1.649633169174194336e+00
0.000000000000000000e+00
4.189096987247467041e-01
2.007437944412231445e-01
2.963520884513854980e-01
1.781791262328624725e-02
2.875016331672668457e-01
1.653308629989624023e+00
3.210258483886718750e-01
4.217736721038818359e-01
4.992847442626953125e-01
2.045221924781799316e-01
7.397865504026412964e-02
0.000000000000000000e+00
3.553079068660736084e-01
1.774911731481552124e-01
1.925107538700103760e-01
1.638704389333724976e-01
8.094756305217742920e-02
8.035339117050170898e-01
1.127080693840980530e-01
9.911887347698211670e-03
0.000000000000000000e+00
3.894527554512023926e-01
0.000000000000000000e+00
2.402052640914916992e+00
0.000000000000000000e+00
8.785980939865112305e-01
1.442922949790954590e-01
1.857281923294067383e-01
1.278865039348602295e-01
3.784135580062866211e-01
9.790122509002685547e-02
3.916034102439880371e-02
7.394992113113403320e-01
4.473847746849060059e-01
1.313337087631225586e-01
1.070251941680908203e+00
2.390172779560089111e-01
8.480451651848852634e-04
8.521098643541336060e-02
2.023672014474868774e-01
1.339340567588806152e+00
7.805256843566894531e-01
2.160537987947463989e-02
0.000000000000000000e+00
1.096809729933738708e-01
3.800414036959409714e-03
1.722882688045501709e-01
2.246647328138351440e-01
3.710160497575998306e-03
2.029651403427124023e-01
3.774940595030784607e-02
1.075074225664138794e-01
8.448246717453002930e-01
1.995426535606384277e+00
2.623822987079620361e-01
0.000000000000000000e+00
1.317901313304901123e-01
7.539621591567993164e-01
1.885821104049682617e+00
5.919022485613822937e-02
7.279591560363769531e-01
2.801059484481811523e-01
9.933940172195434570e-01
7.010157108306884766e-01
1.465371251106262207e+00
1.079916059970855713e-01
1.088967442512512207e+00
3.305361270904541016e-01
6.764462590217590332e-01
2.419815063476562500e-01
0.000000000000000000e+00
3.811241313815116882e-02
1.900399684906005859e+00
1.248412728309631348e+00
1.384426141157746315e-03
1.501818656921386719e+00
3.867972642183303833e-02
2.363346703350543976e-02
3.599602878093719482e-01
2.217167764902114868e-01
8.619381487369537354e-02
3.699087798595428467e-01
4.107144474983215332e-02
8.472307026386260986e-02
6.990519762039184570e-01
8.076246380805969238e-01
7.772849798202514648e-01
4.907330032438039780e-03
4.318806156516075134e-02
1.563514769077301025e-02
1.560086309909820557e-01
7.034627795219421387e-01
3.295205831527709961e-01
9.510560035705566406e-01
6.990162283182144165e-02
3.017880320549011230e-01
0.000000000000000000e+00
9.383498691022396088e-04
1.226455625146627426e-02
1.964911967515945435e-01
4.446433782577514648e-01
5.263207554817199707e-01
6.782249212265014648e-01
6.510543823242187500e-02
6.031072698533535004e-03
0.000000000000000000e+00
8.894897252321243286e-02
1.053966581821441650e-01
2.544490993022918701e-01
2.017050504684448242e+00
3.009796440601348877e-01
7.842312753200531006e-02
0.000000000000000000e+00
2.190472334623336792e-01
5.063494443893432617e-01
3.281784243881702423e-03
2.492874860763549805e-01
1.916066408157348633e+00
9.921798855066299438e-02
1.552070528268814087e-01
3.507385551929473877e-01
2.601927705109119415e-02
4.088051319122314453e-01
5.983078479766845703e-01
6.718930602073669434e-02
1.944756358861923218e-01
2.122884839773178101e-01
4.762848317623138428e-01
0.000000000000000000e+00
3.817265927791595459e-01
1.433530300855636597e-01
1.036887243390083313e-02
4.701202362775802612e-02
3.492436930537223816e-02
7.951838970184326172e-01
3.536801934242248535e-01
3.109128475189208984e-01
6.055307984352111816e-01
1.509881466627120972e-01
4.237254261970520020e-01
5.796585697680711746e-03
4.248773753643035889e-01
0.000000000000000000e+00
4.220466688275337219e-02
4.111503437161445618e-02
2.501656413078308105e-01
8.067693114280700684e-01
2.597092092037200928e-01
1.273153163492679596e-02
7.816316485404968262e-01
7.285737246274948120e-02
1.151879969984292984e-02
3.590613976120948792e-02
1.040006875991821289e+00
0.000000000000000000e+00
3.465009927749633789e-01
2.452503442764282227e-01
6.492037177085876465e-01
9.304873347282409668e-01
4.314776360988616943e-01
1.198030829429626465e+00
9.948819130659103394e-02
2.199643552303314209e-01
7.614732980728149414e-01
