6.786737591028213501e-02
4.248780310153961182e-01
5.708875656127929688e-01
4.946978762745857239e-03
0.000000000000000000e+00
2.168521732091903687e-01
0.000000000000000000e+00
0.000000000000000000e+00
1.553839802742004395e+00
1.677782461047172546e-02
8.786918520927429199e-01
2.206595800817012787e-02
2.265226125717163086e+00
5.760608240962028503e-02
8.520001173019409180e-01
3.790645673871040344e-02
2.601250410079956055e-01
3.251895606517791748e-01
1.333513995632529259e-03
1.880189478397369385e-01
1.858640164136886597e-01
0.000000000000000000e+00
2.736355662345886230e-01
3.888916596770286560e-02
3.248189091682434082e-01
1.586364768445491791e-02
7.342633605003356934e-02
0.000000000000000000e+00
2.111827880144119263e-01
2.876700758934020996e-01
5.406137704849243164e-01
2.471832931041717529e-01
4.508516490459442139e-01
1.022544026374816895e+00
0.000000000000000000e+00
1.379072964191436768e-01
0.000000000000000000e+00
6.936648488044738770e-01
0.000000000000000000e+00
6.854277849197387695e-01
1.955687403678894043e-01
2.118718147277832031e+00
4.424397274851799011e-02
4.320597052574157715e-01
2.965322732925415039e-01
0.000000000000000000e+00
2.848596870899200439e-02
1.831621974706649780e-01
1.403433382511138916e-01
8.211599588394165039e-01
2.422631680965423584e-01
7.040908094495534897e-03
0.000000000000000000e+00
1.736192703247070312e-01
1.004034578800201416e-01
1.776531934738159180e+00
2.583799064159393311e-01
2.710872292518615723e-01
3.304032385349273682e-01
1.958159208297729492e-01
1.839003562927246094e+00
8.605531454086303711e-01
1.461692750453948975e-01
1.919845044612884521e-01
2.695956468582153320e+00
5.549438595771789551e-01
4.738418459892272949e-01
1.037928581237792969e+00
1.074012398719787598e+00
7.361709140241146088e-04
3.257621049880981445e+00
1.070390269160270691e-01
7.651157677173614502e-02
1.308496892452239990e-01
5.887374281883239746e-01
5.002593398094177246e-01
4.275656640529632568e-01
2.269804030656814575e-01
5.148082256317138672e+00
5.690748989582061768e-02
1.597859859466552734e+00
5.780068039894104004e-02
8.049149066209793091e-03
5.360563471913337708e-02
1.164533615112304688e+00
5.063794553279876709e-02
0.000000000000000000e+00
7.005406171083450317e-02
1.609408855438232422e-01
3.041731119155883789e-01
9.065676927566528320e-01
0.000000000000000000e+00
1.933295093476772308e-02
0.000000000000000000e+00
2.666910365223884583e-02
1.943540573120117188e-01
1.393584161996841431e-01
8.365417122840881348e-01
6.502314805984497070e-01
1.028119206428527832e+00
0.000000000000000000e+00
1.441217422485351562e+00
5.086542367935180664e-01
3.917342185974121094e+00
8.695961833000183105e-01
9.698513895273208618e-02
1.477599889039993286e-02
1.676122695207595825e-01
1.046039164066314697e-01
2.155292749404907227e+00
4.145150259137153625e-02
5.292910337448120117e-01
0.000000000000000000e+00
3.559016883373260498e-01
0.000000000000000000e+00
4.377445578575134277e-01
5.536243692040443420e-02
2.971432805061340332e-01
1.977001316845417023e-02
3.195538222789764404e-01
1.949379444122314453e-01
0.000000000000000000e+00
0.000000000000000000e+00
2.417627722024917603e-02
5.333089828491210938e+00
7.615663111209869385e-02
1.797955632209777832e-01
5.490166544914245605e-01
5.071264505386352539e-02
0.000000000000000000e+00
3.433211892843246460e-02
1.371293187141418457e+00
3.221599459648132324e-01
3.726009726524353027e-01
1.745950728654861450e-01
5.473145246505737305e-01
9.906669855117797852e-01
2.245202779769897461e+00
2.148822546005249023e+00
1.181224733591079712e-01
9.789039492607116699e-01
5.713582038879394531e-01
1.206925287842750549e-01
1.413796544075012207e+00
2.080527096986770630e-01
2.466602772474288940e-01
1.647975325584411621e+00
0.000000000000000000e+00
1.670454740524291992e-01
0.000000000000000000e+00
6.383364200592041016e-01
1.904519498348236084e-01
3.852391839027404785e-01
2.776767313480377197e-02
6.747652292251586914e-01
1.378928273916244507e-01
2.946060337126255035e-02
0.000000000000000000e+00
0.000000000000000000e+00
1.238240525126457214e-01
8.086091876029968262e-01
1.060748100280761719e+00
7.602806203067302704e-03
0.000000000000000000e+00
1.018538847565650940e-01
2.136466979980468750e+00
1.241575740277767181e-02
0.000000000000000000e+00
1.180867671966552734e+00
4.911819398403167725e-01
7.300689071416854858e-02
1.999626904726028442e-01
5.320620164275169373e-02
5.964167118072509766e-01
2.667947672307491302e-03
6.039364933967590332e-01
1.651891916990280151e-01
7.672175765037536621e-02
1.117554679512977600e-01
3.672779202461242676e-01
0.000000000000000000e+00
9.700773358345031738e-01
8.871452212333679199e-01
7.370276451110839844e-01
1.412575226277112961e-02
6.501417160034179688e-01
7.967795729637145996e-01
1.399610191583633423e-01
0.000000000000000000e+00
0.000000000000000000e+00
6.126660108566284180e-01
1.251086499541997910e-02
1.314926743507385254e+00
1.764741912484169006e-02
0.000000000000000000e+00
4.899957776069641113e-02
1.472952842712402344e+00
1.431173365563154221e-02
6.965995579957962036e-02
1.414047598838806152e+00
8.185247331857681274e-02
8.875714242458343506e-02
1.881774365901947021e-01
7.071529030799865723e-01
0.000000000000000000e+00
5.238308385014533997e-02
0.000000000000000000e+00
5.343276262283325195e-01
0.000000000000000000e+00
1.441192626953125000e-01
0.000000000000000000e+00
0.000000000000000000e+00
9.279212355613708496e-02
2.183792293071746826e-01
1.095005124807357788e-01
3.487353563308715820e+00
2.036219239234924316e-01
4.974381923675537109e-01
0.000000000000000000e+00
0.000000000000000000e+00
2.883729711174964905e-02
2.049863338470458984e-01
2.215288877487182617e-01
5.074986815452575684e-01
1.793206334114074707e-01
4.718658924102783203e-01
1.114337518811225891e-02
2.977916598320007324e-02
3.912260234355926514e-01
1.877702713012695312e+00
0.000000000000000000e+00
7.604520767927169800e-02
8.858397603034973145e-01
1.589929461479187012e-01
1.835802674293518066e+00
1.471363604068756104e-01
2.581126522272825241e-03
8.877565860748291016e-01
1.094586998224258423e-01
3.208031952381134033e-01
7.198543846607208252e-02
2.518736720085144043e-01
3.600378930568695068e-01
2.157127380371093750e+00
0.000000000000000000e+00
2.026486098766326904e-01
0.000000000000000000e+00
3.382251560688018799e-01
1.064037680625915527e+00
2.331427335739135742e-01
0.000000000000000000e+00
9.343697456642985344e-05
0.000000000000000000e+00
1.126168482005596161e-02
1.308386087417602539e+00
1.484970748424530029e-01
0.000000000000000000e+00
1.780687831342220306e-02
1.265312880277633667e-01
0.000000000000000000e+00
6.606748700141906738e-01
4.980676993727684021e-02
1.138407707214355469e+00
4.522565603256225586e-01
3.297997415065765381e-01
0.000000000000000000e+00
2.630787789821624756e-01
2.868592441082000732e-01
1.260301470756530762e-01
2.561357021331787109e-01
3.882103860378265381e-01
2.575325250625610352e+00
9.637932293117046356e-03
9.926304221153259277e-02
4.686228558421134949e-02
1.091335043311119080e-01
5.102315917611122131e-03
2.611257076263427734e+00
3.249974727630615234e+00
0.000000000000000000e+00
6.975425779819488525e-02
6.915938109159469604e-02
8.669931888580322266e-01
0.000000000000000000e+00
9.469779324717819691e-04
1.627354383468627930e+00
1.027965825051069260e-02
4.429170191287994385e-01
3.727986812591552734e-01
1.436368227005004883e-01
5.506606101989746094e-01
1.074074983596801758e+00
3.236519098281860352e-01
7.315752445720136166e-04
2.038317732512950897e-02
6.341917067766189575e-02
3.163493871688842773e-01
0.000000000000000000e+00
3.315534815192222595e-02
4.126989096403121948e-02
1.099842935800552368e-01
9.047425538301467896e-02
1.294953584671020508e+00
1.378288567066192627e-01
5.473089218139648438e-01
3.581162169575691223e-02
5.001876037567853928e-03
1.716975212097167969e+00
0.000000000000000000e+00
2.087558507919311523e-01
1.490203976631164551e+00
1.086234211921691895e+00
1.083946347236633301e+00
4.850580170750617981e-02
8.335126191377639771e-02
0.000000000000000000e+00
1.390802115201950073e-01
3.308363724499940872e-03
2.492369385436177254e-03
1.884998828172683716e-01
0.000000000000000000e+00
3.026080131530761719e-01
0.000000000000000000e+00
2.725008130073547363e-02
1.097913026809692383e+00
4.230967909097671509e-02
3.826890289783477783e-01
6.878392696380615234e-01
0.000000000000000000e+00
1.044940114021301270e+00
1.743239313364028931e-01
1.245649904012680054e-01
8.317229896783828735e-02
1.306585818529129028e-01
4.916177093982696533e-01
0.000000000000000000e+00
4.960715025663375854e-02
1.615834236145019531e-02
4.579815268516540527e-02
6.587428450584411621e-01
1.150330249220132828e-02
2.546052038669586182e-01
1.036773398518562317e-01
7.040997035801410675e-03
0.000000000000000000e+00
1.113261282444000244e-01
0.000000000000000000e+00
2.513816654682159424e-01
4.184290170669555664e-01
2.830717265605926514e-01
1.155299305915832520e+00
5.495942197740077972e-03
2.678160667419433594e-01
8.318356238305568695e-03
4.829213619232177734e-01
1.214895486831665039e+00
9.574568271636962891e-02
8.113427162170410156e-01
1.007638692855834961e+00
1.796633601188659668e-01
2.944867908954620361e-01
6.136346608400344849e-03
0.000000000000000000e+00
5.623888224363327026e-03
7.713861018419265747e-02
7.597391009330749512e-01
6.191338300704956055e-01
3.725058138370513916e-01
7.456132024526596069e-02
0.000000000000000000e+00
2.423375248908996582e-01
9.715501219034194946e-03
9.206962585449218750e-01
3.562165498733520508e-01
0.000000000000000000e+00
2.253059484064579010e-02
0.000000000000000000e+00
1.814408600330352783e-01
9.929241538047790527e-01
1.649515926837921143e-01
2.143818140029907227e-01
8.120088577270507812e-01
1.662485361099243164e+00
0.000000000000000000e+00
9.544660449028015137e-01
3.216788172721862793e-01
0.000000000000000000e+00
2.328892052173614502e-02
7.839517295360565186e-02
4.377428293228149414e-01
8.806248195469379425e-03
2.032151520252227783e-01
1.112279519438743591e-01
1.468432787805795670e-02
1.675854325294494629e-01
4.501882791519165039e-01
9.135574102401733398e-02
0.000000000000000000e+00
0.000000000000000000e+00
0.000000000000000000e+00
1.137514233589172363e+00
3.179867193102836609e-02
2.035531401634216309e-01
4.598467350006103516e-01
1.281192898750305176e+00
1.256234291940927505e-02
3.044766783714294434e-01
5.086093675345182419e-03
4.015472531318664551e-01
7.304959297180175781e-01
7.326221093535423279e-03
2.051724195480346680e-01
1.088914394378662109e+00
0.000000000000000000e+00
1.392969727516174316e+00
1.661381572484970093e-01
5.050630122423171997e-02
0.000000000000000000e+00
0.000000000000000000e+00
3.425871431827545166e-01
0.000000000000000000e+00
1.826413512229919434e+00
3.964317142963409424e-01
1.384145393967628479e-02
0.000000000000000000e+00
8.136376142501831055e-01
5.577764660120010376e-02
1.677574031054973602e-02
0.000000000000000000e+00
0.000000000000000000e+00
9.547144174575805664e-01
3.043520264327526093e-02
4.001825809478759766e+00
3.742306828498840332e-01
5.976179242134094238e-01
2.823739647865295410e-01
2.757440134882926941e-02
1.970945112407207489e-02
1.784920841455459595e-01
4.405005276203155518e-02
0.000000000000000000e+00
3.436574712395668030e-02
0.000000000000000000e+00
2.848462462425231934e-01
2.676141262054443359e-01
1.499214768409729004e-01
4.273036122322082520e-01
4.592031706124544144e-03
6.158770527690649033e-03
1.137795150279998779e-01
7.852488160133361816e-01
8.386179804801940918e-02
5.906423330307006836e-01
4.476220309734344482e-01
5.725334882736206055e-01
6.742186546325683594e-01
7.454306632280349731e-02
4.568294622004032135e-03
1.914496898651123047e+00
3.871313631534576416e-01
0.000000000000000000e+00
1.043328762054443359e+00
3.132816255092620850e-01
4.353431463241577148e-01
4.522152841091156006e-01
3.054165653884410858e-02
6.774498224258422852e-01
3.265427052974700928e-02
6.612346973270177841e-03
1.397693902254104614e-01
5.250096321105957031e-02
1.826291799545288086e+00
0.000000000000000000e+00
3.189775943756103516e+00
7.262904942035675049e-02
1.797387301921844482e-01
5.444845929741859436e-02
8.008186519145965576e-02
1.826049447059631348e+00
7.290654629468917847e-02
1.543808355927467346e-02
2.964735627174377441e-01
0.000000000000000000e+00
2.727147340774536133e+00
1.849837660789489746e+00
0.000000000000000000e+00
3.242994472384452820e-02
0.000000000000000000e+00
6.806808710098266602e-01
2.243362903594970703e+00
1.368671774864196777e+00
5.885830149054527283e-02
9.950128197669982910e-02
0.000000000000000000e+00
0.000000000000000000e+00
4.992579296231269836e-02
1.000630617141723633e+00
2.492427974939346313e-01
2.405133284628391266e-02
4.294240474700927734e-01
2.102280221879482269e-02
3.093377687036991119e-03
1.845514923334121704e-01
2.541541159152984619e-01
9.023196101188659668e-01
4.342361539602279663e-02
2.505660243332386017e-02
6.715148687362670898e-02
1.158769249916076660e+00
5.027969554066658020e-02
3.381043672561645508e-02
2.561561763286590576e-01
4.888810217380523682e-01
2.363641709089279175e-01
8.483153581619262695e-01
4.265594482421875000e-02
1.059706062078475952e-01
2.220969945192337036e-01
0.000000000000000000e+00
2.719086706638336182e-01
3.881289064884185791e-01
0.000000000000000000e+00
2.071272432804107666e-01
5.715833231806755066e-02
3.759347498416900635e-01
1.689657449722290039e+00
1.539494991302490234e+00
8.819854818284511566e-03
1.251101642847061157e-01
7.252713292837142944e-02
5.543636158108711243e-02
1.424554586410522461e+00
1.235597133636474609e+00
4.078401997685432434e-02
2.210188627243041992e+00
6.506288051605224609e-02
3.384571373462677002e-01
3.098104298114776611e-01
1.492242813110351562e-01
3.985770344734191895e-01
3.659820929169654846e-02
3.823021193966269493e-03
8.512895703315734863e-01
1.144782640039920807e-02
0.000000000000000000e+00
1.807596683502197266e-01
5.205835774540901184e-02
3.551100194454193115e-02
8.600561320781707764e-02
5.020765781402587891e+00
2.956067211925983429e-02
1.866155769675970078e-03
3.494265079498291016e-01
7.659517228603363037e-02
2.350592985749244690e-03
5.780019760131835938e-01
0.000000000000000000e+00
1.054184809327125549e-01
0.000000000000000000e+00
3.248249888420104980e-01
5.309295654296875000e-01
1.219041794538497925e-01
4.411038875579833984e+00
1.607319712638854980e-01
5.386900529265403748e-02
2.481983788311481476e-02
8.015723824501037598e-01
0.000000000000000000e+00
6.773516535758972168e-02
1.465618729591369629e+00
4.241072759032249451e-02
3.760563209652900696e-02
0.000000000000000000e+00
9.641741961240768433e-02
2.792808294296264648e+00
0.000000000000000000e+00
3.143018484115600586e-02
4.661360383033752441e-01
1.603971272706985474e-01
1.060576558113098145e+00
2.932583689689636230e-01
0.000000000000000000e+00
1.167627573013305664e-01
1.244481086730957031e+00
7.200681604444980621e-03
9.107940196990966797e-01
5.496901273727416992e-01
0.000000000000000000e+00
2.366855382919311523e+00
9.072383493185043335e-02
4.703057557344436646e-02
6.984214298427104950e-03
9.317322820425033569e-02
6.806477904319763184e-02
0.000000000000000000e+00
0.000000000000000000e+00
6.588787436485290527e-01
1.834943771362304688e+00
1.310674548149108887e-01
5.216803774237632751e-02
9.685038328170776367e-01
2.567965388298034668e-01
0.000000000000000000e+00
5.357955116778612137e-03
1.027694106101989746e+00
4.406930133700370789e-02
1.890806853771209717e-01
7.923600077629089355e-01
9.061764478683471680e-01
4.120533354580402374e-03
3.513965383172035217e-02
6.964296102523803711e-02
7.990714162588119507e-02
2.750882506370544434e-01
1.578505516052246094e+00
1.402928113937377930e+00
7.789224386215209961e-01
0.000000000000000000e+00
1.122944951057434082e-01
9.018559008836746216e-02
3.914881672244518995e-04
1.916869357228279114e-02
9.278637915849685669e-02
0.000000000000000000e+00
3.481258079409599304e-02
9.142652899026870728e-02
1.073123812675476074e-01
4.918648719787597656e+00
0.000000000000000000e+00
2.201837599277496338e-01
7.941635325551033020e-03
4.215486049652099609e-01
2.179467082023620605e-01
8.666884899139404297e-02
0.000000000000000000e+00
2.164887823164463043e-02
2.506170421838760376e-03
4.646402895450592041e-01
1.390767931938171387e+00
6.581732630729675293e-02
8.272262215614318848e-01
2.609306201338768005e-02
1.282066822052001953e+00
1.877872496843338013e-01
2.493389695882797241e-01
1.755871623754501343e-01
0.000000000000000000e+00
1.760522872209548950e-01
9.018378704786300659e-02
1.574675180017948151e-02
1.285611867904663086e+00
0.000000000000000000e+00
1.031286790966987610e-01
1.354027271270751953e+00
0.000000000000000000e+00
7.022178173065185547e-01
1.791488528251647949e-01
5.293106660246849060e-03
5.999351143836975098e-01
4.116881489753723145e-01
2.891653478145599365e-01
0.000000000000000000e+00
9.256549477577209473e-01
0.000000000000000000e+00
1.721882261335849762e-02
9.540850669145584106e-02
2.984629571437835693e-01
0.000000000000000000e+00
8.457921743392944336e-01
4.051133394241333008e-01
4.064021706581115723e-01
0.000000000000000000e+00
2.532737143337726593e-02
1.039737090468406677e-02
0.000000000000000000e+00
1.038788408041000366e-01
9.172396659851074219e-01
1.178359985351562500e-01
1.254443168640136719e+00
4.329021647572517395e-02
0.000000000000000000e+00
2.990290820598602295e-01
0.000000000000000000e+00
2.730512320995330811e-01
1.246217172592878342e-02
3.791158646345138550e-02
6.545092910528182983e-02
1.153745055198669434e-01
5.996733438223600388e-03
3.753284364938735962e-02
1.703577786684036255e-01
8.195959031581878662e-02
3.016457194462418556e-04
2.316876314580440521e-03
8.236154913902282715e-01
3.530611395835876465e-01
5.831281468272209167e-02
2.980698943138122559e-01
7.747371196746826172e-01
1.472546905279159546e-01
2.495001792907714844e+00
1.578988879919052124e-01
2.318953722715377808e-02
1.116006821393966675e-01
0.000000000000000000e+00
3.688170313835144043e-01
3.943524658679962158e-01
1.092097640037536621e+00
4.472489282488822937e-02
7.088731974363327026e-02
0.000000000000000000e+00
6.261332631111145020e-01
3.143752813339233398e-01
1.840143799781799316e-01
3.321775197982788086e-01
2.538909614086151123e-01
5.807711482048034668e-01
8.859644085168838501e-02
3.135746717453002930e-02
3.477434813976287842e-02
5.336159467697143555e-02
0.000000000000000000e+00
6.899864077568054199e-01
6.242788210511207581e-02
5.692673325538635254e-01
8.831486338749527931e-04
2.627966701984405518e-01
4.100577831268310547e-01
8.605462312698364258e-02
4.252956807613372803e-02
1.444606035947799683e-01
1.187148764729499817e-01
1.725752055644989014e-01
5.161495804786682129e-01
1.762442737817764282e-01
0.000000000000000000e+00
2.671844720840454102e+00
2.221081852912902832e-01
3.938695192337036133e-01
3.669750392436981201e-01
9.092995524406433105e-01
2.503416776657104492e+00
0.000000000000000000e+00
0.000000000000000000e+00
3.519039154052734375e-01
1.984864100813865662e-02
2.326527386903762817e-01
9.200594574213027954e-02
9.217392653226852417e-02
1.922924816608428955e-01
7.980521768331527710e-02
4.569932520389556885e-01
2.166625559329986572e-01
0.000000000000000000e+00
6.417030096054077148e-02
5.935122724622488022e-03
5.039692521095275879e-01
0.000000000000000000e+00
4.255931973457336426e-01
8.950628042221069336e-01
6.177446246147155762e-01
1.576715946197509766e+00
0.000000000000000000e+00
6.028239428997039795e-02
8.614677786827087402e-01
2.713957726955413818e-01
8.635207265615463257e-02
3.055680692195892334e-01
1.767940446734428406e-02
6.491293907165527344e-01
1.095549538731575012e-01
3.739162161946296692e-02
6.613699346780776978e-02
9.479381144046783447e-03
4.978142678737640381e-01
8.467562496662139893e-02
8.529916405677795410e-02
1.205398201942443848e+00
2.831740304827690125e-02
1.952643871307373047e+00
0.000000000000000000e+00
1.367146372795104980e-01
4.634353518486022949e-02
0.000000000000000000e+00
1.471494287252426147e-01
4.863693192601203918e-02
0.000000000000000000e+00
1.495793581008911133e+00
5.530169606208801270e-01
3.659160062670707703e-02
3.539805412292480469e-01
0.000000000000000000e+00
7.644013166427612305e-01
3.306534513831138611e-02
2.798837423324584961e-01
1.036671876907348633e+00
6.618499755859375000e-01
5.554122924804687500e-01
0.000000000000000000e+00
1.189422845840454102e+00
2.388752102851867676e-01
8.776794672012329102e-01
4.465528130531311035e-01
0.000000000000000000e+00
1.609667897224426270e+00
8.530312031507492065e-02
0.000000000000000000e+00
3.497318327426910400e-01
2.153195381164550781e+00
2.395121306180953979e-01
0.000000000000000000e+00
6.123135983943939209e-02
4.189336672425270081e-03
1.963929533958435059e-01
1.329146139323711395e-02
4.683632850646972656e-01
8.432097434997558594e-01
6.157526373863220215e-01
1.493005007505416870e-01
6.197910383343696594e-02
0.000000000000000000e+00
1.109131217002868652e+00
2.941226065158843994e-01
4.667780399322509766e-01
2.685763314366340637e-02
7.006883621215820312e-03
0.000000000000000000e+00
2.302757650613784790e-02
1.153390780091285706e-01
9.698046445846557617e-01
2.078687585890293121e-02
2.752924859523773193e-01
0.000000000000000000e+00
9.339779615402221680e-02
5.426936149597167969e-01
4.981180727481842041e-01
0.000000000000000000e+00
1.959952563047409058e-01
0.000000000000000000e+00
6.474765390157699585e-02
9.217925667762756348e-01
6.058711409568786621e-01
4.028653502464294434e-01
4.746340215206146240e-01
3.080739498138427734e+00
1.270788162946701050e-01
2.636505365371704102e-01
4.467635154724121094e+00
3.822722136974334717e-01
3.655798137187957764e-01
9.159619212150573730e-01
1.640542745590209961e+00
4.168146476149559021e-02
0.000000000000000000e+00
7.328770160675048828e-01
6.486172080039978027e-01
2.650302052497863770e-01
3.375073894858360291e-02
2.804906666278839111e-01
7.931588590145111084e-02
6.840860098600387573e-02
5.418774485588073730e-02
5.634263753890991211e-01
2.681681215763092041e-01
8.075815439224243164e-02
9.125992655754089355e-02
7.474271953105926514e-02
1.738640666007995605e-01
7.914790883660316467e-03
8.710559457540512085e-02
3.746899664402008057e-01
1.523955464363098145e-01
0.000000000000000000e+00
4.337586835026741028e-02
1.679591089487075806e-02
3.520693629980087280e-02
2.862334810197353363e-02
1.277093172073364258e+00
1.651165723800659180e+00
9.775665588676929474e-03
5.828203167766332626e-03
3.828111886978149414e-01
1.851117849349975586e+00
0.000000000000000000e+00
4.050532281398773193e-01
5.571638345718383789e-01
2.977463975548744202e-02
0.000000000000000000e+00
5.441054105758666992e-01
1.444434840232133865e-02
4.286857604980468750e+00
2.264974266290664673e-02
4.462012350559234619e-01
7.792648673057556152e-02
9.679595828056335449e-01
2.588666230440139771e-02
1.181475162506103516e+00
1.156925320625305176e+00
5.383803844451904297e+00
0.000000000000000000e+00
8.605908602476119995e-03
1.073389663361012936e-03
4.122674167156219482e-01
1.615679860115051270e-01
2.516646683216094971e-01
1.480682492256164551e-01
2.366835355758666992e+00
7.976761460304260254e-01
9.127314388751983643e-02
0.000000000000000000e+00
3.612265223637223244e-03
2.072297781705856323e-02
2.508714675903320312e+00
9.800211191177368164e-01
1.133525297045707703e-01
4.492019712924957275e-01
3.064271435141563416e-02
1.440994739532470703e-01
5.599878262728452682e-03
2.932252176105976105e-02
1.577563732862472534e-01
3.302958561107516289e-03
5.173749476671218872e-02
4.914166927337646484e-01
1.224796101450920105e-02
2.539534330368041992e+00
1.650622367858886719e+00
2.522896826267242432e-01
0.000000000000000000e+00
0.000000000000000000e+00
6.576904654502868652e-02
4.393679201602935791e-01
4.585466533899307251e-02
0.000000000000000000e+00
1.747575998306274414e-01
3.799366950988769531e-02
1.473246663808822632e-01
1.073910295963287354e-02
4.174557030200958252e-01
2.161525785923004150e-01
9.623254649341106415e-03
1.983675599098205566e+00
3.338611125946044922e-02
4.319102317094802856e-02
4.010495543479919434e-01
0.000000000000000000e+00
8.783060312271118164e-01
3.771901726722717285e-01
0.000000000000000000e+00
1.869850978255271912e-02
7.679887861013412476e-02
1.562479585409164429e-01
0.000000000000000000e+00
1.495804190635681152e+00
2.718193531036376953e-01
6.472494006156921387e-01
2.447897102683782578e-03
3.216393291950225830e-02
2.944405317306518555e+00
1.459656715393066406e+00
8.418866991996765137e-01
5.465067028999328613e-01
3.478047847747802734e-01
3.846644982695579529e-02
1.599291563034057617e-01
2.404664903879165649e-01
6.827882528305053711e-01
0.000000000000000000e+00
4.212196543812751770e-02
0.000000000000000000e+00
8.377874493598937988e-01
1.090934872627258301e-01
2.252130508422851562e-01
4.569525718688964844e-01
0.000000000000000000e+00
8.687397092580795288e-02
1.774408459663391113e+00
3.922662138938903809e-01
4.023140072822570801e-01
3.074002563953399658e-01
2.840620577335357666e-01
4.995531737804412842e-01
7.437536865472793579e-02
3.029249794781208038e-02
5.353989005088806152e-01
1.789198279380798340e+00
1.204941794276237488e-01
2.576889097690582275e-01
2.673685848712921143e-01
4.335319623351097107e-02
5.335885882377624512e-01
6.256059408187866211e-01
1.852201372385025024e-01
1.216411590576171875e-02
0.000000000000000000e+00
1.197978388518095016e-02
1.822676509618759155e-01
6.983581781387329102e-01
0.000000000000000000e+00
3.666988611221313477e-01
1.942038983106613159e-01
0.000000000000000000e+00
1.620903462171554565e-01
1.592359878122806549e-02
1.713913559913635254e+00
1.271061040461063385e-02
3.558995127677917480e-01
1.857421994209289551e-01
2.123868465423583984e-01
0.000000000000000000e+00
3.110243752598762512e-02
4.008547365665435791e-01
1.742861047387123108e-02
5.534620881080627441e-01
4.136097908020019531e+00
0.000000000000000000e+00
1.687623746693134308e-02
3.140805363655090332e-01
8.439303636550903320e-01
4.567207098007202148e-01
7.728868629783391953e-03
2.397902309894561768e-01
7.062706630676984787e-03
1.578841954469680786e-01
0.000000000000000000e+00
1.860638707876205444e-01
3.540956079959869385e-01
1.227400265634059906e-02
6.871658563613891602e-02
3.050830960273742676e-02
0.000000000000000000e+00
3.524743020534515381e-02
2.409338653087615967e-01
7.167161908000707626e-03
2.625705897808074951e-01
3.689194440841674805e+00
3.105673789978027344e-01
4.861693363636732101e-03
3.334738314151763916e-01
0.000000000000000000e+00
9.818118065595626831e-03
0.000000000000000000e+00
1.455963253974914551e+00
8.212304674088954926e-03
0.000000000000000000e+00
1.217493534088134766e+00
2.175032854080200195e+00
6.668887138366699219e-01
6.830964088439941406e-01
1.716173410415649414e+00
3.977584466338157654e-02
7.254078388214111328e-01
9.888648986816406250e-02
7.850557565689086914e-03
1.158450730144977570e-02
1.442537177354097366e-02
0.000000000000000000e+00
1.108505949378013611e-01
8.319457769393920898e-01
1.241253130137920380e-02
4.742534160614013672e-01
1.774346470832824707e+00
3.867357671260833740e-01
1.640540659427642822e-01
2.513723969459533691e-01
1.132815629243850708e-01
0.000000000000000000e+00
0.000000000000000000e+00
3.742595389485359192e-02
0.000000000000000000e+00
2.149882793426513672e+00
0.000000000000000000e+00
1.412778854370117188e+00
2.984086573123931885e-01
1.736291527748107910e+00
1.488396618515253067e-02
4.192943871021270752e-01
5.866928957402706146e-03
3.519241809844970703e-01
1.118337392807006836e+00
2.417531460523605347e-01
5.915571376681327820e-02
4.454298615455627441e-01
0.000000000000000000e+00
0.000000000000000000e+00
2.486476302146911621e-01
0.000000000000000000e+00
0.000000000000000000e+00
1.186433911323547363e+00
2.694160640239715576e-01
1.260907769203186035e+00
1.736855059862136841e-01
3.422474861145019531e-01
1.109977136366069317e-03
7.871267944574356079e-02
1.248323172330856323e-01
1.569932699203491211e-01
7.687369361519813538e-04
1.021894454956054688e+00
3.031174242496490479e-01
0.000000000000000000e+00
2.428053766489028931e-01
4.202992469072341919e-02
4.646005481481552124e-02
0.000000000000000000e+00
2.025130763649940491e-02
7.708408404141664505e-03
0.000000000000000000e+00
3.220772743225097656e-01
1.041845530271530151e-01
0.000000000000000000e+00
9.007781147956848145e-01
1.639220863580703735e-02
7.168047875165939331e-02
2.451350092887878418e-01
1.016141057014465332e+00
5.030797421932220459e-02
3.531567752361297607e-02
0.000000000000000000e+00
3.723884820938110352e-01
0.000000000000000000e+00
3.341596424579620361e-01
0.000000000000000000e+00
1.128699779510498047e+00
4.814297705888748169e-02
1.000598073005676270e+00
6.702268123626708984e-01
0.000000000000000000e+00
2.673564553260803223e-01
0.000000000000000000e+00
1.880900859832763672e-01
1.855713315308094025e-02
1.025789529085159302e-01
0.000000000000000000e+00
3.098032772541046143e-01
0.000000000000000000e+00
6.934806108474731445e-01
4.378525614738464355e-01
1.690843887627124786e-02
2.021735608577728271e-01
2.125594066455960274e-03
7.042782008647918701e-02
1.435298681259155273e+00
6.440155208110809326e-03
2.357551157474517822e-01
6.616327911615371704e-02
1.959824748337268829e-02
4.795179888606071472e-02
6.215943023562431335e-02
1.251538395881652832e-01
6.289809942245483398e-01
2.285254746675491333e-01
1.840951889753341675e-01
3.179206550121307373e-01
0.000000000000000000e+00
1.258319169282913208e-01
4.986274987459182739e-02
1.020815610885620117e+00
9.280496276915073395e-03
3.550017178058624268e-01
0.000000000000000000e+00
1.388309359550476074e+00
1.146600842475891113e+00
5.632283091545104980e-01
1.139763355255126953e+00
2.623977363109588623e-01
1.756927371025085449e-01
0.000000000000000000e+00
1.105178222060203552e-01
5.052210688591003418e-01
9.287765622138977051e-01
0.000000000000000000e+00
1.826878786087036133e-01
8.889583945274353027e-01
1.712002977728843689e-02
4.539555013179779053e-01
2.455923259258270264e-01
1.266680717468261719e+00
2.236235439777374268e-01
0.000000000000000000e+00
4.025890827178955078e-01
3.735037446022033691e-01
2.065170556306838989e-02
0.000000000000000000e+00
1.120059728622436523e+00
1.198253259062767029e-01
2.701347768306732178e-01
1.813302282243967056e-03
4.162371754646301270e-01
1.042500734329223633e-01
3.230841159820556641e-01
3.137656720355153084e-03
0.000000000000000000e+00
6.050338502973318100e-03
1.973462253808975220e-01
0.000000000000000000e+00
3.500699996948242188e-02
5.122071877121925354e-02
0.000000000000000000e+00
0.000000000000000000e+00
4.907797649502754211e-02
2.875926792621612549e-01
1.771887391805648804e-01
1.677853912115097046e-01
1.943638026714324951e-01
1.025358494371175766e-02
3.142366170883178711e+00
4.073929786682128906e-01
1.653654873371124268e-01
8.326886594295501709e-02
6.230516433715820312e-01
1.340564638376235962e-01
3.582080602645874023e-01
0.000000000000000000e+00
3.328478038311004639e-01
1.212361693382263184e+00
1.276386678218841553e-01
1.345465928316116333e-01
3.768279403448104858e-02
2.189591079950332642e-01
4.258992671966552734e-01
7.936881184577941895e-01
2.124841451644897461e+00
3.301420807838439941e-01
1.569970697164535522e-01
3.715441823005676270e-01
3.339455127716064453e-01
1.246250033378601074e+00
3.401946127414703369e-01
0.000000000000000000e+00
0.000000000000000000e+00
2.635683119297027588e-01
1.013083383440971375e-01
0.000000000000000000e+00
1.190322518348693848e+00
6.170424818992614746e-01
9.949527680873870850e-02
1.900172606110572815e-02
0.000000000000000000e+00
5.307639241218566895e-01
1.751603931188583374e-01
9.121487289667129517e-02
1.925477981567382812e-01
1.976094692945480347e-01
7.323662936687469482e-02
0.000000000000000000e+00
1.955804601311683655e-02
1.304777264595031738e+00
0.000000000000000000e+00
2.374326586723327637e-01
1.474702209234237671e-01
5.779574513435363770e-01
3.537667393684387207e-01
1.348905414342880249e-01
2.651627175509929657e-02
1.432387530803680420e-01
2.495667897164821625e-02
2.861185073852539062e+00
2.150886133313179016e-02
9.594378471374511719e-01
0.000000000000000000e+00
2.732222080230712891e-01
1.553727686405181885e-01
3.138658523559570312e+00
2.801255509257316589e-02
8.489671945571899414e-01
3.321763575077056885e-01
2.205790281295776367e-01
1.041283488273620605e+00
6.850060224533081055e-01
4.442681744694709778e-02
0.000000000000000000e+00
3.089626133441925049e-01
1.267641186714172363e-01
1.436854451894760132e-01
5.158749222755432129e-01
0.000000000000000000e+00
1.129691228270530701e-01
2.208886146545410156e+00
7.333742827177047729e-02
1.218741774559020996e+00
2.749246079474687576e-03
7.055587768554687500e-01
2.832037806510925293e-01
0.000000000000000000e+00
0.000000000000000000e+00
3.195006400346755981e-02
2.785666286945343018e-01
1.069584209471940994e-02
2.052669674158096313e-01
1.731204241514205933e-02
0.000000000000000000e+00
1.639364361763000488e-01
7.596645951271057129e-01
5.694522261619567871e-01
1.798425018787384033e-01
2.414961718022823334e-02
4.887253418564796448e-02
2.334866821765899658e-01
1.060181763023138046e-03
2.596303448081016541e-02
7.869316637516021729e-02
4.007610082626342773e-01
1.860595822334289551e+00
5.459727719426155090e-02
0.000000000000000000e+00
3.075291216373443604e-01
0.000000000000000000e+00
1.003431975841522217e-01
6.171987578272819519e-02
2.637001276016235352e-01
1.416386105120182037e-02
1.739060729742050171e-01
0.000000000000000000e+00
2.264845184981822968e-03
2.328845411539077759e-01
1.000944614410400391e+00
1.452368021011352539e+00
3.435887023806571960e-02
7.448114454746246338e-02
0.000000000000000000e+00
2.116749048233032227e+00
0.000000000000000000e+00
7.948114275932312012e-01
5.875767394900321960e-02
7.241327762603759766e-01
9.807807207107543945e-01
4.101969301700592041e-01
1.121434092521667480e+00
2.390206605195999146e-02
2.729864716529846191e-01
2.373330667614936829e-02
1.076404690742492676e+00
3.142183125019073486e-01
0.000000000000000000e+00
7.509668469429016113e-01
1.215453669428825378e-01
1.063905239105224609e+00
3.382450342178344727e-02
1.241633519530296326e-01
4.797515273094177246e-02
7.493537664413452148e-01
4.645707011222839355e-01
1.098231554031372070e+00
1.842297241091728210e-02
6.096826791763305664e-01
5.592779070138931274e-02
0.000000000000000000e+00
0.000000000000000000e+00
2.711493372917175293e-01
8.071417808532714844e-01
8.168612420558929443e-02
4.268277883529663086e-01
1.179813966155052185e-01
3.070418357849121094e+00
1.446627825498580933e-01
1.482739392668008804e-02
1.011233329772949219e+00
1.235289573669433594e-01
3.096625208854675293e-01
1.237941265106201172e+00
7.902286052703857422e-01
8.860522508621215820e-01
1.052093878388404846e-01
8.109076321125030518e-02
4.559529423713684082e-01
6.123935803771018982e-02
3.524695336818695068e-02
0.000000000000000000e+00
8.203570544719696045e-02
2.064278274774551392e-01
0.000000000000000000e+00
1.155260205268859863e+00
3.856722712516784668e-01
0.000000000000000000e+00
1.094152778387069702e-02
9.177023917436599731e-02
2.377452254295349121e-01
4.981160163879394531e+00
1.221089717000722885e-02
1.364223845303058624e-02
1.023468375205993652e+00
0.000000000000000000e+00
6.046528816223144531e-01
3.964041173458099365e-01
0.000000000000000000e+00
0.000000000000000000e+00
1.700181961059570312e+00
5.191068649291992188e-01
1.005259752273559570e-01
8.224452137947082520e-01
2.107564210891723633e-01
4.233681410551071167e-02
6.887928843498229980e-01
9.579467177391052246e-01
9.547176957130432129e-01
4.114828631281852722e-02
5.773460865020751953e-01
1.301665417850017548e-02
1.957644224166870117e-01
1.676344871520996094e-02
0.000000000000000000e+00
5.200368165969848633e-01
5.446074064821004868e-03
1.622517108917236328e-01
7.901191711425781250e-02
1.872407644987106323e-02
1.469046473503112793e+00
3.116670846939086914e-01
3.842175006866455078e-01
6.590214371681213379e-01
0.000000000000000000e+00
8.410336077213287354e-02
6.428686380386352539e-01
1.811840534210205078e-01
7.448263168334960938e-01
0.000000000000000000e+00
5.171566456556320190e-02
1.694352328777313232e-01
6.749227643013000488e-01
0.000000000000000000e+00
0.000000000000000000e+00
3.899762928485870361e-01
1.735977679491043091e-01
5.201175212860107422e-01
8.017913699150085449e-01
1.635261438786983490e-02
0.000000000000000000e+00
7.668951153755187988e-02
3.007536232471466064e-01
7.071779668331146240e-02
1.878139525651931763e-01
2.950446903705596924e-01
4.873101711273193359e-01
1.245917901396751404e-01
3.347306966781616211e+00
2.461781259626150131e-03
9.918889030814170837e-03
1.303162217140197754e+00
3.231344223022460938e-01
4.657121300697326660e-01
1.117162629961967468e-01
3.417850136756896973e-01
3.815706074237823486e-01
0.000000000000000000e+00
3.297124505043029785e-01
4.934516176581382751e-02
2.417431585490703583e-02
1.135345473885536194e-01
5.413395166397094727e-01
4.225973971188068390e-03
3.787965280935168266e-03
1.552563812583684921e-02
3.070544302463531494e-01
1.767118871212005615e-01
4.425541162490844727e-01
0.000000000000000000e+00
1.924796998500823975e-01
7.633722424507141113e-01
6.121527403593063354e-03
0.000000000000000000e+00
5.950663089752197266e-01
3.480490744113922119e-01
1.134288540924899280e-04
0.000000000000000000e+00
0.000000000000000000e+00
2.804104387760162354e-01
7.749122101813554764e-03
3.426219820976257324e-01
8.981236815452575684e-01
1.488435506820678711e+00
3.263511657714843750e-01
3.462455049157142639e-02
3.395839929580688477e-01
0.000000000000000000e+00
1.984022185206413269e-02
9.488101117312908173e-03
0.000000000000000000e+00
2.510525286197662354e-02
1.960419416427612305e-01
0.000000000000000000e+00
0.000000000000000000e+00
2.889747619628906250e-01
1.606505713425576687e-03
2.037321627140045166e-01
1.853938460350036621e+00
6.035844236612319946e-02
0.000000000000000000e+00
1.155863553285598755e-01
4.449888765811920166e-01
0.000000000000000000e+00
2.465983293950557709e-02
1.526609063148498535e-01
0.000000000000000000e+00
0.000000000000000000e+00
1.104720979928970337e-01
0.000000000000000000e+00
1.602625846862792969e-01
0.000000000000000000e+00
1.337050460278987885e-02
7.770630121231079102e-01
1.031936168670654297e+00
1.366865515708923340e+00
3.303040742874145508e+00
0.000000000000000000e+00
0.000000000000000000e+00
1.223647952079772949e+00
2.156064510345458984e+00
3.497174382209777832e-01
0.000000000000000000e+00
2.220370173454284668e-01
6.521648764610290527e-01
4.017439365386962891e+00
6.597476601600646973e-01
3.243492543697357178e-01
1.204134374856948853e-01
8.598085641860961914e-01
2.596635341644287109e+00
1.665128394961357117e-02
1.604272276163101196e-01
4.177004694938659668e-01
2.546234242618083954e-02
0.000000000000000000e+00
4.916648864746093750e-01
6.144610047340393066e-01
2.067026197910308838e-01
1.759780049324035645e-01
8.199737221002578735e-02
2.436526119709014893e-02
1.497354358434677124e-01
2.295336499810218811e-02
1.163513585925102234e-02
1.398498713970184326e-01
2.769185900688171387e-01
2.668971717357635498e-01
6.917114853858947754e-01
9.535850882530212402e-01
2.627068459987640381e-01
0.000000000000000000e+00
5.371692776679992676e-02
0.000000000000000000e+00
0.000000000000000000e+00
2.996799908578395844e-02
9.437160193920135498e-02
0.000000000000000000e+00
2.129746228456497192e-01
1.849063187837600708e-01
1.071452125906944275e-01
4.164909943938255310e-02
2.237407118082046509e-01
3.038748800754547119e-01
0.000000000000000000e+00
9.992622584104537964e-02
0.000000000000000000e+00
1.412487030029296875e-02
1.637061715126037598e+00
1.713611036539077759e-01
1.098879575729370117e+00
5.729607343673706055e-01
2.341024763882160187e-02
3.581193089485168457e-01
1.442528236657381058e-02
1.394670128822326660e+00
8.083643764257431030e-02
1.401397287845611572e-01
7.491900026798248291e-02
2.511248350143432617e+00
9.691724777221679688e-01
3.393984735012054443e-01
1.066551730036735535e-01
0.000000000000000000e+00
0.000000000000000000e+00
3.649764508008956909e-02
4.656450450420379639e-01
7.478885054588317871e-01
2.274581464007496834e-03
5.274354014545679092e-03
2.023186236619949341e-01
7.141054868698120117e-01
0.000000000000000000e+00
1.068656565621495247e-03
1.399569120258092880e-02
2.019838541746139526e-01
2.205181121826171875e+00
0.000000000000000000e+00
3.143122419714927673e-02
8.498420938849449158e-03
8.250638842582702637e-01
7.605324387550354004e-01
1.977473646402359009e-01
7.099472731351852417e-02
3.651548027992248535e-01
0.000000000000000000e+00
4.879831895232200623e-02
3.162200689315795898e+00
8.583697676658630371e-01
5.107913017272949219e-01
1.439006067812442780e-02
0.000000000000000000e+00
1.253615766763687134e-01
0.000000000000000000e+00
9.966903179883956909e-02
1.216875985264778137e-01
1.390497684478759766e-01
2.302863076329231262e-02
0.000000000000000000e+00
2.351398579776287079e-02
1.895407028496265411e-02
7.448233962059020996e-01
3.398520350456237793e-01
4.843470081686973572e-02
1.592143476009368896e-01
3.138913586735725403e-02
3.241020068526268005e-02
1.715748943388462067e-02
9.903941750526428223e-01
5.101227760314941406e-01
0.000000000000000000e+00
6.267104148864746094e-01
7.375525683164596558e-02
6.589981317520141602e-01
3.126058876514434814e-01
1.831208765506744385e-01
3.434287309646606445e+00
7.360848784446716309e-02
2.285130135715007782e-02
1.024026870727539062e+00
8.920987695455551147e-02
0.000000000000000000e+00
7.285665720701217651e-03
4.365310668945312500e-01
9.883823245763778687e-02
5.099609494209289551e-01
3.105746768414974213e-02
1.490453779697418213e-01
1.970524340867996216e-01
1.605671457946300507e-02
4.371603205800056458e-02
0.000000000000000000e+00
9.922105527948588133e-05
3.132700026035308838e-01
0.000000000000000000e+00
2.176887392997741699e-01
1.332948684692382812e+00
1.043832208961248398e-02
1.175262033939361572e-01
1.574196852743625641e-02
5.558259040117263794e-02
0.000000000000000000e+00
8.572266995906829834e-02
1.887072473764419556e-01
4.652981879189610481e-04
7.123453617095947266e-01
1.104820519685745239e-01
0.000000000000000000e+00
2.220734208822250366e-02
2.174322027713060379e-03
2.646842040121555328e-02
2.370055764913558960e-02
3.813603892922401428e-02
0.000000000000000000e+00
8.081003278493881226e-02
1.767091453075408936e-02
4.776170253753662109e-01
6.492682732641696930e-03
2.806943655014038086e+00
4.345091342926025391e+00
0.000000000000000000e+00
1.695943921804428101e-01
0.000000000000000000e+00
4.613749384880065918e-01
0.000000000000000000e+00
1.711937487125396729e-01
0.000000000000000000e+00
9.025005623698234558e-03
4.021754860877990723e-01
4.362040162086486816e-01
4.870822429656982422e-01
8.227947168052196503e-03
1.288773655891418457e+00
9.985262295231223106e-04
6.044887378811836243e-02
4.173719882965087891e-01
1.021112725138664246e-01
5.240403413772583008e-01
4.667835682630538940e-02
0.000000000000000000e+00
1.241495162248611450e-01
2.288319587707519531e+00
4.050133749842643738e-02
2.328312583267688751e-02
2.482029050588607788e-01
0.000000000000000000e+00
9.765487164258956909e-02
3.579655885696411133e-01
7.019910961389541626e-02
0.000000000000000000e+00
1.017052307724952698e-01
0.000000000000000000e+00
8.349844813346862793e-02
1.271453261375427246e+00
1.570092797279357910e+00
4.714971184730529785e-01
1.624720931053161621e+00
0.000000000000000000e+00
0.000000000000000000e+00
0.000000000000000000e+00
3.098792731761932373e-01
5.924432873725891113e-01
1.420925855636596680e-01
2.284452438354492188e+00
3.553628623485565186e-01
6.958903074264526367e-01
5.364005565643310547e-01
1.758132129907608032e-01
1.954609714448451996e-02
1.968677639961242676e-01
4.932157695293426514e-03
7.035999745130538940e-02
2.703636586666107178e-01
2.564103007316589355e-01
8.236023783683776855e-01
7.053378224372863770e-02
1.284332394599914551e+00
4.659637212753295898e-01
4.721054434776306152e-01
7.623426616191864014e-02
1.904273480176925659e-01
1.384845077991485596e-01
1.300688832998275757e-01
2.031660228967666626e-01
0.000000000000000000e+00
2.024492472410202026e-01
3.126890212297439575e-02
2.279183715581893921e-01
1.513207554817199707e-01
4.977460503578186035e-01
4.999025166034698486e-01
9.539532065391540527e-01
2.150445478036999702e-03
1.688164076767861843e-03
9.730502963066101074e-03
7.918031513690948486e-02
3.978007659316062927e-02
9.009896218776702881e-02
7.382910847663879395e-01
0.000000000000000000e+00
9.935925602912902832e-01
1.647921800613403320e-01
9.348258376121520996e-01
0.000000000000000000e+00
0.000000000000000000e+00
7.883045673370361328e-01
0.000000000000000000e+00
3.827654942870140076e-02
9.212025403976440430e-01
1.926109671592712402e+00
9.930283576250076294e-02
1.740488037467002869e-02
3.843477964401245117e-01
3.932044506072998047e-01
3.758835420012474060e-02
3.164667844772338867e+00
2.283966541290283203e-01
4.668104462325572968e-03
1.724661350250244141e+00
0.000000000000000000e+00
4.806599393486976624e-02
5.695405006408691406e-01
1.879102364182472229e-02
0.000000000000000000e+00
2.365762926638126373e-02
1.197274103760719299e-01
1.714119464159011841e-01
5.473786592483520508e-01
3.271831870079040527e-01
0.000000000000000000e+00
5.535371303558349609e-01
2.751624584197998047e-01
9.038519859313964844e-01
1.608689546585083008e+00
2.773157879710197449e-02
1.132313162088394165e-02
2.388919353485107422e+00
1.309689998626708984e+00
8.616511523723602295e-02
6.471335887908935547e-01
3.873641014099121094e+00
3.536061383783817291e-03
7.153553366661071777e-01
0.000000000000000000e+00
2.418667376041412354e-01
3.442648172378540039e+00
1.629985054023563862e-03
8.630423992872238159e-02
2.083315104246139526e-01
6.238561868667602539e-01
2.367342710494995117e+00
4.328144341707229614e-02
2.118656188249588013e-01
1.431574858725070953e-02
9.791525080800056458e-03
2.680733799934387207e-01
9.396392107009887695e-01
5.546128749847412109e-01
1.928258985280990601e-01
2.605897784233093262e-01
1.434864848852157593e-01
6.776865124702453613e-01
2.003482133150100708e-01
0.000000000000000000e+00
1.181260049343109131e-01
1.062324084341526031e-02
5.071758106350898743e-02
5.149622447788715363e-03
9.957215189933776855e-01
6.290634721517562866e-02
0.000000000000000000e+00
4.042078927159309387e-02
1.282813120633363724e-02
2.030794173479080200e-01
2.024390995502471924e-01
7.598879337310791016e-01
2.834344096481800079e-02
4.217534139752388000e-02
1.702052354812622070e+00
1.207882072776556015e-02
5.293380469083786011e-02
4.967201232910156250e+00
2.874841913580894470e-02
1.191403716802597046e-01
2.028826475143432617e-01
0.000000000000000000e+00
0.000000000000000000e+00
3.029912114143371582e-01
2.003663331270217896e-01
1.824121549725532532e-02
1.847685277462005615e-01
8.227320015430450439e-02
9.895292669534683228e-02
4.072390198707580566e-01
0.000000000000000000e+00
6.064644455909729004e-01
1.554913282394409180e+00
1.242496445775032043e-01
3.426581993699073792e-02
9.223945438861846924e-03
8.985852450132369995e-02
1.732734799385070801e+00
1.102303527295589447e-02
2.348483353853225708e-02
0.000000000000000000e+00
0.000000000000000000e+00
3.843425810337066650e-01
3.294396772980690002e-02
5.980048775672912598e-01
0.000000000000000000e+00
1.539109110832214355e+00
1.495391279458999634e-01
0.000000000000000000e+00
5.028223618865013123e-02
8.847562670707702637e-01
2.053663432598114014e-01
0.000000000000000000e+00
1.264873743057250977e-01
2.887181758880615234e+00
5.790352225303649902e-01
1.219148039817810059e-01
1.695122569799423218e-02
9.077079594135284424e-02
0.000000000000000000e+00
3.214899301528930664e-01
0.000000000000000000e+00
2.418516397476196289e+00
3.233569860458374023e-02
4.931009933352470398e-02
0.000000000000000000e+00
1.381043553352355957e+00
6.863863468170166016e-01
2.453760057687759399e-01
0.000000000000000000e+00
1.616687655448913574e+00
3.012396574020385742e+00
1.081383302807807922e-01
6.801682114601135254e-01
1.122874855995178223e+00
7.008892949670553207e-03
2.668344080448150635e-01
8.448033928871154785e-01
6.938311457633972168e-01
5.487400293350219727e-01
5.433781743049621582e-01
4.472159445285797119e-01
1.054868817329406738e+00
0.000000000000000000e+00
6.684052199125289917e-02
4.703151285648345947e-01
5.700559914112091064e-02
3.880691155791282654e-02
1.586282849311828613e-01
6.521927565336227417e-02
8.543049544095993042e-02
0.000000000000000000e+00
0.000000000000000000e+00
0.000000000000000000e+00
7.027072459459304810e-02
0.000000000000000000e+00
3.056074976921081543e-01
2.385104633867740631e-02
1.631771177053451538e-01
7.208328843116760254e-01
2.984845936298370361e-01
0.000000000000000000e+00
3.673001825809478760e-01
0.000000000000000000e+00
1.336206197738647461e-01
4.370330870151519775e-01
1.184971570968627930e+00
1.865993738174438477e-01
2.748982608318328857e-02
2.247058413922786713e-02
5.851088762283325195e-01
4.922117590904235840e-01
2.887107804417610168e-02
3.197113275527954102e+00
1.665672957897186279e-01
1.197236403822898865e-02
2.726742625236511230e-01
4.383074045181274414e-01
0.000000000000000000e+00
8.511095643043518066e-01
4.773782193660736084e-01
6.779643148183822632e-02
1.116728663444519043e+00
2.285489998757839203e-02
5.863090753555297852e-01
1.320723444223403931e-01
2.424238443374633789e+00
7.872409224510192871e-01
0.000000000000000000e+00
5.135304927825927734e-01
1.374825358390808105e+00
2.540229082107543945e+00
6.826824694871902466e-02
1.952610909938812256e-02
5.478365421295166016e-01
4.670210480690002441e-01
8.423609733581542969e-01
3.723449409008026123e-01
1.923715174198150635e-01
1.099097013473510742e+00
1.111239552497863770e+00
4.927206337451934814e-01
2.326779626309871674e-02
6.453551650047302246e-01
4.520339965820312500e-01
1.032766222953796387e+00
1.034123420715332031e+00
9.279002249240875244e-02
1.054224491119384766e+00
4.153810068964958191e-02
6.052417308092117310e-02
1.237188726663589478e-01
1.572019100189208984e+00
3.956434726715087891e-01
4.790354073047637939e-01
6.964772939682006836e-03
8.956941217184066772e-02
1.480509757995605469e+00
8.828608393669128418e-01
1.457675337791442871e+00
1.580372601747512817e-01
1.596097797155380249e-01
3.688394324854016304e-03
5.664215236902236938e-02
8.675392270088195801e-01
1.795568019151687622e-01
4.124552309513092041e-01
0.000000000000000000e+00
3.419019877910614014e-01
0.000000000000000000e+00
0.000000000000000000e+00
0.000000000000000000e+00
1.967681407928466797e+00
6.595845222473144531e-01
7.058405876159667969e-01
4.002646207809448242e-01
5.099955480545759201e-03
3.219057321548461914e-01
6.719380617141723633e-04
4.589830636978149414e-01
3.340047299861907959e-01
6.803833842277526855e-01
1.807066917419433594e+00
3.546668449416756630e-03
0.000000000000000000e+00
3.235748270526528358e-03
1.694780439138412476e-01
1.443278908729553223e+00
3.745983168482780457e-02
2.451501190662384033e-01
8.288097977638244629e-01
0.000000000000000000e+00
4.816926270723342896e-02
2.411238965578377247e-04
1.055245995521545410e-01
7.538670301437377930e-02
2.168535441160202026e-01
7.157965004444122314e-02
1.766960620880126953e-01
0.000000000000000000e+00
6.264733076095581055e-01
1.267430633306503296e-01
3.766315430402755737e-02
1.779268495738506317e-02
8.765433914959430695e-03
3.419949486851692200e-02
7.062724791467189789e-03
1.738454848527908325e-01
1.734231233596801758e+00
3.563971519470214844e-01
4.092345014214515686e-02
7.497116178274154663e-02
0.000000000000000000e+00
3.091838657855987549e-01
1.680374741554260254e-01
0.000000000000000000e+00
4.421937167644500732e-01
0.000000000000000000e+00
2.708896696567535400e-01
3.208442032337188721e-01
4.032328426837921143e-01
6.643974781036376953e-02
1.706075668334960938e-01
1.478544473648071289e-01
0.000000000000000000e+00
1.657020486891269684e-02
5.249542593955993652e-01
0.000000000000000000e+00
1.167033426463603973e-02
0.000000000000000000e+00
8.062555193901062012e-01
1.142778396606445312e+00
0.000000000000000000e+00
1.185548663139343262e+00
0.000000000000000000e+00
4.804159700870513916e-02
5.538182854652404785e-01
