3.196235746145248413e-03
2.932141065597534180e+00
3.591814935207366943e-01
2.876068115234375000e+00
1.110724091529846191e+00
5.531346201896667480e-01
2.506270259618759155e-02
2.980637550354003906e-02
6.518991589546203613e-01
1.559045791625976562e+00
1.976509213447570801e+00
2.283816486597061157e-01
5.483868122100830078e-01
0.000000000000000000e+00
1.173871278762817383e+00
1.015245467424392700e-01
6.767740845680236816e-01
5.760799050331115723e-01
1.118565537035465240e-02
7.456632256507873535e-01
3.105566464364528656e-02
2.907337546348571777e-01
2.385110855102539062e-01
5.150191485881805420e-03
5.788088962435722351e-02
6.121541261672973633e-01
4.509768486022949219e-01
6.353370845317840576e-02
2.482829988002777100e-01
0.000000000000000000e+00
3.222129940986633301e-01
1.527729183435440063e-01
9.662414789199829102e-01
3.949531912803649902e-01
1.918473094701766968e-01
8.888133168220520020e-01
1.005877554416656494e-02
3.240267992019653320e+00
1.335961818695068359e-01
4.107050299644470215e-01
2.533839643001556396e-01
1.398677468299865723e+00
6.082858443260192871e-01
1.570797525346279144e-02
5.889632105827331543e-01
2.080057859420776367e-01
1.980953931808471680e+00
9.422086924314498901e-02
1.042172834277153015e-01
6.421056389808654785e-01
7.670498490333557129e-01
3.775124073028564453e+00
6.098759174346923828e-01
8.397119641304016113e-01
8.395280689001083374e-02
6.248357240110635757e-03
5.061088800430297852e-01
3.406788110733032227e+00
3.060047626495361328e+00
4.478476047515869141e-01
2.078256130218505859e+00
1.026367783546447754e+00
1.929855704307556152e+00
3.713854551315307617e-01
3.057038187980651855e-01
5.503838062286376953e-01
1.362416744232177734e+00
2.936338782310485840e-01
1.078315675258636475e-01
7.013105601072311401e-02
8.634569495916366577e-02
5.459437966346740723e-01
0.000000000000000000e+00
4.602964222431182861e-01
2.869358956813812256e-01
4.778538942337036133e-01
6.043479442596435547e-01
1.538225293159484863e+00
2.169833332300186157e-01
1.518192142248153687e-01
1.925896048545837402e+00
4.475221335887908936e-01
3.008523225784301758e+00
7.264587879180908203e-01
3.225925862789154053e-01
2.115256786346435547e-01
2.623912319540977478e-02
7.884154319763183594e-01
4.709008932113647461e-01
4.538590610027313232e-01
1.378818601369857788e-01
3.046784400939941406e-01
1.193685606122016907e-01
0.000000000000000000e+00
1.150908231735229492e+00
1.231506690382957458e-01
0.000000000000000000e+00
1.306224703788757324e+00
5.553221702575683594e-01
1.098216176033020020e+00
1.181514859199523926e+00
9.939954876899719238e-01
4.913416504859924316e-01
1.260521531105041504e+00
2.403010725975036621e-01
6.821070313453674316e-01
4.210329949855804443e-01
1.947903484106063843e-01
6.667747020721435547e+00
7.742909789085388184e-01
5.591084361076354980e-01
1.002236247062683105e+00
3.217439055442810059e-01
8.380551934242248535e-01
9.445147961378097534e-02
6.088897585868835449e-01
4.142277836799621582e-01
6.499994993209838867e-01
6.059247851371765137e-01
3.271141787990927696e-03
1.593324422836303711e+00
2.758910059928894043e-01
4.495794475078582764e-01
4.683454930782318115e-01
7.605686187744140625e+00
1.124294921755790710e-01
1.544527530670166016e+00
1.252044320106506348e+00
1.228187903761863708e-01
1.867559850215911865e-01
8.210690021514892578e-01
3.709046840667724609e-01
2.732294559478759766e+00
4.920662194490432739e-02
5.617423653602600098e-01
8.554073423147201538e-02
7.238039970397949219e-01
6.772263348102569580e-02
5.295565128326416016e-01
1.623912096023559570e+00
3.851539850234985352e+00
3.044394969940185547e+00
3.644873201847076416e-01
1.049261569976806641e+00
7.317053079605102539e-01
4.921545982360839844e-01
1.969260349869728088e-02
1.489963382482528687e-01
2.819295525550842285e-01
4.717645943164825439e-01
2.569927573204040527e-01
3.228033483028411865e-01
1.355980187654495239e-01
1.023912191390991211e+00
1.097931027412414551e+00
6.860727071762084961e-01
1.084641575813293457e+00
0.000000000000000000e+00
5.740356445312500000e-02
2.375073879957199097e-01
8.580655604600906372e-02
8.384686708450317383e-02
2.568306028842926025e-01
1.221723794937133789e+00
1.819589138031005859e+00
2.123345613479614258e+00
6.496174335479736328e-01
7.349138855934143066e-01
4.428296685218811035e-01
7.861513495445251465e-01
5.789215564727783203e-01
1.047474220395088196e-01
5.388762950897216797e-01
3.342700004577636719e-02
4.258516803383827209e-02
4.869351685047149658e-01
4.607812464237213135e-01
3.027974665164947510e-01
8.244664072990417480e-01
2.911893427371978760e-01
7.001307327300310135e-03
1.476394772529602051e+00
1.015689611434936523e+00
1.534804515540599823e-02
4.702530056238174438e-02
4.426373541355133057e-01
8.736839294433593750e-01
1.328050255775451660e+00
4.385820031166076660e-01
1.649543642997741699e+00
4.439064264297485352e-01
2.444413304328918457e-02
7.191556692123413086e-01
3.991955816745758057e-01
0.000000000000000000e+00
7.474479079246520996e-01
1.165723055601119995e-01
8.156349658966064453e-01
6.508306413888931274e-02
2.937162220478057861e-01
1.823558211326599121e+00
2.959649562835693359e-01
3.387813270092010498e-01
1.958637237548828125e-01
3.450596034526824951e-01
1.661186695098876953e+00
2.058824002742767334e-01
1.279631406068801880e-01
2.526551187038421631e-01
2.089290857315063477e+00
1.888503193855285645e+00
0.000000000000000000e+00
2.363261938095092773e+00
4.213577508926391602e-01
1.129046231508255005e-01
6.472280621528625488e-01
2.272559702396392822e-02
5.546903014183044434e-01
3.928675502538681030e-02
0.000000000000000000e+00
1.320617079734802246e+00
7.334501147270202637e-01
1.314973354339599609e+00
1.564796090126037598e+00
1.084974557161331177e-01
1.731060266494750977e+00
6.552596092224121094e-01
2.532684803009033203e+00
7.591911554336547852e-01
1.599184632301330566e+00
1.052350178360939026e-02
5.364638566970825195e-01
8.571308851242065430e-01
4.255319014191627502e-03
1.468610614538192749e-01
4.052848815917968750e-01
1.851534098386764526e-01
2.434389591217041016e-01
6.974513530731201172e-01
2.353310436010360718e-01
1.937131285667419434e-01
1.534468531608581543e+00
5.258370041847229004e-01
9.853789806365966797e-01
1.588387370109558105e+00
3.839126527309417725e-01
3.868791759014129639e-01
1.223093271255493164e-01
2.951532304286956787e-01
1.205908656120300293e-01
9.482660889625549316e-02
2.266677170991897583e-01
4.157584011554718018e-01
3.280502259731292725e-01
1.439994692802429199e+00
1.753438711166381836e-01
2.221743762493133545e-01
1.154087185859680176e-01
3.029458820819854736e-01
4.928085207939147949e-01
1.461409091949462891e+00
1.385193705558776855e+00
4.205566644668579102e-02
8.329838514328002930e-02
1.846962422132492065e-01
9.397037327289581299e-02
6.133231520652770996e-01
3.657292723655700684e-01
4.839721918106079102e-01
2.232687026262283325e-01
1.681576728820800781e+00
6.380851864814758301e-01
9.792809486389160156e-01
2.924233913421630859e+00
4.084937274456024170e-02
2.522676289081573486e-01
2.310091972351074219e+00
6.984034776687622070e-01
1.392327904701232910e+00
1.168785452842712402e+00
2.514843642711639404e-01
2.291327267885208130e-01
1.679903566837310791e-01
3.617334067821502686e-01
4.523074030876159668e-01
8.980018496513366699e-01
1.991088390350341797e-01
2.309705615043640137e-01
1.933813333511352539e+00
5.435612201690673828e-01
3.517619669437408447e-01
9.133231639862060547e-01
5.622310191392898560e-02
1.174724459648132324e+00
2.834761857986450195e+00
2.127504497766494751e-01
2.139932103455066681e-02
2.586655020713806152e-01
6.286126971244812012e-01
1.858077496290206909e-01
2.058486700057983398e+00
1.463125646114349365e-02
5.824683308601379395e-01
2.106761485338211060e-01
6.500102579593658447e-02
5.496683716773986816e-01
5.033813118934631348e-01
1.149959564208984375e-01
3.719830513000488281e-01
7.932177186012268066e-01
4.302649199962615967e-01
4.304196238517761230e-01
1.334141343832015991e-01
7.236605167388916016e+00
1.020941615104675293e+00
6.019612550735473633e-01
2.758617401123046875e+00
2.057311832904815674e-01
0.000000000000000000e+00
5.402386784553527832e-01
7.152137160301208496e-01
2.381661832332611084e-01
6.175916790962219238e-01
1.806363612413406372e-01
1.776333153247833252e-02
0.000000000000000000e+00
5.465179681777954102e-02
2.049517482519149780e-01
9.003859013319015503e-02
7.328583002090454102e-01
7.763262391090393066e-01
1.594968140125274658e-01
1.230315446853637695e+00
7.661346793174743652e-01
3.275247216224670410e-01
9.016762375831604004e-01
5.428890585899353027e-01
1.021632254123687744e-01
4.860019385814666748e-01
6.311841309070587158e-02
3.021127171814441681e-02
3.785492777824401855e-01
1.271517753601074219e+00
1.254868149757385254e+00
5.434580147266387939e-03
9.879713058471679688e-01
6.777611374855041504e-02
1.927743077278137207e+00
2.381239533424377441e-01
1.676001399755477905e-02
9.645828604698181152e-01
9.647814929485321045e-02
1.161037206649780273e+00
0.000000000000000000e+00
1.200082778930664062e+00
1.035410046577453613e+00
1.744855284690856934e+00
6.620520949363708496e-01
4.818421304225921631e-01
1.080439053475856781e-02
6.418619304895401001e-02
1.131589770317077637e+00
6.737881805747747421e-03
1.745054244995117188e+00
3.455198928713798523e-02
5.096467137336730957e-01
1.057231307029724121e+00
2.517590671777725220e-02
1.094290614128112793e+00
9.608641266822814941e-03
6.078365072607994080e-02
2.657881379127502441e-01
1.549195498228073120e-01
1.477846145629882812e+00
2.759551703929901123e-01
3.438791632652282715e-01
7.051848769187927246e-01
1.159354090690612793e+00
8.224031329154968262e-01
1.711190342903137207e+00
1.202658638358116150e-01
1.452027201652526855e+00
4.977419972419738770e-01
7.012192904949188232e-02
5.779803991317749023e-01
1.832699328660964966e-01
1.551433354616165161e-01
7.512928843498229980e-01
1.395167708396911621e+00
1.586497902870178223e+00
2.023477554321289062e+00
5.566452741622924805e-01
5.542541146278381348e-01
1.033076569437980652e-01
0.000000000000000000e+00
3.269487619400024414e-01
6.459790468215942383e-02
1.083383321762084961e+00
1.099472120404243469e-01
1.324653327465057373e-01
1.048867926001548767e-01
1.295675277709960938e+00
1.191147208213806152e+00
2.077295541763305664e+00
5.969311594963073730e-01
4.979951381683349609e-01
2.003257989883422852e+00
1.103050559759140015e-01
1.933787107467651367e+00
1.533395797014236450e-01
1.520050503313541412e-02
2.160963058471679688e+00
3.347400426864624023e-01
1.144987791776657104e-01
5.167812705039978027e-01
6.283354759216308594e-01
1.567982882261276245e-01
3.647945821285247803e-01
3.562808632850646973e-01
4.235162436962127686e-01
4.738837182521820068e-01
3.541318476200103760e-01
5.490704774856567383e-01
5.242111086845397949e-01
2.791489847004413605e-02
4.869397878646850586e-01
1.855906605720520020e+00
9.222125411033630371e-01
7.149660587310791016e-01
1.372187137603759766e-01
8.696032762527465820e-01
4.637334644794464111e-01
3.418242037296295166e-01
6.034267321228981018e-02
6.480778753757476807e-02
8.450415730476379395e-01
1.231097102165222168e+00
4.683215916156768799e-01
5.288122296333312988e-01
4.497548639774322510e-01
3.545786067843437195e-02
3.281766474246978760e-01
2.784282863140106201e-01
8.970787525177001953e-01
1.679492741823196411e-01
3.015319585800170898e+00
4.254195690155029297e-01
7.617183774709701538e-02
1.333517551422119141e+00
1.331424713134765625e-01
1.506466507911682129e+00
5.231062173843383789e-01
1.920320689678192139e-01
4.750432670116424561e-01
7.753397226333618164e-01
7.448127269744873047e-01
6.781748495995998383e-03
5.020864307880401611e-03
1.263719648122787476e-01
6.577437371015548706e-02
1.657194375991821289e+00
0.000000000000000000e+00
4.090795814990997314e-01
4.713239893317222595e-02
8.512174487113952637e-01
0.000000000000000000e+00
4.904884099960327148e-01
5.010188221931457520e-01
1.868644915521144867e-02
2.094696089625358582e-02
9.122154712677001953e-01
2.199397802352905273e+00
1.742327928543090820e+00
1.379306674003601074e+00
5.007458925247192383e-01
1.167701482772827148e-01
7.279868721961975098e-01
2.117924392223358154e-01
2.936954736709594727e+00
9.455083310604095459e-02
8.872490376234054565e-02
1.931297183036804199e+00
4.785141348838806152e-01
3.122148752212524414e+00
1.807248473167419434e+00
2.157376557588577271e-01
9.810277223587036133e-01
2.731547355651855469e+00
1.219606876373291016e+00
9.192008525133132935e-02
9.298118948936462402e-01
1.055397987365722656e-01
4.096725583076477051e-01
1.940401673316955566e+00
1.992312073707580566e-01
1.857888698577880859e+00
1.007622480392456055e+00
3.461151421070098877e-01
3.558486700057983398e-01
6.062197685241699219e-02
3.374751210212707520e-01
3.157560527324676514e-02
2.673728764057159424e-01
2.715754508972167969e-01
1.148928880691528320e+00
4.540185630321502686e-01
2.075145095586776733e-01
1.750775873661041260e-01
1.237778067588806152e+00
5.029804706573486328e-01
8.871842175722122192e-02
3.768053948879241943e-01
0.000000000000000000e+00
4.615171998739242554e-02
9.515325725078582764e-02
7.549807429313659668e-02
2.743196249008178711e+00
1.082308053970336914e+00
8.698607236146926880e-02
7.235611677169799805e-01
3.832492828369140625e-01
1.439907550811767578e-01
7.992720603942871094e-01
9.144968986511230469e-01
4.760964959859848022e-02
6.011810898780822754e-01
4.656682610511779785e-01
7.108059525489807129e-01
3.802437186241149902e-01
6.592341661453247070e-01
4.082863032817840576e-01
1.018077492713928223e+00
6.466910988092422485e-02
1.074313402175903320e+00
2.386588811874389648e+00
0.000000000000000000e+00
5.946297049522399902e-01
5.222716331481933594e-01
4.307679235935211182e-01
9.988042116165161133e-01
1.956138610839843750e+00
1.939996778964996338e-01
1.549948453903198242e-01
5.340509861707687378e-02
7.088994234800338745e-02
1.742633730173110962e-01
7.368972301483154297e-01
1.635199338197708130e-01
7.815160751342773438e-01
7.812669873237609863e-01
9.255957603454589844e-01
0.000000000000000000e+00
3.152741193771362305e+00
1.393105745315551758e+00
2.444562464952468872e-01
4.933516308665275574e-02
9.728891849517822266e-01
4.965706765651702881e-01
6.744446158409118652e-01
4.475316107273101807e-01
2.635485231876373291e-01
9.654316306114196777e-02
7.486456036567687988e-01
7.404657602310180664e-01
2.254327991977334023e-03
4.028673768043518066e-01
1.900479316711425781e+00
1.871960759162902832e-01
1.061807200312614441e-01
2.448998987674713135e-01
3.286430239677429199e-01
4.197795391082763672e+00
1.717182874679565430e+00
3.314632892608642578e+00
7.726430892944335938e-01
3.023804426193237305e+00
0.000000000000000000e+00
2.431297451257705688e-01
3.089113533496856689e-01
7.838200330734252930e-01
0.000000000000000000e+00
7.778127193450927734e-01
1.246024131774902344e+00
1.929569482803344727e+00
2.805163562297821045e-01
1.100824952125549316e+00
1.832906603813171387e-01
5.258764266967773438e+00
6.840749979019165039e-01
3.957233130931854248e-01
1.412240713834762573e-01
4.770272597670555115e-02
3.626869022846221924e-01
1.922727078199386597e-01
2.112068235874176025e-01
3.109701573848724365e-01
2.773868739604949951e-01
1.730082035064697266e+00
1.376158595085144043e-01
2.308081537485122681e-01
5.126412212848663330e-02
1.091085433959960938e+00
5.681933164596557617e-01
4.327465891838073730e-01
0.000000000000000000e+00
7.259928584098815918e-01
7.730222493410110474e-02
5.648828744888305664e-01
5.008390545845031738e-01
1.678265929222106934e-01
0.000000000000000000e+00
0.000000000000000000e+00
3.497683405876159668e-01
1.388842314481735229e-01
4.008154869079589844e-01
4.405642449855804443e-01
4.822443425655364990e-02
3.208540976047515869e-01
1.122431039810180664e+00
3.313868641853332520e-01
5.277710407972335815e-02
6.435444951057434082e-01
2.050156354904174805e+00
0.000000000000000000e+00
1.592673659324645996e+00
1.746579706668853760e-01
3.804957270622253418e-01
8.080171942710876465e-01
7.955087721347808838e-02
1.314639687538146973e+00
8.023991584777832031e-01
9.106283187866210938e-01
5.705857872962951660e-01
1.328293204307556152e+00
1.832375228404998779e-01
2.005722671747207642e-01
2.333889454603195190e-01
1.481100916862487793e+00
6.323143243789672852e-01
2.137320637702941895e-01
2.488735765218734741e-01
6.057019531726837158e-02
1.978490591049194336e+00
1.306017935276031494e-01
3.360329389572143555e+00
3.423938751220703125e-01
1.549421101808547974e-01
8.490979671478271484e-01
8.104154467582702637e-01
9.658400714397430420e-02
4.314461350440979004e-02
4.278391599655151367e-02
8.183301426470279694e-03
1.008366584777832031e+00
8.498442918062210083e-02
7.277984172105789185e-02
1.789201945066452026e-01
6.009394526481628418e-01
1.005689203739166260e-01
1.250653982162475586e+00
9.817768931388854980e-01
0.000000000000000000e+00
5.868194997310638428e-02
9.350586682558059692e-02
3.251776993274688721e-01
1.913936853408813477e+00
1.499980688095092773e+00
8.220207691192626953e-02
2.689944803714752197e-01
1.301894634962081909e-01
8.512481451034545898e-01
2.204315215349197388e-01
2.633804380893707275e-01
1.012969613075256348e-01
2.444795705378055573e-02
1.938256770372390747e-01
3.343746662139892578e-01
7.310647964477539062e+00
1.652851700782775879e-01
4.303352832794189453e-01
5.143504738807678223e-01
8.590342402458190918e-01
0.000000000000000000e+00
2.082322537899017334e-01
2.278346270322799683e-01
4.109931588172912598e-01
1.408899903297424316e+00
1.568575352430343628e-01
8.858659118413925171e-02
5.042773205786943436e-03
5.263795852661132812e-01
4.837105274200439453e-01
6.758387088775634766e-01
6.960178166627883911e-02
2.989008426666259766e-01
0.000000000000000000e+00
1.109588965773582458e-01
5.905955284833908081e-02
5.743292570114135742e-01
3.451876640319824219e-01
2.746352851390838623e-01
4.301915764808654785e-01
1.551031321287155151e-01
2.151616960763931274e-01
7.200545668601989746e-01
1.900052070617675781e+00
3.790223225951194763e-02
2.512420527637004852e-02
1.709318310022354126e-01
1.419685244560241699e+00
4.215630888938903809e-01
1.224787235260009766e+00
9.485145807266235352e-01
2.470149517059326172e+00
9.570581912994384766e-01
2.231578826904296875e-01
6.312912702560424805e-01
3.371930420398712158e-01
1.089684128761291504e+00
4.856273531913757324e-01
3.780602514743804932e-01
3.252607583999633789e-01
6.086849570274353027e-01
8.543320298194885254e-01
8.941720724105834961e-01
2.528470158576965332e-01
1.217271685600280762e-01
1.008543491363525391e+00
4.008980095386505127e-02
1.760979890823364258e+00
4.697508811950683594e-01
3.111763298511505127e-02
4.364600032567977905e-02
5.077827349305152893e-02
8.452739119529724121e-01
6.113217771053314209e-02
2.902123928070068359e-01
9.842803478240966797e-01
1.353234171867370605e+00
4.112423360347747803e-01
4.929438233375549316e-01
4.009707272052764893e-01
4.250865876674652100e-01
2.522528469562530518e-01
6.851822882890701294e-02
1.380997180938720703e+00
4.745459556579589844e-01
3.007287383079528809e-01
3.754462301731109619e-02
5.816708803176879883e-01
1.638040691614151001e-01
6.381871104240417480e-01
1.653268337249755859e-01
9.440957568585872650e-03
1.229256764054298401e-02
1.801091670989990234e+00
2.327846527099609375e+00
5.066996905952692032e-03
4.776389896869659424e-01
8.699643015861511230e-01
8.861403465270996094e-01
1.911769986152648926e+00
5.187477469444274902e-01
7.255270332098007202e-02
4.523290097713470459e-01
3.470198437571525574e-02
0.000000000000000000e+00
6.667156815528869629e-01
1.169298887252807617e+00
3.747372388839721680e+00
1.122465059161186218e-01
0.000000000000000000e+00
1.671452522277832031e+00
2.194319963455200195e+00
1.049094870686531067e-01
1.387377381324768066e+00
2.682150900363922119e-01
6.344369649887084961e-01
2.444869041442871094e+00
2.108088493347167969e+00
1.148838642984628677e-02
3.065310604870319366e-02
6.121117472648620605e-01
7.177638411521911621e-01
2.003896474838256836e+00
6.569785475730895996e-01
5.520904809236526489e-02
0.000000000000000000e+00
9.342738389968872070e-01
1.072991609573364258e+00
1.728833019733428955e-01
5.065135359764099121e-01
3.497927784919738770e-01
9.290765970945358276e-02
5.076498985290527344e-01
2.456753849983215332e-01
3.469425439834594727e-01
6.758528947830200195e-01
1.675253748893737793e+00
1.277527928352355957e+00
3.834251761436462402e-01
2.237046241760253906e+00
1.776146411895751953e+00
2.083382844924926758e+00
1.745278358459472656e+00
7.987119257450103760e-02
8.811976015567779541e-02
1.081051826477050781e-01
1.778518795967102051e+00
6.354942172765731812e-02
1.200365066528320312e+00
6.752084940671920776e-02
3.372974097728729248e-01
7.662865519523620605e-01
5.997779965400695801e-01
1.894042015075683594e+00
4.904631078243255615e-01
4.165545105934143066e-01
3.283463716506958008e-01
1.197884082794189453e+00
1.091823205351829529e-01
1.520201563835144043e-01
5.121507644653320312e-01
3.319751322269439697e-01
9.638484120368957520e-01
3.468723297119140625e-01
4.421738684177398682e-01
1.785224974155426025e-01
1.840092539787292480e-01
1.351069688796997070e+00
5.158524513244628906e-01
7.370089292526245117e-01
1.360748242586851120e-02
9.159800410270690918e-02
3.772425651550292969e-01
3.016514778137207031e-01
5.998647585511207581e-02
8.485389500856399536e-02
9.563758224248886108e-02
2.094198763370513916e-02
2.916932821273803711e+00
6.715385615825653076e-02
1.595425009727478027e+00
0.000000000000000000e+00
0.000000000000000000e+00
4.250943660736083984e-01
2.144070528447628021e-02
9.254834055900573730e-01
1.645200729370117188e+00
3.115770518779754639e-01
0.000000000000000000e+00
6.930476427078247070e-02
5.147239565849304199e-01
3.274771571159362793e-01
9.673298895359039307e-02
2.094653397798538208e-01
3.095505833625793457e-01
9.608755353838205338e-04
8.922685682773590088e-02
4.665927588939666748e-01
0.000000000000000000e+00
2.183401286602020264e-01
0.000000000000000000e+00
0.000000000000000000e+00
1.187653914093971252e-01
5.578868389129638672e-01
1.719180494546890259e-01
3.033179342746734619e-01
1.042285189032554626e-01
6.396800279617309570e-02
2.114375352859497070e+00
1.359188407659530640e-01
0.000000000000000000e+00
4.140066504478454590e-01
3.092028796672821045e-01
1.134121656417846680e+00
1.171944141387939453e+00
3.231379985809326172e-01
9.862673878669738770e-01
1.679674983024597168e-01
2.798769474029541016e+00
4.268863797187805176e-01
1.204055190086364746e+00
1.530731767416000366e-01
4.674717187881469727e-01
9.678413271903991699e-01
1.832604855298995972e-01
5.674527883529663086e-01
2.456737495958805084e-02
0.000000000000000000e+00
1.590094923973083496e+00
8.700086921453475952e-02
9.369452595710754395e-01
2.480568170547485352e+00
2.618729472160339355e-01
9.193207323551177979e-02
1.002652645111083984e+00
5.511774420738220215e-01
8.409546613693237305e-01
1.942705959081649780e-01
5.704914778470993042e-02
8.542985469102859497e-02
3.628347814083099365e-01
1.611115187406539917e-01
2.601265907287597656e-01
9.616053104400634766e-01
1.113129258155822754e+00
4.638051033020019531e+00
9.104318618774414062e-01
4.548119604587554932e-01
4.647425115108489990e-01
5.952119231224060059e-01
2.844451189041137695e+00
1.870550774037837982e-02
7.426719069480895996e-01
9.633265733718872070e-01
7.714563608169555664e-01
2.376673817634582520e-01
3.230551481246948242e+00
7.698648571968078613e-01
4.395508766174316406e-01
2.715517520904541016e+00
3.866901695728302002e-01
1.402908712625503540e-01
9.673789143562316895e-02
1.187969207763671875e+00
2.636451244354248047e+00
9.143496751785278320e-01
5.420688539743423462e-02
0.000000000000000000e+00
1.464016139507293701e-01
3.074431419372558594e-02
1.443865537643432617e+00
1.857502102851867676e+00
2.405784428119659424e-01
2.040435820817947388e-01
1.134065747261047363e+00
0.000000000000000000e+00
1.120746508240699768e-01
3.293650746345520020e-01
1.429286152124404907e-01
1.801530838012695312e+00
3.317101895809173584e-01
1.045786142349243164e+00
6.730017811059951782e-02
3.650423884391784668e-01
7.356198877096176147e-02
4.232943654060363770e-01
2.255333662033081055e+00
2.362172454595565796e-01
7.943171262741088867e-01
6.249933689832687378e-02
4.057801663875579834e-01
7.737744450569152832e-01
2.064404785633087158e-01
2.713357686996459961e+00
2.443326711654663086e-01
1.476402133703231812e-01
1.305563300848007202e-01
1.662589550018310547e+00
5.772349834442138672e-01
4.627956867218017578e+00
5.879381299018859863e-01
1.540031075477600098e+00
7.387604713439941406e-01
2.614982426166534424e-01
1.150562047958374023e+00
1.194681078195571899e-01
1.326379776000976562e+00
2.243280261754989624e-01
1.327896565198898315e-01
1.966821961104869843e-02
9.303694963455200195e-01
1.756605982780456543e+00
1.257668137550354004e+00
3.393904268741607666e-01
1.273618578910827637e+00
2.541439235210418701e-01
1.442109644412994385e-01
3.383475244045257568e-01
4.627145230770111084e-01
2.119886398315429688e+00
5.096527338027954102e-01
2.201256603002548218e-01
1.130944788455963135e-01
1.381988525390625000e+00
6.501948833465576172e-02
9.159675240516662598e-01
3.912371397018432617e-01
1.340915262699127197e-01
0.000000000000000000e+00
1.475653052330017090e-01
7.527160644531250000e-01
6.977868080139160156e-02
2.231568813323974609e+00
3.638929128646850586e-01
3.455756306648254395e-01
1.355644226074218750e+00
1.500930041074752808e-01
7.538349628448486328e-01
3.662794828414916992e-01
2.000076770782470703e+00
4.430059343576431274e-02
4.181574285030364990e-01
4.919077157974243164e-01
7.094519585371017456e-02
1.947762221097946167e-01
5.081688761711120605e-01
1.089305520057678223e+00
2.432989776134490967e-01
2.267947047948837280e-02
4.413120150566101074e-01
1.348783671855926514e-01
8.765710890293121338e-02
3.323625922203063965e-01
6.924882531166076660e-02
2.327962219715118408e-01
3.907170891761779785e-01
5.460359573364257812e+00
2.405578047037124634e-01
3.000670671463012695e+00
3.778637619689106941e-03
5.675565600395202637e-01
5.510678291320800781e-01
7.684976458549499512e-01
1.724733263254165649e-01
1.630066782236099243e-01
6.327272653579711914e-01
2.111881375312805176e-01
7.254926487803459167e-03
5.959951877593994141e-01
3.195048272609710693e-01
1.040235161781311035e+00
4.715846180915832520e-01
1.624036766588687897e-02
2.890079021453857422e-01
1.037753149867057800e-01
9.574430584907531738e-01
1.506250858306884766e+00
0.000000000000000000e+00
6.552300453186035156e-01
1.215619444847106934e+00
0.000000000000000000e+00
2.750237226486206055e+00
1.294371578842401505e-02
8.808028697967529297e-01
2.029266595840454102e+00
1.654373705387115479e-01
3.863783776760101318e-01
0.000000000000000000e+00
1.867803931236267090e+00
7.186557352542877197e-02
2.883168220520019531e+00
8.835576474666595459e-02
1.318448185920715332e-01
1.389042939990758896e-02
3.335895836353302002e-01
1.895059794187545776e-01
1.132160127162933350e-01
8.174787461757659912e-02
5.077263116836547852e-01
4.004069268703460693e-01
7.392300963401794434e-01
8.131165504455566406e-01
8.164153099060058594e-01
3.117120563983917236e-01
0.000000000000000000e+00
3.164745569229125977e-01
5.696058273315429688e-02
1.627457618713378906e+00
2.896179556846618652e-01
6.078233197331428528e-02
7.411053180694580078e-01
2.701878547668457031e-01
7.866250872611999512e-01
1.095477104187011719e+00
7.347465157508850098e-01
0.000000000000000000e+00
3.536947727203369141e+00
7.670303583145141602e-01
2.031751722097396851e-01
3.771981894969940186e-01
5.035251140594482422e+00
2.912476658821105957e-01
1.940254271030426025e-01
2.320763468742370605e-01
1.846569031476974487e-01
6.092137098312377930e-02
9.962206482887268066e-01
3.225495815277099609e-01
4.904807806015014648e-01
2.643195092678070068e-01
1.039074540138244629e+00
1.902821660041809082e-02
4.280824065208435059e-01
2.353554368019104004e-01
1.591526985168457031e+00
2.567541122436523438e+00
6.369901895523071289e-01
1.064699411392211914e+00
4.841424226760864258e-01
2.690689638257026672e-02
6.676693260669708252e-02
7.058758735656738281e-01
3.874334096908569336e-01
1.398843050003051758e+00
2.887449041008949280e-02
3.503379970788955688e-02
2.112103253602981567e-01
6.842677593231201172e-01
8.567842841148376465e-01
3.525467813014984131e-01
3.435262441635131836e-01
2.200354784727096558e-01
1.692857503890991211e+00
1.582997322082519531e+00
7.269637584686279297e-01
1.511807739734649658e-01
7.770484089851379395e-01
7.399029135704040527e-01
4.145020842552185059e-01
1.675151735544204712e-01
3.831696808338165283e-01
3.014352917671203613e-02
6.028066948056221008e-02
4.349576234817504883e-01
2.004124164581298828e+00
1.290481925010681152e+00
1.342847645282745361e-01
2.466672807931900024e-01
5.186641812324523926e-01
7.195215821266174316e-01
1.681931972503662109e+00
1.393931508064270020e-01
2.327365800738334656e-02
8.879078924655914307e-02
4.080958962440490723e-01
1.236262321472167969e+00
2.449043035507202148e+00
1.846811413764953613e+00
1.063850760459899902e+00
7.369747012853622437e-02
2.828254997730255127e-01
1.475177258253097534e-01
3.900790214538574219e-01
1.148238778114318848e+00
1.567706465721130371e+00
2.503522858023643494e-02
5.770176649093627930e-02
9.006258845329284668e-01
1.540322452783584595e-01
1.505427658557891846e-01
7.513794898986816406e-01
2.962494790554046631e-01
8.993232250213623047e-02
1.805001974105834961e+00
3.443050011992454529e-02
1.653510212898254395e+00
2.828424870967864990e-01
1.117688789963722229e-02
7.736703872680664062e+00
1.501304268836975098e+00
2.139252424240112305e+00
3.218657493591308594e+00
2.329575270414352417e-02
8.271423578262329102e-01
3.895195126533508301e-01
9.456705302000045776e-02
3.263284265995025635e-02
6.627600789070129395e-01
1.803647130727767944e-01
9.011706337332725525e-03
1.924647092819213867e+00
4.642537534236907959e-01
1.782855242490768433e-01
4.544952809810638428e-01
1.773664355278015137e+00
1.553364992141723633e+00
1.526785939931869507e-01
3.200543224811553955e-01
9.677436202764511108e-02
6.256556510925292969e-01
2.484958469867706299e-01
1.185818091034889221e-01
3.172384977340698242e+00
2.771618366241455078e-01
6.422109007835388184e-01
6.223178505897521973e-01
1.103610992431640625e-01
6.357223987579345703e-01
1.188286542892456055e+00
3.000737726688385010e-01
8.630581498146057129e-01
1.084266662597656250e+00
2.442507743835449219e+00
2.505023777484893799e-01
1.541198372840881348e+00
6.066305041313171387e-01
0.000000000000000000e+00
3.298188447952270508e-01
7.586537301540374756e-02
1.113386511802673340e+00
0.000000000000000000e+00
5.982814356684684753e-02
9.921478480100631714e-02
9.246896952390670776e-02
1.141598448157310486e-01
8.707007765769958496e-02
7.855204343795776367e-01
6.269332766532897949e-01
4.100076675415039062e+00
1.954331547021865845e-01
1.321587115526199341e-01
5.087241530418395996e-01
1.583967208862304688e-01
1.595078468322753906e+00
1.695325411856174469e-02
5.589086413383483887e-01
1.081739664077758789e+00
5.729183927178382874e-02
1.780462712049484253e-01
7.897953987121582031e-01
1.966403564438223839e-03
1.229631304740905762e+00
7.006055116653442383e-01
1.094793602824211121e-01
1.061873733997344971e-01
3.057507425546646118e-02
1.220219731330871582e-01
9.061576724052429199e-01
2.202560454607009888e-01
2.815422788262367249e-02
1.146836519241333008e+00
1.049296930432319641e-01
1.444390296936035156e+00
1.446666598320007324e+00
1.904615640640258789e+00
1.762249708175659180e+00
3.091630041599273682e-01
1.174447964876890182e-02
2.015831414610147476e-03
1.914927005767822266e+00
1.431212872266769409e-01
2.980627417564392090e-01
9.249858260154724121e-01
0.000000000000000000e+00
9.893151372671127319e-02
6.275514364242553711e-01
4.300626367330551147e-02
3.489081263542175293e-01
2.136291027069091797e+00
7.113332301378250122e-02
1.987002491950988770e-01
2.421434223651885986e-01
3.539937436580657959e-01
1.594022750854492188e+00
3.881585597991943359e-01
2.003952741622924805e+00
1.025579199194908142e-01
9.527099728584289551e-01
4.122592508792877197e-01
8.611879348754882812e-01
2.000146865844726562e+00
6.545475870370864868e-02
2.383712232112884521e-01
1.254967004060745239e-01
0.000000000000000000e+00
6.456366181373596191e-02
7.235407084226608276e-02
1.314703822135925293e-01
4.384109675884246826e-01
5.832455586642026901e-03
8.352931141853332520e-01
0.000000000000000000e+00
0.000000000000000000e+00
4.367909908294677734e+00
1.433226466178894043e+00
1.441957987844944000e-02
9.810694456100463867e-01
1.473690748214721680e+00
2.417649775743484497e-01
6.527175307273864746e-01
0.000000000000000000e+00
8.406767845153808594e-01
5.873744487762451172e-01
1.472450513392686844e-02
2.387961298227310181e-01
9.498870372772216797e-01
5.428848266601562500e-01
1.124998480081558228e-01
6.184665560722351074e-01
7.835678011178970337e-02
1.482694223523139954e-02
2.682025432586669922e-01
1.184594273567199707e+00
3.960303068161010742e+00
1.514579802751541138e-01
7.240794133394956589e-03
1.097540333867073059e-01
1.679534554481506348e+00
5.175600051879882812e-01
2.010841518640518188e-01
2.046749591827392578e-01
1.489344686269760132e-01
5.154742673039436340e-02
6.475847363471984863e-01
8.471478819847106934e-01
1.410386264324188232e-01
3.726450204849243164e-01
1.802900671958923340e+00
4.125825464725494385e-01
3.650555014610290527e-01
2.449981272220611572e-01
1.135542154312133789e+00
4.912596046924591064e-01
7.559474110603332520e-01
4.728253781795501709e-01
3.401619195938110352e-01
2.740406095981597900e-01
4.910824000835418701e-01
1.290146231651306152e+00
1.346861362457275391e+00
5.954240560531616211e-01
4.892079353332519531e+00
1.308308355510234833e-02
1.413249224424362183e-01
5.122647881507873535e-01
7.475825548171997070e-01
4.637688696384429932e-01
4.108604192733764648e-01
6.493642330169677734e-01
9.570534229278564453e-01
4.918693304061889648e-01
4.037207067012786865e-01
7.634530067443847656e-01
1.267185956239700317e-01
7.812395691871643066e-01
5.004145503044128418e-01
0.000000000000000000e+00
1.458269804716110229e-01
4.890213161706924438e-02
3.659037053585052490e-01
5.833286046981811523e-02
1.732154965400695801e+00
4.145776480436325073e-02
4.307653009891510010e-01
1.197822950780391693e-02
1.075082898139953613e+00
5.137343406677246094e-01
3.356889188289642334e-01
3.899141788482666016e+00
5.400475263595581055e-01
1.218680858612060547e+00
2.105659339576959610e-03
2.455633401870727539e+00
1.233654767274856567e-01
5.115412548184394836e-02
9.523419141769409180e-01
1.348028540611267090e+00
7.207402586936950684e-01
4.730157554149627686e-01
3.516242504119873047e-01
6.724812835454940796e-02
2.262322977185249329e-02
2.833945512771606445e+00
5.910015702247619629e-01
6.945752501487731934e-01
1.888631701469421387e+00
2.925052940845489502e-01
2.227504730224609375e+00
1.500806689262390137e+00
2.128885269165039062e+00
3.816460371017456055e+00
1.517202258110046387e+00
4.000427722930908203e-01
6.151127219200134277e-01
2.342500537633895874e-01
9.863525032997131348e-01
4.018974602222442627e-01
1.223948150873184204e-01
4.669356942176818848e-01
2.457303255796432495e-01
0.000000000000000000e+00
6.934344768524169922e-01
3.128548860549926758e-01
1.622707486152648926e+00
6.243298053741455078e-01
2.360126018524169922e+00
3.244906365871429443e-01
5.195999741554260254e-01
1.704915285110473633e+00
2.491842210292816162e-01
3.081578910350799561e-01
1.251322627067565918e-01
3.000717237591743469e-02
7.325508594512939453e-01
2.261357009410858154e-01
6.514905393123626709e-02
2.518358081579208374e-02
6.295955777168273926e-01
1.352128833532333374e-01
8.541714400053024292e-02
2.828641096130013466e-03
0.000000000000000000e+00
4.072212219238281250e+00
0.000000000000000000e+00
6.222233176231384277e-01
3.745595216751098633e-01
6.791979074478149414e-01
8.808338642120361328e-02
4.921716079115867615e-02
1.711275130510330200e-01
3.875352814793586731e-02
9.354385137557983398e-01
2.630858182907104492e+00
7.942870855331420898e-01
3.871367871761322021e-02
3.723587095737457275e-02
2.997896671295166016e-01
3.128880858421325684e-01
3.318799138069152832e-01
0.000000000000000000e+00
7.114838808774948120e-02
1.826312839984893799e-01
8.051335811614990234e-02
1.017539620399475098e+00
4.948981404304504395e-01
1.695974767208099365e-01
4.494422674179077148e-02
1.225940790027379990e-02
2.042636275291442871e-01
3.500113263726234436e-02
7.218024730682373047e-01
9.308187365531921387e-01
0.000000000000000000e+00
0.000000000000000000e+00
3.246998071670532227e+00
3.685296475887298584e-01
1.139550447463989258e+00
2.223327755928039551e-02
8.479881882667541504e-01
2.713848054409027100e-01
1.558741211891174316e+00
2.632332146167755127e-01
1.602578908205032349e-01
1.066742166876792908e-01
6.452488303184509277e-01
3.984531462192535400e-01
1.281223654747009277e+00
1.881054639816284180e-01
8.626617193222045898e-01
0.000000000000000000e+00
4.700733125209808350e-01
7.981875538825988770e-01
7.401255518198013306e-02
5.780693888664245605e-01
2.469731867313385010e-02
5.281819105148315430e-01
1.181493878364562988e+00
7.868223190307617188e-01
5.963725447654724121e-01
6.394965171813964844e+00
1.118417143821716309e+00
5.102452039718627930e-01
5.423990488052368164e-01
1.086687520146369934e-01
3.280720710754394531e-01
4.371757060289382935e-02
8.107157945632934570e-01
1.190979838371276855e+00
7.660815119743347168e-01
3.065336644649505615e-01
6.978843212127685547e-01
2.758702496066689491e-03
0.000000000000000000e+00
9.887491464614868164e-01
8.945482969284057617e-01
4.197589397430419922e+00
2.840029299259185791e-01
2.422350049018859863e-01
1.279190778732299805e+00
1.985926926136016846e-01
8.028402328491210938e-01
4.572737589478492737e-02
6.206083297729492188e-01
1.070398449897766113e+00
7.118883132934570312e-01
7.466436624526977539e-01
8.071985840797424316e-01
6.057977676391601562e-01
4.714601337909698486e-01
9.836221933364868164e-01
5.163396596908569336e-01
1.900341510772705078e-01
0.000000000000000000e+00
4.394267201423645020e-01
6.200935840606689453e-01
9.457055926322937012e-01
6.185057163238525391e+00
5.975105762481689453e-01
1.191276192665100098e+00
1.264936327934265137e+00
1.508870601654052734e+00
2.593866884708404541e-01
5.719374418258666992e-01
4.595998525619506836e-01
7.633323669433593750e-01
8.581090569496154785e-01
1.135328412055969238e-01
1.624045848846435547e+00
6.035256013274192810e-02
1.582299947738647461e+00
9.239938110113143921e-02
6.179276108741760254e-01
2.963140048086643219e-02
1.478667020797729492e+00
8.764580488204956055e-01
7.416630983352661133e-01
6.005556583404541016e-01
3.417317569255828857e-01
7.902972102165222168e-01
3.225176036357879639e-02
7.887492775917053223e-01
1.928199529647827148e-01
5.151700973510742188e-01
4.844959080219268799e-01
6.289544105529785156e-01
1.907136291265487671e-02
4.078507795929908752e-02
6.544843316078186035e-01
5.244431272149085999e-02
5.502592325210571289e-01
3.789034366607666016e+00
2.660570383071899414e+00
2.665666341781616211e-01
9.191160202026367188e-01
7.996619343757629395e-01
2.310742624104022980e-02
1.223375648260116577e-01
2.981168746948242188e+00
5.551514029502868652e-02
2.843213796615600586e+00
8.874850720167160034e-02
1.140831410884857178e-02
4.950511753559112549e-01
5.746802687644958496e-01
1.544533967971801758e-01
7.207174301147460938e-01
9.952265024185180664e-01
1.516964673995971680e+00
3.022288382053375244e-01
1.768798008561134338e-02
4.724314212799072266e-01
8.266789838671684265e-03
1.594709306955337524e-01
3.376325964927673340e-01
9.122450649738311768e-02
6.384116411209106445e-01
2.020782470703125000e+00
0.000000000000000000e+00
6.273932754993438721e-02
2.740148782730102539e+00
7.931001484394073486e-02
1.288598682731389999e-02
4.779259860515594482e-02
8.151483535766601562e-01
7.525945901870727539e-01
7.268860340118408203e-01
7.197213917970657349e-02
3.208259046077728271e-01
1.415380835533142090e+00
2.595180571079254150e-01
2.134983241558074951e-01
1.506828665733337402e+00
1.203722655773162842e-01
1.023252010345458984e+00
8.869549632072448730e-02
2.941285669803619385e-01
3.657326221466064453e+00
1.931779503822326660e+00
5.954890977591276169e-03
1.649395704269409180e+00
1.053325295448303223e+00
2.763707339763641357e-01
6.464237570762634277e-01
1.526148319244384766e-01
9.434671700000762939e-02
2.871773242950439453e-01
1.062820672988891602e+00
6.119374036788940430e-01
1.134979248046875000e+00
4.271158576011657715e-01
1.352875232696533203e+00
1.371817737817764282e-01
8.974488973617553711e-01
2.215724810957908630e-02
2.943783998489379883e-01
4.709129780530929565e-02
8.931273967027664185e-02
1.727799698710441589e-02
2.007759958505630493e-01
1.456691026687622070e-01
1.408025473356246948e-01
3.890297412872314453e-01
4.729291200637817383e-01
1.635056883096694946e-01
1.294493198394775391e+00
1.379355311393737793e+00
9.555661082267761230e-01
1.908735752105712891e+00
1.476424932479858398e-01
1.591332077980041504e+00
8.370744585990905762e-01
5.916237235069274902e-01
1.253757596015930176e+00
2.102918475866317749e-01
1.352482438087463379e-01
2.512140572071075439e-01
9.861870408058166504e-01
4.111742973327636719e-01
3.392384767532348633e+00
7.995172590017318726e-02
1.512567251920700073e-01
4.072972536087036133e-01
9.335189312696456909e-02
9.724675118923187256e-02
6.290820240974426270e-01
2.154299318790435791e-01
6.054690480232238770e-01
7.511767148971557617e-01
8.987161517143249512e-01
3.409869074821472168e-01
1.095646858215332031e+00
3.811992704868316650e-01
3.054478168487548828e-01
6.907045245170593262e-01
4.425270259380340576e-01
2.601128518581390381e-01
0.000000000000000000e+00
8.072612285614013672e-01
1.324986219406127930e-01
2.916355729103088379e-01
9.229260683059692383e-02
7.886238694190979004e-01
1.210484504699707031e+00
1.253873825073242188e+00
4.563780128955841064e-01
4.674428328871726990e-02
8.286560177803039551e-01
3.955346345901489258e-01
2.988360226154327393e-01
6.225248575210571289e-01
0.000000000000000000e+00
3.787630796432495117e-01
5.904216170310974121e-01
4.583899974822998047e-01
1.091082580387592316e-02
3.164476156234741211e-01
1.775980114936828613e+00
5.528452992439270020e-01
3.226518332958221436e-01
7.325930595397949219e-01
1.720198988914489746e-01
3.891745209693908691e-01
4.289222359657287598e-01
2.296784818172454834e-01
1.660354435443878174e-01
2.372178435325622559e-01
4.791873097419738770e-01
9.408199228346347809e-03
2.994397282600402832e-01
2.426645755767822266e-01
5.025018006563186646e-02
5.778964608907699585e-03
3.607268929481506348e-01
3.444713652133941650e-01
7.886329293251037598e-01
3.038590669631958008e+00
5.447928234934806824e-02
3.452162742614746094e-01
2.351414561271667480e-01
3.170276880264282227e-01
5.460171103477478027e-01
4.485836505889892578e+00
6.342360377311706543e-01
1.752983219921588898e-02
5.085998177528381348e-01
9.295358508825302124e-02
7.095704078674316406e-01
8.425831198692321777e-01
5.338622722774744034e-03
7.199940681457519531e-01
1.025356724858283997e-01
2.335819453001022339e-01
3.759216144680976868e-02
2.424688637256622314e-02
6.330756545066833496e-01
1.437518715858459473e+00
2.797633707523345947e-01
7.409093976020812988e-01
7.448047865182161331e-03
1.186736822128295898e+00
7.280731201171875000e-01
2.942585013806819916e-02
1.701609253883361816e+00
2.951328158378601074e-01
6.334820389747619629e-02
1.250914037227630615e-01
6.031030416488647461e-01
0.000000000000000000e+00
9.377900958061218262e-01
5.867258459329605103e-02
5.883976072072982788e-02
3.138198852539062500e-01
4.120880067348480225e-01
1.179062202572822571e-01
2.237516403198242188e+00
3.057267189025878906e+00
8.125826716423034668e-01
1.846992373466491699e-01
9.227871894836425781e-01
1.263043165206909180e+00
1.026053354144096375e-01
6.404515504837036133e-01
2.537678480148315430e-01
1.827311277389526367e+00
9.392507076263427734e-01
1.751371145248413086e+00
2.386899471282958984e+00
1.239619970321655273e+00
4.049738869071006775e-03
1.642944216728210449e+00
3.359164576977491379e-03
1.598132252693176270e-01
1.484650492668151855e+00
4.169782996177673340e-02
5.939631164073944092e-02
4.900221526622772217e-01
5.742182210087776184e-02
1.078287959098815918e+00
5.572808980941772461e-01
1.732395052909851074e+00
9.304266422986984253e-02
1.033627510070800781e+00
2.013038098812103271e-01
1.707806438207626343e-01
3.530535846948623657e-02
6.739715337753295898e-01
6.129265949130058289e-02
6.179215312004089355e-01
2.047067642211914062e+00
6.689245812594890594e-03
2.120236754417419434e-01
1.234956681728363037e-01
5.622476339340209961e-01
9.587021544575691223e-03
6.918151378631591797e-01
0.000000000000000000e+00
5.593401789665222168e-01
8.296191692352294922e-01
1.187243223190307617e+00
2.896254956722259521e-01
3.164302408695220947e-01
1.196152567863464355e-01
3.018655180931091309e-01
5.883510783314704895e-02
1.370417177677154541e-01
1.208809614181518555e-01
4.367463886737823486e-01
1.309372484683990479e-01
7.231173515319824219e-01
2.764061279594898224e-02
6.158478558063507080e-02
1.704496331512928009e-02
1.723865270614624023e-01
1.383390665054321289e+00
7.220719009637832642e-02
1.546979099512100220e-01
1.192607134580612183e-01
3.016726970672607422e-01
1.005535721778869629e-01
2.525526881217956543e-01
8.571204543113708496e-01
7.226377725601196289e-02
1.145570039749145508e+00
8.117160201072692871e-01
8.528269827365875244e-02
1.798026561737060547e+00
9.315872192382812500e-01
6.067355871200561523e-01
7.450803369283676147e-02
1.485660195350646973e+00
6.005640029907226562e-01
0.000000000000000000e+00
4.969581365585327148e-01
6.255961656570434570e-01
0.000000000000000000e+00
6.518462300300598145e-01
5.401682853698730469e-01
9.954465031623840332e-01
6.694716215133666992e-02
5.291065573692321777e-01
6.171780228614807129e-01
2.198907881975173950e-01
1.289288878440856934e+00
5.995394587516784668e-01
6.990482807159423828e-01
3.229121267795562744e-01
1.716916263103485107e-01
3.262435495853424072e-01
5.054176226258277893e-02
3.384827673435211182e-01
5.357881076633930206e-03
2.867940068244934082e-01
9.179819226264953613e-01
1.356539428234100342e-01
1.800168156623840332e-01
4.996117949485778809e-01
2.336574047803878784e-01
4.473433643579483032e-02
4.399193823337554932e-01
3.876267373561859131e-02
3.165335953235626221e-01
4.041589498519897461e-01
9.499929547309875488e-01
1.425948143005371094e+00
1.269127488136291504e+00
2.883275747299194336e-01
1.441923379898071289e+00
1.348288059234619141e-01
7.434429228305816650e-02
2.927294000983238220e-02
7.509633302688598633e-01
2.535433053970336914e+00
1.971187829971313477e+00
1.124425008893013000e-01
1.502744853496551514e-01
1.917680978775024414e+00
1.191725432872772217e-01
3.719885349273681641e-01
1.289475917816162109e+00
6.104718446731567383e-01
3.323131799697875977e-01
1.737153053283691406e+00
1.227963436394929886e-02
1.093940734863281250e+00
6.907624006271362305e-01
5.849776268005371094e-01
1.657945476472377777e-02
1.374725848436355591e-01
1.320830821990966797e+00
3.055149316787719727e+00
7.732376456260681152e-01
1.614780187606811523e+00
2.234103530645370483e-01
1.733095407485961914e+00
4.407653510570526123e-01
4.835657775402069092e-01
4.190872609615325928e-02
1.177129268646240234e+00
2.344644546508789062e+00
7.496263384819030762e-01
1.180186346173286438e-01
7.653971761465072632e-02
3.688929677009582520e-01
6.891012191772460938e-02
2.128509759902954102e+00
1.583389379084110260e-02
1.470054090023040771e-01
4.829194247722625732e-01
1.092929244041442871e+00
1.764400303363800049e-01
5.807311534881591797e-01
2.615217208862304688e+00
1.882637858390808105e+00
3.118281364440917969e-01
5.876799821853637695e-01
2.239433825016021729e-01
5.032642841339111328e+00
1.597244888544082642e-01
3.097761869430541992e-01
7.596745491027832031e-01
2.833272457122802734e+00
1.417752504348754883e-01
5.206413865089416504e-01
9.772915244102478027e-01
1.108027338981628418e+00
1.939464211463928223e+00
1.441033929586410522e-01
6.386560201644897461e-01
1.479351878166198730e+00
3.511349558830261230e-01
7.289776206016540527e-01
1.175900459289550781e+00
2.913328170776367188e+00
1.146525368094444275e-01
5.171594396233558655e-02
1.031723618507385254e+00
4.959689676761627197e-01
3.587718904018402100e-01
2.283970355987548828e+00
3.988105431199073792e-02
3.220884501934051514e-02
3.710070252418518066e-01
0.000000000000000000e+00
1.321233034133911133e+00
2.047446519136428833e-01
2.356264352798461914e+00
1.147908940911293030e-01
6.296204924583435059e-01
2.888453960418701172e+00
4.050946533679962158e-01
3.670442402362823486e-01
1.879608750343322754e+00
9.860282391309738159e-02
7.501236796379089355e-01
2.183689355850219727e+00
2.802898883819580078e+00
2.666765153408050537e-01
9.401667118072509766e-02
9.220054000616073608e-02
7.435344159603118896e-02
9.308243393898010254e-01
1.928292155265808105e+00
1.200982928276062012e-01
0.000000000000000000e+00
6.542981863021850586e-01
1.409678757190704346e-01
7.315368056297302246e-01
0.000000000000000000e+00
6.737625002861022949e-01
2.190073952078819275e-02
4.798621237277984619e-01
1.124316811561584473e+00
2.957825362682342529e-02
4.697667062282562256e-01
2.105744555592536926e-03
8.871892094612121582e-02
9.416153430938720703e-01
9.841531515121459961e-02
2.694099545478820801e-01
1.575663685798645020e-01
1.081561207771301270e+00
2.213614620268344879e-02
4.338013529777526855e-01
1.089919358491897583e-01
7.015958428382873535e-01
7.725394368171691895e-01
1.419830203056335449e+00
2.091163396835327148e+00
1.535577178001403809e-01
1.606754899024963379e+00
6.103156805038452148e-01
5.815594196319580078e-01
5.819968064315617085e-04
2.413292527198791504e-01
5.599123835563659668e-01
4.770444333553314209e-01
1.002791337668895721e-02
1.123434185981750488e+00
9.430155158042907715e-02
6.984575390815734863e-01
1.761022508144378662e-01
5.892304778099060059e-01
1.135175466537475586e+00
1.257136106491088867e+00
3.422513484954833984e+00
5.029018595814704895e-02
4.663983583450317383e-01
1.265994668006896973e+00
6.259192526340484619e-02
2.627833187580108643e-01
5.463170409202575684e-01
2.053874433040618896e-01
3.004849195480346680e+00
4.125602543354034424e-01
6.723765134811401367e-01
7.376897335052490234e-01
4.947101116180419922e+00
3.012731373310089111e-01
5.580921769142150879e-01
4.817233085632324219e-01
3.552412390708923340e-01
1.003808006644248962e-01
9.412335604429244995e-02
2.480500340461730957e-01
9.803510904312133789e-01
3.306016623973846436e-01
3.869721293449401855e-01
8.371156454086303711e-01
1.656328737735748291e-01
3.528189420700073242e+00
0.000000000000000000e+00
5.326803326606750488e-01
2.129707336425781250e+00
3.360062837600708008e-02
1.080387949943542480e+00
2.007160335779190063e-01
5.586783587932586670e-02
3.383276760578155518e-01
1.509429216384887695e-01
7.121376395225524902e-01
1.658650875091552734e+00
8.765027523040771484e-01
1.693640351295471191e-01
7.616820279508829117e-03
3.968367576599121094e-01
9.009704738855361938e-02
1.588876843452453613e-01
2.951584756374359131e-01
1.265334784984588623e-01
9.952608942985534668e-01
9.500850737094879150e-02
1.485150218009948730e+00
2.706287205219268799e-01
4.519560635089874268e-01
1.472557663917541504e+00
1.811001263558864594e-02
7.272267341613769531e-01
2.788125574588775635e-01
1.075539231300354004e+00
3.567742109298706055e+00
5.361254513263702393e-02
2.855900861322879791e-02
3.045853972434997559e-01
2.387984842061996460e-02
3.595871031284332275e-01
2.328861951828002930e-01
1.152012199163436890e-01
3.455035090446472168e-01
8.811838626861572266e-01
2.804081141948699951e-01
1.625972539186477661e-01
1.585203409194946289e+00
2.216518484055995941e-02
4.644073545932769775e-01
0.000000000000000000e+00
1.162468314170837402e+00
1.269057579338550568e-02
1.811961457133293152e-02
1.953117847442626953e+00
1.042685270309448242e+00
2.201221227645874023e+00
8.903398364782333374e-02
1.380386948585510254e+00
1.231587648391723633e+00
4.489919245243072510e-01
1.316179752349853516e+00
