5.726236384361982346e-03
3.550815880298614502e-01
1.408077329397201538e-01
1.859027147293090820e+00
8.961851000785827637e-01
4.660386145114898682e-01
4.075585678219795227e-02
7.198598980903625488e-02
1.458370804786682129e+00
6.202996969223022461e-01
9.042988419532775879e-01
8.599721789360046387e-01
1.506078481674194336e+00
2.110312506556510925e-02
1.455349773168563843e-01
1.955572962760925293e-01
2.200390994548797607e-01
1.132788583636283875e-01
3.588792681694030762e-02
2.119697332382202148e+00
1.377420574426651001e-01
0.000000000000000000e+00
2.775000175461173058e-03
8.788979612290859222e-03
4.556703269481658936e-01
7.185667753219604492e-02
8.325014710426330566e-01
6.391856670379638672e-01
6.678303480148315430e-01
8.525229245424270630e-02
4.948682188987731934e-01
8.950945734977722168e-02
7.136650085449218750e-01
3.069615960121154785e-01
0.000000000000000000e+00
0.000000000000000000e+00
1.379161626100540161e-01
7.758117914199829102e-01
2.741972506046295166e-01
1.121895853430032730e-02
0.000000000000000000e+00
4.431807994842529297e-01
1.922919601202011108e-01
3.181085884571075439e-01
3.507713377475738525e-01
1.154606103897094727e+00
7.284899353981018066e-01
1.722399890422821045e-01
2.228786349296569824e-01
1.557447463274002075e-01
9.466450661420822144e-02
1.008522510528564453e+00
2.820777595043182373e-01
8.619967103004455566e-02
7.700527459383010864e-02
3.244723007082939148e-02
7.070648074150085449e-01
5.662167072296142578e-01
3.091327190399169922e+00
5.160226821899414062e-01
6.840115189552307129e-01
1.558314442634582520e+00
8.678152412176132202e-02
9.057317860424518585e-03
1.381651878356933594e+00
1.121513724327087402e+00
1.947437226772308350e-01
5.511793613433837891e+00
5.787304416298866272e-02
0.000000000000000000e+00
2.295281410217285156e+00
2.761230766773223877e-01
1.885274797677993774e-01
3.086594641208648682e-01
1.855022907257080078e-01
1.772176921367645264e-01
7.047854661941528320e-01
8.135854452848434448e-02
7.626407146453857422e-01
2.922403216361999512e-01
8.991940319538116455e-02
2.287371158599853516e+00
2.529183924198150635e-01
1.246613785624504089e-01
1.145387172698974609e+00
5.067323446273803711e-01
0.000000000000000000e+00
0.000000000000000000e+00
3.444526493549346924e-01
2.331031113862991333e-02
1.054227471351623535e+00
0.000000000000000000e+00
0.000000000000000000e+00
4.443070292472839355e-02
5.547407642006874084e-02
1.976323872804641724e-01
2.154815010726451874e-03
2.957729816436767578e+00
1.469799280166625977e+00
8.249547481536865234e-01
1.095927000045776367e+00
9.926981925964355469e-01
2.168448716402053833e-01
3.762542724609375000e+00
2.548489570617675781e-01
1.647445857524871826e-01
4.558094218373298645e-02
4.825191199779510498e-01
6.654571890830993652e-01
9.599431753158569336e-01
7.205975241959095001e-03
4.981513023376464844e-01
2.439587377011775970e-02
2.329057157039642334e-01
4.949765279889106750e-02
0.000000000000000000e+00
4.277946054935455322e-01
2.901794612407684326e-01
5.312646552920341492e-02
1.246201097965240479e-01
1.097291260957717896e-01
4.212142154574394226e-02
0.000000000000000000e+00
3.453971743583679199e-01
1.015244293212890625e+01
1.024205163121223450e-01
4.938232526183128357e-02
2.569844722747802734e+00
1.893344894051551819e-02
6.315418519079685211e-03
5.011292919516563416e-02
3.892616033554077148e-01
3.860410451889038086e-01
1.658792644739151001e-01
3.981894552707672119e-01
0.000000000000000000e+00
2.796342372894287109e-01
1.380154013633728027e+00
1.645795226097106934e+00
3.537740409374237061e-01
7.764759659767150879e-01
1.261108160018920898e+00
1.076272055506706238e-01
8.610478639602661133e-01
0.000000000000000000e+00
6.995162367820739746e-02
1.496312115341424942e-02
0.000000000000000000e+00
4.139018952846527100e-01
7.206986099481582642e-02
2.730626106262207031e+00
2.009458988904953003e-01
1.161530837416648865e-01
1.332011371850967407e-01
2.903310358524322510e-01
1.191404908895492554e-01
0.000000000000000000e+00
8.167793974280357361e-03
5.098039284348487854e-02
6.155706644058227539e-01
3.382121622562408447e-01
1.015478670597076416e-01
0.000000000000000000e+00
3.479562103748321533e-01
2.946459949016571045e-01
3.244171857833862305e+00
6.849396228790283203e-02
1.948576122522354126e-01
4.284115135669708252e-01
8.775892108678817749e-02
5.860685110092163086e-01
1.279407978057861328e+00
1.000915884971618652e+00
5.468438938260078430e-02
1.735982112586498260e-02
2.902967929840087891e-01
6.524746119976043701e-02
2.302463948726654053e-01
0.000000000000000000e+00
1.881767392158508301e+00
1.035814583301544189e-01
3.294398069381713867e+00
0.000000000000000000e+00
3.954304158687591553e-01
6.225488781929016113e-01
2.338759154081344604e-01
7.093889713287353516e-01
1.906834915280342102e-02
1.428652554750442505e-01
3.368100523948669434e-01
0.000000000000000000e+00
0.000000000000000000e+00
1.136077642440795898e+00
1.159506916999816895e+00
0.000000000000000000e+00
1.197685897350311279e-01
8.949244618415832520e-01
5.633546710014343262e-01
1.735296398401260376e-01
2.024749815464019775e-01
4.507642388343811035e-01
0.000000000000000000e+00
2.064762592315673828e+00
2.782912552356719971e-02
3.916620463132858276e-02
1.512426882982254028e-01
1.103659868240356445e+00
4.415533065795898438e+00
1.104300171136856079e-01
4.486097991466522217e-01
0.000000000000000000e+00
7.535524666309356689e-02
3.118120431900024414e-01
1.169733524322509766e+00
3.881418704986572266e-01
1.079136848449707031e+00
2.290173321962356567e-01
4.769228696823120117e-01
6.349702179431915283e-02
1.109382957220077515e-01
6.687672436237335205e-02
1.174246519804000854e-01
1.306129395961761475e-01
1.911542892456054688e+00
6.908890604972839355e-02
7.334899902343750000e-01
1.490754634141921997e-01
1.270548820495605469e+00
4.143145084381103516e-01
3.177090585231781006e-01
4.028698801994323730e-01
1.920764148235321045e-01
7.844460010528564453e-01
1.493893712759017944e-01
1.547847986221313477e-01
2.720545232295989990e-01
4.257213175296783447e-01
5.226287841796875000e-01
2.243460901081562042e-02
5.531193315982818604e-02
3.936345875263214111e-02
1.820270717144012451e-02
2.003955841064453125e-01
1.113325431942939758e-01
0.000000000000000000e+00
4.914577305316925049e-01
6.900878548622131348e-01
0.000000000000000000e+00
1.602221488952636719e+00
3.523174673318862915e-03
1.305348053574562073e-02
1.363917142152786255e-01
6.303459405899047852e-02
3.501081839203834534e-03
2.669546054676175117e-03
3.078276395797729492e+00
1.139348596334457397e-01
1.156495958566665649e-01
4.121752083301544189e-02
4.055012762546539307e-01
2.484515190124511719e+00
5.992037057876586914e-01
3.486957848072052002e-01
9.716638326644897461e-01
7.831906527280807495e-02
2.994140144437551498e-03
5.876714587211608887e-01
1.036555051803588867e+00
4.150938987731933594e-01
0.000000000000000000e+00
2.097882270812988281e+00
3.401926755905151367e-01
2.100829333066940308e-01
2.268122276291251183e-03
0.000000000000000000e+00
1.765823811292648315e-01
2.066946744918823242e+00
3.920023739337921143e-01
1.647801756858825684e+00
0.000000000000000000e+00
1.878133863210678101e-01
3.093464672565460205e-01
8.472432941198348999e-02
0.000000000000000000e+00
3.419598564505577087e-02
4.069102555513381958e-02
4.233216643333435059e-01
5.773902535438537598e-01
4.106904983520507812e+00
5.359628424048423767e-02
1.378253698348999023e+00
2.683945596218109131e-01
1.209504716098308563e-02
1.034282445907592773e+00
1.716380864381790161e-01
1.998549252748489380e-01
9.824686497449874878e-02
3.039305508136749268e-01
0.000000000000000000e+00
5.102121736854314804e-03
9.177972674369812012e-01
7.672362774610519409e-02
2.526164054870605469e-01
0.000000000000000000e+00
3.854775726795196533e-01
1.483803987503051758e-01
0.000000000000000000e+00
1.624591276049613953e-02
1.292916573584079742e-02
4.964153468608856201e-01
1.809102892875671387e+00
9.660561382770538330e-02
2.274819463491439819e-01
5.898619890213012695e-01
0.000000000000000000e+00
2.364354282617568970e-01
6.263484358787536621e-01
2.246751189231872559e-01
1.644228398799896240e-01
0.000000000000000000e+00
0.000000000000000000e+00
3.191243708133697510e-01
8.358099311590194702e-02
1.829922664910554886e-03
7.035930156707763672e-01
2.252660691738128662e-01
7.317961752414703369e-02
5.349053144454956055e-01
2.068099230527877808e-01
2.632561922073364258e+00
9.749911427497863770e-01
0.000000000000000000e+00
1.197988152503967285e+00
3.173817098140716553e-01
2.551380097866058350e-01
2.472753375768661499e-01
1.391652464866638184e+00
2.708623558282852173e-02
7.100124955177307129e-01
1.258626133203506470e-01
0.000000000000000000e+00
7.177583575248718262e-01
2.760670185089111328e-01
3.638782799243927002e-01
4.572441056370735168e-02
1.285562664270401001e-01
1.427959352731704712e-01
6.809475421905517578e-01
1.311456263065338135e-01
0.000000000000000000e+00
2.124904155731201172e+00
9.125576615333557129e-01
1.279932633042335510e-02
0.000000000000000000e+00
1.804535686969757080e-01
1.730501770973205566e+00
8.831167966127395630e-02
5.607544630765914917e-02
3.990205228328704834e-01
3.352245390415191650e-01
4.186706840991973877e-01
2.350738346576690674e-01
4.112720489501953125e-02
0.000000000000000000e+00
1.059128522872924805e+00
2.474211156368255615e-01
5.385631918907165527e-01
1.373527795076370239e-01
4.405117651913315058e-04
4.694859981536865234e-01
3.821446374058723450e-02
4.874666780233383179e-02
7.827420830726623535e-01
0.000000000000000000e+00
2.826311159878969193e-03
9.959567338228225708e-02
5.835090950131416321e-02
4.224596619606018066e-01
2.123119533061981201e-01
6.490323543548583984e-01
1.212549448013305664e+00
4.310398101806640625e-01
1.525240540504455566e+00
0.000000000000000000e+00
1.000124216079711914e+00
9.229928851127624512e-01
1.434335950762033463e-03
4.207917451858520508e-01
3.314132988452911377e-01
1.439909815788269043e+00
7.096204161643981934e-02
7.056366205215454102e-01
2.402659803628921509e-01
0.000000000000000000e+00
4.938497394323348999e-02
1.093402155674993992e-03
0.000000000000000000e+00
4.093402922153472900e-01
1.111007407307624817e-01
1.443530619144439697e-01
4.193907380104064941e-01
1.388093590736389160e+00
7.116511464118957520e-01
1.263983361423015594e-02
2.389164417982101440e-01
2.183277904987335205e-01
1.537099760025739670e-02
7.118664383888244629e-01
4.380092322826385498e-01
3.286425471305847168e-01
5.910342335700988770e-01
3.198868632316589355e-01
3.502524271607398987e-02
8.854121714830398560e-02
8.073728680610656738e-01
2.338788509368896484e-01
2.008584290742874146e-01
2.437545657157897949e-01
1.866399124264717102e-02
9.589401483535766602e-01
0.000000000000000000e+00
5.252597332000732422e-01
4.829489067196846008e-02
4.467806220054626465e-01
4.987778142094612122e-02
2.362245559692382812e+00
7.097185254096984863e-01
2.555426955223083496e-01
9.758192300796508789e-02
3.481431305408477783e-02
8.655082583427429199e-01
5.255236625671386719e-01
1.614503502845764160e+00
1.117038726806640625e-02
1.108368933200836182e-01
2.129329204559326172e+00
1.078416585922241211e+00
1.086418777704238892e-01
2.396759241819381714e-01
8.773344755172729492e-02
4.895697236061096191e-01
2.658783197402954102e-01
4.417617991566658020e-02
1.118953347206115723e+00
0.000000000000000000e+00
1.927049010992050171e-01
2.423783689737319946e-01
9.773962944746017456e-02
3.542118072509765625e-01
1.161041259765625000e+00
4.974263310432434082e-01
3.045473806560039520e-02
1.312800943851470947e-01
4.174044728279113770e-01
1.950791835784912109e+00
2.500654935836791992e+00
5.557686835527420044e-02
0.000000000000000000e+00
6.240119412541389465e-02
1.370609104633331299e-01
5.958690047264099121e-01
4.074135720729827881e-01
1.579111576080322266e+00
3.673554956912994385e-01
8.107041567564010620e-02
5.902319028973579407e-02
3.452062904834747314e-01
2.916742675006389618e-02
3.317225957289338112e-03
1.065982580184936523e-01
8.575789928436279297e-01
1.726845979690551758e+00
0.000000000000000000e+00
1.884024977684020996e+00
2.120626866817474365e-01
1.455383658409118652e+00
2.891857326030731201e-01
9.292043000459671021e-02
8.228728771209716797e-01
1.106738209724426270e+00
1.091761887073516846e-02
1.858973741531372070e+00
5.023807287216186523e-02
3.620357513427734375e+00
4.760681390762329102e-01
6.041148304939270020e-02
6.201261281967163086e-01
2.726619318127632141e-02
4.537360668182373047e-01
5.690231919288635254e-01
2.771594524383544922e-01
5.952290296554565430e-01
1.008195355534553528e-01
8.947312235832214355e-01
3.355819880962371826e-01
1.041304469108581543e+00
0.000000000000000000e+00
9.440913200378417969e-01
7.601650059223175049e-02
1.821379293687641621e-03
1.711265929043292999e-02
8.338558673858642578e-02
5.639958977699279785e-01
5.442899465560913086e-01
1.657623201608657837e-01
0.000000000000000000e+00
1.669528186321258545e-01
6.377906352281570435e-02
2.974270880222320557e-01
4.730475693941116333e-02
1.618390828371047974e-01
9.338636398315429688e-01
3.363201141357421875e+00
9.554553776979446411e-03
2.943572103977203369e-01
1.214018240571022034e-01
3.582811951637268066e-01
1.064363718032836914e+00
0.000000000000000000e+00
2.559777908027172089e-02
2.395072698593139648e+00
2.602387394290417433e-04
6.297218799591064453e-01
4.565309360623359680e-02
5.631043910980224609e-01
1.515409946441650391e+00
1.183117151260375977e+00
4.389853402972221375e-02
7.757694721221923828e-01
3.306927084922790527e-01
5.067692399024963379e-01
0.000000000000000000e+00
1.008985415101051331e-01
2.673451006412506104e-01
6.191499829292297363e-01
0.000000000000000000e+00
1.294092178344726562e+00
1.269506454467773438e+00
1.322588473558425903e-01
9.792320430278778076e-02
1.524978876113891602e-01
7.495017722249031067e-03
1.936393618583679199e+00
6.303511559963226318e-02
0.000000000000000000e+00
1.164627298712730408e-01
9.721211194992065430e-01
2.516246140003204346e-01
3.919830024242401123e-01
4.700286388397216797e-01
5.223975181579589844e-01
0.000000000000000000e+00
1.379171460866928101e-01
1.807678788900375366e-01
3.753750920295715332e-01
5.124457180500030518e-02
7.731387764215469360e-02
2.096070528030395508e+00
4.531472176313400269e-02
4.918174743652343750e-01
8.043900132179260254e-02
3.373062610626220703e-01
5.528292179107666016e+00
3.462543189525604248e-01
4.658899456262588501e-02
7.921054214239120483e-02
5.402637124061584473e-01
4.719406366348266602e-03
5.387520790100097656e-01
1.185220003128051758e+00
2.908225730061531067e-02
4.485309123992919922e-01
8.107095956802368164e-01
1.829111576080322266e-02
2.683085203170776367e-01
6.448455452919006348e-01
3.300427794456481934e-01
1.167166382074356079e-01
3.310680091381072998e-01
3.951841220259666443e-02
1.315710902214050293e+00
3.079097568988800049e-01
8.848949074745178223e-01
1.784998655319213867e+00
9.070368409156799316e-01
4.079810157418251038e-02
0.000000000000000000e+00
7.255633473396301270e-01
2.685854196548461914e+00
2.667539380490779877e-02
0.000000000000000000e+00
5.972056388854980469e-01
1.613779217004776001e-01
2.009842544794082642e-01
4.339075982570648193e-01
5.811123549938201904e-02
4.006235599517822266e-01
2.166534900665283203e+00
1.231041550636291504e-01
0.000000000000000000e+00
5.728733539581298828e-01
3.303258121013641357e-01
0.000000000000000000e+00
1.618638634681701660e+00
1.339090764522552490e-01
1.000929921865463257e-01
1.874928027391433716e-01
9.812871217727661133e-01
2.314590662717819214e-01
0.000000000000000000e+00
1.263474952429533005e-02
2.866261079907417297e-02
3.606948852539062500e-01
3.790044188499450684e-01
3.284384012222290039e-01
2.640295505523681641e+00
1.135804295539855957e+00
4.748818874359130859e-01
1.759092360734939575e-01
2.698981761932373047e-01
0.000000000000000000e+00
4.598892033100128174e-01
4.625303298234939575e-02
6.868161261081695557e-02
3.767650425434112549e-01
1.040509864687919617e-01
0.000000000000000000e+00
5.060221672058105469e+00
6.049185525625944138e-03
2.040255069732666016e-02
1.719782650470733643e-01
0.000000000000000000e+00
5.540614128112792969e-01
1.811634302139282227e-01
2.019415646791458130e-01
0.000000000000000000e+00
1.127485707402229309e-01
1.025723099708557129e+00
1.261832356452941895e+00
1.208126991987228394e-01
7.259597778320312500e-01
1.500961184501647949e-01
4.141274690628051758e-01
2.452483214437961578e-02
2.782251834869384766e-01
4.429979622364044189e-02
1.219518333673477173e-01
5.407616123557090759e-02
2.151733636856079102e+00
1.470935940742492676e-01
9.656669944524765015e-02
5.042496323585510254e-01
5.583961680531501770e-02
8.153620958328247070e-01
0.000000000000000000e+00
1.387270819395780563e-02
1.218152567744255066e-01
2.362532377243041992e+00
2.575223445892333984e-01
1.289466500282287598e+00
2.226582169532775879e-01
0.000000000000000000e+00
3.180751204490661621e-01
3.178478032350540161e-02
5.257973447442054749e-02
1.168332770466804504e-01
5.082440972328186035e-01
2.742702700197696686e-02
1.075180530548095703e+00
0.000000000000000000e+00
7.927625775337219238e-01
9.071062207221984863e-01
0.000000000000000000e+00
1.614242792129516602e-01
0.000000000000000000e+00
0.000000000000000000e+00
1.699139356613159180e+00
5.182006359100341797e-01
9.562428593635559082e-01
0.000000000000000000e+00
0.000000000000000000e+00
2.282073736190795898e+00
0.000000000000000000e+00
4.839913249015808105e-01
1.771758347749710083e-01
0.000000000000000000e+00
6.556329727172851562e-01
1.763252541422843933e-03
1.451474577188491821e-01
7.264250516891479492e-02
1.905572652816772461e+00
2.062908746302127838e-02
0.000000000000000000e+00
0.000000000000000000e+00
5.261027216911315918e-01
0.000000000000000000e+00
1.507975459098815918e-01
5.763271078467369080e-02
3.645785450935363770e-01
1.368309557437896729e-01
4.430407047271728516e+00
5.491197109222412109e-01
1.682399213314056396e-01
3.641229867935180664e-01
1.294261097908020020e+00
3.542004823684692383e-01
2.044015228748321533e-01
4.105241000652313232e-01
0.000000000000000000e+00
4.669178649783134460e-02
2.171332715079188347e-03
1.308152079582214355e-01
6.086747050285339355e-01
8.241983503103256226e-02
3.776611089706420898e-01
2.404342144727706909e-01
1.026481032371520996e+00
2.002443075180053711e+00
1.058202609419822693e-02
6.683862954378128052e-02
0.000000000000000000e+00
9.768857061862945557e-02
8.710114657878875732e-02
5.387356877326965332e-01
2.347067929804325104e-03
6.184785366058349609e-01
4.725996777415275574e-02
5.824175477027893066e-02
8.319193124771118164e-02
1.777896881103515625e-01
8.464550375938415527e-01
3.187839686870574951e-02
2.481916993856430054e-01
3.595091581344604492e+00
5.346369370818138123e-02
4.889557361602783203e-01
2.293224185705184937e-01
5.139991268515586853e-02
5.572361499071121216e-02
1.549825519323348999e-01
3.177707672119140625e+00
4.510239660739898682e-01
1.703272908926010132e-01
3.927059844136238098e-02
0.000000000000000000e+00
1.070686340332031250e+00
2.135003171861171722e-02
1.996270567178726196e-02
0.000000000000000000e+00
2.042099475860595703e+00
3.778981417417526245e-02
4.014702737331390381e-01
3.261719048023223877e-01
3.724404145032167435e-03
8.856386877596378326e-03
6.166145801544189453e-01
9.948664158582687378e-02
1.706008791923522949e+00
2.322894573211669922e+00
7.851186990737915039e-01
5.210005044937133789e-01
8.897458910942077637e-01
0.000000000000000000e+00
6.636420264840126038e-03
7.035905718803405762e-01
9.073029458522796631e-02
1.450779736042022705e-01
6.104624867439270020e-01
3.119181096553802490e-01
4.264036417007446289e-01
1.527079343795776367e-01
6.904532015323638916e-02
5.161368288099765778e-03
0.000000000000000000e+00
0.000000000000000000e+00
7.377349734306335449e-01
1.939904987812042236e-01
1.384230136871337891e+00
3.977211564779281616e-02
5.739969015121459961e-01
2.878742292523384094e-02
5.104015469551086426e-01
1.399620056152343750e+00
5.307438373565673828e-01
9.204335212707519531e-01
2.287130355834960938e-01
2.715679630637168884e-02
1.334455907344818115e-01
3.415861427783966064e-01
5.821283459663391113e-01
1.845473796129226685e-01
5.709174275398254395e-01
6.830156445503234863e-01
0.000000000000000000e+00
1.769528239965438843e-01
3.201115131378173828e-01
5.810588598251342773e-02
5.135853961110115051e-02
0.000000000000000000e+00
3.515528440475463867e+00
6.336108446121215820e-01
3.933914899826049805e+00
9.747384786605834961e-01
5.708561539649963379e-01
1.356878161430358887e+00
1.175891607999801636e-01
6.101074162870645523e-03
7.911027409136295319e-03
2.254153490066528320e-01
7.761782407760620117e-02
5.858645960688591003e-02
1.459929198026657104e-01
6.924439072608947754e-01
6.710163950920104980e-01
4.338749498128890991e-02
6.046131253242492676e-01
0.000000000000000000e+00
1.449449956417083740e-01
3.489455282688140869e-01
1.938504129648208618e-01
5.576160177588462830e-02
2.787209153175354004e-01
4.870188236236572266e-01
9.025458246469497681e-02
1.014293953776359558e-01
1.034006029367446899e-01
1.227621361613273621e-01
1.541716158390045166e-01
5.721054621972143650e-04
4.408597350120544434e-01
0.000000000000000000e+00
2.965210936963558197e-02
0.000000000000000000e+00
1.612967014312744141e+00
1.357501745223999023e-01
9.023364633321762085e-03
4.680301621556282043e-02
9.009483456611633301e-01
0.000000000000000000e+00
1.106474921107292175e-01
9.625561237335205078e-01
0.000000000000000000e+00
5.415507530415197834e-06
1.113028600811958313e-01
2.275650389492511749e-02
5.128548145294189453e-01
1.311913609504699707e+00
9.218695759773254395e-01
6.527957320213317871e-01
1.540362555533647537e-02
4.474084675312042236e-01
2.608169317245483398e-01
9.218106865882873535e-01
0.000000000000000000e+00
4.742967188358306885e-01
1.556091755628585815e-01
2.543751597404479980e-01
0.000000000000000000e+00
2.111682146787643433e-01
1.415870070457458496e+00
5.311407893896102905e-02
0.000000000000000000e+00
2.412683486938476562e+00
1.994143240153789520e-02
1.903828233480453491e-01
4.479641914367675781e-01
3.029446005821228027e-01
2.308761626482009888e-01
4.042876958847045898e-01
7.252195850014686584e-03
2.466362118721008301e-01
0.000000000000000000e+00
2.374561429023742676e-01
0.000000000000000000e+00
9.382838010787963867e-02
1.009545922279357910e+00
3.281456828117370605e-01
3.513495326042175293e-01
2.932354211807250977e-01
3.688796162605285645e-01
2.446113079786300659e-01
5.570543408393859863e-01
1.429380416870117188e+00
0.000000000000000000e+00
1.374864816665649414e+00
1.585326075553894043e+00
1.846708208322525024e-01
6.587585806846618652e-02
3.525667637586593628e-02
9.743893891572952271e-02
4.107865989208221436e-01
0.000000000000000000e+00
8.473920226097106934e-01
2.438561059534549713e-02
2.023410558700561523e+00
1.461552858352661133e+00
6.865732371807098389e-03
1.775791868567466736e-02
4.332561492919921875e+00
7.661562878638505936e-03
2.531948126852512360e-02
2.673417627811431885e-01
7.457848638296127319e-02
0.000000000000000000e+00
2.548851966857910156e-01
7.820423692464828491e-03
6.519579887390136719e-01
1.596022486686706543e+00
2.206843197345733643e-01
4.543990362435579300e-03
5.290367007255554199e-01
3.478703796863555908e-01
1.254879117012023926e+00
1.091985926032066345e-01
5.662884190678596497e-02
6.441763043403625488e-02
1.081094369292259216e-01
4.072216153144836426e-02
8.946828842163085938e-01
3.957081139087677002e-01
8.689752817153930664e-01
1.928055584430694580e-01
6.552655249834060669e-02
3.992850705981254578e-02
4.032227694988250732e-01
1.096032619476318359e+00
1.009591698646545410e+00
0.000000000000000000e+00
6.679757833480834961e-01
0.000000000000000000e+00
4.873460531234741211e-01
5.500673130154609680e-02
1.808446645736694336e-01
4.091040417551994324e-02
4.459886625409126282e-02
0.000000000000000000e+00
5.630195140838623047e-01
1.132360026240348816e-01
3.701620697975158691e-01
6.195179224014282227e-01
1.227679848670959473e+00
1.038776993751525879e+00
2.309860661625862122e-02
0.000000000000000000e+00
0.000000000000000000e+00
4.238696992397308350e-01
3.051755949854850769e-02
6.122974157333374023e-01
5.389322042465209961e-01
2.645909488201141357e-01
1.868683397769927979e-01
5.890732258558273315e-02
0.000000000000000000e+00
6.694900989532470703e-02
6.918896436691284180e-01
6.221879005432128906e+00
2.277594357728958130e-01
0.000000000000000000e+00
5.464310199022293091e-02
1.022140860557556152e+00
1.692736297845840454e-01
8.923588991165161133e-01
5.162708088755607605e-02
3.105643391609191895e-01
3.860975801944732666e-01
2.424645982682704926e-02
6.445988416671752930e-01
6.075941920280456543e-01
6.267363578081130981e-02
2.430373281240463257e-01
3.566504269838333130e-02
3.090102970600128174e-01
1.359035730361938477e+00
4.579178094863891602e-01
1.233499846421182156e-03
4.058384299278259277e-01
4.970631599426269531e-01
1.071750760078430176e+00
2.551746070384979248e-01
3.957872986793518066e-01
2.865668833255767822e-01
2.384966015815734863e-01
1.966523192822933197e-02
6.846056878566741943e-02
1.790130138397216797e-01
6.786783933639526367e-01
3.009948432445526123e-01
1.473423361778259277e+00
5.910274982452392578e-01
2.283748686313629150e-01
1.388943344354629517e-01
1.609153896570205688e-01
4.705267548561096191e-01
0.000000000000000000e+00
5.139406397938728333e-02
8.126642554998397827e-02
1.048561334609985352e+00
3.031817436218261719e+00
6.385034415870904922e-03
5.957158207893371582e-01
2.791118919849395752e-01
2.015134096145629883e-01
0.000000000000000000e+00
1.339332759380340576e-01
2.299021184444427490e-01
1.042309477925300598e-01
1.432946324348449707e+00
0.000000000000000000e+00
1.507658720016479492e+00
1.214009150862693787e-02
2.473582513630390167e-02
2.497244924306869507e-01
0.000000000000000000e+00
2.830736571922898293e-03
3.473465681076049805e+00
9.283153340220451355e-03
0.000000000000000000e+00
7.536109536886215210e-02
1.261428713798522949e+00
0.000000000000000000e+00
5.313933491706848145e-01
1.576852053403854370e-01
2.215780317783355713e-01
0.000000000000000000e+00
1.267181485891342163e-01
4.482930302619934082e-01
0.000000000000000000e+00
5.531832575798034668e-01
7.533068209886550903e-02
6.584050599485635757e-03
3.532791435718536377e-01
0.000000000000000000e+00
1.225487351417541504e+00
1.024413347244262695e+00
6.319748163223266602e-01
6.296382546424865723e-01
1.005423665046691895e+00
3.082693219184875488e-01
6.006255149841308594e-01
2.834180137142539024e-03
6.890268623828887939e-02
2.389417886734008789e+00
1.762191951274871826e-01
8.143794536590576172e-01
0.000000000000000000e+00
4.507149755954742432e-01
1.018999338150024414e+00
7.565707564353942871e-01
3.892032504081726074e-01
8.064392805099487305e-01
7.645936012268066406e-01
3.917816579341888428e-01
6.002864241600036621e-01
0.000000000000000000e+00
3.823724985122680664e-01
6.823189556598663330e-03
0.000000000000000000e+00
0.000000000000000000e+00
1.230706796050071716e-01
1.169637143611907959e-01
3.838517963886260986e-01
1.838506907224655151e-01
9.675592184066772461e-02
8.030593395233154297e-01
2.857067435979843140e-02
6.631796061992645264e-02
1.644788682460784912e-01
1.354032754898071289e-01
1.242530226707458496e+00
3.273817524313926697e-02
1.284307837486267090e+00
4.333905577659606934e-01
8.158658146858215332e-01
1.315645128488540649e-01
2.581423282623291016e+00
8.839657902717590332e-01
1.761333823204040527e+00
1.356050651520490646e-02
1.304662078619003296e-01
7.868540883064270020e-01
5.386598780751228333e-02
0.000000000000000000e+00
1.301157951354980469e+00
4.516183957457542419e-02
0.000000000000000000e+00
3.639526069164276123e-01
0.000000000000000000e+00
5.354552865028381348e-01
3.029592514038085938e+00
1.671188473701477051e-01
2.310957461595535278e-01
9.179717302322387695e-02
9.380360245704650879e-01
1.237362772226333618e-01
3.094535171985626221e-01
2.779978215694427490e-01
1.551411747932434082e-01
0.000000000000000000e+00
5.596736073493957520e-01
1.727680861949920654e-01
1.071480631828308105e+00
5.225225351750850677e-03
3.859033286571502686e-01
1.557221263647079468e-01
5.360777676105499268e-02
6.439073681831359863e-01
0.000000000000000000e+00
1.828679442405700684e-02
9.343221187591552734e-01
3.494257330894470215e-01
8.133518695831298828e-01
7.894315123558044434e-01
3.332898616790771484e-01
1.579494595527648926e+00
2.571576833724975586e-01
3.307760655879974365e-01
1.024422943592071533e-01
6.039061769843101501e-02
8.162530660629272461e-01
4.084127768874168396e-02
1.117375418543815613e-01
0.000000000000000000e+00
1.953826248645782471e-01
2.611562609672546387e-02
2.074633091688156128e-01
1.525332689285278320e+00
2.412841320037841797e-01
5.530057549476623535e-01
6.502645462751388550e-02
7.016742974519729614e-02
6.384456753730773926e-01
2.593869566917419434e-01
1.474460810422897339e-01
1.686602234840393066e-01
3.503441810607910156e-03
1.690220274031162262e-02
1.177921652793884277e+00
4.823614656925201416e-01
7.474631071090698242e-02
1.031505703926086426e+00
2.502211928367614746e-01
0.000000000000000000e+00
4.204308614134788513e-02
4.922005464322865009e-04
9.285624623298645020e-01
2.754447758197784424e-01
0.000000000000000000e+00
1.233886241912841797e+00
6.094446033239364624e-02
1.118884205818176270e+00
8.861804604530334473e-01
1.217487603425979614e-01
2.035780102014541626e-01
4.732121825218200684e-01
1.816897541284561157e-01
4.672551453113555908e-01
3.493311405181884766e-01
3.799724280834197998e-01
2.623691782355308533e-02
2.932444214820861816e-02
1.249798655509948730e+00
4.774203300476074219e+00
4.186940491199493408e-01
2.286006212234497070e+00
1.192532777786254883e+00
1.497262418270111084e-01
1.358776450157165527e+00
1.390177104622125626e-02
5.107968449592590332e-01
3.634878993034362793e-01
4.536108374595642090e-01
1.393482834100723267e-01
4.838580638170242310e-02
7.404640316963195801e-01
1.790825510397553444e-03
2.569760084152221680e-01
1.829235851764678955e-01
1.797715187072753906e+00
3.535599112510681152e-01
9.760481119155883789e-02
1.068880595266819000e-02
5.999688804149627686e-02
3.849102929234504700e-02
1.759399473667144775e-01
1.569755554199218750e+00
0.000000000000000000e+00
4.022037088871002197e-01
4.239125847816467285e-01
1.400763839483261108e-01
1.051516652107238770e+00
2.849328815937042236e-01
5.833518505096435547e-01
1.268963068723678589e-01
1.686414182186126709e-01
3.384404182434082031e-01
0.000000000000000000e+00
0.000000000000000000e+00
8.763809204101562500e-01
1.360447052866220474e-02
9.262914955615997314e-02
3.264398276805877686e-01
3.250152170658111572e-01
8.620683848857879639e-02
0.000000000000000000e+00
4.404155611991882324e-01
1.296411156654357910e-01
1.745373010635375977e-01
8.288769721984863281e-01
1.358615010976791382e-01
7.102251518517732620e-03
1.075088024139404297e+00
1.658738017082214355e+00
0.000000000000000000e+00
2.236779779195785522e-02
1.336072683334350586e-01
1.957589626312255859e+00
0.000000000000000000e+00
2.882330715656280518e-01
4.943586885929107666e-01
4.982667043805122375e-02
2.693925201892852783e-01
1.936660408973693848e+00
1.448747277259826660e+00
2.418807148933410645e-01
3.020417094230651855e-01
8.366674929857254028e-02
1.095048040151596069e-01
8.124837875366210938e-01
5.018773674964904785e-01
5.824807882308959961e-01
3.353727608919143677e-02
5.184403061866760254e-01
6.844851374626159668e-02
1.233418583869934082e-01
2.788546085357666016e-01
2.036895006895065308e-01
4.156048893928527832e-01
6.919314861297607422e-01
8.421812206506729126e-02
1.098465453833341599e-02
1.262923330068588257e-01
2.463955990970134735e-02
3.652446866035461426e-01
2.169544398784637451e-01
2.722989022731781006e-01
1.957921124994754791e-02
2.887476384639739990e-01
8.342980146408081055e-01
0.000000000000000000e+00
0.000000000000000000e+00
2.224254161119461060e-01
7.948812842369079590e-02
1.245301123708486557e-02
8.382734656333923340e-02
2.893215119838714600e-01
2.164691686630249023e-01
2.649242244660854340e-02
6.790028810501098633e-01
1.396652869880199432e-02
8.034749627113342285e-01
7.764992117881774902e-01
2.162291854619979858e-01
2.149045169353485107e-01
2.654898881912231445e+00
4.209380596876144409e-02
4.537087380886077881e-01
1.100101694464683533e-01
5.539963245391845703e-01
7.192919254302978516e-01
1.038998603820800781e+00
3.634684905409812927e-02
1.027999818325042725e-02
8.641528338193893433e-02
1.763377920724451542e-03
4.127629399299621582e-01
1.185137271881103516e+00
9.737527966499328613e-01
0.000000000000000000e+00
5.901141166687011719e-01
1.971977800130844116e-01
2.211354494094848633e+00
6.083736196160316467e-02
0.000000000000000000e+00
8.263088762760162354e-02
2.647005319595336914e-01
2.899387180805206299e-01
3.932417556643486023e-02
1.187426969408988953e-01
0.000000000000000000e+00
1.427078992128372192e-02
4.682676494121551514e-01
0.000000000000000000e+00
1.321684420108795166e-01
1.813365370035171509e-01
3.713050112128257751e-02
2.076581001281738281e+00
9.255630970001220703e-01
3.922626972198486328e-01
4.291410744190216064e-01
2.399052958935499191e-03
3.844180107116699219e-01
1.945219933986663818e-02
5.855079889297485352e-01
1.343556046485900879e+00
2.804714627563953400e-02
0.000000000000000000e+00
1.120453979820013046e-02
8.225934207439422607e-02
7.594457268714904785e-01
1.569052189588546753e-01
2.666552662849426270e-01
1.355017907917499542e-02
0.000000000000000000e+00
3.117358684539794922e-01
9.976454824209213257e-02
3.489283621311187744e-01
8.287876844406127930e-01
7.614718675613403320e-01
3.506850218400359154e-03
3.577582836151123047e-01
2.415727376937866211e-01
2.748405039310455322e-01
3.765362501144409180e-02
1.442709207534790039e+00
0.000000000000000000e+00
7.000030018389225006e-04
2.016340047121047974e-01
3.800791501998901367e-01
8.075042963027954102e-01
2.167797274887561798e-02
4.974835515022277832e-01
5.795297622680664062e-01
2.363523483276367188e+00
1.578487008810043335e-01
1.071908045560121536e-03
1.247977614402770996e+00
1.815865933895111084e-01
5.600855946540832520e-01
0.000000000000000000e+00
6.972208619117736816e-01
9.227310866117477417e-02
1.003951072692871094e+00
7.564318776130676270e-01
3.675545930862426758e+00
2.699867188930511475e-01
0.000000000000000000e+00
0.000000000000000000e+00
2.386831492185592651e-01
0.000000000000000000e+00
3.518143668770790100e-02
4.126181602478027344e-01
5.421667098999023438e-01
3.400351107120513916e-01
1.561846286058425903e-01
3.968985676765441895e-01
1.106161102652549744e-01
3.133595734834671021e-02
4.459596157073974609e+00
9.300639629364013672e-01
9.292836189270019531e-01
2.423137187957763672e+00
6.536568403244018555e-01
6.901909410953521729e-02
1.245474349707365036e-02
1.863552212715148926e+00
3.066245019435882568e-01
2.541418075561523438e-01
2.274616956710815430e+00
2.241565734148025513e-01
1.566931232810020447e-02
6.529245059937238693e-03
0.000000000000000000e+00
2.905932903289794922e+00
2.706778287887573242e+00
1.802824251353740692e-02
2.604062855243682861e-01
5.110794901847839355e-01
2.786464393138885498e-01
3.930090427398681641e+00
7.950987815856933594e-01
1.611170768737792969e-01
2.197001725435256958e-01
1.139388605952262878e-01
5.033864378929138184e-01
2.646878361701965332e-01
7.361580133438110352e-01
1.242999196052551270e+00
1.226403713226318359e+00
2.759462893009185791e-01
1.315845698118209839e-01
0.000000000000000000e+00
1.693988680839538574e+00
2.479369007050991058e-02
1.876613259315490723e+00
1.500576257705688477e+00
0.000000000000000000e+00
1.852675713598728180e-02
1.942607164382934570e-01
1.754329055547714233e-01
1.105877459049224854e-01
4.600547254085540771e-02
1.520278514362871647e-03
9.487319737672805786e-02
0.000000000000000000e+00
9.544576406478881836e-01
2.387591898441314697e-01
1.858020067214965820e+00
5.391587018966674805e-01
9.345480203628540039e-01
5.084800124168395996e-01
4.335692152380943298e-02
1.774563640356063843e-01
1.150909960269927979e-01
1.271386861801147461e+00
0.000000000000000000e+00
6.561625003814697266e-01
0.000000000000000000e+00
0.000000000000000000e+00
4.531038552522659302e-02
6.243591308593750000e-01
3.565714880824089050e-02
1.421662569046020508e-01
8.425272703170776367e-01
1.627639383077621460e-01
6.398539543151855469e-01
1.770355850458145142e-01
1.020697832107543945e+00
1.454271912574768066e+00
8.965438604354858398e-02
4.733083546161651611e-01
3.989893943071365356e-02
8.901281654834747314e-02
1.381536364555358887e+00
2.800827920436859131e-01
6.777846254408359528e-03
1.123243570327758789e+00
2.619240432977676392e-02
1.185891032218933105e+00
4.677349925041198730e-01
1.751714199781417847e-01
3.737823069095611572e-01
4.942890107631683350e-01
9.026155620813369751e-02
1.256616562604904175e-01
1.386180706322193146e-02
1.539502441883087158e-01
8.090837597846984863e-01
3.419658914208412170e-02
7.585676312446594238e-01
6.010952591896057129e-02
5.055988207459449768e-02
2.404265105724334717e-02
0.000000000000000000e+00
1.911107152700424194e-01
3.606237098574638367e-02
1.429080009460449219e+00
0.000000000000000000e+00
2.805452942848205566e-01
1.820823550224304199e-01
1.539344638586044312e-01
2.720556557178497314e-01
2.481274902820587158e-01
2.009937286376953125e+00
0.000000000000000000e+00
1.779393875040113926e-03
1.555256731808185577e-02
2.735378742218017578e-01
9.507278911769390106e-03
8.529706597328186035e-01
1.098775982856750488e+00
6.379393935203552246e-01
2.459232136607170105e-02
0.000000000000000000e+00
8.488059788942337036e-02
0.000000000000000000e+00
6.342039108276367188e-01
3.395108580589294434e-01
3.055369257926940918e-01
2.204280905425548553e-02
3.882586061954498291e-01
7.215797305107116699e-01
4.124965965747833252e-01
7.325829565525054932e-02
2.827533707022666931e-02
1.177878305315971375e-01
1.742714405059814453e+00
2.264381153509020805e-03
1.658851057291030884e-01
0.000000000000000000e+00
2.954928398132324219e+00
0.000000000000000000e+00
9.927144646644592285e-02
1.117284670472145081e-01
1.751199015416204929e-03
0.000000000000000000e+00
1.311432719230651855e-01
0.000000000000000000e+00
1.220433786511421204e-02
5.227134823799133301e-01
1.031662970781326294e-01
5.598412826657295227e-02
1.901232481002807617e+00
3.552838563919067383e-01
7.960411906242370605e-02
6.897140741348266602e-01
8.983213305473327637e-01
1.387256264686584473e+00
1.628215551376342773e+00
1.490218937397003174e-01
6.785294413566589355e-02
2.267104759812355042e-02
2.254681587219238281e+00
4.235442638397216797e+00
2.821347117424011230e-01
2.026494219899177551e-02
4.762889862060546875e+00
1.106540799140930176e+00
7.612320184707641602e-01
2.431212812662124634e-01
1.619711965322494507e-01
1.358805745840072632e-01
4.317550361156463623e-02
8.544164150953292847e-02
2.212989628314971924e-01
3.960207998752593994e-01
9.703872799873352051e-01
2.623283863067626953e-01
1.979334279894828796e-02
7.728610653430223465e-03
1.154608011245727539e+00
1.330721080303192139e-01
2.546700835227966309e-01
2.624847590923309326e-01
3.814491033554077148e-01
6.905140280723571777e-01
2.640534043312072754e-01
1.101062521338462830e-01
8.041685223579406738e-01
4.697863757610321045e-02
4.357373714447021484e-01
2.486955141648650169e-03
1.025139927864074707e+00
0.000000000000000000e+00
7.736373692750930786e-03
1.317141050094505772e-05
4.301680326461791992e-01
0.000000000000000000e+00
8.588273823261260986e-02
2.060369402170181274e-01
5.952723622322082520e-01
6.656637191772460938e+00
0.000000000000000000e+00
2.612830102443695068e-01
1.584842950105667114e-01
0.000000000000000000e+00
3.804190158843994141e-01
1.009061783552169800e-01
1.139351725578308105e-01
1.608155250549316406e+00
4.575304985046386719e-01
9.334785938262939453e-01
1.551171541213989258e-01
1.546756923198699951e-01
7.384635806083679199e-01
1.201173439621925354e-01
0.000000000000000000e+00
8.134208679199218750e+00
2.444065064191818237e-01
1.200571134686470032e-01
2.306632548570632935e-01
1.834200859069824219e+00
2.446468919515609741e-01
0.000000000000000000e+00
4.510982334613800049e-01
3.237133147194981575e-03
3.180824518203735352e-01
2.369166463613510132e-01
6.241925954818725586e-01
8.105515241622924805e-01
2.639076709747314453e+00
0.000000000000000000e+00
1.100614786148071289e+00
7.197106629610061646e-02
5.936043262481689453e-01
0.000000000000000000e+00
1.993322931230068207e-02
7.006039470434188843e-02
6.419028639793395996e-01
5.106688737869262695e-01
1.799562931060791016e+00
4.648592770099639893e-01
1.936604380607604980e-01
6.839854717254638672e-01
2.210319228470325470e-02
2.690016508102416992e+00
3.346861898899078369e-01
0.000000000000000000e+00
1.311198621988296509e-01
5.890994798392057419e-03
1.092314049601554871e-01
1.203696355223655701e-01
6.988532096147537231e-02
5.235650110989809036e-03
2.070916891098022461e-01
3.406164422631263733e-02
1.124926686286926270e+00
1.929586529731750488e-01
1.578077375888824463e-01
2.488154172897338867e-01
4.874067008495330811e-02
7.215538024902343750e-01
1.458861827850341797e+00
6.807790696620941162e-02
2.031155116856098175e-02
6.002114415168762207e-01
1.331163525581359863e+00
5.782905817031860352e-01
5.339452251791954041e-02
2.586129307746887207e-01
4.531373679637908936e-01
7.246455177664756775e-03
1.252258103340864182e-02
6.871182918548583984e-01
5.506981611251831055e-01
5.144730210304260254e-02
0.000000000000000000e+00
2.704835832118988037e-01
0.000000000000000000e+00
0.000000000000000000e+00
6.737673878669738770e-01
9.053506851196289062e+00
2.970817089080810547e-01
1.293592810630798340e+00
9.443879872560501099e-02
3.502170443534851074e-01
1.035475611686706543e+00
1.584486849606037140e-02
0.000000000000000000e+00
0.000000000000000000e+00
1.078676581382751465e+00
3.213657140731811523e-01
2.051075547933578491e-02
2.804220467805862427e-02
9.524154663085937500e-02
3.235340118408203125e-04
7.958696484565734863e-01
1.634185574948787689e-02
6.789632141590118408e-02
2.191064655780792236e-01
2.713203728199005127e-01
1.651385426521301270e-01
7.240527775138616562e-03
2.155590802431106567e-02
0.000000000000000000e+00
4.802368283271789551e-01
2.743252366781234741e-02
2.160108536481857300e-01
2.121865451335906982e-01
4.587293267250061035e-01
5.187693834304809570e-01
1.549489889293909073e-02
8.033269643783569336e-01
0.000000000000000000e+00
3.738958537578582764e-01
0.000000000000000000e+00
8.605014085769653320e-01
8.003771305084228516e-01
9.950662404298782349e-02
1.863937526941299438e-01
0.000000000000000000e+00
2.200610004365444183e-02
0.000000000000000000e+00
3.474071621894836426e-02
1.117853075265884399e-01
3.102284669876098633e-01
5.909731388092041016e-01
5.975946784019470215e-01
1.027558222413063049e-01
1.260502031072974205e-03
2.081773728132247925e-01
1.092857792973518372e-01
1.179510205984115601e-01
9.674422442913055420e-02
3.803472965955734253e-02
0.000000000000000000e+00
3.653339147567749023e-01
1.357061862945556641e-01
4.483656026422977448e-03
9.282349348068237305e-01
1.858325749635696411e-01
1.779430732131004333e-02
9.633575677871704102e-01
5.022566914558410645e-01
6.296051293611526489e-02
3.415913507342338562e-02
6.945278495550155640e-02
3.814244642853736877e-02
2.540229558944702148e-01
2.240601927042007446e-03
1.641294509172439575e-01
0.000000000000000000e+00
1.811515331268310547e+00
3.827177882194519043e-01
1.073514461517333984e+00
9.525814652442932129e-02
8.118307590484619141e-02
0.000000000000000000e+00
7.227428257465362549e-03
3.422982692718505859e-01
1.411666162312030792e-02
2.699007987976074219e+00
4.812496602535247803e-01
1.393676400184631348e+00
2.110844105482101440e-01
6.872217059135437012e-01
1.858124434947967529e-01
2.105508744716644287e-02
5.599440336227416992e-01
1.373241543769836426e-01
7.912668585777282715e-02
8.954053372144699097e-02
2.104301929473876953e+00
4.069842398166656494e-02
4.344994723796844482e-01
1.259596198797225952e-01
1.738191395998001099e-01
5.623930096626281738e-01
4.529251903295516968e-02
6.394799798727035522e-03
1.192433089017868042e-01
6.499125156551599503e-03
2.867980301380157471e-02
1.004953160881996155e-01
3.613311424851417542e-02
0.000000000000000000e+00
1.836445480585098267e-01
3.901494145393371582e-01
2.083637118339538574e-01
6.837848573923110962e-02
4.287483170628547668e-02
1.431735754013061523e+00
6.125897765159606934e-01
3.578667342662811279e-02
3.229089379310607910e-01
1.416805982589721680e-01
1.144593596458435059e+00
0.000000000000000000e+00
1.041665747761726379e-01
0.000000000000000000e+00
7.066103070974349976e-02
6.551054120063781738e-01
1.966224750503897667e-03
1.945837020874023438e+00
1.263527013361454010e-02
7.263755202293395996e-01
8.610303401947021484e-01
8.731478452682495117e-01
4.163826107978820801e-01
1.310709595680236816e+00
0.000000000000000000e+00
1.110964175313711166e-02
0.000000000000000000e+00
4.551683664321899414e-01
1.412797719240188599e-02
0.000000000000000000e+00
4.581420719623565674e-01
1.980584859848022461e-01
8.443438448011875153e-03
5.026880651712417603e-03
0.000000000000000000e+00
4.324588179588317871e-02
3.025797195732593536e-02
0.000000000000000000e+00
5.177361518144607544e-02
1.815708398818969727e+00
7.788749337196350098e-01
0.000000000000000000e+00
6.341978907585144043e-02
1.124736189842224121e+00
3.841549754142761230e-01
1.631350964307785034e-01
1.637744456529617310e-01
9.142374247312545776e-02
4.713773429393768311e-01
7.215664535760879517e-02
1.464265137910842896e-01
3.234286308288574219e-01
1.130305051803588867e+00
0.000000000000000000e+00
2.065343111753463745e-01
7.635661214590072632e-02
6.812998652458190918e-01
5.233169198036193848e-01
3.721427544951438904e-02
4.578242823481559753e-02
1.164330959320068359e+00
2.449895292520523071e-01
2.655544281005859375e+00
6.312866806983947754e-01
2.956245183944702148e+00
5.761285871267318726e-02
2.533248811960220337e-02
6.953487992286682129e-01
5.714029073715209961e-01
0.000000000000000000e+00
1.155759096145629883e-01
4.835674464702606201e-01
3.686993718147277832e-01
5.179102718830108643e-02
3.652722239494323730e-01
3.431635499000549316e-01
3.117958009243011475e-01
3.608974218368530273e-01
1.976140141487121582e-01
5.788791552186012268e-02
3.330354690551757812e+00
4.216785356402397156e-02
4.081629514694213867e-01
1.082703284919261932e-02
6.409776210784912109e-02
1.222354412078857422e+00
2.248716592788696289e+00
1.887924075126647949e-01
2.053536288440227509e-02
5.881648659706115723e-01
1.122192740440368652e-01
8.514346182346343994e-02
0.000000000000000000e+00
2.051509141921997070e+00
1.691311746835708618e-01
3.914594948291778564e-01
6.693243235349655151e-02
0.000000000000000000e+00
1.277215592563152313e-02
4.801688194274902344e-01
5.159987881779670715e-02
9.373363852500915527e-02
2.806486189365386963e-01
4.945761263370513916e-01
1.711913347244262695e-01
2.778493463993072510e-01
2.250053286552429199e-01
6.554367486387491226e-03
1.002103686332702637e+00
0.000000000000000000e+00
1.149189248681068420e-01
7.346715778112411499e-02
9.693650901317596436e-02
5.197709798812866211e-01
2.176447659730911255e-01
1.161709547042846680e+00
2.374113053083419800e-01
3.062765598297119141e+00
7.224769592285156250e-01
3.214910253882408142e-02
8.434744924306869507e-02
4.772299155592918396e-02
7.006461620330810547e-01
7.934883236885070801e-03
3.600645661354064941e-01
4.740230739116668701e-01
7.131921648979187012e-01
2.329880893230438232e-01
4.233824461698532104e-02
1.912794262170791626e-01
1.332731842994689941e-01
1.318096041679382324e+00
7.895328453741967678e-04
2.620561122894287109e-01
4.316878318786621094e+00
7.932425290346145630e-02
5.044156312942504883e-01
0.000000000000000000e+00
3.537367582321166992e+00
1.933526247739791870e-01
0.000000000000000000e+00
3.942981362342834473e-01
7.541704922914505005e-02
2.796553373336791992e+00
7.008949518203735352e-01
0.000000000000000000e+00
4.519488215446472168e-01
4.941713511943817139e-01
6.254324316978454590e-02
6.114397197961807251e-02
1.473310291767120361e-01
2.517002262175083160e-02
2.008888006210327148e+00
9.137890338897705078e-01
1.766497492790222168e-01
1.353711605072021484e+00
1.320235252380371094e+00
3.946945071220397949e-01
8.922351896762847900e-02
1.103483200073242188e+00
0.000000000000000000e+00
0.000000000000000000e+00
6.386799365282058716e-02
1.577696800231933594e-01
1.392111927270889282e-02
5.562197417020797729e-02
2.021943181753158569e-01
1.694073379039764404e-01
2.089963480830192566e-02
0.000000000000000000e+00
0.000000000000000000e+00
1.266158968210220337e-01
7.140472531318664551e-01
8.235092163085937500e-01
1.536873936653137207e+00
2.327653467655181885e-01
1.495723873376846313e-01
9.244760498404502869e-03
5.475268363952636719e-01
5.965011939406394958e-02
0.000000000000000000e+00
2.099744081497192383e-01
4.948225319385528564e-01
2.299279421567916870e-01
0.000000000000000000e+00
1.053733304142951965e-01
7.611504197120666504e-02
2.549473047256469727e-01
2.074769288301467896e-01
1.229665279388427734e+00
4.561061859130859375e-01
2.971868216991424561e-02
1.935404352843761444e-02
1.068880036473274231e-01
2.888307273387908936e-01
5.009093880653381348e-01
1.853991532698273659e-03
1.439187489449977875e-02
3.514426052570343018e-01
3.551842570304870605e-01
1.258853673934936523e+00
9.994074702262878418e-02
8.730950355529785156e-01
8.502175658941268921e-02
0.000000000000000000e+00
8.329150080680847168e-01
1.712810695171356201e-01
2.868280112743377686e-01
0.000000000000000000e+00
1.541651487350463867e-01
1.821377426385879517e-01
2.096171528100967407e-01
1.416017115116119385e-02
5.523695945739746094e-01
4.030341207981109619e-01
6.108544301241636276e-03
2.094274759292602539e+00
2.451003789901733398e-01
3.918683156371116638e-02
0.000000000000000000e+00
2.029236555099487305e-01
1.032087326049804688e+00
1.395766258239746094e+00
0.000000000000000000e+00
9.041923880577087402e-01
1.106958389282226562e+00
2.434273436665534973e-02
1.172147598117589951e-02
3.404240131378173828e+00
2.797203779220581055e+00
1.691371798515319824e-01
6.099798157811164856e-02
8.692602068185806274e-02
7.372044324874877930e-01
1.139943838119506836e+00
1.500539109110832214e-02
2.284156978130340576e-01
1.073826253414154053e-01
0.000000000000000000e+00
3.641641931608319283e-03
2.901386320590972900e-01
2.239969491958618164e+00
2.144410312175750732e-01
6.080203652381896973e-01
1.925780624151229858e-01
4.954292997717857361e-02
7.691699429415166378e-04
7.519368827342987061e-02
7.528834342956542969e-01
1.086242556571960449e+00
1.796216964721679688e-01
0.000000000000000000e+00
1.487692892551422119e-01
1.421829015016555786e-01
4.168695211410522461e-02
2.344890385866165161e-01
1.232207059860229492e+00
3.810170888900756836e-01
1.423125147819519043e+00
4.446158111095428467e-01
8.281783014535903931e-02
8.320977538824081421e-02
1.304835230112075806e-01
8.119713515043258667e-02
2.553330920636653900e-02
5.131039395928382874e-02
0.000000000000000000e+00
0.000000000000000000e+00
1.223418563604354858e-01
1.539433896541595459e-01
2.874936908483505249e-02
3.328050076961517334e-01
2.087946385145187378e-01
3.472807258367538452e-02
1.068529784679412842e-01
4.862756002694368362e-03
3.228324279189109802e-02
2.641598507761955261e-02
5.708271861076354980e-01
1.202806904911994934e-01
3.576488196849822998e-01
1.581705212593078613e-01
8.018962293863296509e-02
1.146301925182342529e-01
3.611036539077758789e-01
6.738049983978271484e-01
9.658961296081542969e-01
1.010079309344291687e-01
1.098003685474395752e-01
5.333846211433410645e-01
2.927675545215606689e-01
1.735842786729335785e-02
1.225718413479626179e-03
0.000000000000000000e+00
1.999127864837646484e-02
1.636042594909667969e+00
1.175849884748458862e-02
5.639681816101074219e-01
1.899965703487396240e-01
6.126007065176963806e-04
6.902260780334472656e-01
2.202306091785430908e-01
5.872055888175964355e-02
9.155172109603881836e-02
3.498089015483856201e-01
4.626903682947158813e-02
4.853606596589088440e-02
1.315690040588378906e+00
0.000000000000000000e+00
5.485200881958007812e-02
1.640537083148956299e-01
2.316731214523315430e-01
8.390218019485473633e-02
