1.576929688453674316e-01
1.324267506599426270e+00
2.050830423831939697e-01
1.979443617165088654e-02
2.726988792419433594e-01
2.516103684902191162e-01
3.474951535463333130e-02
3.024057745933532715e-01
2.840710878372192383e-01
7.795816659927368164e-02
6.170561909675598145e-01
2.539285421371459961e+00
8.503586798906326294e-02
4.563246071338653564e-01
6.164436042308807373e-02
4.058019816875457764e-02
1.028643548488616943e-01
7.589844465255737305e-01
7.376714348793029785e-01
5.844629406929016113e-01
6.977135539054870605e-01
2.665031934157013893e-03
0.000000000000000000e+00
0.000000000000000000e+00
6.967303808778524399e-03
8.099592328071594238e-01
1.285324096679687500e+00
0.000000000000000000e+00
4.983633458614349365e-01
0.000000000000000000e+00
1.233791112899780273e+00
0.000000000000000000e+00
1.717030167579650879e+00
5.501094087958335876e-02
5.570375919342041016e-01
8.260996341705322266e-01
1.633481979370117188e-01
4.427323862910270691e-02
4.809715449810028076e-01
8.364691734313964844e-01
4.973681569099426270e-01
1.098962426185607910e+00
3.540859520435333252e-01
4.524518251419067383e-01
8.660926222801208496e-01
0.000000000000000000e+00
6.102394685149192810e-02
4.529025778174400330e-02
5.694950371980667114e-02
4.352699965238571167e-02
1.420311093330383301e+00
2.258694916963577271e-01
1.195764262229204178e-02
2.678093194961547852e+00
2.750156819820404053e-01
0.000000000000000000e+00
1.599808186292648315e-01
4.356597661972045898e-01
1.322407424449920654e-01
1.485934495925903320e+00
1.938806325197219849e-01
8.952755928039550781e-01
0.000000000000000000e+00
1.701605618000030518e-01
7.805294394493103027e-01
4.649569392204284668e-01
2.849254384636878967e-02
2.158071041107177734e+00
6.203531846404075623e-02
1.089095473289489746e-01
1.656401991844177246e+00
5.942123532295227051e-01
4.747523963451385498e-01
5.643492937088012695e-02
3.211802542209625244e-01
4.349643886089324951e-01
3.807522729039192200e-02
4.605531692504882812e-02
8.234083056449890137e-01
3.364733457565307617e-01
8.447954654693603516e-01
1.208237171173095703e+00
6.075112521648406982e-02
1.420861110091209412e-02
2.431029081344604492e-01
1.407763481140136719e+00
6.425434350967407227e-02
0.000000000000000000e+00
1.287808775901794434e+00
3.925001919269561768e-01
0.000000000000000000e+00
2.322515398263931274e-01
3.615622222423553467e-02
3.064856166020035744e-03
7.446897029876708984e-01
2.126451730728149414e-01
1.724257171154022217e-01
1.823993325233459473e+00
4.830463230609893799e-01
4.027716517448425293e-01
1.689282208681106567e-01
2.182496935129165649e-01
1.795950382947921753e-01
3.381517171859741211e+00
9.793483018875122070e-01
2.656681060791015625e+00
1.039781808853149414e+00
1.446060687303543091e-01
2.300008758902549744e-02
5.893675088882446289e-01
8.969861865043640137e-01
2.727075815200805664e-01
1.795670203864574432e-02
0.000000000000000000e+00
1.155332662165164948e-02
3.147929906845092773e-02
8.443389534950256348e-01
3.554898127913475037e-02
1.340785771608352661e-01
1.108225941658020020e+00
3.127194568514823914e-02
1.101142764091491699e-01
1.664554774761199951e-01
3.446689248085021973e-02
6.968118667602539062e+00
6.834263205528259277e-01
1.305994272232055664e+00
3.304134845733642578e+00
0.000000000000000000e+00
4.115889593958854675e-02
2.989960312843322754e-01
5.249436944723129272e-02
7.866870164871215820e-01
8.940165042877197266e-01
5.087224841117858887e-01
6.449399981647729874e-03
2.026714086532592773e-01
1.070533275604248047e+00
1.538918137550354004e+00
5.659577250480651855e-01
5.381123721599578857e-02
7.213801741600036621e-01
1.764325350522994995e-01
3.146305322647094727e+00
1.418375372886657715e-01
3.021808862686157227e-01
1.076921895146369934e-01
2.910512313246726990e-02
1.976197659969329834e-01
1.015815660357475281e-01
2.990525245666503906e+00
1.317621022462844849e-01
4.160851538181304932e-01
1.251721262931823730e+00
6.900745630264282227e-02
3.871096670627593994e-02
2.707921266555786133e-01
8.993388414382934570e-01
5.827536061406135559e-02
5.679309368133544922e-01
8.332934975624084473e-01
3.345910832285881042e-02
4.160684347152709961e-01
3.136159479618072510e-01
3.418876230716705322e-01
2.288676977157592773e+00
7.989747449755668640e-03
1.791946589946746826e-01
9.479755908250808716e-02
2.919942438602447510e-01
0.000000000000000000e+00
7.932974100112915039e-01
3.621872961521148682e-01
2.137199938297271729e-01
4.454748332500457764e-01
1.064745664596557617e+00
1.287282677367329597e-03
1.108494997024536133e+00
4.942969977855682373e-01
4.985506236553192139e-01
8.616641163825988770e-02
2.884409427642822266e+00
3.835507631301879883e-01
1.253758311271667480e+00
1.861967891454696655e-01
1.333594322204589844e-03
4.391671121120452881e-01
1.285004258155822754e+00
2.604816667735576630e-02
5.192838236689567566e-02
1.428961604833602905e-01
4.347514808177947998e-01
1.211364269256591797e+00
1.670235395431518555e-01
5.709442868828773499e-02
1.680114120244979858e-02
4.892144501209259033e-01
1.058617383241653442e-01
1.430439203977584839e-02
1.135712340474128723e-01
8.735469542443752289e-03
4.605376347899436951e-02
3.652112483978271484e+00
2.030457258224487305e-01
1.563386060297489166e-03
1.359768956899642944e-01
3.013991005718708038e-02
4.279694855213165283e-01
1.383429318666458130e-01
0.000000000000000000e+00
0.000000000000000000e+00
6.869436800479888916e-02
6.734112650156021118e-02
4.976056218147277832e-01
1.472271919250488281e+00
1.207947265356779099e-02
1.999502182006835938e+00
3.759121000766754150e-01
1.011829257011413574e+00
4.188868775963783264e-02
2.771753966808319092e-01
7.626384496688842773e-02
5.023791790008544922e-01
1.254205778241157532e-02
0.000000000000000000e+00
9.810469746589660645e-01
7.649611830711364746e-01
3.396687284111976624e-02
4.922173023223876953e-01
3.757065832614898682e-01
1.299964040517807007e-01
1.512353867292404175e-01
4.822691529989242554e-02
7.313480973243713379e-02
4.362476766109466553e-01
4.649972319602966309e-01
7.017479538917541504e-01
6.496122479438781738e-02
1.225151866674423218e-02
8.041811585426330566e-01
2.510375678539276123e-01
7.911622524261474609e-02
9.109144657850265503e-02
0.000000000000000000e+00
1.071025282144546509e-01
1.381388783454895020e+00
9.203312397003173828e-01
5.499633401632308960e-02
1.625173538923263550e-01
2.999630197882652283e-02
1.426386535167694092e-01
1.367405150085687637e-02
2.023876160383224487e-01
7.390529662370681763e-02
1.205595970153808594e+00
2.985298633575439453e-01
1.381276011466979980e+00
1.582310497760772705e-01
2.129232138395309448e-02
1.536293387413024902e+00
2.223697662353515625e+00
0.000000000000000000e+00
3.588222339749336243e-02
2.330698445439338684e-02
0.000000000000000000e+00
3.664769977331161499e-02
9.491282701492309570e-01
3.973056972026824951e-01
4.232930764555931091e-02
9.619246423244476318e-02
2.229398727416992188e+00
1.520262956619262695e-01
2.094643935561180115e-02
1.312675792723894119e-02
6.485392898321151733e-02
8.673239499330520630e-03
2.399325668811798096e-01
8.354892954230308533e-03
9.484062790870666504e-01
1.960775852203369141e-01
6.316538900136947632e-02
5.310716629028320312e-01
3.485943675041198730e-01
7.693621516227722168e-01
1.548027694225311279e-01
1.041491150856018066e+00
0.000000000000000000e+00
4.439617097377777100e-01
2.828207254409790039e+00
2.856060743331909180e+00
2.419741153717041016e-01
8.163388967514038086e-01
0.000000000000000000e+00
6.082256510853767395e-02
0.000000000000000000e+00
2.902609482407569885e-02
5.360091328620910645e-01
4.874489083886146545e-02
3.021694421768188477e-01
6.017377376556396484e-01
9.080668687820434570e-01
3.572321534156799316e-01
9.825255870819091797e-01
7.017607241868972778e-02
1.897222995758056641e-01
1.357839465141296387e+00
2.554587423801422119e-01
5.169507116079330444e-02
4.844014942646026611e-01
2.492205202579498291e-01
6.133570671081542969e-01
9.251845628023147583e-02
2.486805021762847900e-01
5.592180532403290272e-04
3.620688319206237793e-01
1.150460019707679749e-01
1.905339360237121582e-01
7.079325150698423386e-03
4.361765831708908081e-02
1.559229850769042969e+00
2.952885627746582031e-01
4.407922327518463135e-01
2.698486857116222382e-02
5.081816762685775757e-02
9.254770874977111816e-01
2.322856336832046509e-03
1.431739330291748047e-01
3.942715749144554138e-02
3.096955828368663788e-02
2.998493313789367676e-01
4.175188541412353516e-01
1.086976453661918640e-01
1.770674467086791992e+00
3.864285945892333984e-01
4.314324557781219482e-01
1.486049741506576538e-01
4.823955893516540527e-01
7.198924571275711060e-02
7.051467299461364746e-01
8.497407287359237671e-02
7.044969797134399414e-01
2.617821693420410156e-01
0.000000000000000000e+00
7.522103190422058105e-01
2.644282206892967224e-02
6.218530703336000443e-03
6.687282025814056396e-02
6.233336925506591797e-01
9.816386550664901733e-02
0.000000000000000000e+00
3.903282880783081055e+00
3.695641756057739258e-01
8.559901714324951172e-01
1.019973214715719223e-02
2.061842381954193115e-01
2.404249191284179688e+00
1.824440807104110718e-01
1.161712333559989929e-01
1.249474734067916870e-01
6.181292533874511719e-01
2.681759834289550781e+00
4.006073251366615295e-02
1.443271279335021973e+00
1.482062041759490967e-01
5.845818519592285156e-01
3.267097473144531250e-01
1.370694339275360107e-01
3.798308074474334717e-01
2.101821452379226685e-01
5.035224556922912598e-02
8.355250954627990723e-01
1.454130172729492188e+00
8.067729473114013672e-01
9.000050276517868042e-02
7.590685505419969559e-03
0.000000000000000000e+00
2.701224982738494873e-01
2.224590927362442017e-01
4.599981009960174561e-01
8.677612543106079102e-01
7.192787528038024902e-01
1.092457413673400879e+00
1.720512807369232178e-01
2.894419431686401367e-01
1.263094395399093628e-01
5.914912745356559753e-02
1.073757931590080261e-02
1.919709742069244385e-01
5.840029940009117126e-02
2.869977056980133057e-01
3.515764474868774414e-01
4.249096810817718506e-01
2.943345531821250916e-02
8.344153761863708496e-01
2.812000513076782227e-01
5.686791986227035522e-02
1.678579114377498627e-02
8.494430035352706909e-02
5.056001543998718262e-01
2.111971192061901093e-02
0.000000000000000000e+00
3.955456614494323730e-01
8.691323548555374146e-02
1.931000500917434692e-01
1.838902980089187622e-01
1.554071623831987381e-02
1.705344617366790771e-01
8.415573835372924805e-01
7.021062970161437988e-01
2.035311937332153320e+00
4.359697997570037842e-01
5.328168869018554688e-01
3.101249933242797852e-01
0.000000000000000000e+00
1.488266110420227051e+00
2.367512881755828857e-01
5.334863811731338501e-02
3.275025635957717896e-02
4.177367687225341797e-01
3.123327493667602539e-01
1.597631722688674927e-02
1.562212705612182617e+00
4.359026253223419189e-01
4.695295989513397217e-01
2.049109041690826416e-01
3.975352048873901367e-01
3.081320226192474365e-01
3.808596432209014893e-01
2.078588902950286865e-01
3.063532640226185322e-04
2.806433200836181641e+00
5.497940778732299805e-01
1.604151725769042969e+00
6.929118037223815918e-01
1.415338963270187378e-01
3.816007077693939209e-01
3.764569163322448730e-01
3.387881815433502197e-01
2.524643898010253906e+00
7.630956918001174927e-02
0.000000000000000000e+00
4.394043236970901489e-02
1.714193075895309448e-02
3.117490768432617188e+00
7.668635845184326172e-01
5.233676433563232422e-01
3.384224772453308105e-01
1.744554901961237192e-04
5.398846045136451721e-02
2.882605791091918945e-01
2.677095234394073486e-01
1.429004907608032227e+00
9.020140767097473145e-02
1.606457233428955078e-01
1.009482383728027344e+00
8.580638170242309570e-01
5.734093859791755676e-02
2.538680136203765869e-01
1.125622272491455078e+00
1.958323121070861816e-01
0.000000000000000000e+00
1.139329910278320312e+00
0.000000000000000000e+00
4.222130775451660156e-02
2.104867808520793915e-02
1.128785610198974609e+00
2.573225498199462891e+00
5.947661399841308594e-01
5.383028984069824219e-01
1.644465178251266479e-01
9.561501145362854004e-01
2.934074103832244873e-01
7.419310510158538818e-02
6.323900818824768066e-01
1.363114595413208008e+00
8.848858624696731567e-02
4.620223641395568848e-01
1.034603834152221680e+00
2.675058133900165558e-02
1.213612794876098633e+00
1.473790407180786133e+00
3.785124123096466064e-01
8.243226259946823120e-02
2.136122286319732666e-01
1.396597772836685181e-01
8.032564073801040649e-02
4.782949984073638916e-01
4.229332506656646729e-02
2.814959287643432617e-01
3.745310902595520020e-01
1.472038924694061279e-01
2.492676019668579102e+00
4.268702268600463867e-01
2.452640980482101440e-01
2.015267498791217804e-02
9.801776707172393799e-02
1.369626283645629883e+00
3.527902066707611084e-01
2.245298475027084351e-01
3.425049781799316406e-01
6.342431157827377319e-02
6.114353984594345093e-02
1.326982140541076660e+00
1.022009015083312988e+00
6.520591210573911667e-03
5.208352804183959961e-01
4.765348732471466064e-01
4.900648072361946106e-02
0.000000000000000000e+00
5.960222482681274414e-01
1.210331320762634277e+00
1.117441654205322266e+00
1.527604699134826660e+00
3.685675263404846191e-01
5.836173295974731445e-01
4.837197065353393555e-02
1.100470304489135742e+00
7.771746069192886353e-02
9.741551876068115234e-01
2.525931298732757568e-01
3.078258991241455078e+00
4.935878813266754150e-01
6.028260588645935059e-01
0.000000000000000000e+00
1.319490522146224976e-01
2.049271345138549805e+00
6.822398304939270020e-02
2.403640151023864746e-01
1.299542069435119629e+00
1.051137000322341919e-01
2.167735993862152100e-02
1.068373560905456543e+00
9.406443834304809570e-01
1.891615539789199829e-01
6.530944705009460449e-01
1.099269837141036987e-01
4.325426578521728516e+00
6.602646112442016602e-01
3.031368255615234375e-01
2.559444010257720947e-01
9.844119101762771606e-02
2.198499590158462524e-01
8.594028949737548828e-01
3.138081133365631104e-01
7.022508978843688965e-02
3.800478950142860413e-02
3.396505489945411682e-02
2.456688731908798218e-01
2.321839630603790283e-01
5.817828774452209473e-01
1.923340409994125366e-01
1.283532753586769104e-02
6.535765528678894043e-02
0.000000000000000000e+00
1.106975525617599487e-01
6.935465335845947266e-01
2.239421308040618896e-01
1.083465293049812317e-01
2.223083935678005219e-02
1.103460550308227539e+00
5.232501402497291565e-02
1.128805279731750488e-01
2.249443531036376953e+00
7.888357043266296387e-01
0.000000000000000000e+00
1.085121259093284607e-01
4.864960014820098877e-01
0.000000000000000000e+00
1.007942780852317810e-01
1.118093729019165039e+00
1.757991015911102295e-01
3.036877810955047607e-01
1.312165148556232452e-02
5.173040628433227539e-01
0.000000000000000000e+00
1.933707445859909058e-01
1.795146763324737549e-01
7.326076272875070572e-03
1.418638706207275391e+00
2.562166452407836914e-01
1.366453528404235840e+00
4.817760288715362549e-01
5.708321928977966309e-01
1.351044297218322754e+00
2.382626384496688843e-01
3.467054963111877441e-01
7.776461243629455566e-01
0.000000000000000000e+00
1.843820810317993164e-01
7.617269456386566162e-02
0.000000000000000000e+00
3.303899616003036499e-02
4.595139026641845703e-01
6.673824787139892578e-02
5.818643569946289062e-01
1.486213207244873047e-01
9.583287835121154785e-01
4.832720756530761719e-01
4.271146357059478760e-01
2.120119184255599976e-01
1.940158605575561523e-01
2.931760549545288086e-01
6.051135063171386719e-02
3.444065451622009277e-01
4.329930543899536133e-01
6.644951552152633667e-02
2.718692421913146973e-01
1.200898289680480957e-01
1.625230014324188232e-01
0.000000000000000000e+00
1.633137464523315430e-01
2.991279065608978271e-01
5.014666914939880371e-01
4.206000268459320068e-01
1.515569984912872314e-01
5.353615760803222656e+00
4.063534736633300781e-02
1.726830005645751953e-01
3.449267446994781494e-01
2.638252079486846924e-01
1.731913328170776367e+00
3.039417862892150879e-01
1.024786233901977539e+00
2.823293924331665039e+00
7.521613240242004395e-01
1.379129737615585327e-01
3.159495443105697632e-02
3.401370286941528320e+00
3.983946889638900757e-02
0.000000000000000000e+00
1.212338209152221680e-01
2.610032558441162109e-01
1.488198991864919662e-03
8.259223103523254395e-01
0.000000000000000000e+00
3.403049409389495850e-01
2.274429082870483398e+00
4.610325992107391357e-01
1.173895120620727539e+00
6.632704734802246094e-01
1.883358061313629150e-01
4.387317597866058350e-01
2.128311097621917725e-01
1.407586783170700073e-01
2.011830508708953857e-01
3.165272474288940430e-01
4.174276255071163177e-03
9.997741878032684326e-02
6.861801445484161377e-02
1.354350596666336060e-01
3.786348924040794373e-02
9.527109861373901367e-01
4.251748621463775635e-01
5.302259325981140137e-01
1.473149538040161133e+00
1.662537813186645508e+00
3.706117868423461914e-01
1.039501428604125977e+00
3.270452916622161865e-01
4.793631285429000854e-02
2.057613134384155273e+00
1.943356730043888092e-02
1.541847735643386841e-01
1.163542792201042175e-01
3.311140239238739014e-01
3.341495096683502197e-01
4.420531749725341797e+00
4.369389414787292480e-01
9.612030386924743652e-01
3.361689150333404541e-01
2.173280715942382812e+00
1.739001423120498657e-01
0.000000000000000000e+00
1.211672052741050720e-01
1.529797762632369995e-01
2.503155767917633057e-01
1.361781239509582520e+00
7.554269395768642426e-03
5.138975977897644043e-01
2.041883707046508789e+00
0.000000000000000000e+00
3.622759103775024414e+00
0.000000000000000000e+00
7.475699782371520996e-01
6.166490167379379272e-02
1.883012242615222931e-03
1.244867295026779175e-01
1.422310352325439453e+00
1.292837560176849365e-01
1.889359951019287109e-02
5.772362351417541504e-01
5.699577182531356812e-02
3.422831594944000244e-01
4.237668514251708984e-01
2.188609987497329712e-01
1.906252466142177582e-02
2.944492697715759277e-01
6.438018679618835449e-01
5.274348258972167969e-01
8.616898059844970703e-01
6.656414866447448730e-01
3.995141088962554932e-01
2.021384716033935547e+00
1.715935468673706055e-01
5.293962359428405762e-01
1.217788010835647583e-01
1.704394578933715820e+00
5.705392733216285706e-02
3.102027475833892822e-01
1.433440566062927246e+00
6.416371464729309082e-01
0.000000000000000000e+00
1.206220388412475586e-01
2.297538965940475464e-01
1.371202111244201660e+00
1.609875559806823730e-01
2.129940092563629150e-01
5.621421933174133301e-01
0.000000000000000000e+00
4.990476369857788086e-02
3.469855189323425293e-01
2.037474215030670166e-01
0.000000000000000000e+00
8.302255868911743164e-01
2.714949548244476318e-01
0.000000000000000000e+00
3.355250880122184753e-02
8.664135932922363281e-01
7.534436583518981934e-01
3.093717247247695923e-02
9.036305546760559082e-02
6.357882916927337646e-02
8.893166482448577881e-02
8.669924736022949219e-01
2.210915237665176392e-01
5.196806788444519043e-02
9.675417095422744751e-02
1.339621424674987793e+00
7.150537967681884766e-01
1.823147535324096680e+00
3.849267661571502686e-01
3.996549639850854874e-03
1.593434065580368042e-01
0.000000000000000000e+00
8.409401774406433105e-01
7.014236450195312500e-01
1.038346529006958008e+00
8.533424884080886841e-02
4.762570187449455261e-02
6.986033916473388672e-01
3.825101628899574280e-02
2.328337192535400391e+00
1.858318209648132324e+00
4.642635285854339600e-01
1.884388178586959839e-01
8.751989901065826416e-02
2.454041242599487305e-01
1.852931857109069824e+00
5.644844099879264832e-02
3.854432106018066406e-01
1.648675203323364258e-01
7.245829701423645020e-02
3.337101638317108154e-02
2.895399555563926697e-02
1.112829208374023438e+00
3.100901126861572266e+00
6.486351042985916138e-02
7.884811609983444214e-02
1.676207780838012695e-01
5.620317459106445312e-01
8.682753145694732666e-02
3.764091059565544128e-02
1.076276540756225586e+00
1.582832261919975281e-02
2.076345235109329224e-01
3.090339601039886475e-01
1.935521960258483887e-01
4.465722560882568359e+00
0.000000000000000000e+00
2.495679378509521484e+00
6.799084544181823730e-01
3.618346527218818665e-02
8.122616410255432129e-01
3.269823640584945679e-02
2.414723485708236694e-01
1.103769063949584961e+00
1.449211388826370239e-01
2.412247471511363983e-02
1.700952351093292236e-01
6.373969912528991699e-01
6.709650158882141113e-01
1.466039419174194336e-01
9.350100755691528320e-01
1.090029180049896240e-01
1.665531694889068604e-01
1.390469312667846680e+00
9.938858449459075928e-03
1.949195191264152527e-02
3.310469090938568115e-01
5.906574726104736328e-01
4.747988581657409668e-01
2.023437738418579102e+00
1.218554139137268066e+00
6.634592413902282715e-01
2.317101657390594482e-01
1.861024089157581329e-02
8.400205522775650024e-02
2.240591645240783691e-01
5.347287058830261230e-01
2.763994634151458740e-01
1.647735089063644409e-01
1.634791642427444458e-01
1.068794369697570801e+00
0.000000000000000000e+00
4.475507140159606934e-01
1.438470602035522461e+00
4.265980720520019531e-01
5.725775957107543945e-01
1.011523842811584473e+00
2.179508283734321594e-02
8.895289897918701172e-02
8.012860417366027832e-01
6.475919485092163086e-02
1.170279264450073242e+00
2.813087105751037598e-01
4.224747717380523682e-01
9.206839837133884430e-03
6.787232309579849243e-02
5.249839425086975098e-01
5.774371623992919922e-01
4.419964551925659180e-02
6.837820261716842651e-02
0.000000000000000000e+00
3.263898491859436035e-01
9.246957898139953613e-01
1.274187803268432617e+00
3.858324885368347168e-02
2.576332986354827881e-01
0.000000000000000000e+00
1.005626916885375977e-01
1.843851089477539062e+00
2.801303565502166748e-01
2.750249579548835754e-02
1.935599446296691895e-01
1.939732232131063938e-03
2.732035815715789795e-01
4.394817352294921875e-02
3.171520531177520752e-01
1.793569419533014297e-03
1.110011696815490723e+00
1.015770584344863892e-01
1.186136007308959961e+00
4.270443022251129150e-01
2.440853714942932129e-01
1.397617936134338379e+00
5.038469433784484863e-01
3.841011226177215576e-01
2.244132310152053833e-01
2.880944684147834778e-02
1.275588758289813995e-02
0.000000000000000000e+00
4.001466035842895508e-01
3.829207122325897217e-01
1.341386914253234863e+00
2.610154867172241211e+00
2.455000728368759155e-01
3.529185950756072998e-01
2.808613143861293793e-02
3.162536621093750000e-01
3.561729192733764648e-01
7.504242062568664551e-01
4.337792694568634033e-01
0.000000000000000000e+00
9.305954910814762115e-03
9.379428029060363770e-01
2.640757858753204346e-01
7.844083905220031738e-01
1.092632412910461426e-01
0.000000000000000000e+00
4.116511940956115723e-01
2.417829483747482300e-01
3.796409666538238525e-01
7.552093267440795898e-01
1.339852064847946167e-02
2.878937125205993652e-01
2.020123004913330078e-01
2.900723740458488464e-02
1.087825894355773926e-01
3.495223820209503174e-02
1.396962441504001617e-02
2.303197830915451050e-01
0.000000000000000000e+00
1.781871169805526733e-01
2.387398295104503632e-02
4.075876712799072266e+00
3.693368732929229736e-01
1.254814147949218750e+00
8.260694146156311035e-01
9.489058852195739746e-01
1.641294173896312714e-02
8.230327814817428589e-02
1.832257658243179321e-01
0.000000000000000000e+00
0.000000000000000000e+00
7.860739529132843018e-02
2.679996192455291748e-01
7.378779351711273193e-02
3.466666936874389648e-01
6.553218364715576172e-01
2.287284284830093384e-02
3.581618368625640869e-01
0.000000000000000000e+00
7.994906902313232422e-01
5.082799792289733887e-01
3.600102290511131287e-02
2.182833552360534668e-01
2.153714597225189209e-01
1.764407008886337280e-01
6.122573465108871460e-02
3.161168470978736877e-02
2.562690759077668190e-03
1.681175082921981812e-01
3.260781764984130859e-01
9.601086378097534180e-02
1.083042845129966736e-01
1.339634895324707031e+00
1.188751831650733948e-01
4.943782463669776917e-02
3.381042480468750000e-01
3.935855627059936523e-01
3.508050143718719482e-01
1.306417346000671387e+00
6.429608464241027832e-01
2.829639241099357605e-03
1.246354818344116211e+00
2.075441926717758179e-02
2.375279426574707031e+00
7.248805165290832520e-01
6.497213244438171387e-01
2.313599437475204468e-01
3.138600289821624756e-01
3.219819664955139160e-01
2.265255711972713470e-02
2.229959517717361450e-01
0.000000000000000000e+00
6.469483487308025360e-03
6.134123206138610840e-01
0.000000000000000000e+00
5.940462350845336914e-01
6.635136604309082031e-01
0.000000000000000000e+00
6.447899341583251953e-02
4.416122436523437500e-01
1.275002598762512207e+00
2.416922748088836670e-01
5.091046810150146484e+00
0.000000000000000000e+00
0.000000000000000000e+00
6.317924857139587402e-01
1.241819933056831360e-01
9.467804431915283203e-01
3.221703469753265381e-01
0.000000000000000000e+00
5.418348684906959534e-02
5.373997613787651062e-02
1.476310640573501587e-01
2.137026786804199219e+00
2.058760076761245728e-02
5.154896378517150879e-01
4.221452176570892334e-01
1.340530395507812500e+00
6.893733143806457520e-01
3.060424327850341797e-01
1.601613759994506836e+00
0.000000000000000000e+00
3.090898990631103516e-01
1.162466049194335938e+00
7.191670686006546021e-02
1.867827177047729492e+00
9.786625951528549194e-02
0.000000000000000000e+00
9.697769880294799805e-01
1.265164464712142944e-01
1.484805226325988770e+00
1.911773830652236938e-01
1.599797129631042480e+00
1.232989430427551270e+00
8.585299253463745117e-01
1.817416399717330933e-01
2.401513457298278809e-01
6.315576434135437012e-01
6.678949296474456787e-02
9.842692017555236816e-01
6.887589097023010254e-01
1.185708522796630859e+00
8.999152183532714844e-01
1.129384338855743408e-01
2.947979450225830078e+00
2.073755115270614624e-01
4.441137909889221191e-01
5.200918316841125488e-01
1.944983005523681641e-02
0.000000000000000000e+00
1.449623261578381062e-03
3.015662133693695068e-01
9.423362612724304199e-01
7.410329580307006836e-01
8.048066869378089905e-03
9.988778829574584961e-01
2.594682276248931885e-01
0.000000000000000000e+00
2.355971783399581909e-01
8.055181056261062622e-02
2.166479080915451050e-01
2.799856901168823242e+00
4.470052942633628845e-02
3.050041384994983673e-02
5.076655745506286621e-02
7.249078154563903809e-02
1.179044246673583984e+00
1.222090840339660645e+00
1.832780092954635620e-01
4.045034050941467285e-01
5.733211040496826172e-01
6.598334908485412598e-01
2.950862646102905273e-01
0.000000000000000000e+00
4.371033906936645508e-01
1.734092086553573608e-02
2.653985321521759033e-01
2.170017242431640625e+00
2.782536484301090240e-02
8.162117004394531250e-01
7.427479326725006104e-02
7.740565389394760132e-02
2.027912735939025879e-01
1.923310518264770508e+00
1.817586459219455719e-02
0.000000000000000000e+00
7.176973391324281693e-03
5.348191037774085999e-02
3.304313898086547852e+00
3.094236850738525391e-01
9.755625724792480469e-01
3.554381057620048523e-02
2.621209025382995605e-01
5.140742659568786621e-02
2.630620479583740234e+00
1.536787748336791992e-01
4.988321959972381592e-01
9.480644464492797852e-01
3.333129882812500000e+00
1.220231950283050537e-01
1.969231367111206055e-01
0.000000000000000000e+00
3.198859989643096924e-01
1.247964426875114441e-01
0.000000000000000000e+00
8.065117001533508301e-01
2.126859873533248901e-01
4.333118349313735962e-02
1.410476088523864746e+00
9.655059874057769775e-02
2.522258162498474121e-01
4.195303320884704590e-01
7.923089899122714996e-03
8.261311054229736328e-01
0.000000000000000000e+00
1.278144001960754395e+00
4.676553979516029358e-02
2.061388045549392700e-01
6.250842213630676270e-01
1.457501649856567383e-01
1.021217033267021179e-01
1.111248612403869629e+00
7.261713147163391113e-01
2.850432991981506348e-01
8.137320876121520996e-01
1.650653719902038574e+00
5.720189809799194336e-01
1.079258918762207031e+00
3.940942883491516113e-02
1.471772909164428711e+00
2.109234929084777832e-01
5.231935158371925354e-02
3.691466152667999268e-01
4.645585715770721436e-01
1.196738928556442261e-01
5.445069074630737305e-01
2.594423592090606689e-01
1.836230605840682983e-01
1.052708029747009277e+00
4.142312407493591309e-01
2.621753513813018799e-01
7.856876403093338013e-02
2.836532518267631531e-02
1.398825198411941528e-01
1.995939202606678009e-02
5.861172676086425781e-01
3.460928201675415039e-01
2.235722988843917847e-01
1.277146488428115845e-02
1.106678366661071777e+00
3.454623818397521973e-01
1.842337399721145630e-01
7.360048890113830566e-01
2.688401751220226288e-02
4.497604817152023315e-02
1.402422189712524414e+00
1.014671102166175842e-01
1.096661329269409180e+00
4.349472999572753906e+00
7.234888076782226562e-01
1.276850849390029907e-01
1.549703031778335571e-01
9.389808773994445801e-01
5.076501145958900452e-02
1.213363036513328552e-01
3.150672418996691704e-03
2.565309405326843262e-02
1.225120127201080322e-01
0.000000000000000000e+00
6.920375227928161621e-01
8.048396110534667969e-01
4.526593983173370361e-01
1.181170463562011719e+00
4.687205255031585693e-01
1.847871840000152588e-01
1.548604726791381836e+00
9.851644039154052734e-01
4.250150024890899658e-01
3.156516849994659424e-01
1.963254064321517944e-02
0.000000000000000000e+00
1.423182040452957153e-01
1.990948766469955444e-01
4.290488958358764648e-01
6.536509394645690918e-01
5.292040109634399414e-02
9.368129372596740723e-01
0.000000000000000000e+00
5.546501278877258301e-01
1.068160891532897949e+00
1.915585696697235107e-01
8.295954465866088867e-01
0.000000000000000000e+00
1.380351185798645020e-01
2.424123883247375488e-01
0.000000000000000000e+00
1.446432620286941528e-01
3.404629826545715332e-01
1.608815938234329224e-01
1.079049110412597656e+00
1.858884334564208984e+00
0.000000000000000000e+00
6.268866062164306641e-01
3.158297538757324219e-01
5.371207743883132935e-02
0.000000000000000000e+00
0.000000000000000000e+00
8.469606190919876099e-02
5.588349699974060059e-01
2.019161701202392578e+00
9.534052573144435883e-03
1.614841222763061523e+00
1.490039825439453125e-01
1.877146959304809570e+00
4.182669892907142639e-02
2.134217768907546997e-01
1.393543034791946411e-01
1.952459812164306641e-01
0.000000000000000000e+00
2.226852923631668091e-01
2.510108053684234619e-01
2.047509402036666870e-01
8.239384889602661133e-01
3.792809545993804932e-01
2.239961624145507812e+00
9.531188011169433594e-01
0.000000000000000000e+00
1.592824421823024750e-02
3.207631111145019531e-01
6.474374979734420776e-02
2.597064077854156494e-01
6.762265563011169434e-01
2.089334428310394287e-01
1.855199038982391357e-01
1.478879153728485107e-01
1.767293959856033325e-01
1.153311848640441895e+00
1.435266733169555664e-01
1.707656681537628174e-01
8.036084771156311035e-01
1.081689149141311646e-01
4.679799377918243408e-01
3.857708275318145752e-01
7.420114427804946899e-02
5.408791303634643555e-01
2.118618190288543701e-01
1.554243803024291992e+00
2.853499054908752441e-01
2.345169931650161743e-01
6.045883893966674805e-02
1.472542881965637207e-01
1.516727805137634277e+00
9.179080128669738770e-01
5.564815998077392578e-01
5.514460206031799316e-01
5.129783153533935547e-01
3.276726007461547852e-01
1.861396670341491699e+00
1.026606261730194092e-01
1.883664488792419434e+00
4.384085536003112793e-02
8.955596685409545898e-01
2.786023020744323730e-01
3.287602663040161133e-01
1.164342761039733887e+00
5.423718094825744629e-01
1.371086478233337402e+00
7.966158986091613770e-01
4.492383599281311035e-01
1.824969053268432617e+00
1.053870081901550293e+00
0.000000000000000000e+00
9.227044135332107544e-02
1.460430264472961426e+00
1.680056691169738770e+00
2.829374551773071289e+00
2.818151712417602539e+00
9.022788144648075104e-03
2.207283526659011841e-01
4.442833960056304932e-01
1.499788463115692139e-01
7.545676827430725098e-01
1.032265663146972656e+00
4.740500450134277344e-02
4.063953757286071777e-01
8.617978692054748535e-01
0.000000000000000000e+00
4.114044308662414551e-01
1.052534222602844238e+00
3.533914387226104736e-01
6.366105079650878906e-01
9.140741825103759766e-01
1.357451379299163818e-01
0.000000000000000000e+00
1.981014311313629150e-01
1.425448656082153320e-01
9.762948611751198769e-04
2.397946640849113464e-02
3.272097557783126831e-02
2.279683649539947510e-01
6.167555972933769226e-02
3.646428883075714111e-02
0.000000000000000000e+00
5.509098768234252930e-01
0.000000000000000000e+00
8.328194022178649902e-01
7.817021012306213379e-01
2.011660099029541016e+00
1.880804598331451416e-01
4.552268683910369873e-01
1.234093189239501953e+00
6.918741464614868164e-01
1.403383493423461914e+00
2.121789157390594482e-01
9.777805805206298828e-01
2.749769687652587891e-01
3.489824533462524414e+00
1.411074306815862656e-02
1.823956668376922607e-01
2.537836074829101562e+00
0.000000000000000000e+00
5.959128737449645996e-01
1.935359120368957520e+00
4.352072477340698242e-01
9.831485152244567871e-02
5.848579108715057373e-02
2.736389636993408203e-01
5.509545207023620605e-01
0.000000000000000000e+00
0.000000000000000000e+00
9.339766949415206909e-02
2.477800846099853516e-01
1.977963186800479889e-02
9.320415556430816650e-02
9.808943420648574829e-02
7.640675641596317291e-03
2.491210401058197021e-02
4.179895296692848206e-02
4.019299231003969908e-04
0.000000000000000000e+00
1.081859320402145386e-01
4.622498452663421631e-01
7.263826727867126465e-01
0.000000000000000000e+00
2.466339319944381714e-01
2.638908103108406067e-02
2.931833863258361816e-01
9.642093442380428314e-03
4.142847657203674316e-01
2.063356935977935791e-01
1.121051758527755737e-01
1.009147047996520996e+00
0.000000000000000000e+00
4.530843198299407959e-01
3.998575806617736816e-01
4.687128663063049316e-01
5.506016016006469727e-01
2.492077415809035301e-03
4.165040329098701477e-02
6.335909664630889893e-02
2.563050389289855957e-01
1.459120661020278931e-01
2.903792560100555420e-01
1.977257966995239258e+00
1.143335938453674316e+00
1.102449968457221985e-01
5.247586369514465332e-01
9.227479994297027588e-02
3.160861134529113770e-01
1.878981711342930794e-03
3.419339656829833984e-02
7.359264045953750610e-02
9.584686905145645142e-02
8.838716894388198853e-02
1.044281274080276489e-01
4.578072726726531982e-01
0.000000000000000000e+00
7.368806400336325169e-04
2.329678386449813843e-01
9.536705613136291504e-01
2.471956759691238403e-01
5.520922597497701645e-03
4.613676369190216064e-01
4.146778210997581482e-02
1.977520734071731567e-01
2.485763840377330780e-02
1.326986495405435562e-02
0.000000000000000000e+00
6.494054198265075684e-01
1.276174783706665039e+00
8.248600959777832031e+00
1.070928335189819336e+00
2.018078416585922241e-02
6.774930357933044434e-01
5.562991499900817871e-01
0.000000000000000000e+00
1.095966696739196777e-01
8.718642406165599823e-03
2.864226400852203369e-01
5.857538059353828430e-02
1.860229372978210449e-01
7.012851536273956299e-02
1.622775495052337646e-01
7.809051871299743652e-02
1.767069101333618164e+00
7.780590653419494629e-02
2.454191684722900391e+00
1.056223869323730469e+00
7.928121089935302734e-01
2.526555061340332031e-01
3.116490542888641357e-01
4.222014918923377991e-02
1.776131801307201385e-02
3.632232248783111572e-01
1.036519408226013184e-01
1.160173956304788589e-02
3.324363380670547485e-02
1.026818275451660156e+00
6.167656779289245605e-01
7.290628552436828613e-01
4.713648557662963867e-01
1.136610060930252075e-01
6.525196135044097900e-02
2.389999628067016602e+00
1.702348142862319946e-01
2.109104871749877930e+00
1.105817317962646484e+00
2.983328104019165039e-01
4.110649228096008301e-01
2.206009328365325928e-01
2.595342993736267090e-01
5.189809799194335938e-01
1.963056325912475586e-01
8.352965861558914185e-02
1.352891206741333008e+00
1.595199853181838989e-01
0.000000000000000000e+00
1.246950253844261169e-01
7.262799888849258423e-02
1.231937482953071594e-02
4.469630718231201172e-01
2.924489259719848633e+00
0.000000000000000000e+00
2.087212055921554565e-01
0.000000000000000000e+00
9.504117965698242188e-01
0.000000000000000000e+00
7.374161481857299805e-02
1.112322285771369934e-01
6.667173504829406738e-01
5.413216073065996170e-03
1.120783910155296326e-01
6.134818196296691895e-01
2.359791472554206848e-02
5.579228699207305908e-02
0.000000000000000000e+00
1.014100313186645508e+00
4.980464875698089600e-01
0.000000000000000000e+00
5.650492310523986816e-01
3.125850856304168701e-01
3.263511881232261658e-02
2.341278642416000366e-01
9.051722288131713867e-02
3.426139801740646362e-02
3.121381998062133789e-01
1.029941439628601074e+00
1.604998409748077393e-01
3.867074549198150635e-01
8.618532121181488037e-02
6.844050884246826172e-01
1.388400942087173462e-01
2.064666524529457092e-02
2.901641130447387695e-01
2.954427897930145264e-01
1.156838610768318176e-02
5.825523734092712402e-01
1.489766836166381836e-01
4.779762029647827148e-01
4.619092345237731934e-01
1.102586314082145691e-01
7.418021559715270996e-02
6.453257799148559570e-01
3.246771520934998989e-04
8.842129260301589966e-02
2.597702264785766602e+00
5.220360159873962402e-01
2.466234415769577026e-01
1.937168650329113007e-02
1.030158996582031250e-01
1.282660365104675293e+00
6.580930668860673904e-03
9.733152389526367188e-01
2.253450918942689896e-03
1.664023697376251221e-01
1.329791992902755737e-01
2.472893893718719482e-01
2.486991733312606812e-01
1.158298134803771973e+00
0.000000000000000000e+00
7.366373389959335327e-02
3.291616737842559814e-01
3.848003447055816650e-01
0.000000000000000000e+00
2.169168293476104736e-01
0.000000000000000000e+00
1.634463548660278320e+00
4.076780080795288086e-01
2.583514750003814697e-01
1.377527713775634766e+00
4.904727451503276825e-03
0.000000000000000000e+00
4.087947010993957520e-01
1.750415265560150146e-01
1.397472620010375977e-01
1.510509848594665527e+00
3.055784404277801514e-01
7.179934382438659668e-01
1.827158033847808838e-01
3.281123042106628418e-01
7.058509439229965210e-02
2.400616742670536041e-02
3.401309549808502197e-01
5.992166399955749512e-01
4.104174375534057617e-01
1.433602869510650635e-01
7.410264015197753906e-01
6.411944329738616943e-02
1.187186717987060547e+00
8.378772437572479248e-02
5.172086134552955627e-02
1.681319773197174072e-01
3.909689188003540039e-02
1.518408488482236862e-02
4.152790457010269165e-02
1.074089035391807556e-01
2.047726154327392578e+00
0.000000000000000000e+00
2.781134285032749176e-02
2.368984222412109375e+00
0.000000000000000000e+00
1.350746512413024902e+00
8.873313069343566895e-01
2.724869847297668457e-01
4.443224146962165833e-02
5.085886642336845398e-02
4.464853107929229736e-01
1.485255360603332520e+00
5.684170126914978027e-01
2.676506936550140381e-01
5.052655935287475586e-01
9.557643532752990723e-01
7.524116337299346924e-02
1.224114466458559036e-02
3.972482979297637939e-01
1.580402106046676636e-01
1.903894008137285709e-04
0.000000000000000000e+00
6.708586812019348145e-01
3.398626565933227539e+00
9.798450767993927002e-02
4.447627961635589600e-01
1.222020387649536133e+00
1.437259078025817871e+00
1.789656758308410645e+00
1.170379996299743652e+00
8.189251273870468140e-02
5.985445976257324219e-01
3.174968808889389038e-02
2.134927809238433838e-01
1.320442836731672287e-02
9.239184260368347168e-01
1.215366125106811523e+00
3.558180630207061768e-01
1.314716413617134094e-02
7.177915424108505249e-02
1.250549316406250000e+00
5.728365778923034668e-01
7.143605947494506836e-01
3.839188814163208008e-01
1.386652112007141113e+00
6.386207044124603271e-02
5.123075842857360840e-01
2.925879061222076416e-01
1.992680430412292480e+00
6.236815825104713440e-03
2.206916064023971558e-01
3.224640786647796631e-01
0.000000000000000000e+00
2.340604662895202637e-01
1.158352568745613098e-01
2.113533765077590942e-01
8.514447808265686035e-01
2.955963611602783203e-01
9.706845879554748535e-02
2.255944162607192993e-01
1.081457659602165222e-01
3.576229512691497803e-01
1.436220258474349976e-01
1.170744180679321289e+00
8.358182013034820557e-02
2.213545441627502441e-01
3.403426706790924072e-02
3.764536604285240173e-02
4.269908070564270020e-01
0.000000000000000000e+00
7.471746951341629028e-02
5.531268119812011719e-01
4.455397725105285645e-01
0.000000000000000000e+00
1.108759939670562744e-01
0.000000000000000000e+00
1.394565939903259277e+00
2.531500339508056641e+00
1.434635072946548462e-01
2.894279956817626953e-01
7.753288149833679199e-01
7.550342082977294922e+00
5.860212445259094238e-01
0.000000000000000000e+00
1.503239572048187256e-01
1.895887404680252075e-01
7.049109786748886108e-02
6.884379386901855469e-01
4.127056300640106201e-01
0.000000000000000000e+00
1.045821547508239746e+00
6.389019638299942017e-02
7.175158262252807617e-01
5.202029347419738770e-01
1.004288315773010254e+00
1.370122432708740234e-01
1.940754055976867676e-02
1.264643788337707520e+00
7.654087990522384644e-02
4.715546667575836182e-01
5.386266484856605530e-02
0.000000000000000000e+00
3.227744624018669128e-02
5.437129139900207520e-01
1.436749696731567383e-01
7.135530710220336914e-01
2.542231678962707520e-01
2.965067327022552490e-02
8.338239192962646484e-01
0.000000000000000000e+00
0.000000000000000000e+00
1.327927261590957642e-01
5.316818356513977051e-01
7.888588905334472656e-01
9.202717989683151245e-02
2.399717271327972412e-01
0.000000000000000000e+00
6.466455459594726562e-01
1.407738775014877319e-01
2.104388475418090820e-01
8.140980452299118042e-02
6.270734667778015137e-01
3.024952411651611328e-01
2.984828948974609375e-01
1.773819676600396633e-03
1.306100964546203613e+00
5.825666189193725586e-01
3.948383778333663940e-02
0.000000000000000000e+00
1.494518876075744629e+00
1.414926946163177490e-01
1.415367603302001953e+00
1.220549363642930984e-02
4.189054071903228760e-01
1.609948128461837769e-01
7.369154095649719238e-01
2.178433686494827271e-01
1.045795798301696777e+00
1.497975643724203110e-02
4.774874448776245117e-01
1.801778197288513184e+00
3.467661619186401367e+00
2.362313568592071533e-01
8.494002819061279297e-01
8.994177728891372681e-02
1.882992982864379883e-01
8.776599168777465820e-01
0.000000000000000000e+00
7.088556289672851562e-01
4.401453733444213867e-01
1.381043314933776855e+00
3.564187500160187483e-04
6.867761611938476562e-01
1.109464406967163086e+00
1.912674009799957275e-01
1.915059983730316162e-02
1.112332105636596680e+00
0.000000000000000000e+00
1.003243494778871536e-02
8.478475809097290039e-01
3.141144812107086182e-01
0.000000000000000000e+00
0.000000000000000000e+00
1.232259422540664673e-01
3.649207055568695068e-01
5.855207890272140503e-02
1.985582560300827026e-01
3.761388063430786133e-01
4.415467679500579834e-01
7.566131651401519775e-02
1.228532046079635620e-01
1.911687701940536499e-01
1.336451387032866478e-03
0.000000000000000000e+00
1.120822310447692871e+00
4.958026111125946045e-02
2.115367650985717773e-01
1.701878428459167480e+00
3.262544423341751099e-02
4.124585092067718506e-01
0.000000000000000000e+00
5.258685946464538574e-01
0.000000000000000000e+00
2.764178812503814697e-01
2.496662139892578125e-01
3.877245634794235229e-02
3.242190182209014893e-01
1.411763578653335571e-01
6.156907081604003906e-01
1.038390770554542542e-01
6.669674813747406006e-02
2.888319969177246094e+00
9.065125882625579834e-02
4.693701863288879395e-01
6.075625307857990265e-03
0.000000000000000000e+00
3.263730555772781372e-02
1.630532264709472656e+00
2.063615024089813232e-01
7.149784564971923828e-01
6.007508039474487305e-01
1.056700348854064941e-01
5.016124844551086426e-01
4.499922096729278564e-01
8.389536142349243164e-01
3.674515783786773682e-01
1.462391614913940430e-01
4.145900309085845947e-01
1.439888589084148407e-02
1.274742484092712402e+00
6.933908909559249878e-02
9.325224906206130981e-03
1.306016921997070312e+00
1.063756197690963745e-01
9.034682512283325195e-01
0.000000000000000000e+00
9.699554443359375000e-01
1.897296905517578125e-01
5.500042811036109924e-02
2.239249467849731445e+00
0.000000000000000000e+00
9.964430928230285645e-01
6.218454241752624512e-01
1.280280232429504395e+00
3.186427755281329155e-03
7.352866530418395996e-01
4.525557458400726318e-01
2.666126191616058350e-01
2.965706288814544678e-01
5.651812069118022919e-03
6.394996773451566696e-03
1.718871295452117920e-02
5.748950839042663574e-01
1.358484178781509399e-01
5.019689798355102539e-01
8.205664902925491333e-02
1.128943800926208496e+00
1.015885949134826660e+00
2.501558959484100342e-01
2.212968319654464722e-01
6.384029388427734375e-01
6.931107491254806519e-02
2.840484678745269775e-02
1.284729689359664917e-02
5.947071909904479980e-01
1.253727674484252930e-01
1.853335648775100708e-01
1.378467530012130737e-01
6.715666055679321289e-01
9.875935316085815430e-01
5.311367511749267578e-01
5.095322728157043457e-01
2.314767390489578247e-01
0.000000000000000000e+00
1.410453021526336670e-01
1.897801876068115234e+00
4.211633503437042236e-01
5.436225794255733490e-03
6.509265303611755371e-01
5.418592691421508789e-02
7.207850217819213867e-01
1.171520575881004333e-01
2.325660362839698792e-02
3.351765573024749756e-01
5.917552858591079712e-02
0.000000000000000000e+00
5.194006562232971191e-01
4.107006192207336426e-01
0.000000000000000000e+00
7.352457940578460693e-02
2.160717546939849854e-01
7.116277515888214111e-02
4.823835790157318115e-01
1.127994179725646973e+00
5.188884586095809937e-02
2.037283480167388916e-01
4.610877633094787598e-01
7.046137470752000809e-03
2.594901025295257568e-01
9.590107947587966919e-02
8.358315378427505493e-02
5.570907890796661377e-02
5.129599198698997498e-02
2.011113315820693970e-01
7.906483369879424572e-04
5.972464680671691895e-01
5.408710241317749023e-02
5.423240363597869873e-02
2.433327287435531616e-01
1.327854301780462265e-02
8.110641837120056152e-01
2.297656297683715820e+00
1.224311590194702148e-01
3.162142038345336914e-01
9.010739922523498535e-01
7.466193288564682007e-02
2.678684294223785400e-01
0.000000000000000000e+00
8.067183494567871094e-01
2.838378073647618294e-03
2.041504621505737305e+00
2.603326924145221710e-02
1.882724612951278687e-01
5.043578743934631348e-01
1.159199327230453491e-01
2.203483309131115675e-04
4.751712977886199951e-01
8.241482377052307129e-01
5.645555257797241211e-01
0.000000000000000000e+00
3.975673615932464600e-01
6.983072757720947266e-01
2.958931446075439453e+00
1.944930404424667358e-01
4.727665781974792480e-01
1.725607067346572876e-01
0.000000000000000000e+00
3.176279962062835693e-01
2.092723846435546875e-01
0.000000000000000000e+00
4.669228494167327881e-01
1.125679984688758850e-01
1.718749880790710449e+00
1.163307204842567444e-01
1.750302463769912720e-01
1.232776790857315063e-02
5.632738471031188965e-01
0.000000000000000000e+00
0.000000000000000000e+00
3.475100100040435791e-01
0.000000000000000000e+00
0.000000000000000000e+00
5.801429748535156250e-01
2.087970227003097534e-01
1.704590022563934326e-01
4.276977479457855225e-01
1.652758717536926270e-01
0.000000000000000000e+00
0.000000000000000000e+00
3.767995536327362061e-01
0.000000000000000000e+00
1.755608916282653809e-01
2.663215994834899902e-01
7.622435688972473145e-02
2.381451427936553955e-01
1.267096847295761108e-01
1.544235972687602043e-03
1.293971240520477295e-01
6.443387269973754883e-01
1.178133010864257812e+00
7.060497999191284180e-02
1.685208797454833984e+00
0.000000000000000000e+00
5.350097417831420898e-01
4.154636383056640625e+00
2.679872326552867889e-02
2.013116031885147095e-01
0.000000000000000000e+00
8.679529651999473572e-03
4.262211918830871582e-01
1.660978347063064575e-01
6.685307025909423828e-01
0.000000000000000000e+00
3.883850574493408203e-02
6.699158549308776855e-01
1.741874217987060547e-01
6.473203748464584351e-02
1.396661877632141113e+00
2.009199857711791992e+00
1.269141118973493576e-02
1.526440382003784180e-01
1.575639694929122925e-01
1.222817659378051758e+00
8.897448331117630005e-02
2.465142607688903809e-01
5.598179697990417480e-01
1.595304846763610840e+00
8.178700804710388184e-01
1.231177374720573425e-01
1.563428044319152832e-01
4.377735137939453125e+00
0.000000000000000000e+00
9.946236610412597656e-01
6.855918765068054199e-01
3.361053764820098877e-01
2.261974215507507324e-01
3.245830908417701721e-02
1.231008172035217285e+00
5.866584181785583496e-02
3.785695135593414307e-01
2.928803861141204834e-01
7.488948106765747070e-01
1.794795542955398560e-01
1.763485744595527649e-02
4.395766258239746094e-01
3.114722371101379395e-01
1.977012008428573608e-01
0.000000000000000000e+00
6.311622262001037598e-01
5.095608234405517578e-01
3.214695155620574951e-01
7.510343194007873535e-01
1.319816470146179199e+00
7.038859724998474121e-01
9.060285091400146484e-01
3.901972770690917969e-01
1.500850468873977661e-01
3.974970579147338867e-01
0.000000000000000000e+00
2.279085665941238403e-01
1.108081415295600891e-01
4.029761850833892822e-01
2.418090999126434326e-01
1.683177426457405090e-02
1.028077840805053711e+00
2.995644323527812958e-02
1.763863712549209595e-01
5.617614388465881348e-01
1.958623409271240234e+00
1.041274189949035645e+00
2.220808565616607666e-01
5.291916131973266602e-01
2.622462034225463867e+00
1.202042624354362488e-01
0.000000000000000000e+00
6.683380901813507080e-02
9.600338339805603027e-01
4.660159647464752197e-01
8.340855240821838379e-01
1.898311823606491089e-02
1.064668074250221252e-01
0.000000000000000000e+00
2.415994405746459961e+00
1.648944914340972900e-01
1.502867698669433594e+00
1.780689358711242676e+00
5.314357876777648926e-01
2.764181233942508698e-03
7.389122992753982544e-02
2.698062360286712646e-01
2.902332693338394165e-02
1.885209202766418457e+00
7.687106728553771973e-02
3.866113722324371338e-02
0.000000000000000000e+00
1.703106164932250977e-01
1.026297211647033691e+00
1.287855058908462524e-01
2.539277791976928711e+00
3.068271465599536896e-02
3.766657412052154541e-02
8.003923296928405762e-01
1.821837127208709717e-01
6.748121976852416992e-02
3.383667171001434326e-01
1.341671869158744812e-02
7.985202074050903320e-01
1.357237994670867920e-01
3.937029242515563965e-01
3.459725379943847656e-01
5.248810350894927979e-02
1.447760462760925293e+00
3.532871603965759277e-01
1.362149238586425781e+00
1.327055320143699646e-02
6.976194381713867188e-01
1.036391011439263821e-03
2.323001623153686523e-01
3.807146310806274414e+00
2.717074565589427948e-02
4.795090854167938232e-02
1.961013317108154297e+00
2.673304826021194458e-02
1.182293593883514404e-01
1.643654942512512207e+00
1.289219141006469727e+00
4.025009274482727051e-02
9.148279428482055664e-01
5.469998121261596680e-01
8.070831894874572754e-01
4.621497094631195068e-01
1.180031776428222656e+00
3.137847483158111572e-01
6.262895464897155762e-01
8.052166551351547241e-02
0.000000000000000000e+00
2.337946146726608276e-01
5.820193514227867126e-02
4.277335479855537415e-02
7.303033769130706787e-02
3.993117250502109528e-03
1.964708924293518066e+00
3.496822416782379150e-01
8.378791809082031250e-02
1.462970852851867676e+00
1.992108225822448730e+00
7.026680111885070801e-01
3.977267742156982422e-01
5.991899967193603516e-01
7.471950724720954895e-03
1.466798782348632812e-02
8.159160017967224121e-01
8.084339499473571777e-01
2.368726730346679688e-01
3.242183104157447815e-02
0.000000000000000000e+00
6.989817619323730469e-01
3.265063464641571045e-02
7.513211965560913086e-01
6.467856764793395996e-01
2.566487193107604980e-01
1.160122230648994446e-01
2.341525852680206299e-01
1.871546208858489990e-01
6.592398881912231445e-01
3.924529626965522766e-02
5.605859309434890747e-02
1.196839660406112671e-01
3.070214986801147461e-01
5.838370919227600098e-01
1.453997373580932617e+00
0.000000000000000000e+00
6.596816331148147583e-02
2.242125384509563446e-02
5.526813864707946777e-01
1.418294161558151245e-01
6.366306543350219727e-01
7.096028327941894531e-01
2.326475679874420166e-01
2.124277651309967041e-01
7.089686393737792969e-01
1.852728798985481262e-02
1.539243698120117188e+00
3.537215758115053177e-03
7.970792055130004883e-01
1.002687335014343262e+00
6.692193448543548584e-02
1.101758837699890137e+00
1.260019302368164062e+00
2.002190351486206055e-01
3.366406559944152832e-01
2.379973232746124268e-01
2.497440129518508911e-01
1.129461526870727539e+00
1.353114128112792969e+00
1.116386890411376953e+00
3.579416498541831970e-02
6.537064909934997559e-02
7.853242754936218262e-01
3.729794174432754517e-02
5.195935964584350586e-01
3.287715911865234375e-01
2.634723186492919922e-01
1.464120149612426758e-01
8.881619572639465332e-01
8.141132444143295288e-02
2.370209619402885437e-02
3.653576970100402832e-01
6.840491890907287598e-01
