4.299000278115272522e-02
4.501112401485443115e-01
3.514177724719047546e-02
1.403912186622619629e+00
8.830910176038742065e-02
1.271343350410461426e+00
1.405277371406555176e+00
2.746753394603729248e-01
8.231851458549499512e-01
4.298640787601470947e-01
2.239862680435180664e-01
9.639319777488708496e-01
2.196225374937057495e-01
0.000000000000000000e+00
4.189693927764892578e-01
4.647071361541748047e-01
8.127392083406448364e-02
2.257022380828857422e+00
1.438596546649932861e-01
4.230226874351501465e-01
1.631994485855102539e+00
1.065120398998260498e-01
2.918064296245574951e-01
6.573480963706970215e-01
6.219604611396789551e-01
1.056254744529724121e+00
1.933793723583221436e-02
4.691586494445800781e-01
5.864797905087471008e-02
5.464773252606391907e-02
1.506775170564651489e-01
9.224507808685302734e-01
3.046164214611053467e-01
2.179727517068386078e-02
8.849240839481353760e-03
4.107783436775207520e-01
1.711271516978740692e-02
7.058512568473815918e-01
2.175422608852386475e-01
3.314328491687774658e-01
7.530986070632934570e-01
2.873333394527435303e-01
1.323448568582534790e-01
3.969490528106689453e-01
6.511416751891374588e-03
8.627684414386749268e-02
2.424594014883041382e-01
1.018364802002906799e-01
6.512313336133956909e-02
1.451621651649475098e-01
7.639261335134506226e-02
1.500780731439590454e-01
1.855308115482330322e-01
7.779629230499267578e-01
1.956279017031192780e-02
2.075431197881698608e-01
5.596038103103637695e-01
1.566790975630283356e-02
1.344377696514129639e-01
1.655469387769699097e-01
3.912236690521240234e-01
2.129429280757904053e-01
1.155107498168945312e+00
9.228451251983642578e-01
9.935565590858459473e-01
5.134763717651367188e-01
5.879953876137733459e-02
2.183588743209838867e-01
1.026903167366981506e-01
0.000000000000000000e+00
5.022600293159484863e-02
2.489190846681594849e-01
3.560080528259277344e-01
1.153925247490406036e-02
4.646238088607788086e-01
2.585415840148925781e-01
6.332032680511474609e-01
1.409329771995544434e-01
6.851906180381774902e-01
0.000000000000000000e+00
3.509844839572906494e-01
1.510555893182754517e-01
3.715734183788299561e-01
6.213207729160785675e-03
5.852926969528198242e-01
2.652733027935028076e-01
7.997947186231613159e-02
0.000000000000000000e+00
5.104525089263916016e-01
3.426605463027954102e-01
4.671008884906768799e-01
0.000000000000000000e+00
4.419945552945137024e-02
2.285185009241104126e-01
3.858371675014495850e-01
6.595368385314941406e-01
1.179554581642150879e+00
1.094204187393188477e+00
2.041238248348236084e-01
2.143620699644088745e-01
3.404687345027923584e-02
3.180365264415740967e-02
1.126334309577941895e+00
2.262229919433593750e+00
1.046547055244445801e+00
3.516447842121124268e-01
1.756831817328929901e-02
5.221360176801681519e-02
3.657602965831756592e-01
4.968043863773345947e-01
3.795814812183380127e-01
7.634454965591430664e-01
8.150687217712402344e-01
1.756954044103622437e-01
2.777455151081085205e-01
4.974054172635078430e-02
8.271481394767761230e-01
1.725195348262786865e-01
3.534245491027832031e-01
2.878273725509643555e+00
1.388699710369110107e-01
1.139755249023437500e-01
9.474392235279083252e-02
2.558679103851318359e+00
5.238461971282958984e+00
8.210559934377670288e-02
9.180977195501327515e-02
6.557852029800415039e-01
3.411732614040374756e-02
1.705219224095344543e-02
1.401051282882690430e+00
3.671015202999114990e-01
6.212260946631431580e-02
2.086312770843505859e-01
2.144731730222702026e-01
1.437327712774276733e-01
1.369555890560150146e-01
3.127019405364990234e-01
4.878724575042724609e+00
5.469563007354736328e-01
0.000000000000000000e+00
4.884368777275085449e-01
3.197416365146636963e-01
5.482617020606994629e-01
6.857949774712324142e-03
0.000000000000000000e+00
2.782589673995971680e+00
3.727566599845886230e-01
1.132185310125350952e-01
1.468789428472518921e-01
3.167898952960968018e-02
3.532938892021775246e-03
1.068673133850097656e+00
1.466023176908493042e-01
4.311423376202583313e-02
4.632711112499237061e-01
2.761452198028564453e-01
4.469342231750488281e-01
8.088869601488113403e-02
3.793171048164367676e-02
7.174371480941772461e-01
2.035815119743347168e-01
3.347493708133697510e-01
7.997545599937438965e-01
1.020528376102447510e-01
6.570302844047546387e-01
6.932586431503295898e-02
7.018128037452697754e-02
2.337690293788909912e-01
1.055330689996480942e-02
6.110048294067382812e-01
3.300368189811706543e-01
8.351689577102661133e-01
3.420565649867057800e-02
6.314658373594284058e-02
7.778024300932884216e-03
1.042522341012954712e-01
1.086769223213195801e+00
4.338136911392211914e-01
4.640125334262847900e-01
3.766504526138305664e-01
2.172980271279811859e-02
5.631695985794067383e-01
5.922284722328186035e-01
2.886056005954742432e-01
2.401981204748153687e-01
2.227804958820343018e-01
5.564708113670349121e-01
1.686069667339324951e-01
1.835456639528274536e-01
1.224863305687904358e-01
2.442814707756042480e-01
1.780899167060852051e-01
5.533325485885143280e-03
0.000000000000000000e+00
1.199440434575080872e-01
7.150835990905761719e-01
3.350664377212524414e-01
2.153496444225311279e-01
7.477638125419616699e-01
5.175255537033081055e-01
1.732510179281234741e-01
8.650245517492294312e-02
3.182238340377807617e-01
2.124476283788681030e-01
9.716511517763137817e-02
2.810346782207489014e-01
4.401538968086242676e-01
0.000000000000000000e+00
8.056055307388305664e-01
4.477420076727867126e-02
3.357291817665100098e-01
1.037088334560394287e-01
8.144782185554504395e-01
7.766365259885787964e-02
2.459588348865509033e-01
1.227889489382505417e-02
1.302791357040405273e+00
5.684139952063560486e-02
0.000000000000000000e+00
6.658979058265686035e-01
8.888556808233261108e-02
2.854590713977813721e-01
6.382903456687927246e-02
2.066538482904434204e-02
6.536805033683776855e-01
1.539382487535476685e-01
2.497638463973999023e-01
1.759666353464126587e-01
4.118633568286895752e-01
0.000000000000000000e+00
3.323713839054107666e-01
2.927495479583740234e+00
3.292479738593101501e-02
3.418174386024475098e-01
4.281610716134309769e-03
1.587863117456436157e-01
7.853680253028869629e-01
2.759831259027123451e-03
7.727358490228652954e-02
2.036031633615493774e-01
1.620246469974517822e-01
1.917395442724227905e-01
7.486649155616760254e-01
1.187232285737991333e-01
0.000000000000000000e+00
2.541757375001907349e-02
1.755993068218231201e-01
4.390800371766090393e-02
6.440409272909164429e-02
0.000000000000000000e+00
6.118981242179870605e-01
1.339977622032165527e+00
0.000000000000000000e+00
4.950215518474578857e-01
2.201624065637588501e-01
2.467683888971805573e-02
3.159683197736740112e-02
1.879250817000865936e-02
4.202992320060729980e-01
2.521803081035614014e-01
1.423444747924804688e+00
2.038653850555419922e+00
0.000000000000000000e+00
2.457773238420486450e-01
1.270839571952819824e-01
4.942479357123374939e-02
6.329687833786010742e-01
1.029619500041007996e-01
1.163496017456054688e+00
9.075673669576644897e-02
1.510723829269409180e-01
6.303191184997558594e-03
9.060965478420257568e-02
4.174101054668426514e-01
8.639816641807556152e-01
1.439832568168640137e+00
5.324359238147735596e-02
2.502891719341278076e-01
4.828597232699394226e-02
5.245422720909118652e-01
1.003480195999145508e+00
2.566484808921813965e-01
1.866091936826705933e-01
1.232989668846130371e+00
3.616494834423065186e-01
3.281076252460479736e-01
0.000000000000000000e+00
1.796177774667739868e-01
2.548921108245849609e-01
3.719165325164794922e-01
1.274141311645507812e+00
1.607329957187175751e-02
1.198378205299377441e-01
6.152401119470596313e-02
4.648992717266082764e-01
6.221833229064941406e-01
6.927382200956344604e-02
1.200735807418823242e+00
2.145866155624389648e-01
7.995480298995971680e-01
3.070825338363647461e-01
1.383647084236145020e+00
1.560490012168884277e+00
4.619281888008117676e-01
4.499552845954895020e-01
6.429914832115173340e-01
8.520881533622741699e-01
1.940758824348449707e-01
5.541591048240661621e-01
1.125721693038940430e+00
4.123485982418060303e-01
1.449655771255493164e+00
0.000000000000000000e+00
1.121018886566162109e+00
9.820909500122070312e-01
1.054456308484077454e-01
5.073433369398117065e-02
2.338197827339172363e-01
1.938264012336730957e+00
1.458629518747329712e-01
2.602279484272003174e-01
3.534066379070281982e-01
7.504724264144897461e-01
7.307139635086059570e-01
1.286867707967758179e-01
1.010100618004798889e-01
1.809122562408447266e-01
1.569503098726272583e-01
7.501949667930603027e-01
5.051469802856445312e-02
1.585100173950195312e+00
3.917917907238006592e-01
1.462404727935791016e-01
3.186150789260864258e-01
3.108202219009399414e-01
1.492959558963775635e-01
1.348249018192291260e-01
1.765270233154296875e-01
4.305368661880493164e-01
0.000000000000000000e+00
2.159324884414672852e-01
1.552355289459228516e-01
4.897486791014671326e-02
0.000000000000000000e+00
2.814702689647674561e-01
4.172231853008270264e-01
1.396298855543136597e-01
1.832984983921051025e-01
9.875112771987915039e-02
6.712069269269704819e-03
6.819094996899366379e-03
2.789638638496398926e-01
0.000000000000000000e+00
5.913350265473127365e-03
6.786285638809204102e-01
1.818635687232017517e-02
2.424630075693130493e-01
2.475145310163497925e-01
1.095243096351623535e+00
3.155103325843811035e-01
1.596461385488510132e-01
1.053058821707963943e-02
1.940017491579055786e-01
0.000000000000000000e+00
5.270475149154663086e-01
4.467672705650329590e-01
3.115679621696472168e-01
1.043013483285903931e-01
3.749788701534271240e-01
1.468086242675781250e-02
4.380457103252410889e-01
7.330311536788940430e-01
2.673463523387908936e-01
1.430469155311584473e+00
8.522563427686691284e-02
2.074792832136154175e-01
3.136615268886089325e-04
2.852160632610321045e-01
4.173382222652435303e-01
4.124071121215820312e+00
6.287615895271301270e-01
5.003654360771179199e-01
5.415075421333312988e-01
1.552044972777366638e-02
1.934279873967170715e-02
6.130191087722778320e-01
2.226070612668991089e-01
8.609488606452941895e-02
1.007834434509277344e+00
1.345860809087753296e-01
6.261683702468872070e-01
1.632329374551773071e-01
7.369985338300466537e-03
4.595758020877838135e-01
4.576895534992218018e-01
0.000000000000000000e+00
5.919595360755920410e-01
2.474846392869949341e-01
0.000000000000000000e+00
2.539859294891357422e+00
5.072792246937751770e-02
5.549501180648803711e-01
2.057174205780029297e+00
8.809979259967803955e-02
0.000000000000000000e+00
2.346770465373992920e-01
7.569668889045715332e-01
1.411590099334716797e+00
0.000000000000000000e+00
3.082001209259033203e-01
1.782871931791305542e-01
1.602699309587478638e-01
2.819236814975738525e-01
3.396837711334228516e-01
3.821131587028503418e-01
4.701218903064727783e-01
7.417138814926147461e-01
1.469726413488388062e-01
2.567588537931442261e-02
4.392945021390914917e-02
1.388447523117065430e+00
4.026687443256378174e-01
1.079016476869583130e-01
4.553175568580627441e-01
1.118995308876037598e+00
3.492587208747863770e-01
0.000000000000000000e+00
5.132005736231803894e-02
1.016473770141601562e-01
2.591260671615600586e-01
8.701864629983901978e-02
1.913316011428833008e+00
3.805063068866729736e-01
5.735843628644943237e-02
1.671468913555145264e-01
1.849443465471267700e-01
1.058947574347257614e-02
1.599355340003967285e-01
4.480110406875610352e-01
2.058229967951774597e-02
1.263083964586257935e-01
2.312554419040679932e-02
1.215365454554557800e-01
4.360801279544830322e-01
5.505947768688201904e-02
1.183238532394170761e-02
1.255687326192855835e-01
0.000000000000000000e+00
5.566284433007240295e-02
1.241646885871887207e+00
8.236914128065109253e-02
1.381319046020507812e+00
1.559503674507141113e-01
5.353031158447265625e-01
4.293338954448699951e-01
4.065292305313050747e-04
4.135775089263916016e+00
8.598705381155014038e-02
1.173387840390205383e-01
5.355520546436309814e-02
1.140020132064819336e+00
3.088349401950836182e-01
8.531634807586669922e-01
9.844251275062561035e-01
2.633586525917053223e-01
1.395066082477569580e-01
4.540485739707946777e-01
2.408128827810287476e-01
3.363266885280609131e-01
8.345312625169754028e-02
9.820208549499511719e-01
2.994958639144897461e+00
4.979037344455718994e-01
5.593878030776977539e-02
5.791158676147460938e-01
7.824346423149108887e-03
3.059973418712615967e-01
7.078872323036193848e-01
2.995369434356689453e-01
1.671678572893142700e-01
9.610751271247863770e-01
0.000000000000000000e+00
1.919232904911041260e-01
8.353521347045898438e+00
1.969441324472427368e-01
0.000000000000000000e+00
2.863346366211771965e-03
9.419614672660827637e-01
0.000000000000000000e+00
9.637891054153442383e-01
2.148577570915222168e-01
4.493040964007377625e-02
1.772950217127799988e-02
1.015564560890197754e+00
3.662362322211265564e-02
3.541058897972106934e-01
9.960459470748901367e-01
7.611846923828125000e-01
3.479412555694580078e+00
1.085162237286567688e-01
1.200065910816192627e-01
2.452721148729324341e-01
1.753989577293395996e+00
2.383473217487335205e-01
1.560392826795578003e-01
1.558502554893493652e+00
4.622130468487739563e-02
1.496803402900695801e+00
1.594291441142559052e-02
6.707109212875366211e-01
2.065564632415771484e+00
7.376453876495361328e-01
6.587900519371032715e-01
5.761750340461730957e-01
1.070633307099342346e-01
1.318073153495788574e+00
1.596343994140625000e+00
1.556097745895385742e+00
5.727836117148399353e-02
6.015163064002990723e-01
2.568080127239227295e-01
5.915107727050781250e-01
2.627098560333251953e-01
6.337564904242753983e-03
1.733202576637268066e+00
5.820745825767517090e-01
1.322421878576278687e-01
8.326345682144165039e-02
2.359913438558578491e-01
1.147466599941253662e-01
4.271522164344787598e-01
2.803121805191040039e+00
1.187946572899818420e-01
7.497529685497283936e-02
6.703099012374877930e-01
7.114547491073608398e-01
1.445532441139221191e-01
0.000000000000000000e+00
6.909481048583984375e+00
1.277162075042724609e+00
3.493953123688697815e-02
4.723261594772338867e-01
5.699151009321212769e-02
0.000000000000000000e+00
4.269565641880035400e-01
1.846360802650451660e+00
1.226906552910804749e-01
3.153940662741661072e-02
1.139888763427734375e-01
2.951285243034362793e-02
1.837077289819717407e-01
2.388249486684799194e-01
6.902191787958145142e-02
0.000000000000000000e+00
2.426644116640090942e-01
4.429359436035156250e-01
1.448008865118026733e-01
4.054104685783386230e-01
7.962442934513092041e-02
1.811155229806900024e-01
0.000000000000000000e+00
2.143168002367019653e-01
7.174160331487655640e-02
3.385743200778961182e-01
8.461380749940872192e-02
8.484387993812561035e-01
2.282468378543853760e-01
8.727077394723892212e-02
4.133432805538177490e-01
2.138824015855789185e-01
9.333542585372924805e-01
8.576299548149108887e-01
1.504933387041091919e-01
4.929476380348205566e-01
9.075915217399597168e-01
2.663378715515136719e-01
1.956335008144378662e-01
1.013529062271118164e+00
9.854198992252349854e-02
4.797860607504844666e-02
3.468750044703483582e-02
2.326379269361495972e-01
1.310554593801498413e-01
3.552838228642940521e-03
7.108843922615051270e-01
2.538115382194519043e-01
1.425920426845550537e-01
2.103904008865356445e+00
9.809575974941253662e-02
2.349145412445068359e-01
3.125435590744018555e+00
0.000000000000000000e+00
1.397750079631805420e-01
3.457489311695098877e-01
7.301524281501770020e-01
1.255462884902954102e+00
4.595971107482910156e-01
5.020137429237365723e-01
3.476138710975646973e-01
1.529931068420410156e+00
3.396354615688323975e-01
0.000000000000000000e+00
3.656891584396362305e+00
4.575536251068115234e-01
0.000000000000000000e+00
1.926764994859695435e-01
1.776798367500305176e-01
2.780754268169403076e-01
1.146350428462028503e-01
2.804872393608093262e-01
3.280252916738390923e-03
1.470974832773208618e-01
9.886350631713867188e-01
1.515559554100036621e-01
9.809620976448059082e-01
1.860209554433822632e-01
3.135204613208770752e-01
1.118351578712463379e+00
4.353233575820922852e-01
1.187055230140686035e+00
1.390088200569152832e-01
2.574338018894195557e-01
1.291680574417114258e+00
1.422845363616943359e+00
2.373022735118865967e-01
0.000000000000000000e+00
0.000000000000000000e+00
0.000000000000000000e+00
6.209207773208618164e-01
2.965142726898193359e+00
1.214277222752571106e-01
4.611329138278961182e-01
8.991438150405883789e-02
1.042712852358818054e-01
5.153129696846008301e-01
9.119458198547363281e-01
1.550348997116088867e-01
1.253533482551574707e+00
3.082114271819591522e-02
0.000000000000000000e+00
9.673129320144653320e-01
4.207759797573089600e-01
1.821780651807785034e-01
2.866708040237426758e-01
6.734989881515502930e-01
1.696058213710784912e-01
3.770827874541282654e-02
0.000000000000000000e+00
4.990934729576110840e-01
6.677371263504028320e-02
2.099849097430706024e-02
5.001142621040344238e-01
9.370870590209960938e-01
3.789593577384948730e-01
7.640151381492614746e-01
3.221408426761627197e-01
7.071833610534667969e-01
3.358592689037322998e-01
1.329974412918090820e+00
3.902851581573486328e+00
6.144208461046218872e-02
5.666573047637939453e+00
2.539252676069736481e-02
0.000000000000000000e+00
2.756342664361000061e-02
9.638185054063796997e-02
2.276125699281692505e-01
8.027397096157073975e-02
1.144742965698242188e+00
1.974159479141235352e-01
1.712340712547302246e-01
4.377928674221038818e-01
1.028192281723022461e+00
1.235145553946495056e-01
3.782970607280731201e-01
2.571211099624633789e+00
2.566983997821807861e-01
5.036789178848266602e-01
1.419213414192199707e-01
7.981349229812622070e-01
1.329149492084980011e-02
4.863521829247474670e-02
4.364973902702331543e-01
1.833899617195129395e-01
6.450118422508239746e-01
5.418925359845161438e-02
1.710585117340087891e+00
1.849582418799400330e-02
1.328000575304031372e-01
2.102648735046386719e+00
1.846840679645538330e-01
3.731325268745422363e-02
5.373596549034118652e-01
2.291216552257537842e-01
5.380318686366081238e-02
0.000000000000000000e+00
3.314992189407348633e-01
1.670266538858413696e-01
8.108280599117279053e-02
3.395312130451202393e-01
1.181537657976150513e-01
8.832641243934631348e-01
9.441133588552474976e-02
1.335151195526123047e+00
1.540905609726905823e-02
3.152672052383422852e-01
7.000715136528015137e-01
1.361813098192214966e-01
1.228877902030944824e-01
6.070243939757347107e-02
2.184633255004882812e+00
2.460763091221451759e-03
4.103758931159973145e-02
8.858286142349243164e-01
1.046424388885498047e+00
2.461360394954681396e-01
4.360827058553695679e-02
3.134905397891998291e-01
3.117333650588989258e-01
8.584102243185043335e-02
9.373153001070022583e-02
3.167460858821868896e-01
5.252251774072647095e-02
3.398767709732055664e-01
4.339556768536567688e-02
6.976687163114547729e-02
3.354951441287994385e-01
2.790573239326477051e-01
0.000000000000000000e+00
5.532570481300354004e-01
2.506109699606895447e-02
4.356910288333892822e-01
1.138423323631286621e+00
0.000000000000000000e+00
5.617390275001525879e-01
2.960920035839080811e-01
4.235630333423614502e-01
3.409591913223266602e-01
1.486985385417938232e-02
3.353641629219055176e-01
5.734062194824218750e-01
2.404390424489974976e-01
7.145184278488159180e-01
2.959750890731811523e-01
3.060642778873443604e-01
9.744598865509033203e-01
1.377818226814270020e+00
8.478370308876037598e-01
1.724220961332321167e-01
1.706608384847640991e-01
2.614248991012573242e-01
5.102501511573791504e-01
4.541495069861412048e-02
4.049083217978477478e-02
2.471323162317276001e-01
4.399879574775695801e-01
4.716799855232238770e-01
1.859195828437805176e+00
2.659779548645019531e+00
2.847407758235931396e-02
9.204242229461669922e-01
1.775309294462203979e-01
4.365144371986389160e-01
5.359725952148437500e-01
3.754077851772308350e-01
1.010980084538459778e-01
9.940859675407409668e-02
2.057170122861862183e-02
2.071714162826538086e+00
5.357747152447700500e-02
5.712037533521652222e-02
1.288190126419067383e+00
2.849205255508422852e+00
8.459497690200805664e-01
1.585815906524658203e+00
1.940141618251800537e-01
1.993352174758911133e-01
1.242618560791015625e-01
7.537174969911575317e-03
0.000000000000000000e+00
1.047905564308166504e+00
1.612086445093154907e-01
3.244172632694244385e-01
6.717432141304016113e-01
0.000000000000000000e+00
5.750225782394409180e-01
1.078970670700073242e+00
1.957453966140747070e+00
2.878467559814453125e+00
2.544216513633728027e-01
2.011939138174057007e-01
1.750677973031997681e-01
5.943357348442077637e-01
2.111810073256492615e-02
2.123401165008544922e+00
1.794117391109466553e-01
4.997048992663621902e-03
6.152038462460041046e-03
1.183103561401367188e+00
2.329687923192977905e-01
1.371292948722839355e+00
4.221554100513458252e-01
1.779171526432037354e-01
3.295774757862091064e-02
4.819091856479644775e-01
3.657042980194091797e-01
7.346959114074707031e-01
2.254323810338973999e-01
4.462021291255950928e-01
9.809360653162002563e-02
5.366394519805908203e-01
4.066706001758575439e-01
1.107759657315909863e-03
3.257972747087478638e-02
3.277797698974609375e-01
2.897756695747375488e-01
1.062066033482551575e-01
1.085707768797874451e-01
5.869363546371459961e-01
4.723145160824060440e-03
3.937963247299194336e-01
3.276712000370025635e-01
9.029980748891830444e-02
2.904899977147579193e-02
3.549338281154632568e-01
0.000000000000000000e+00
4.168010130524635315e-02
1.328117400407791138e-01
8.623723387718200684e-01
8.381149917840957642e-02
3.397782742977142334e-01
1.148346886038780212e-01
9.789651632308959961e-02
5.204806923866271973e-01
0.000000000000000000e+00
0.000000000000000000e+00
8.199483156204223633e-01
1.428182572126388550e-01
7.346160411834716797e-01
5.753030534833669662e-03
1.674025058746337891e+00
0.000000000000000000e+00
2.429593354463577271e-02
1.440951466560363770e+00
3.853802978992462158e-01
4.270391166210174561e-02
1.719259172677993774e-01
1.109052896499633789e+00
4.640780016779899597e-02
0.000000000000000000e+00
2.553137950599193573e-02
9.472502768039703369e-02
7.626062631607055664e-01
3.226907253265380859e-01
9.210605919361114502e-02
1.852465271949768066e-01
4.317320883274078369e-01
3.097001463174819946e-02
1.194596290588378906e-02
8.422384262084960938e-01
5.108509063720703125e-01
3.852688670158386230e-01
3.365961551666259766e+00
2.070741206407546997e-01
7.100249528884887695e-01
2.001644372940063477e-01
3.836033865809440613e-02
5.799959897994995117e-01
1.075804114341735840e+00
1.024487495422363281e+00
2.493939250707626343e-01
2.564741671085357666e-01
3.540566936135292053e-02
5.072524771094322205e-02
6.437949538230895996e-01
5.764304995536804199e-01
2.138542979955673218e-01
9.917265176773071289e-02
6.219110488891601562e-01
3.311603562906384468e-03
4.165134429931640625e-01
1.426961123943328857e-01
5.409656167030334473e-01
1.090289652347564697e-01
6.323732733726501465e-01
1.166788041591644287e-01
6.938448548316955566e-01
3.097471892833709717e-01
2.025305628776550293e-01
4.577445983886718750e-01
1.091137900948524475e-01
1.032605171203613281e+00
3.790473565459251404e-03
2.162889391183853149e-01
2.314293533563613892e-01
1.220068216323852539e+00
7.148465514183044434e-01
4.124249458312988281e+00
6.392858177423477173e-02
7.266634702682495117e-02
8.870086669921875000e-01
1.487749218940734863e-01
3.768135979771614075e-02
1.842398941516876221e-01
3.769999146461486816e-01
4.358956217765808105e-02
2.203348636627197266e+00
2.787421345710754395e-01
1.648926287889480591e-01
0.000000000000000000e+00
2.015403239056468010e-03
2.674997597932815552e-02
2.029043287038803101e-01
6.163471192121505737e-02
5.980709940195083618e-02
2.869867682456970215e-01
0.000000000000000000e+00
5.846555233001708984e-01
2.242652475833892822e-01
4.994789510965347290e-02
3.238953649997711182e-01
1.297008693218231201e-01
1.173200845718383789e+00
1.071143388748168945e+00
3.597894906997680664e-01
3.747027218341827393e-01
0.000000000000000000e+00
0.000000000000000000e+00
0.000000000000000000e+00
1.310609579086303711e-01
1.645729318261146545e-02
7.343573123216629028e-02
2.254004776477813721e-01
1.950525760650634766e+00
1.992563158273696899e-01
2.630056440830230713e-01
9.020671993494033813e-02
0.000000000000000000e+00
5.015991628170013428e-03
3.199964761734008789e-01
4.926250278949737549e-01
7.525773048400878906e-01
2.317014783620834351e-01
4.595313668251037598e-01
9.983962774276733398e-01
2.143460810184478760e-01
5.616439506411552429e-02
2.607095539569854736e-01
9.447044730186462402e-01
1.627099961042404175e-01
1.020504236221313477e+00
1.526928413659334183e-02
2.706898152828216553e-01
1.305002450942993164e+00
1.311116099357604980e+00
1.432633996009826660e+00
4.672054648399353027e-01
9.074571728706359863e-01
3.916770219802856445e-02
1.184174641966819763e-01
2.736676931381225586e-01
0.000000000000000000e+00
2.758989036083221436e-01
3.063301742076873779e-02
3.193669021129608154e-01
6.643217206001281738e-01
6.891537904739379883e-01
1.984446287155151367e+00
0.000000000000000000e+00
1.845048546791076660e+00
2.075640201568603516e+00
1.634818911552429199e-01
2.252465635538101196e-01
0.000000000000000000e+00
4.854678735136985779e-02
5.991147458553314209e-02
1.305546052753925323e-02
2.112124115228652954e-01
0.000000000000000000e+00
1.706008054316043854e-02
1.529751777648925781e+00
5.210781469941139221e-02
4.898332357406616211e-01
3.544265925884246826e-01
4.410389959812164307e-01
5.033000558614730835e-02
6.588324904441833496e-02
1.705927215516567230e-02
2.849929928779602051e-01
9.220568537712097168e-01
4.651080965995788574e-01
1.254025459289550781e+00
1.675549894571304321e-01
1.011196449398994446e-01
5.059083551168441772e-02
1.448134541511535645e+00
3.787655830383300781e-01
4.470319300889968872e-02
5.237000584602355957e-01
1.427456617355346680e+00
2.987969480454921722e-02
6.772083789110183716e-02
2.593672368675470352e-03
2.681213617324829102e-01
1.095673203468322754e+00
3.553946316242218018e-02
7.579214870929718018e-02
3.775202110409736633e-02
6.550799310207366943e-02
7.901638746261596680e-02
1.497970074415206909e-01
1.719668135046958923e-02
9.692513197660446167e-02
1.352127552032470703e+00
0.000000000000000000e+00
1.328611653298139572e-02
4.428681433200836182e-01
5.534540414810180664e-01
1.439105570316314697e-01
4.740071594715118408e-01
4.369631409645080566e-01
1.252485215663909912e-01
3.027512431144714355e-01
9.802777320146560669e-02
3.730479776859283447e-01
0.000000000000000000e+00
4.831804707646369934e-02
8.328526496887207031e+00
1.395536214113235474e-01
5.988689064979553223e-01
0.000000000000000000e+00
3.373208642005920410e-01
1.317517757415771484e-01
4.201382026076316833e-02
4.786223918199539185e-02
1.049290075898170471e-01
1.102372407913208008e-01
6.717625260353088379e-02
1.576230279169976711e-03
0.000000000000000000e+00
1.558907628059387207e-01
1.921713054180145264e-01
3.272825479507446289e-01
4.774138927459716797e-01
5.367418378591537476e-02
2.138790190219879150e-01
4.598722606897354126e-02
4.907990694046020508e-01
7.997659444808959961e-01
2.350904941558837891e-01
1.312657833099365234e+00
2.326019480824470520e-02
6.250148415565490723e-01
6.342364102602005005e-02
1.826754957437515259e-01
5.279492855072021484e+00
1.627314209938049316e+00
5.626752376556396484e-01
1.041289567947387695e-01
0.000000000000000000e+00
7.077994942665100098e-02
1.231303215026855469e-01
8.440945744514465332e-01
1.649201661348342896e-02
5.902847647666931152e-02
3.899038732051849365e-01
1.677861958742141724e-01
6.039022803306579590e-01
1.089949011802673340e+00
2.522247144952416420e-03
1.354070156812667847e-01
1.829819321632385254e+00
5.093449354171752930e-01
5.498246848583221436e-02
9.659128189086914062e-01
1.656700968742370605e-01
6.766034960746765137e-01
1.478969335556030273e+00
1.929224729537963867e+00
2.349426448345184326e-01
0.000000000000000000e+00
3.645285218954086304e-02
5.998549610376358032e-02
2.188132843002676964e-03
1.591641753911972046e-01
6.453845500946044922e-01
1.350558280944824219e+00
2.441327460110187531e-02
1.048098653554916382e-01
2.798561573028564453e+00
0.000000000000000000e+00
5.027874112129211426e-01
2.812841832637786865e-01
9.373308718204498291e-02
5.859453976154327393e-02
2.814766578376293182e-02
1.269851773977279663e-01
1.627085804939270020e-01
7.405568957328796387e-01
1.751206517219543457e+00
6.324799358844757080e-02
1.666443608701229095e-02
1.869623214006423950e-01
3.906335309147834778e-02
1.718675136566162109e+00
4.467436373233795166e-01
1.384277939796447754e+00
6.037741154432296753e-02
1.188910454511642456e-01
1.213629767298698425e-01
4.073079675436019897e-02
5.731930732727050781e-01
1.018559411168098450e-01
0.000000000000000000e+00
2.042750716209411621e-01
0.000000000000000000e+00
2.945043444633483887e-01
3.696193695068359375e-01
0.000000000000000000e+00
3.615415468811988831e-02
1.564531177282333374e-01
4.404647946357727051e-01
6.485875844955444336e-01
2.357559919357299805e+00
1.163448244333267212e-01
5.279121398925781250e-01
8.216900825500488281e-01
2.893823981285095215e-01
7.820843458175659180e-01
1.660122632980346680e+00
1.074566602706909180e+00
1.278274320065975189e-02
2.838922739028930664e-01
1.715784788131713867e+00
6.620964407920837402e-02
2.407809048891067505e-01
3.008974492549896240e-01
2.948493957519531250e-01
2.194053530693054199e-01
2.673143744468688965e-01
1.591635823249816895e+00
9.317629933357238770e-01
8.897888660430908203e-02
2.635098248720169067e-02
3.330262750387191772e-02
1.379439085721969604e-01
5.895703658461570740e-02
1.670556701719760895e-02
5.662488341331481934e-01
6.640956401824951172e-01
5.932694077491760254e-01
6.508698463439941406e-01
2.314115762710571289e-01
7.022401317954063416e-03
4.878064617514610291e-02
1.933221369981765747e-01
9.898712486028671265e-02
6.940628290176391602e-01
1.599158048629760742e-01
1.634090244770050049e-01
6.617938280105590820e-01
1.089912772178649902e+00
4.551638364791870117e-01
4.753473028540611267e-02
1.877403140068054199e+00
5.424342751502990723e-01
2.096433877944946289e+00
5.291814208030700684e-01
2.092934250831604004e-01
2.265894412994384766e-01
0.000000000000000000e+00
7.766118645668029785e-02
1.658275574445724487e-01
5.872422829270362854e-02
1.060860082507133484e-01
1.220189034938812256e-01
6.191347241401672363e-01
2.174242436885833740e-01
2.508367877453565598e-03
4.688075929880142212e-02
1.598904967308044434e+00
1.230727195739746094e+00
1.643481403589248657e-01
1.344349026679992676e+00
0.000000000000000000e+00
1.946018785238265991e-01
1.194290757179260254e+00
0.000000000000000000e+00
1.503044515848159790e-01
1.758126541972160339e-02
2.628812566399574280e-02
1.049174427986145020e+00
8.726989030838012695e-01
4.584158360958099365e-01
5.779251456260681152e-01
5.233850479125976562e-01
1.474157869815826416e-01
5.085710287094116211e-01
1.153789460659027100e-01
3.309743478894233704e-02
7.803609967231750488e-02
3.085826896131038666e-02
1.349362581968307495e-01
2.112981379032135010e-01
3.860413655638694763e-02
0.000000000000000000e+00
5.455975234508514404e-02
8.069106261245906353e-04
0.000000000000000000e+00
8.571870625019073486e-02
1.433614492416381836e-01
0.000000000000000000e+00
5.298126488924026489e-02
9.925563633441925049e-02
2.010707855224609375e-01
2.787196077406406403e-02
2.281906548887491226e-03
2.713872432708740234e+00
2.121227502822875977e+00
9.119135737419128418e-01
5.192736387252807617e-01
8.267730474472045898e-01
3.023350797593593597e-02
1.089481264352798462e-01
3.875310420989990234e-01
1.655904576182365417e-02
2.714376710355281830e-02
2.689654231071472168e-01
5.829650536179542542e-02
0.000000000000000000e+00
4.905070960521697998e-01
3.280756175518035889e-01
0.000000000000000000e+00
1.213414430618286133e+00
1.888941228389739990e-01
8.196864128112792969e-01
0.000000000000000000e+00
2.120935201644897461e+00
2.349699258804321289e+00
1.800465770065784454e-02
9.012936949729919434e-01
3.611555695533752441e-01
2.626204788684844971e-01
2.420575916767120361e-01
3.914689272642135620e-02
7.517071366310119629e-01
3.479195833206176758e-01
1.126961689442396164e-02
3.243462443351745605e-01
1.507787227630615234e+00
4.602788090705871582e-01
3.491664528846740723e-01
1.023347452282905579e-01
8.401489257812500000e-01
7.322725057601928711e-01
1.251378934830427170e-02
3.463182151317596436e-01
3.053626045584678650e-02
1.407847404479980469e+00
3.679856285452842712e-02
1.543639779090881348e+00
1.582340151071548462e-01
1.278293579816818237e-01
1.284761428833007812e+00
2.882823161780834198e-02
1.548201739788055420e-01
7.917299866676330566e-02
6.033172458410263062e-02
1.627752184867858887e-02
1.416503340005874634e-01
5.917757153511047363e-01
0.000000000000000000e+00
3.505193293094635010e-01
3.047165870666503906e+00
4.349151253700256348e-01
1.770357042551040649e-02
2.600707709789276123e-01
1.733683586120605469e+00
3.186217322945594788e-02
2.692269384860992432e-01
3.594261407852172852e-01
2.071011543273925781e+00
1.793328762054443359e+00
7.471396923065185547e-01
1.437700074166059494e-02
2.682244591414928436e-02
1.830095767974853516e+00
2.999611198902130127e-02
3.394671082496643066e-01
0.000000000000000000e+00
0.000000000000000000e+00
1.809424757957458496e-01
1.463408768177032471e-01
5.211648941040039062e-01
1.467263102531433105e-01
6.409690249711275101e-03
8.421993851661682129e-01
2.946779251098632812e+00
2.642884552478790283e-01
6.067298352718353271e-02
2.340542316436767578e+00
9.002105891704559326e-02
1.656334996223449707e-01
4.053277373313903809e-01
3.259044289588928223e-01
4.580566883087158203e+00
0.000000000000000000e+00
1.539156556129455566e+00
1.185196042060852051e-01
1.061938881874084473e+00
6.988658010959625244e-02
4.834483861923217773e-01
1.075498461723327637e-01
8.486261591315269470e-03
1.017912253737449646e-01
1.292399168014526367e-01
2.240002155303955078e+00
9.341944754123687744e-02
2.469755709171295166e-01
2.695951163768768311e-01
4.925244450569152832e-01
1.229965239763259888e-01
1.119886338710784912e-01
2.934925854206085205e-01
2.047889083623886108e-01
1.370539069175720215e-01
2.571438439190387726e-02
1.149677298963069916e-02
9.738355875015258789e-02
1.009634882211685181e-01
5.595830678939819336e-01
8.814116567373275757e-02
1.516716778278350830e-01
6.620899587869644165e-02
1.934582471847534180e+00
1.592221707105636597e-01
3.820826485753059387e-02
1.873838454484939575e-01
6.153625994920730591e-02
0.000000000000000000e+00
2.239190340042114258e-01
1.606033146381378174e-01
1.914663314819335938e-01
6.256115436553955078e-01
1.283365860581398010e-02
1.505601555109024048e-01
1.417114734649658203e+00
9.847368299961090088e-02
4.598931409418582916e-03
1.549119502305984497e-01
9.996371716260910034e-02
2.884135246276855469e-01
5.572955310344696045e-02
1.590817980468273163e-02
2.247522473335266113e-01
3.633950710296630859e+00
1.078825950622558594e+00
1.430541872978210449e+00
1.247441023588180542e-01
1.769229024648666382e-01
8.122433423995971680e-01
5.407347530126571655e-02
7.204862236976623535e-01
1.660906374454498291e-01
9.751635044813156128e-02
2.667120471596717834e-02
1.804419279098510742e+00
1.220600843429565430e+00
0.000000000000000000e+00
2.727253437042236328e-01
1.089345365762710571e-01
5.092989653348922729e-02
3.510939180850982666e-01
2.454328089952468872e-01
2.081586606800556183e-02
2.451271116733551025e-01
6.392775774002075195e-01
3.735238313674926758e-01
6.868311166763305664e-01
4.960218071937561035e-01
1.058067567646503448e-02
2.451220512390136719e+00
3.175164163112640381e-01
2.943389303982257843e-02
1.293027877807617188e+00
1.796614229679107666e-01
2.922432124614715576e-01
1.812885850667953491e-01
9.311520308256149292e-02
2.144132182002067566e-02
1.186162233352661133e-01
3.281919062137603760e-01
6.434380412101745605e-01
3.099975287914276123e-01
2.882507443428039551e-01
3.829634189605712891e-02
0.000000000000000000e+00
5.470075830817222595e-02
1.080794446170330048e-02
7.853931784629821777e-01
0.000000000000000000e+00
1.319124341011047363e+00
0.000000000000000000e+00
3.414758205413818359e+00
2.686582803726196289e-01
2.001536041498184204e-01
3.398811444640159607e-02
4.207652211189270020e-01
6.701893359422683716e-02
1.312149465084075928e-01
1.252888739109039307e-01
4.199957475066184998e-02
7.505770772695541382e-03
1.014381766319274902e+00
3.162761218845844269e-03
1.380593776702880859e-01
7.121422328054904938e-03
2.478898316621780396e-01
3.039898909628391266e-02
4.463873505592346191e-01
3.970700502395629883e-02
1.995230652391910553e-02
1.772684156894683838e-01
3.237879276275634766e-01
2.712663412094116211e-01
9.968185424804687500e-02
2.951572239398956299e-01
6.972398608922958374e-02
1.596907973289489746e-01
2.733661606907844543e-02
1.823944598436355591e-01
1.195230841636657715e+00
4.212457686662673950e-02
1.025794371962547302e-01
2.261168241500854492e+00
3.876904547214508057e-01
1.204340577125549316e+00
1.410947591066360474e-01
3.645700812339782715e-01
8.651933073997497559e-02
1.623399704694747925e-01
5.656474232673645020e-01
3.769542276859283447e-01
6.399295330047607422e-01
9.600623510777950287e-03
4.957250356674194336e-01
6.109979376196861267e-02
1.340839415788650513e-01
6.012702584266662598e-01
8.520215749740600586e-02
1.346318125724792480e-01
7.957895398139953613e-01
1.406211018562316895e+00
2.061737060546875000e+00
5.484914183616638184e-01
3.757516294717788696e-02
1.485103249549865723e+00
0.000000000000000000e+00
6.648378819227218628e-02
1.742088980972766876e-02
3.546130843460559845e-03
2.456521242856979370e-01
2.946155965328216553e-01
3.029683232307434082e-01
1.280363082885742188e+00
1.313538253307342529e-01
1.322824597358703613e+00
7.875707000494003296e-02
9.150922298431396484e-02
6.746123731136322021e-02
3.869429230690002441e-01
2.265955209732055664e-01
4.512110352516174316e-01
8.533857464790344238e-01
4.692645549774169922e+00
2.535760402679443359e-01
6.445581465959548950e-02
1.046245545148849487e-01
5.305811762809753418e-01
5.665707960724830627e-02
1.217175126075744629e-01
1.988304257392883301e-01
2.027149079367518425e-03
0.000000000000000000e+00
7.480070739984512329e-02
4.478636384010314941e-01
3.641824424266815186e-02
5.714548230171203613e-01
1.099690049886703491e-01
5.937550961971282959e-02
1.668219417333602905e-01
1.905564591288566589e-02
7.951619625091552734e-01
9.981432557106018066e-01
8.659813404083251953e-01
2.726612389087677002e-01
3.093988895416259766e-01
1.240083053708076477e-01
5.194526195526123047e+00
5.565397143363952637e-01
4.285837173461914062e+00
2.514363527297973633e-01
1.225201964378356934e+00
7.721208035945892334e-02
1.657678559422492981e-02
1.178788766264915466e-01
5.966962575912475586e-01
3.876673988997936249e-03
9.274397045373916626e-02
0.000000000000000000e+00
1.932268738746643066e-01
1.290071249008178711e+00
6.303837895393371582e-01
1.968048214912414551e-01
8.515557274222373962e-04
1.044313669204711914e+00
5.675259828567504883e-01
3.484301269054412842e-02
2.057612895965576172e+00
1.324809272773563862e-03
1.797906011343002319e-01
0.000000000000000000e+00
1.053879112005233765e-01
6.967060267925262451e-02
1.271881461143493652e+00
1.839737445116043091e-01
9.496020525693893433e-02
1.860249191522598267e-01
4.809208214282989502e-01
1.660787612199783325e-01
7.863245010375976562e-01
4.059459567070007324e-01
6.345777511596679688e-01
4.385638236999511719e-02
1.686387695372104645e-02
1.889040768146514893e-01
1.044701561331748962e-01
2.412152141332626343e-01
0.000000000000000000e+00
2.506021857261657715e-01
0.000000000000000000e+00
4.217765852808952332e-02
0.000000000000000000e+00
7.771068811416625977e-02
4.146808683872222900e-01
1.626994013786315918e-01
2.207457832992076874e-02
6.195548176765441895e-02
1.138091981410980225e-01
4.959898591041564941e-01
7.317392528057098389e-02
1.033108606934547424e-01
2.985000610351562500e-02
1.343031883239746094e+00
1.735353618860244751e-01
0.000000000000000000e+00
1.056931376457214355e+00
3.768334910273551941e-02
1.325734555721282959e-01
1.675828695297241211e+00
8.950361981987953186e-03
6.379279494285583496e-01
8.414816111326217651e-02
6.358283162117004395e-01
0.000000000000000000e+00
5.789290741086006165e-02
1.863785982131958008e+00
2.121019810438156128e-01
5.227723121643066406e-01
5.601579546928405762e-01
3.705438077449798584e-01
5.947855859994888306e-02
2.294294834136962891e-01
1.831032395362854004e+00
0.000000000000000000e+00
4.348656833171844482e-01
1.318446397781372070e-01
2.484482526779174805e-01
5.991427898406982422e-01
2.290712855756282806e-02
4.829556643962860107e-01
3.445857167243957520e-01
4.766660034656524658e-01
1.275536371394991875e-03
3.009177148342132568e-01
8.483993820846080780e-03
8.386225104331970215e-01
7.553614974021911621e-01
3.335608243942260742e-01
2.789416164159774780e-02
1.202897056937217712e-01
0.000000000000000000e+00
1.596853882074356079e-01
1.904273390769958496e+00
2.791261300444602966e-03
2.519866451621055603e-02
4.961100220680236816e-02
4.929631948471069336e-01
1.638760417699813843e-01
1.116732358932495117e-01
1.705997437238693237e-01
2.820088267326354980e-01
2.372524291276931763e-01
0.000000000000000000e+00
3.336180448532104492e-01
7.991923093795776367e-01
9.726566821336746216e-02
2.812541425228118896e-01
1.738140285015106201e-01
8.186746835708618164e-01
9.117256104946136475e-02
0.000000000000000000e+00
4.548728466033935547e-03
2.920595705509185791e-01
1.127853989601135254e+00
1.197660863399505615e-01
1.686669141054153442e-01
2.680961787700653076e-01
8.645797520875930786e-02
8.341973880305886269e-04
7.442057132720947266e-02
5.849071145057678223e-01
3.876218497753143311e-01
1.048416495323181152e+00
6.818115711212158203e-02
0.000000000000000000e+00
7.212708145380020142e-02
5.617309212684631348e-01
1.863650232553482056e-02
0.000000000000000000e+00
2.247181534767150879e-01
1.412948518991470337e-01
2.404624074697494507e-01
1.204336807131767273e-01
4.973588287830352783e-01
1.271747332066297531e-02
5.402840137481689453e+00
5.324246883392333984e-01
0.000000000000000000e+00
2.603158354759216309e-01
0.000000000000000000e+00
1.681910634040832520e+00
1.493225693702697754e-01
1.838993281126022339e-01
1.605616688728332520e+00
1.718910574913024902e+00
3.161624193191528320e+00
8.081032335758209229e-02
2.573459148406982422e+00
1.669191010296344757e-02
4.347055405378341675e-02
2.363108992576599121e-01
1.540892478078603745e-02
1.534303836524486542e-02
7.658027112483978271e-02
6.973506212234497070e-01
2.414035797119140625e-01
0.000000000000000000e+00
9.699060916900634766e-01
9.148455411195755005e-02
2.387364655733108521e-01
2.452572435140609741e-02
3.079771697521209717e-01
1.098209023475646973e-01
1.933574318885803223e+00
6.193888187408447266e-01
2.518150024116039276e-02
2.077538669109344482e-01
0.000000000000000000e+00
4.133937880396842957e-02
3.209567861631512642e-03
3.865348398685455322e-01
1.986806094646453857e-01
1.202661633491516113e+00
1.403942555189132690e-01
2.639247337356209755e-03
5.668970346450805664e-01
2.832740545272827148e-01
2.757643759250640869e-01
1.718622744083404541e-01
2.155251801013946533e-02
2.439062595367431641e-01
2.491701580584049225e-02
4.495247006416320801e-01
1.069639444351196289e+00
5.380514264106750488e-02
3.183270394802093506e-01
1.087308287620544434e+00
1.065791249275207520e+00
3.805221989750862122e-02
1.569437086582183838e-01
2.409525066614151001e-01
8.067747205495834351e-02
9.364743828773498535e-01
1.569917798042297363e+00
9.969703853130340576e-02
2.945367619395256042e-02
1.117403984069824219e+00
1.275248974561691284e-01
4.534183442592620850e-01
1.030520498752593994e-01
6.740890145301818848e-01
0.000000000000000000e+00
1.984432637691497803e-01
4.286082088947296143e-01
7.842034101486206055e-02
3.356558457016944885e-02
1.565091013908386230e-01
0.000000000000000000e+00
0.000000000000000000e+00
4.504481703042984009e-02
1.166502952575683594e+00
4.840073361992835999e-02
6.728760153055191040e-02
4.813804477453231812e-02
1.921145766973495483e-01
1.105671286582946777e+00
2.262526899576187134e-01
9.256578236818313599e-02
6.981816291809082031e-01
4.073723793029785156e+00
0.000000000000000000e+00
2.664766907691955566e-01
1.310903429985046387e-01
1.573145985603332520e+00
0.000000000000000000e+00
2.604341506958007812e-02
0.000000000000000000e+00
5.775910019874572754e-01
4.539445042610168457e-01
4.452369757927954197e-04
3.160616159439086914e-01
7.832483202219009399e-02
6.011273264884948730e-01
2.513265311717987061e-01
1.456723093986511230e+00
2.341508418321609497e-01
3.188396990299224854e-01
2.010395228862762451e-01
0.000000000000000000e+00
5.316961407661437988e-01
4.332872629165649414e-01
7.175493985414505005e-02
1.121137738227844238e-01
2.063264995813369751e-01
2.459416240453720093e-01
3.624533414840698242e-01
5.886380076408386230e-01
3.035373426973819733e-02
1.263256184756755829e-02
5.015501976013183594e+00
9.728245735168457031e-01
8.347068727016448975e-02
3.090966343879699707e-01
0.000000000000000000e+00
9.969775080680847168e-01
1.878566294908523560e-01
2.830363810062408447e-01
5.281455814838409424e-03
8.344938606023788452e-02
4.569596946239471436e-01
1.649107933044433594e+00
9.137003123760223389e-02
6.718426346778869629e-01
9.836734086275100708e-02
0.000000000000000000e+00
4.149579107761383057e-01
2.295918017625808716e-01
1.530972570180892944e-01
3.612596169114112854e-02
4.444193542003631592e-01
3.398849368095397949e-01
5.137373805046081543e-01
6.676267385482788086e-01
9.811916947364807129e-02
0.000000000000000000e+00
5.886952280998229980e-01
1.337545216083526611e-01
5.201371908187866211e-01
8.012155294418334961e-01
4.993380606174468994e-01
1.764213852584362030e-02
4.721995890140533447e-01
1.820703223347663879e-02
1.341987699270248413e-01
9.446874856948852539e-01
2.500023245811462402e-01
5.323184728622436523e-01
3.092003762722015381e-01
0.000000000000000000e+00
3.088957071304321289e-01
1.887987613677978516e+00
2.543601207435131073e-02
3.586884737014770508e-01
4.262726783752441406e+00
2.008487097918987274e-02
1.434126496315002441e-01
4.280451238155364990e-01
1.514914989471435547e+00
3.077158033847808838e-01
5.576071739196777344e-01
5.700278878211975098e-01
1.303215175867080688e-01
1.019100248813629150e-01
2.805629074573516846e-01
1.364661753177642822e-01
1.989795081317424774e-02
3.476199805736541748e-01
2.925151493400335312e-03
4.670625030994415283e-01
5.986827015876770020e-01
3.341390192508697510e-02
1.630640506744384766e+00
2.051405757665634155e-01
2.507832765579223633e+00
8.595813810825347900e-02
0.000000000000000000e+00
9.632750600576400757e-02
5.144685506820678711e-02
4.292351901531219482e-01
4.579387307167053223e-01
4.075837135314941406e-02
1.513055711984634399e-01
1.795310527086257935e-01
2.228696346282958984e-01
1.621038913726806641e+00
9.710349142551422119e-03
1.547359228134155273e-01
1.183570742607116699e+00
2.578402519226074219e+00
1.723479777574539185e-01
3.580618882551789284e-03
1.180113777518272400e-01
0.000000000000000000e+00
5.240701511502265930e-02
3.025174736976623535e-01
1.770298033952713013e-01
7.542169690132141113e-01
6.447793543338775635e-02
4.971062391996383667e-02
1.677208095788955688e-01
2.280467987060546875e+00
4.828047379851341248e-02
2.464814297854900360e-02
1.405431628227233887e+00
4.421301186084747314e-01
6.061497330665588379e-01
7.966440916061401367e-01
2.468263655900955200e-01
1.794938743114471436e-02
0.000000000000000000e+00
7.941130548715591431e-02
2.642604708671569824e-02
2.638973951339721680e+00
2.856690883636474609e-01
1.154746413230895996e-01
6.189846396446228027e-01
2.942313849925994873e-01
2.406103014945983887e-01
3.069036304950714111e-01
1.568833827972412109e+00
3.610880970954895020e-01
3.458155319094657898e-02
1.320823840796947479e-02
4.898541569709777832e-01
3.856117129325866699e-01
0.000000000000000000e+00
3.703386485576629639e-01
5.875864028930664062e-01
3.134561479091644287e-01
7.261666059494018555e-01
2.000979930162429810e-01
1.641577184200286865e-01
8.756962418556213379e-02
1.740685105323791504e-02
4.225403536111116409e-04
3.745644986629486084e-01
4.001878499984741211e-01
2.159303128719329834e-01
1.079479098320007324e+00
9.371556043624877930e-01
1.438912749290466309e-01
6.648422479629516602e-01
1.989195868372917175e-02
1.542494177818298340e+00
8.222823143005371094e-01
2.123154252767562866e-01
5.342271327972412109e-01
2.109549760818481445e+00
2.329755872488021851e-01
4.159212410449981689e-01
4.776536524295806885e-01
1.364534795284271240e-01
2.145424336194992065e-01
1.617412641644477844e-02
0.000000000000000000e+00
1.196252554655075073e-01
3.918413445353507996e-02
2.688083052635192871e-02
4.234987497329711914e-01
3.569987043738365173e-02
2.744205296039581299e-01
7.428235560655593872e-02
7.269946858286857605e-03
1.426235288381576538e-01
9.736556410789489746e-01
2.356016874313354492e+00
2.501690089702606201e-01
1.239982694387435913e-01
1.611754298210144043e-01
1.871082186698913574e-01
8.620873093605041504e-01
2.354161739349365234e-01
8.721252530813217163e-02
2.514071702957153320e+00
8.366263657808303833e-02
4.800605773925781250e-01
8.067945241928100586e-01
2.391952276229858398e+00
5.997484549880027771e-02
7.128599286079406738e-01
1.462253451347351074e+00
7.757476568222045898e-01
1.291892886161804199e+00
6.275963187217712402e-01
0.000000000000000000e+00
0.000000000000000000e+00
1.954603940248489380e-01
1.338337182998657227e+00
8.870665729045867920e-02
2.594520524144172668e-02
1.937099173665046692e-02
2.191962450742721558e-01
1.399297416210174561e-01
9.364858865737915039e-01
1.175742983818054199e+00
8.792624473571777344e-01
1.477690935134887695e-01
2.784977853298187256e-02
2.650877714157104492e+00
4.026890993118286133e-01
2.931700706481933594e+00
0.000000000000000000e+00
1.445512175559997559e-01
6.029891967773437500e-01
3.300630748271942139e-01
7.966515421867370605e-01
2.482365965843200684e-01
3.210330381989479065e-02
2.472444623708724976e-01
1.125076413154602051e+00
2.286361455917358398e-01
1.075184226036071777e+00
4.630189239978790283e-01
1.750569418072700500e-02
3.256128132343292236e-01
5.340541601181030273e-01
9.749063849449157715e-02
1.122203618288040161e-01
1.031842157244682312e-01
1.367511451244354248e-01
8.686766028404235840e-02
1.000571370124816895e+00
6.946973800659179688e-01
3.983898460865020752e-01
5.167952775955200195e-01
2.207159250974655151e-01
0.000000000000000000e+00
1.124064475297927856e-01
1.468393564224243164e+00
8.772030472755432129e-01
6.540229916572570801e-01
0.000000000000000000e+00
0.000000000000000000e+00
1.330319285392761230e+00
3.042392665520310402e-03
8.364936113357543945e-01
1.491234898567199707e-01
5.197474732995033264e-02
1.034331440925598145e+00
8.002981543540954590e-02
0.000000000000000000e+00
9.416656941175460815e-02
6.070549488067626953e-01
0.000000000000000000e+00
2.960422933101654053e-01
9.223080277442932129e-01
2.507047951221466064e-01
1.461577862501144409e-01
1.362837702035903931e-01
4.277674108743667603e-02
1.315403342247009277e+00
3.847771167755126953e+00
2.018422586843371391e-03
1.097266077995300293e-01
1.929073214530944824e+00
2.484085112810134888e-01
1.740987181663513184e+00
3.081306815147399902e-01
5.994322896003723145e-01
1.400704264640808105e+00
1.317456662654876709e-01
1.386775523424148560e-01
1.538685709238052368e-01
2.307601422071456909e-01
1.128073930740356445e-01
1.335707753896713257e-01
2.615897953510284424e-01
3.819778859615325928e-01
0.000000000000000000e+00
3.542166650295257568e-01
8.775901794433593750e-02
1.303414441645145416e-02
1.064979210495948792e-01
3.464889153838157654e-02
5.858389288187026978e-02
1.223933547735214233e-01
9.584992378950119019e-02
9.518018960952758789e-01
7.018168270587921143e-02
6.912779994308948517e-03
2.338241785764694214e-01
1.979131847620010376e-01
7.997733354568481445e-01
5.501332283020019531e-01
8.719412088394165039e-01
1.184209465980529785e+00
8.743499964475631714e-02
8.691581338644027710e-02
1.398493945598602295e-01
2.262697815895080566e-01
1.205040491186082363e-03
2.762729525566101074e-01
1.401113271713256836e-01
1.780313402414321899e-01
1.152984648942947388e-01
9.408843517303466797e-01
4.876864552497863770e-01
2.093072891235351562e+00
5.033593177795410156e-01
5.645156279206275940e-02
2.442228607833385468e-02
1.403818093240261078e-02
1.002564728260040283e-01
3.109808266162872314e-02
0.000000000000000000e+00
4.886569678783416748e-01
