2.422343939542770386e-02
1.504299603402614594e-02
2.440953813493251801e-02
2.659967541694641113e-01
1.224839966744184494e-02
1.256414055824279785e+00
1.495979905128479004e+00
2.649327814579010010e-01
9.281240105628967285e-01
1.039155244827270508e+00
1.730494052171707153e-01
9.701678156852722168e-01
3.375097513198852539e-01
0.000000000000000000e+00
4.637516289949417114e-02
4.430365264415740967e-01
0.000000000000000000e+00
1.855908155441284180e+00
5.002098679542541504e-01
2.159737497568130493e-01
2.014292627573013306e-01
5.656426772475242615e-02
3.302613794803619385e-01
3.166700899600982666e-01
4.771194979548454285e-02
2.125452458858489990e-02
7.616605143994092941e-03
5.034754872322082520e-01
9.589248150587081909e-02
0.000000000000000000e+00
1.098040789365768433e-01
7.376813292503356934e-01
8.793189376592636108e-02
1.986111402511596680e-01
4.213972389698028564e-02
5.235187411308288574e-01
3.447406366467475891e-02
9.331979751586914062e-01
4.025052785873413086e-01
1.417142301797866821e-01
1.572253108024597168e-01
5.688204243779182434e-02
9.520727396011352539e-02
1.617816090583801270e+00
1.504229381680488586e-02
6.397095322608947754e-02
5.269470438361167908e-02
7.092028111219406128e-02
3.566883038729429245e-03
6.340070813894271851e-02
2.579165855422616005e-03
3.348532021045684814e-01
6.927970647811889648e-01
1.352045089006423950e-01
3.681866824626922607e-01
1.940875127911567688e-02
6.255271285772323608e-02
4.319176673889160156e-01
0.000000000000000000e+00
6.410352587699890137e-01
5.019283294677734375e-01
9.007848799228668213e-02
2.569276466965675354e-02
0.000000000000000000e+00
1.400637775659561157e-01
1.010186910629272461e+00
1.158815920352935791e-01
3.912318348884582520e-01
9.480267018079757690e-02
1.163189020007848740e-02
8.460356038995087147e-04
7.045453041791915894e-02
3.127594292163848877e-01
1.506867557764053345e-01
3.260057866573333740e-01
4.692005738615989685e-02
7.629905939102172852e-01
1.849915236234664917e-01
6.806052289903163910e-03
2.100372910499572754e-01
6.215604543685913086e-01
5.003429055213928223e-01
9.753447026014328003e-02
1.302289515733718872e-01
7.338404059410095215e-01
4.837022349238395691e-02
0.000000000000000000e+00
1.767095178365707397e-02
3.198434412479400635e-01
1.571735441684722900e-01
1.174406409263610840e-01
3.718905523419380188e-02
0.000000000000000000e+00
1.524475170299410820e-03
8.924065530300140381e-02
6.272343397140502930e-01
9.513750672340393066e-01
1.763073801994323730e-01
3.531123697757720947e-01
4.946462810039520264e-01
2.709944844245910645e-01
1.395695358514785767e-01
1.616236686706542969e+00
3.823686838150024414e+00
7.516743540763854980e-01
4.510944709181785583e-02
3.327112644910812378e-02
2.711591869592666626e-02
1.254916936159133911e-01
1.029812172055244446e-02
4.652506411075592041e-01
8.643330335617065430e-01
6.432393789291381836e-01
2.714477181434631348e-01
4.086157381534576416e-01
1.086269170045852661e-01
3.622990846633911133e-01
4.330360889434814453e-01
2.256589680910110474e-01
3.361644744873046875e+00
4.079105257987976074e-01
2.294526845216751099e-01
3.093264698982238770e-01
2.448171138763427734e+00
3.780916452407836914e+00
0.000000000000000000e+00
3.334483131766319275e-02
1.169967874884605408e-01
5.928692594170570374e-02
0.000000000000000000e+00
1.297576874494552612e-01
6.646214127540588379e-01
1.292110234498977661e-01
1.827582716941833496e-01
3.316662013530731201e-01
8.191220462322235107e-02
0.000000000000000000e+00
4.198769629001617432e-01
4.141979217529296875e+00
9.468530416488647461e-01
1.070758234709501266e-02
6.444730758666992188e-01
1.123691201210021973e+00
4.102027714252471924e-01
2.757894694805145264e-01
1.813062429428100586e-01
7.461601495742797852e-01
5.394623056054115295e-02
0.000000000000000000e+00
7.279443740844726562e-02
8.129034191370010376e-02
0.000000000000000000e+00
5.926395654678344727e-01
5.363318603485822678e-03
2.758690416812896729e-01
6.771057248115539551e-01
6.416394710540771484e-01
4.302205741405487061e-01
5.965404957532882690e-02
1.334316968917846680e+00
4.060758352279663086e-01
4.153063893318176270e-02
1.849142909049987793e-01
5.476614236831665039e-01
4.558848440647125244e-01
8.234566450119018555e-01
2.355054765939712524e-02
4.382106289267539978e-02
2.389092296361923218e-01
9.969466924667358398e-01
2.591374516487121582e-01
0.000000000000000000e+00
7.434362173080444336e-01
8.272118121385574341e-02
6.635965406894683838e-02
0.000000000000000000e+00
0.000000000000000000e+00
9.383143186569213867e-01
8.482062816619873047e-02
3.500402867794036865e-01
2.248203754425048828e-02
2.975930869579315186e-01
1.761602163314819336e+00
2.354541271924972534e-01
5.961016416549682617e-01
3.002417087554931641e-01
2.179443836212158203e-01
1.989108920097351074e+00
2.556577920913696289e-01
5.407165288925170898e-01
1.097442656755447388e-01
3.463411629199981689e-01
2.239660173654556274e-01
9.350944310426712036e-02
2.476526657119393349e-03
2.796500027179718018e-01
1.284442782402038574e+00
6.199356317520141602e-01
2.287125885486602783e-01
1.467437744140625000e+00
2.231387048959732056e-01
4.113557040691375732e-01
1.082941666245460510e-01
6.248612701892852783e-02
4.181806743144989014e-01
4.287230595946311951e-02
1.777877807617187500e-01
0.000000000000000000e+00
0.000000000000000000e+00
1.585427373647689819e-01
9.542173892259597778e-02
4.090835750102996826e-01
1.098294854164123535e-01
1.080811843276023865e-01
4.388585686683654785e-01
1.222365647554397583e-01
3.894867375493049622e-02
2.639977693557739258e+00
1.099307611584663391e-01
0.000000000000000000e+00
9.354581683874130249e-02
0.000000000000000000e+00
6.821568310260772705e-02
4.660817608237266541e-02
3.447517752647399902e-02
1.200988411903381348e+00
1.662702709436416626e-01
2.119966223835945129e-02
2.276894897222518921e-01
6.722339242696762085e-02
1.272526290267705917e-02
0.000000000000000000e+00
1.002721190452575684e+00
4.985278844833374023e-02
1.937908381223678589e-01
7.477443218231201172e-01
3.738660365343093872e-02
4.439500570297241211e-01
1.665507070720195770e-02
2.577039226889610291e-02
2.952454052865505219e-02
3.407245576381683350e-01
1.173577457666397095e-02
7.408542037010192871e-01
4.000397920608520508e-01
0.000000000000000000e+00
1.016990318894386292e-01
5.976487994194030762e-01
5.670030415058135986e-02
2.535571157932281494e-01
3.407158702611923218e-02
1.615919828414916992e+00
1.045338153839111328e+00
4.727515578269958496e-02
1.826660782098770142e-01
7.716325670480728149e-02
0.000000000000000000e+00
0.000000000000000000e+00
6.267645210027694702e-02
5.230383872985839844e-01
5.279605388641357422e-01
5.036897584795951843e-02
3.213537931442260742e-01
6.273086182773113251e-03
4.303459525108337402e-01
4.254111647605895996e-02
4.002709314227104187e-02
2.560008168220520020e-01
1.923355907201766968e-01
9.952572584152221680e-01
2.014248520135879517e-01
3.670589625835418701e-01
8.668845146894454956e-02
0.000000000000000000e+00
1.292954981327056885e-01
1.965989589691162109e+00
3.350824356079101562e+00
2.453001216053962708e-03
8.392134904861450195e-01
9.227400273084640503e-02
4.744970798492431641e-01
1.144677162170410156e+00
0.000000000000000000e+00
1.124099045991897583e-01
5.883908271789550781e-01
6.583679914474487305e-01
1.797650456428527832e-01
2.434854358434677124e-01
1.173823699355125427e-01
3.912732601165771484e-01
5.542394146323204041e-02
1.470800340175628662e-01
6.894984841346740723e-02
0.000000000000000000e+00
3.718349039554595947e-01
1.055994272232055664e+00
1.879627406597137451e-01
8.903086930513381958e-02
1.371948719024658203e+00
9.492725878953933716e-02
1.297573000192642212e-01
1.439743161201477051e+00
1.961986422538757324e-01
5.084188580513000488e-01
5.257382988929748535e-02
2.262851893901824951e-01
5.647015199065208435e-02
8.689137101173400879e-01
2.567231655120849609e-01
2.866506874561309814e-01
3.490280210971832275e-01
3.035629689693450928e-01
2.380201369524002075e-01
0.000000000000000000e+00
1.347975611686706543e+00
6.625330448150634766e-01
5.139319300651550293e-01
1.216810122132301331e-01
5.304829478263854980e-01
3.171614706516265869e-01
1.104633957147598267e-01
1.116039901971817017e-01
9.081683158874511719e-01
2.656815946102142334e-01
2.037229686975479126e-01
7.001609206199645996e-01
9.910511225461959839e-02
1.884610056877136230e-01
6.338473409414291382e-02
1.159468412399291992e+00
2.727931179106235504e-02
2.384695768356323242e+00
4.665433987975120544e-02
5.876073241233825684e-01
9.400402903556823730e-01
5.655304789543151855e-01
1.610866338014602661e-01
2.281645238399505615e-01
7.276432216167449951e-02
2.476930767297744751e-01
0.000000000000000000e+00
1.655100472271442413e-02
1.945400685071945190e-01
6.319757550954818726e-02
1.298824138939380646e-02
2.732595801353454590e-01
3.368076086044311523e-01
1.272879540920257568e-01
3.578815758228302002e-01
0.000000000000000000e+00
4.301350936293601990e-02
1.426126658916473389e-01
3.825214207172393799e-01
9.947274625301361084e-02
1.142486035823822021e-01
4.270823299884796143e-02
2.351518720388412476e-01
1.613435447216033936e-01
3.485407307744026184e-02
3.191742897033691406e-01
1.936405710875988007e-02
1.836805492639541626e-01
6.338772829622030258e-03
5.277263522148132324e-01
0.000000000000000000e+00
4.294202849268913269e-02
6.252956390380859375e-02
2.577198445796966553e-01
1.118788346648216248e-01
1.735628843307495117e-01
6.375637650489807129e-02
3.702311217784881592e-01
2.092222273349761963e-01
5.728217959403991699e-01
1.159377217292785645e+00
1.632689684629440308e-01
2.030408829450607300e-01
0.000000000000000000e+00
6.920954585075378418e-01
1.166853681206703186e-01
7.425659179687500000e+00
6.495687365531921387e-01
4.687076508998870850e-01
6.462042927742004395e-01
1.424906253814697266e-01
0.000000000000000000e+00
3.631973266601562500e-01
2.176484791561961174e-03
6.378789432346820831e-03
8.861079812049865723e-01
4.746462702751159668e-01
8.461726456880569458e-02
0.000000000000000000e+00
6.966956257820129395e-01
1.980989426374435425e-01
5.199137926101684570e-01
8.668237924575805664e-02
1.773985862731933594e+00
6.067929789423942566e-02
4.429063119459897280e-04
5.354858636856079102e-01
1.648359117098152637e-03
0.000000000000000000e+00
1.432052254676818848e+00
9.555909782648086548e-02
0.000000000000000000e+00
1.363953799009323120e-01
1.121983766555786133e+00
1.134358286857604980e+00
2.709376625716686249e-03
2.948793172836303711e-01
4.414993524551391602e-02
5.405515432357788086e-02
7.131842970848083496e-01
4.283887147903442383e-01
1.431528627872467041e-01
1.826151832938194275e-02
1.279274672269821167e-01
7.828689813613891602e-01
1.715868860483169556e-01
4.981697723269462585e-02
7.542233467102050781e-01
1.244821175932884216e-01
1.603087931871414185e-01
2.893874943256378174e-01
2.321980744600296021e-01
2.141513347625732422e+00
6.254424806684255600e-04
1.977773755788803101e-02
1.147847250103950500e-02
6.524305343627929688e-01
1.019154265522956848e-01
3.313513100147247314e-01
4.152325689792633057e-01
4.254048317670822144e-02
7.196521162986755371e-01
0.000000000000000000e+00
2.147291414439678192e-02
1.938225328922271729e-01
5.490590333938598633e-01
1.881609205156564713e-03
3.105007410049438477e-01
2.434186264872550964e-02
2.424125792458653450e-03
4.801935851573944092e-01
0.000000000000000000e+00
2.979813516139984131e-02
7.014767080545425415e-02
0.000000000000000000e+00
5.918690562248229980e-02
1.973866105079650879e+00
6.138742566108703613e-01
4.126932621002197266e-01
2.786131799221038818e-01
3.215157389640808105e-01
9.437423199415206909e-02
3.426498770713806152e-01
4.600750923156738281e+00
3.063120841979980469e-01
2.354405075311660767e-01
1.021011024713516235e-01
6.797798871994018555e-01
3.115897178649902344e-01
3.350345194339752197e-01
8.384750485420227051e-01
2.172903567552566528e-01
5.644440278410911560e-02
3.927097320556640625e-01
5.092134699225425720e-02
9.036706387996673584e-02
2.579970657825469971e-01
3.782735466957092285e-01
3.369503736495971680e+00
1.957409679889678955e-01
5.617098212242126465e-01
2.212958782911300659e-01
7.773454301059246063e-03
8.473417907953262329e-02
5.411036610603332520e-01
5.621132254600524902e-01
2.349924296140670776e-01
7.842991352081298828e-01
3.509809076786041260e-01
2.984360605478286743e-02
4.189344406127929688e+00
2.512402534484863281e-01
0.000000000000000000e+00
3.275884389877319336e-01
9.913037717342376709e-02
0.000000000000000000e+00
5.878117084503173828e-01
5.039827227592468262e-01
4.069102182984352112e-02
1.781583577394485474e-02
2.894497811794281006e-01
0.000000000000000000e+00
1.423700451850891113e+00
1.301751255989074707e+00
4.472201466560363770e-01
2.553161382675170898e+00
0.000000000000000000e+00
7.667459547519683838e-02
5.583638548851013184e-01
9.173235297203063965e-01
2.611020207405090332e-01
3.303398489952087402e-01
9.279154539108276367e-01
2.612863667309284210e-02
0.000000000000000000e+00
3.076078835874795914e-03
6.379742622375488281e-01
1.049331784248352051e+00
2.131554126739501953e+00
8.755455911159515381e-02
4.219774007797241211e-01
2.540622949600219727e-01
1.671715974807739258e+00
3.367663025856018066e-01
7.183132767677307129e-01
0.000000000000000000e+00
1.675637662410736084e-01
1.107111573219299316e-01
1.591506361961364746e+00
1.129633665084838867e+00
2.976592443883419037e-02
3.554803133010864258e-01
2.674001157283782959e-01
1.217785850167274475e-01
3.209654688835144043e-01
2.430694401264190674e-01
0.000000000000000000e+00
5.486761927604675293e-01
1.378755331039428711e+00
8.334445208311080933e-02
1.611196547746658325e-01
6.544538140296936035e-01
5.842446088790893555e-01
2.396835200488567352e-02
0.000000000000000000e+00
3.848527908325195312e+00
1.039398536086082458e-01
1.949726939201354980e-01
6.887711584568023682e-02
0.000000000000000000e+00
0.000000000000000000e+00
9.779991507530212402e-01
1.899678111076354980e+00
1.037586927413940430e-01
1.545932330191135406e-02
0.000000000000000000e+00
8.431918919086456299e-02
1.004541367292404175e-01
2.192795574665069580e-01
1.781963557004928589e-02
7.997710257768630981e-03
2.757404446601867676e-01
1.183082461357116699e-01
5.599438548088073730e-01
4.458927214145660400e-01
9.684793651103973389e-02
0.000000000000000000e+00
0.000000000000000000e+00
2.529943287372589111e-01
0.000000000000000000e+00
3.589875763282179832e-03
2.639397680759429932e-01
1.215858578681945801e+00
2.968695461750030518e-01
8.963233232498168945e-02
2.983300089836120605e-01
1.821134090423583984e-01
6.472401022911071777e-01
6.479829549789428711e-01
2.014907076954841614e-03
6.275885701179504395e-01
4.811459779739379883e-01
3.361536562442779541e-01
1.434744149446487427e-01
1.984897375106811523e+00
1.837039887905120850e-01
2.174261331558227539e+00
0.000000000000000000e+00
0.000000000000000000e+00
2.879846096038818359e-01
0.000000000000000000e+00
2.682385206222534180e+00
3.602420389652252197e-01
1.076567649841308594e+00
5.841358900070190430e-01
2.189845293760299683e-01
4.162029325962066650e-01
3.360999822616577148e+00
1.850794767960906029e-03
4.993122443556785583e-02
0.000000000000000000e+00
3.367521464824676514e-01
6.953359246253967285e-01
4.051589071750640869e-01
3.106755614280700684e-01
6.623633950948715210e-02
9.342532753944396973e-01
0.000000000000000000e+00
1.085933414287865162e-03
3.771643877029418945e+00
1.631625294685363770e-01
1.537762284278869629e-01
3.041257560253143311e-01
6.027361750602722168e-02
5.112800598144531250e-01
9.451971948146820068e-02
1.224041208624839783e-01
1.959203183650970459e-01
1.777275800704956055e-01
3.425081074237823486e-01
1.128350049257278442e-01
6.546350717544555664e-01
1.222775503993034363e-01
5.563248395919799805e-01
3.442679643630981445e+00
9.088480472564697266e-01
1.174362301826477051e+00
3.319473266601562500e-01
0.000000000000000000e+00
8.001255393028259277e-01
2.936546504497528076e-01
4.958132654428482056e-02
2.629231428727507591e-03
7.938273996114730835e-02
0.000000000000000000e+00
3.438254892826080322e-01
1.795667171478271484e+00
1.833043843507766724e-01
0.000000000000000000e+00
0.000000000000000000e+00
0.000000000000000000e+00
3.808751404285430908e-01
1.518469691276550293e+00
9.095327928662300110e-03
1.024360775947570801e+00
1.943523064255714417e-02
5.324526131153106689e-02
4.064868927001953125e+00
8.161862492561340332e-01
3.816536962985992432e-01
1.122818827629089355e+00
2.444993853569030762e-01
6.126743555068969727e-02
4.174711406230926514e-01
0.000000000000000000e+00
4.421617090702056885e-01
6.794013082981109619e-02
9.754323214292526245e-02
1.203307032585144043e+00
1.651360988616943359e-01
0.000000000000000000e+00
1.339475989341735840e+00
0.000000000000000000e+00
5.713376998901367188e-01
4.104428365826606750e-02
1.425543308258056641e+00
4.709287881851196289e-01
3.725431393831968307e-03
2.752071380615234375e+00
1.670438051223754883e-01
0.000000000000000000e+00
3.224715292453765869e-01
6.944116204977035522e-02
3.461663126945495605e-01
0.000000000000000000e+00
1.680968642234802246e+00
2.135471105575561523e-01
1.396986562758684158e-02
7.502160072326660156e-01
1.260246634483337402e+00
1.863837987184524536e-01
7.186315059661865234e-01
2.974549293518066406e+00
1.085767000913619995e-01
1.846617087721824646e-02
6.722863763570785522e-02
6.727409958839416504e-01
0.000000000000000000e+00
2.594769559800624847e-02
1.227390915155410767e-01
1.139212965965270996e+00
5.595464706420898438e-01
0.000000000000000000e+00
1.275130867958068848e+00
3.425753489136695862e-02
2.892837822437286377e-01
3.778706073760986328e+00
3.139456212520599365e-01
0.000000000000000000e+00
3.820719718933105469e-01
1.703295260667800903e-01
1.827245391905307770e-02
0.000000000000000000e+00
2.209684401750564575e-01
3.346998393535614014e-01
2.587746083736419678e-01
4.619599878787994385e-01
1.698580756783485413e-02
8.380833864212036133e-01
2.622636966407299042e-02
2.434040158987045288e-01
1.239678263664245605e-01
1.211386099457740784e-01
3.052178621292114258e-01
0.000000000000000000e+00
1.733195036649703979e-02
0.000000000000000000e+00
9.082590937614440918e-01
1.306071132421493530e-02
4.070520699024200439e-01
1.698492050170898438e+00
3.057074844837188721e-01
1.695595830678939819e-01
4.470510035753250122e-02
3.249525427818298340e-01
4.077718555927276611e-01
3.168438374996185303e-02
0.000000000000000000e+00
0.000000000000000000e+00
5.755856037139892578e-01
9.328496456146240234e-01
1.520730275660753250e-02
2.917779088020324707e-01
8.151671290397644043e-02
2.481052279472351074e-01
0.000000000000000000e+00
3.558984100818634033e-01
1.730039343237876892e-02
1.043486297130584717e-01
5.059581398963928223e-01
1.305846031755208969e-02
1.443294584751129150e-01
3.732928931713104248e-01
1.680816411972045898e-01
2.005037218332290649e-01
8.626034110784530640e-02
6.886159181594848633e-01
0.000000000000000000e+00
1.047733277082443237e-01
4.566650092601776123e-01
3.650258779525756836e-01
0.000000000000000000e+00
1.254500865936279297e+00
1.211944460868835449e+00
1.386174440383911133e+00
1.090958237648010254e+00
4.971524178981781006e-01
1.117223501205444336e-01
7.359539866447448730e-01
2.893548309803009033e-01
1.470070481300354004e-01
1.284180879592895508e-01
2.632202208042144775e-01
5.196014642715454102e-01
1.172327995300292969e+00
1.509914517402648926e+00
2.333141304552555084e-02
3.522042930126190186e-01
3.517999127507209778e-02
1.289226561784744263e-01
3.866501152515411377e-01
1.036428138613700867e-01
4.644735157489776611e-01
6.898103747516870499e-03
3.380660116672515869e-01
9.706959128379821777e-01
7.689356058835983276e-02
3.063920512795448303e-02
1.631893277168273926e+00
2.560499191284179688e+00
5.878772139549255371e-01
4.658233821392059326e-01
1.662616729736328125e-01
5.833709239959716797e-01
3.482725322246551514e-01
2.420781739056110382e-02
5.141060799360275269e-02
1.001291751861572266e+00
7.233969867229461670e-02
6.548640727996826172e-01
9.305404424667358398e-01
3.331049680709838867e-01
5.110628902912139893e-03
5.194864869117736816e-01
1.169499516487121582e+00
5.784869194030761719e+00
6.929820179939270020e-01
2.683796882629394531e-01
6.810721755027770996e-02
7.073105573654174805e-01
1.059316098690032959e-02
6.492623090744018555e-01
1.588302999734878540e-01
5.414418876171112061e-03
3.803022801876068115e-01
6.105477809906005859e-01
2.689136862754821777e-01
2.097183763980865479e-01
2.990706637501716614e-02
9.050919115543365479e-02
3.929022327065467834e-02
6.087276935577392578e-01
8.140732645988464355e-01
1.531047672033309937e-01
8.129177987575531006e-02
9.352770447731018066e-02
1.486427783966064453e-01
6.622826457023620605e-01
2.295783162117004395e-01
1.768922316841781139e-03
5.747802257537841797e-01
5.288618206977844238e-01
2.124581113457679749e-02
4.954426735639572144e-02
1.524492651224136353e-01
5.316841006278991699e-01
2.399914860725402832e-01
9.828259944915771484e-01
1.847388446331024170e-01
4.381201788783073425e-02
0.000000000000000000e+00
2.569554746150970459e-01
1.281168609857559204e-01
2.740276046097278595e-02
5.455361008644104004e-01
7.978129386901855469e-01
1.690753698348999023e-01
3.992042839527130127e-01
4.325422048568725586e-01
3.672299981117248535e-01
1.085837721824645996e+00
0.000000000000000000e+00
7.492634933441877365e-03
7.068680524826049805e-01
3.182253101840615273e-03
4.936921596527099609e-01
1.814664602279663086e-01
8.144211173057556152e-01
1.065139546990394592e-01
2.242876738309860229e-01
1.752241104841232300e-01
1.001938208937644958e-01
9.613391943275928497e-03
2.935181856155395508e-01
1.720720052719116211e+00
0.000000000000000000e+00
0.000000000000000000e+00
6.051099672913551331e-02
8.709179759025573730e-01
8.615612238645553589e-02
6.856676191091537476e-02
6.709734797477722168e-01
2.341107279062271118e-01
6.369371414184570312e-01
3.014152869582176208e-02
0.000000000000000000e+00
4.630711395293474197e-03
5.098766684532165527e-01
3.174672126770019531e+00
1.340496778488159180e+00
1.995004862546920776e-01
5.577957630157470703e-01
1.712281405925750732e-01
3.586141020059585571e-02
1.097982078790664673e-01
1.257603526115417480e+00
7.996507883071899414e-01
7.963849902153015137e-01
2.805869579315185547e-01
2.095240540802478790e-02
0.000000000000000000e+00
2.031209170818328857e-01
9.044957160949707031e-01
1.672088056802749634e-01
4.102526605129241943e-01
5.255903005599975586e-01
2.174990773200988770e-01
8.055748045444488525e-02
3.063411219045519829e-03
5.206550359725952148e-01
1.196713373064994812e-01
4.005840420722961426e-02
0.000000000000000000e+00
7.756142020225524902e-01
5.733270943164825439e-02
2.091822326183319092e-01
2.114903628826141357e-01
8.274771273136138916e-02
4.347287714481353760e-01
3.581176046282052994e-03
4.911388158798217773e-01
4.570638835430145264e-01
1.183984875679016113e+00
1.081166028976440430e+00
7.892837524414062500e-01
3.338047116994857788e-02
1.662308275699615479e-01
1.601186275482177734e+00
2.804883718490600586e-01
4.640446975827217102e-02
8.332109451293945312e-02
6.257489919662475586e-01
1.678343862295150757e-01
2.086901426315307617e+00
5.076324567198753357e-02
1.755543053150177002e-02
4.750375822186470032e-02
1.117493212223052979e-01
5.585094094276428223e-01
3.616620972752571106e-02
8.266178965568542480e-01
6.555445492267608643e-02
3.031697124242782593e-02
1.734508015215396881e-02
3.619324862957000732e-01
3.219093084335327148e-01
7.935793697834014893e-02
2.498061507940292358e-01
3.709126412868499756e-01
9.628419578075408936e-02
1.954553365707397461e+00
4.922191798686981201e-01
4.892837405204772949e-01
3.122962266206741333e-02
0.000000000000000000e+00
5.094830989837646484e-01
1.598328053951263428e-01
5.132274702191352844e-02
2.794546186923980713e-01
5.541786924004554749e-02
2.917959451675415039e+00
3.799327909946441650e-01
5.981808304786682129e-01
3.977963328361511230e-01
0.000000000000000000e+00
0.000000000000000000e+00
0.000000000000000000e+00
5.789419263601303101e-02
6.498985290527343750e-01
1.002225503325462341e-01
1.429407894611358643e-01
1.558938762173056602e-03
1.105875428766012192e-02
4.081051051616668701e-02
1.856826245784759521e-02
1.524959318339824677e-02
3.963361028581857681e-03
4.295912683010101318e-01
1.970866322517395020e-02
2.813632786273956299e-01
6.302039623260498047e-01
5.918271541595458984e-01
4.291045069694519043e-01
1.706997454166412354e-01
1.397039771080017090e+00
0.000000000000000000e+00
3.629169985651969910e-02
1.074494943022727966e-01
3.231781423091888428e-01
1.389203779399394989e-02
8.764133602380752563e-02
5.874269828200340271e-02
7.725641876459121704e-02
8.609571307897567749e-02
1.899338960647583008e+00
2.633685432374477386e-02
2.760518550872802734e+00
1.996365547180175781e+00
2.329950481653213501e-01
3.032059967517852783e-01
0.000000000000000000e+00
2.323420345783233643e-01
1.190388679504394531e+00
2.744488120079040527e-01
4.819908365607261658e-02
0.000000000000000000e+00
0.000000000000000000e+00
5.410630106925964355e-01
1.072708442807197571e-01
7.843667864799499512e-01
3.389693796634674072e-01
4.229656159877777100e-01
3.010131884366273880e-03
1.522261500358581543e-01
8.445454761385917664e-03
9.210446476936340332e-02
1.476012110710144043e+00
0.000000000000000000e+00
1.106703162193298340e+00
1.150439158082008362e-01
5.008620023727416992e-01
1.280333846807479858e-01
6.885517835617065430e-01
7.379994541406631470e-02
7.273954153060913086e-02
8.378353714942932129e-01
6.034963726997375488e-01
6.444581598043441772e-02
2.016241103410720825e-01
7.577990740537643433e-02
1.740870624780654907e-01
1.369206309318542480e+00
2.411001026630401611e-01
1.572004854679107666e-01
2.673432976007461548e-02
2.435799092054367065e-01
4.527767002582550049e-01
1.246597915887832642e-01
6.766251288354396820e-03
5.188359692692756653e-02
2.587588548660278320e+00
0.000000000000000000e+00
2.565522491931915283e-02
4.500683844089508057e-01
7.564311027526855469e-01
7.007487863302230835e-02
3.864249587059020996e-02
1.142689585685729980e+00
3.280516713857650757e-02
2.918150424957275391e-01
5.118184536695480347e-02
3.309536352753639221e-02
7.291710376739501953e-02
9.992908686399459839e-02
3.980302810668945312e+00
3.314442038536071777e-01
7.294074296951293945e-01
9.598752111196517944e-02
4.200342670083045959e-02
9.222999215126037598e-03
2.955241799354553223e-01
2.645774185657501221e-02
1.138875707983970642e-01
0.000000000000000000e+00
3.854111582040786743e-02
1.846724655479192734e-03
0.000000000000000000e+00
1.993523165583610535e-02
2.312926799058914185e-01
5.900655388832092285e-01
3.534626960754394531e-01
1.259569376707077026e-01
8.840251713991165161e-02
1.364413797855377197e-01
4.953255411237478256e-03
1.530312150716781616e-01
2.284840593347325921e-04
3.075329661369323730e-01
1.894544437527656555e-02
1.144796609878540039e-01
4.109628200531005859e-01
3.813456743955612183e-02
5.878929138183593750e+00
1.193245530128479004e+00
2.743037790060043335e-02
2.846475839614868164e-01
1.705278605222702026e-01
1.757682859897613525e-01
6.104915961623191833e-02
1.004179477691650391e+00
8.802581578493118286e-02
0.000000000000000000e+00
1.880705952644348145e-01
6.381174176931381226e-02
2.152003645896911621e-01
1.063708901405334473e+00
5.501477420330047607e-02
1.179825514554977417e-01
8.949601054191589355e-01
1.237385988235473633e+00
5.228719711303710938e-01
1.292270064353942871e+00
5.715599656105041504e-01
8.049246855080127716e-03
1.899422168731689453e+00
3.248616158962249756e-01
2.828943729400634766e-01
0.000000000000000000e+00
8.081042766571044922e-02
1.855515390634536743e-01
0.000000000000000000e+00
5.881655588746070862e-02
2.459473460912704468e-01
5.808386802673339844e-01
0.000000000000000000e+00
2.092937678098678589e-01
3.044790625572204590e-01
1.921099901199340820e+00
2.905788123607635498e-01
2.504211477935314178e-02
1.303883492946624756e-01
2.048494517803192139e-01
4.311736673116683960e-02
8.938843011856079102e-01
2.224307879805564880e-02
4.642940163612365723e-01
1.626319766044616699e+00
2.821795344352722168e-01
0.000000000000000000e+00
9.882493019104003906e-01
1.360964626073837280e-01
2.136703491210937500e+00
1.280513107776641846e-01
1.914241194725036621e+00
0.000000000000000000e+00
7.312460988759994507e-02
2.052333950996398926e-01
0.000000000000000000e+00
2.162222117185592651e-01
6.481195241212844849e-02
2.248597443103790283e-01
3.688402771949768066e-01
0.000000000000000000e+00
1.342962265014648438e+00
1.856548935174942017e-01
9.231236763298511505e-03
2.870899252593517303e-02
0.000000000000000000e+00
1.755437254905700684e+00
4.982392489910125732e-01
1.106920242309570312e+00
2.456298023462295532e-01
1.405847311019897461e+00
1.400309324264526367e+00
5.028769969940185547e-01
7.660097479820251465e-01
1.343089248985052109e-02
1.006655216217041016e+00
1.194350346922874451e-01
7.857614755630493164e-02
1.315346717834472656e+00
1.722107529640197754e-01
1.355502367019653320e+00
3.384900391101837158e-01
4.111503064632415771e-02
3.224498927593231201e-01
3.616899251937866211e-02
3.013978242874145508e+00
8.427133560180664062e-01
2.087631374597549438e-01
1.061446890234947205e-01
0.000000000000000000e+00
6.117630004882812500e-01
0.000000000000000000e+00
1.591108273714780807e-03
8.492423892021179199e-01
6.395100355148315430e-01
3.641594052314758301e-01
7.740660905838012695e-01
1.400688141584396362e-01
0.000000000000000000e+00
1.294585824012756348e+00
4.714900627732276917e-02
1.165342330932617188e-01
7.519669085741043091e-02
1.169107556343078613e-01
8.264586925506591797e-01
3.957709074020385742e-01
8.533449769020080566e-01
2.047682255506515503e-01
1.276274770498275757e-01
1.508296012878417969e+00
1.054593995213508606e-01
1.732424020767211914e+00
3.222029805183410645e-01
2.943093515932559967e-02
1.690068393945693970e-01
0.000000000000000000e+00
3.605322167277336121e-02
5.442608594894409180e-01
0.000000000000000000e+00
6.504798680543899536e-02
1.137614607810974121e+00
2.182319462299346924e-01
1.611018367111682892e-02
0.000000000000000000e+00
1.018238291144371033e-01
7.286829948425292969e-01
1.562661886215209961e+00
1.940830349922180176e-01
2.677098810672760010e-01
2.474689483642578125e-02
1.892828494310379028e-01
1.224735900759696960e-01
4.171060025691986084e-02
2.492644824087619781e-02
0.000000000000000000e+00
3.262361586093902588e-01
2.922346293926239014e-01
2.198939800262451172e+00
4.918833374977111816e-01
5.391756445169448853e-02
2.274078130722045898e-01
1.732664257287979126e-01
2.462278366088867188e+00
4.430144280195236206e-02
9.669914096593856812e-02
0.000000000000000000e+00
1.734930649399757385e-02
6.430239081382751465e-01
1.708557009696960449e-01
3.789070621132850647e-02
5.693763960152864456e-03
4.567966237664222717e-02
4.998914524912834167e-02
5.988584365695714951e-03
3.390212543308734894e-03
6.833037361502647400e-03
0.000000000000000000e+00
4.359309673309326172e-01
1.103591620922088623e-01
1.655244082212448120e-01
2.079263925552368164e-01
0.000000000000000000e+00
2.034551620483398438e+00
2.494137287139892578e+00
9.541988968849182129e-01
5.751057863235473633e-01
5.963608622550964355e-02
2.679798901081085205e-01
5.728437006473541260e-02
2.160092890262603760e-01
3.689818084239959717e-01
2.685515582561492920e-02
4.774514138698577881e-01
1.655335538089275360e-02
0.000000000000000000e+00
5.811775103211402893e-02
1.061478257179260254e+00
0.000000000000000000e+00
4.871356785297393799e-01
1.678346395492553711e-01
7.163257002830505371e-01
1.644105911254882812e-01
9.607658982276916504e-01
1.092222779989242554e-01
1.220476347953081131e-02
1.177462697029113770e+00
0.000000000000000000e+00
8.560812473297119141e-02
5.205009579658508301e-01
0.000000000000000000e+00
0.000000000000000000e+00
7.065989077091217041e-02
2.832289412617683411e-02
8.453829884529113770e-01
1.945791482925415039e+00
7.058842480182647705e-02
3.444685935974121094e-01
2.084373682737350464e-01
7.770122587680816650e-02
0.000000000000000000e+00
0.000000000000000000e+00
1.885904520750045776e-01
1.984472014009952545e-02
8.245050907135009766e-01
0.000000000000000000e+00
9.674659371376037598e-01
2.630580030381679535e-02
3.655194342136383057e-01
1.108196973800659180e+00
1.237747594714164734e-01
3.418220281600952148e-01
1.753973774611949921e-03
8.887440897524356842e-03
9.689712524414062500e-02
3.260289132595062256e-01
3.494682312011718750e-01
0.000000000000000000e+00
3.968878388404846191e-01
8.300105333328247070e-01
4.124996364116668701e-01
1.402971893548965454e-01
2.014678269624710083e-01
3.702631890773773193e-01
1.211983263492584229e-01
0.000000000000000000e+00
2.983938455581665039e-01
1.267154365777969360e-01
2.939909696578979492e+00
4.766017496585845947e-01
1.043019667267799377e-01
5.903954431414604187e-02
5.625140666961669922e-01
0.000000000000000000e+00
6.656118482351303101e-02
3.836243227124214172e-02
2.090430706739425659e-01
6.887225806713104248e-02
7.218521833419799805e-01
3.600842356681823730e-01
1.190968304872512817e-01
0.000000000000000000e+00
5.071774125099182129e-01
2.850207984447479248e-01
3.741421103477478027e-01
7.976484298706054688e-02
4.034486293792724609e+00
2.213700413703918457e-01
3.703902065753936768e-01
2.922413051128387451e-01
3.239055573940277100e-01
4.384163856506347656e+00
3.849577531218528748e-02
1.170687317848205566e+00
1.685200482606887817e-01
4.220187962055206299e-01
2.814357168972492218e-02
7.970037460327148438e-01
5.142372846603393555e-01
6.014499068260192871e-02
1.154294908046722412e-01
2.774669826030731201e-01
2.396005094051361084e-01
3.160915374755859375e-01
6.756584644317626953e-01
2.384373992681503296e-01
5.718404054641723633e-01
6.813642382621765137e-01
1.028652209788560867e-02
3.872455283999443054e-02
3.347468748688697815e-02
6.538246273994445801e-01
2.700142795220017433e-03
1.802275888621807098e-02
1.319723278284072876e-01
4.222924709320068359e-01
1.041856884956359863e+00
1.520641986280679703e-02
2.722941525280475616e-02
6.099161878228187561e-02
2.095248222351074219e+00
2.033973112702369690e-03
3.939844295382499695e-02
4.766270518302917480e-01
1.172778531908988953e-01
0.000000000000000000e+00
1.565995514392852783e-01
1.347039937973022461e-01
2.082593142986297607e-01
2.779412865638732910e-01
3.228878974914550781e-01
2.605936825275421143e-01
4.974155724048614502e-01
1.346446275711059570e-01
1.000902615487575531e-02
2.472384832799434662e-03
4.164915159344673157e-02
3.770689014345407486e-03
1.463729739189147949e-01
1.436968445777893066e-01
1.867961287498474121e-01
1.475702285766601562e+00
8.243405222892761230e-01
3.366499841213226318e-01
2.869466086849570274e-03
1.691205501556396484e+00
4.979468286037445068e-01
4.244008362293243408e-01
1.987486034631729126e-01
9.244812726974487305e-01
2.228384092450141907e-02
9.778627753257751465e-02
1.232984066009521484e+00
1.004033565521240234e+00
1.295731496065855026e-02
2.931460365653038025e-02
1.568850129842758179e-01
5.929641127586364746e-01
6.732602119445800781e-01
2.548927962779998779e-01
2.262871861457824707e-01
9.786587953567504883e-02
7.267346978187561035e-01
2.137802541255950928e-01
1.094669699668884277e+00
9.245826005935668945e-01
1.427172869443893433e-01
1.281198740005493164e+00
4.408464953303337097e-02
6.641139090061187744e-02
3.015089333057403564e-01
0.000000000000000000e+00
3.967726230621337891e-01
3.712994456291198730e-01
5.386725999414920807e-03
1.153074949979782104e-02
1.118698492646217346e-01
1.253216981887817383e+00
2.333189360797405243e-02
4.655294120311737061e-01
7.034467067569494247e-03
4.713693342637270689e-04
0.000000000000000000e+00
1.420290470123291016e-01
3.335793316364288330e-02
3.040389120578765869e-01
0.000000000000000000e+00
2.086442232131958008e+00
1.786050796508789062e-01
1.234947323799133301e+00
2.839243412017822266e-01
3.428954631090164185e-02
3.041553497314453125e-02
2.221883088350296021e-01
3.523662313818931580e-02
0.000000000000000000e+00
2.712878398597240448e-02
8.578644394874572754e-01
3.760526701807975769e-02
6.645416617393493652e-01
7.667528092861175537e-02
6.929338574409484863e-01
0.000000000000000000e+00
5.334787964820861816e-01
5.504425615072250366e-03
5.832841992378234863e-01
2.018898166716098785e-02
7.065946459770202637e-01
5.139271616935729980e-01
3.772433102130889893e-02
2.238400578498840332e-01
2.349986582994461060e-01
1.236568689346313477e-01
2.068103104829788208e-01
1.681241840124130249e-01
0.000000000000000000e+00
2.292613536119461060e-01
1.484680294990539551e+00
1.538016498088836670e-01
7.205992937088012695e-01
1.643313050270080566e+00
3.080475032329559326e-01
2.239819765090942383e-01
4.025450646877288818e-01
2.752953469753265381e-01
9.735618233680725098e-01
1.058267951011657715e-01
1.039224624633789062e+00
2.645293995738029480e-02
1.563366651535034180e-01
1.768028736114501953e-01
6.598347425460815430e-01
7.047212868928909302e-02
0.000000000000000000e+00
1.109483558684587479e-02
1.719635352492332458e-02
8.296692371368408203e-02
1.436745524406433105e+00
2.241120785474777222e-01
1.591193795204162598e+00
1.794287860393524170e-01
0.000000000000000000e+00
1.016774415969848633e+00
1.385957598686218262e-01
5.042297020554542542e-02
1.324988305568695068e-01
5.955825094133615494e-03
3.923704102635383606e-02
4.640813916921615601e-02
2.474761940538883209e-02
1.360446691513061523e+00
2.666757628321647644e-02
6.062942743301391602e-01
2.847258150577545166e-01
1.823557376861572266e+00
0.000000000000000000e+00
3.100347220897674561e-01
7.729823142290115356e-02
5.677708983421325684e-02
5.163680315017700195e-01
3.786387205123901367e+00
7.989538460969924927e-02
1.170628145337104797e-01
6.538379006087779999e-03
2.630544602870941162e-01
5.644527822732925415e-02
4.381572082638740540e-02
2.715291380882263184e-01
7.196102291345596313e-02
2.855190336704254150e-01
1.445749849081039429e-01
1.709896922111511230e-01
9.265553951263427734e-02
1.351012736558914185e-01
0.000000000000000000e+00
3.705084323883056641e-02
1.678518205881118774e-02
4.384189844131469727e-02
0.000000000000000000e+00
4.475483894348144531e-01
3.319815099239349365e-01
2.222032397985458374e-01
1.914145797491073608e-01
3.695167899131774902e-01
3.003524065017700195e+00
4.468943476676940918e-01
2.948538541793823242e+00
3.081352412700653076e-01
9.629118442535400391e-02
5.553090013563632965e-03
5.003022029995918274e-02
9.112874045968055725e-03
6.282642483711242676e-01
2.307004928588867188e-01
1.478294730186462402e-01
0.000000000000000000e+00
1.017512753605842590e-01
2.677971124649047852e+00
8.394998311996459961e-02
1.501618623733520508e+00
4.027172178030014038e-02
5.667038559913635254e-01
3.212285935878753662e-01
2.054508328437805176e-01
1.976890116930007935e-01
1.359738707542419434e-01
6.305778026580810547e-01
2.053956501185894012e-03
1.003514975309371948e-01
2.561528682708740234e-01
4.187557220458984375e+00
4.288041591644287109e+00
9.482462704181671143e-02
5.899907350540161133e-01
8.842625021934509277e-01
2.889935076236724854e-01
1.611405462026596069e-01
5.992128252983093262e-01
1.916279673576354980e+00
1.017196625471115112e-01
1.503200531005859375e-01
2.501839101314544678e-01
6.142275929450988770e-01
2.122373431921005249e-01
3.016412444412708282e-02
2.631189525127410889e-01
4.517165943980216980e-03
1.444140356034040451e-02
3.114940598607063293e-02
1.715705171227455139e-02
0.000000000000000000e+00
1.358107849955558777e-02
8.002140372991561890e-02
5.104916635900735855e-03
1.520797908306121826e-01
1.041275501251220703e+00
1.145729348063468933e-01
7.878353819251060486e-03
2.258301526308059692e-01
3.050539493560791016e-01
4.183451086282730103e-02
6.257129460573196411e-02
1.785267472267150879e+00
0.000000000000000000e+00
0.000000000000000000e+00
9.373318552970886230e-01
0.000000000000000000e+00
1.769202053546905518e-01
2.305006794631481171e-02
9.191049635410308838e-02
1.761212050914764404e-01
2.301601693034172058e-02
2.895596027374267578e+00
1.541839390993118286e-01
3.295172154903411865e-01
1.806430704891681671e-02
8.074501156806945801e-01
1.791935041546821594e-02
1.598375439643859863e-01
8.635993003845214844e-01
7.536704838275909424e-02
5.647240281105041504e-01
1.655585616827011108e-01
7.497486192733049393e-03
1.318505704402923584e-01
2.570156157016754150e-01
1.223924279212951660e+00
4.385441839694976807e-01
1.907255202531814575e-01
1.120136678218841553e-01
1.734696626663208008e-01
1.532288640737533569e-01
1.938242167234420776e-01
1.789124906063079834e-01
2.535887360572814941e-01
5.648527294397354126e-02
0.000000000000000000e+00
4.943277314305305481e-02
3.009307980537414551e-01
9.563046097755432129e-01
1.145658269524574280e-01
0.000000000000000000e+00
1.282840013504028320e+00
6.260510683059692383e-01
0.000000000000000000e+00
3.667639791965484619e-01
1.940770000219345093e-01
1.537281870841979980e-01
1.670464724302291870e-01
0.000000000000000000e+00
6.606394052505493164e-02
3.541938662528991699e-01
2.927707135677337646e-01
5.675008893013000488e-01
0.000000000000000000e+00
1.023599863052368164e+00
1.053988039493560791e-01
1.034700721502304077e-01
6.578750163316726685e-02
2.832836210727691650e-01
1.219443559646606445e+00
1.554361879825592041e-01
0.000000000000000000e+00
2.844855189323425293e-02
3.840553164482116699e-01
0.000000000000000000e+00
0.000000000000000000e+00
3.127759695053100586e-01
7.209815084934234619e-02
9.015044569969177246e-02
2.075874954462051392e-01
2.348380535840988159e-01
1.276405900716781616e-01
1.912483692169189453e+00
4.752611741423606873e-02
9.855031967163085938e-02
2.104678452014923096e-01
1.092908345162868500e-02
5.574454665184020996e-01
1.970733143389225006e-02
1.318253874778747559e-01
3.478450328111648560e-02
4.945541858673095703e+00
6.294501014053821564e-03
4.922240599989891052e-02
1.313237845897674561e-01
2.232141494750976562e-01
1.376345276832580566e+00
2.312926054000854492e-01
2.999737858772277832e-01
8.933519124984741211e-01
1.179955124855041504e+00
1.985160827636718750e+00
1.860692352056503296e-02
1.520336985588073730e+00
3.971461951732635498e-01
1.171343475580215454e-01
1.773073710501194000e-02
4.215282797813415527e-01
1.145876385271549225e-02
6.411613523960113525e-02
4.384410381317138672e-01
0.000000000000000000e+00
4.089922178536653519e-03
1.370441675186157227e+00
3.197696432471275330e-02
1.663760691881179810e-01
5.894313007593154907e-02
2.056177854537963867e-01
5.099511239677667618e-03
1.450858950614929199e+00
4.696120321750640869e-01
8.472795598208904266e-03
5.912753343582153320e-01
0.000000000000000000e+00
2.187902331352233887e-01
1.434662640094757080e-01
3.169461190700531006e-01
4.727098047733306885e-01
1.042260885238647461e+00
0.000000000000000000e+00
2.007007785141468048e-02
7.302004098892211914e-02
3.152452707290649414e-01
6.557118296623229980e-01
1.577983200550079346e-01
2.132118046283721924e-01
6.578892469406127930e-01
1.454674750566482544e-01
1.898467838764190674e-01
1.257089734077453613e+00
5.760138854384422302e-02
5.203248262405395508e-01
1.025953665375709534e-01
9.024701714515686035e-01
1.162823885679244995e-01
1.675909459590911865e-01
7.414878904819488525e-02
2.014886140823364258e-01
1.196861147880554199e+00
5.115680098533630371e-01
8.566246181726455688e-02
9.821700304746627808e-02
1.008994698524475098e+00
8.383378386497497559e-03
4.345988109707832336e-02
3.881778717041015625e-01
1.534948498010635376e-01
0.000000000000000000e+00
9.233722835779190063e-02
1.739733219146728516e-01
1.558608412742614746e-01
2.455824464559555054e-01
1.194627359509468079e-01
0.000000000000000000e+00
1.812540590763092041e-01
4.521738588809967041e-01
1.035803556442260742e+00
1.019144281744956970e-01
2.548092305660247803e-01
8.665506541728973389e-02
1.316799200139939785e-03
9.578669816255569458e-02
4.584308564662933350e-01
2.763639092445373535e-01
1.193708181381225586e-01
2.488817453384399414e+00
0.000000000000000000e+00
2.460576979501638561e-05
6.276890635490417480e-01
1.366015672683715820e+00
1.176336184144020081e-01
8.504588156938552856e-03
3.188185766339302063e-02
1.217411383986473083e-01
1.264328882098197937e-02
6.437293440103530884e-02
1.703604906797409058e-01
7.981635928153991699e-01
1.663585603237152100e-01
1.338356286287307739e-01
5.342970371246337891e+00
3.780737519264221191e-02
5.165193676948547363e-01
3.451485559344291687e-02
0.000000000000000000e+00
2.820889353752136230e-01
9.925006330013275146e-02
3.123130202293395996e-01
1.470181345939636230e-01
6.967842578887939453e-01
4.003431275486946106e-02
4.805198907852172852e-01
1.096352264285087585e-01
7.044776082038879395e-01
1.153382752090692520e-02
3.267553329467773438e+00
4.008090794086456299e-01
1.127758622169494629e-01
5.720210447907447815e-02
5.933276936411857605e-02
1.040695905685424805e+00
3.564861118793487549e-01
5.437707528471946716e-03
7.702932506799697876e-02
5.407891795039176941e-02
5.483132600784301758e-01
6.352663785219192505e-02
3.545924648642539978e-02
2.268640279769897461e+00
3.174861893057823181e-02
2.710643038153648376e-02
5.911108255386352539e-01
1.826683282852172852e-01
2.837502397596836090e-02
2.663362324237823486e-01
4.500060975551605225e-01
1.067789554595947266e+00
9.482534229755401611e-02
4.808036804199218750e+00
5.646132826805114746e-01
9.923475980758666992e-02
1.832504570484161377e-02
6.155804395675659180e-01
1.191657423973083496e+00
3.243383765220642090e-01
1.014632657170295715e-01
3.163481652736663818e-01
1.583368182182312012e-01
0.000000000000000000e+00
8.195496201515197754e-01
5.951901078224182129e-01
5.469614267349243164e-01
1.074681639671325684e+00
1.923794448375701904e-01
7.612750679254531860e-02
4.540818277746438980e-03
3.468190729618072510e-01
1.151077151298522949e-01
2.272325307130813599e-01
3.750744819641113281e+00
3.486531376838684082e-01
2.027038037776947021e-01
7.495963573455810547e-01
7.841675281524658203e-01
1.483792513608932495e-01
6.998972892761230469e-01
2.268999814987182617e-01
1.112084463238716125e-01
2.221173644065856934e-01
1.467188149690628052e-01
7.020556926727294922e-02
1.590311527252197266e-01
0.000000000000000000e+00
5.422310903668403625e-02
2.952219843864440918e-01
3.809794187545776367e-01
9.958245605230331421e-02
6.016289591789245605e-01
0.000000000000000000e+00
1.109196662902832031e+00
7.112690247595310211e-03
2.858142368495464325e-03
0.000000000000000000e+00
3.776960074901580811e-02
0.000000000000000000e+00
0.000000000000000000e+00
0.000000000000000000e+00
5.768601596355438232e-02
1.020234346389770508e+00
8.846514225006103516e-01
7.439854741096496582e-01
1.785875558853149414e-01
2.159869074821472168e-01
3.620705902576446533e-01
2.158506155014038086e+00
5.483792722225189209e-02
5.657542347908020020e-01
1.949873924255371094e+00
0.000000000000000000e+00
7.224522531032562256e-02
1.072784900665283203e+00
1.939934492111206055e-01
2.600941956043243408e-01
1.214675605297088623e-01
9.533739686012268066e-01
0.000000000000000000e+00
1.442721128463745117e+00
1.849091053009033203e+00
4.081619158387184143e-02
1.517828822135925293e+00
3.293718695640563965e-01
1.832996122539043427e-02
4.377774298191070557e-01
2.551178038120269775e-01
5.726543664932250977e-01
4.416288342326879501e-03
1.319790244102478027e+00
3.314287960529327393e-02
2.415893316268920898e+00
3.590157926082611084e-01
1.093127653002738953e-01
1.214912533760070801e-01
1.262913346290588379e-01
1.052579879760742188e-01
6.662870645523071289e-01
3.663452267646789551e-01
1.828761212527751923e-02
4.133795499801635742e-01
1.933382451534271240e-02
1.126718521118164062e+00
2.094257920980453491e-01
0.000000000000000000e+00
6.009639706462621689e-03
4.981071949005126953e-01
1.593570262193679810e-01
1.424349427223205566e+00
0.000000000000000000e+00
1.352024823427200317e-01
3.086698353290557861e-01
1.460103839635848999e-01
4.287549853324890137e-02
1.610881686210632324e+00
1.191328000277280807e-02
3.771134912967681885e-01
1.495545029640197754e+00
1.495513319969177246e-01
0.000000000000000000e+00
1.411211788654327393e-01
1.285954415798187256e-01
1.058837890625000000e+00
6.774579286575317383e-01
4.116305112838745117e-01
6.204438805580139160e-01
2.735085964202880859e+00
1.588712185621261597e-01
1.281777769327163696e-01
3.738246858119964600e-01
7.798856496810913086e-01
1.474575549364089966e-01
1.048707589507102966e-02
2.866190392524003983e-03
6.172960624098777771e-02
9.570826590061187744e-02
0.000000000000000000e+00
2.082525938749313354e-01
3.459222614765167236e-01
2.042199373245239258e-01
9.408332407474517822e-03
3.476381301879882812e-03
7.011619210243225098e-01
2.273568958044052124e-01
2.530236005783081055e+00
2.087147533893585205e-01
3.806427121162414551e-01
1.133344247937202454e-01
6.615495681762695312e-01
1.271876543760299683e-01
1.828486770391464233e-01
3.325527012348175049e-01
3.953508138656616211e+00
4.057824909687042236e-01
1.288013905286788940e-01
6.254280805587768555e-01
2.050808191299438477e+00
5.460486933588981628e-02
1.700304634869098663e-02
5.059885978698730469e-01
1.024433374404907227e+00
5.318298935890197754e-01
3.065147399902343750e-01
2.759310649707913399e-03
0.000000000000000000e+00
1.492559909820556641e-01
3.290479183197021484e-01
5.748865660279989243e-03
9.621281176805496216e-02
3.718292713165283203e-01
0.000000000000000000e+00
9.758282452821731567e-02
5.893700569868087769e-02
1.511449337005615234e+00
1.375289916992187500e+00
3.707019686698913574e-01
9.600633382797241211e-02
1.841421008110046387e+00
2.163686752319335938e-01
4.593354701995849609e+00
0.000000000000000000e+00
0.000000000000000000e+00
1.022900462150573730e+00
1.024020835757255554e-02
3.558102548122406006e-01
1.102766320109367371e-01
3.900171490386128426e-03
1.831972002983093262e-01
1.285563260316848755e-01
3.166423738002777100e-01
5.322082042694091797e-01
0.000000000000000000e+00
6.938425824046134949e-03
1.406283229589462280e-01
7.204781174659729004e-01
1.115557998418807983e-01
5.503747984766960144e-02
3.692397102713584900e-02
9.695660322904586792e-02
2.487873882055282593e-01
1.333168864250183105e+00
2.582839131355285645e-01
8.487912416458129883e-01
8.478806167840957642e-02
4.361228644847869873e-01
0.000000000000000000e+00
3.118236958980560303e-01
1.491203427314758301e+00
4.318595528602600098e-01
4.700337648391723633e-01
3.328892588615417480e-02
0.000000000000000000e+00
7.180654406547546387e-01
0.000000000000000000e+00
6.851544380187988281e-01
7.412695139646530151e-02
2.034743577241897583e-01
9.628099799156188965e-01
1.865818747319281101e-03
0.000000000000000000e+00
1.794418552890419960e-03
7.742324471473693848e-01
2.366633340716362000e-02
1.037693098187446594e-01
1.360991358757019043e+00
1.599982231855392456e-01
1.634843200445175171e-01
2.113513946533203125e-01
3.800195176154375076e-03
1.344886302947998047e+00
2.427258014678955078e+00
0.000000000000000000e+00
6.485577821731567383e-01
8.411798477172851562e-01
3.513956815004348755e-02
9.557700753211975098e-01
2.092903703451156616e-01
7.855737805366516113e-01
1.282752037048339844e+00
0.000000000000000000e+00
2.547734677791595459e-01
0.000000000000000000e+00
0.000000000000000000e+00
2.181963771581649780e-01
2.294015139341354370e-01
2.953143715858459473e-01
6.327840089797973633e-01
9.251771867275238037e-02
1.013926029205322266e+00
7.041892036795616150e-03
2.239037537947297096e-03
1.799665987491607666e-01
1.265245974063873291e-01
1.636108279228210449e+00
2.219382673501968384e-01
1.944730281829833984e-01
2.394794672727584839e-01
1.682352870702743530e-01
8.634041994810104370e-02
4.163275361061096191e-01
3.726920345798134804e-03
1.203245878219604492e+00
4.833913221955299377e-02
1.154108762741088867e+00
1.334494113922119141e+00
1.529000103473663330e-01
4.950125515460968018e-01
8.757705986499786377e-02
0.000000000000000000e+00
2.882447838783264160e-02
5.879799276590347290e-02
5.778287351131439209e-02
0.000000000000000000e+00
5.769008994102478027e-01
2.679419815540313721e-01
1.064613908529281616e-01
1.156788706779479980e+00
9.586957097053527832e-01
1.457457393407821655e-01
1.225934997200965881e-01
1.255812793970108032e-01
3.881407678127288818e-01
1.135545149445533752e-01
7.751686032861471176e-03
1.917569637298583984e-01
