0.000000000000000000e+00
8.884057402610778809e-02
4.814888238906860352e-01
7.926244139671325684e-01
8.060862421989440918e-01
0.000000000000000000e+00
9.329214692115783691e-03
1.475059688091278076e-01
8.291901648044586182e-02
1.230446398258209229e-01
3.461254537105560303e-01
1.322758942842483521e-01
8.834655880928039551e-01
2.382289767265319824e-01
1.029421329498291016e+00
6.267263740301132202e-02
5.608921051025390625e-01
8.962337672710418701e-02
5.281262397766113281e-01
4.857388734817504883e-01
5.795622989535331726e-02
8.524432778358459473e-02
2.075094223022460938e+00
3.514598906040191650e-01
0.000000000000000000e+00
8.608477711677551270e-01
1.377146244049072266e-01
1.368984937667846680e+00
1.508175253868103027e+00
7.954047918319702148e-01
2.400546789169311523e+00
0.000000000000000000e+00
1.352019309997558594e+00
3.695035278797149658e-01
2.234786301851272583e-01
1.445256024599075317e-01
4.129919782280921936e-02
1.554374843835830688e-01
4.182670116424560547e-01
6.869184784591197968e-03
1.283843666315078735e-01
5.224297642707824707e-01
0.000000000000000000e+00
1.459569633007049561e-01
6.008632481098175049e-02
1.769969165325164795e-01
1.340435743331909180e-01
2.233693122863769531e+00
1.208668470382690430e+00
1.965620368719100952e-02
3.768646121025085449e-01
5.156054496765136719e+00
3.617946207523345947e-01
5.636275410652160645e-01
3.098740577697753906e-01
2.232889235019683838e-01
1.686929821968078613e+00
5.780271291732788086e-01
2.745464146137237549e-01
2.347856998443603516e+00
1.181369498372077942e-01
5.556583032011985779e-02
9.122561812400817871e-01
3.595421090722084045e-02
2.074902653694152832e-01
1.150292277336120605e+00
3.106329739093780518e-01
2.732445478439331055e+00
1.295737504959106445e+00
0.000000000000000000e+00
3.083899319171905518e-01
5.600006580352783203e-01
1.051236465573310852e-01
5.638595670461654663e-02
0.000000000000000000e+00
0.000000000000000000e+00
5.187922716140747070e-01
2.220914959907531738e-01
5.098214149475097656e-01
8.349455893039703369e-03
0.000000000000000000e+00
2.288766145706176758e+00
2.996656298637390137e-02
6.971387863159179688e-01
4.309622347354888916e-01
5.511763095855712891e-01
1.806058138608932495e-01
4.071822762489318848e-01
1.003794446587562561e-01
6.573081612586975098e-01
1.188758969306945801e+00
5.723230168223381042e-02
5.748270153999328613e-01
3.229161798954010010e-01
0.000000000000000000e+00
5.285782366991043091e-02
4.123534262180328369e-01
1.303423643112182617e-01
1.240402221679687500e+00
1.075344979763031006e-01
2.433389872312545776e-01
3.644486963748931885e-01
1.680332273244857788e-01
3.162967681884765625e+00
4.077112302184104919e-02
0.000000000000000000e+00
4.228771850466728210e-02
1.984271287918090820e+00
3.962298393249511719e+00
3.937026858329772949e-01
0.000000000000000000e+00
2.291647672653198242e+00
4.977151453495025635e-01
2.838637828826904297e-01
7.632162421941757202e-02
2.452559620141983032e-01
5.965917110443115234e-01
0.000000000000000000e+00
9.601648449897766113e-01
4.185514152050018311e-01
6.437966823577880859e-01
6.668674945831298828e-01
4.426444694399833679e-02
3.493019938468933105e-01
7.699876308441162109e+00
1.703100949525833130e-01
1.661368906497955322e-01
1.363735795021057129e+00
0.000000000000000000e+00
6.855553481727838516e-03
2.977677062153816223e-02
3.519503176212310791e-01
1.179186344146728516e+00
1.969611287117004395e+00
1.944762706756591797e+00
1.100326776504516602e+00
3.825539648532867432e-01
1.246848106384277344e+00
1.225519895553588867e+00
1.215308904647827148e+00
1.425305455923080444e-01
9.596306085586547852e-01
4.826757609844207764e-01
1.259842038154602051e+00
3.983363807201385498e-01
1.183845624327659607e-01
2.702915966510772705e-01
1.167279481887817383e+00
6.607908010482788086e-01
8.930829167366027832e-01
1.371960878372192383e+00
0.000000000000000000e+00
4.459618628025054932e-01
8.425158262252807617e-01
3.643208649009466171e-03
2.672520577907562256e-01
1.843044310808181763e-01
2.931984961032867432e-01
6.829833984375000000e-02
6.835362911224365234e-01
2.159277647733688354e-01
1.659248471260070801e+00
9.707486629486083984e-02
1.142557501792907715e+00
0.000000000000000000e+00
4.397667407989501953e+00
1.589953601360321045e-01
3.123925626277923584e-01
7.686411589384078979e-02
1.347631812095642090e+00
4.162095785140991211e-01
0.000000000000000000e+00
5.422341227531433105e-01
3.974392414093017578e-01
4.408736713230609894e-03
5.909923464059829712e-02
4.352632910013198853e-02
2.714588679373264313e-02
4.570586979389190674e-01
6.603745222091674805e-01
1.022150292992591858e-01
3.462349414825439453e+00
1.198965668678283691e+00
8.990639448165893555e-01
1.497018486261367798e-01
3.430816903710365295e-02
1.613375246524810791e-01
8.588584661483764648e-01
5.311990156769752502e-02
2.232452332973480225e-01
0.000000000000000000e+00
2.327815890312194824e-01
5.681424867361783981e-03
6.923577189445495605e-02
1.987259089946746826e-01
1.573309302330017090e-02
6.678746938705444336e-01
5.091252326965332031e-01
1.702011376619338989e-02
3.769363462924957275e-01
0.000000000000000000e+00
1.012078225612640381e-01
1.824246168136596680e+00
4.683369994163513184e-01
4.114822149276733398e-01
0.000000000000000000e+00
2.933160662651062012e-01
1.224081873893737793e+00
8.129674196243286133e-01
7.403073906898498535e-01
1.597654633224010468e-02
6.119229197502136230e-01
3.285107612609863281e-01
5.732964277267456055e-01
1.140855550765991211e+00
3.568330407142639160e-02
1.620902866125106812e-02
1.153420925140380859e+00
3.407862484455108643e-01
5.626078844070434570e-01
3.962257504463195801e-01
2.165015697479248047e+00
7.810676097869873047e-02
3.737819194793701172e-02
6.183673441410064697e-02
1.178178310394287109e+00
3.477868139743804932e-01
7.908650636672973633e-01
2.198778791353106499e-03
3.683015108108520508e-01
0.000000000000000000e+00
3.001269511878490448e-02
5.103764533996582031e-01
9.800245165824890137e-01
1.059827301651239395e-02
2.988518476486206055e+00
1.428048014640808105e-01
8.100117743015289307e-02
2.683128695935010910e-03
2.629595994949340820e+00
0.000000000000000000e+00
3.063619136810302734e-01
1.594783961772918701e-01
7.212155312299728394e-02
0.000000000000000000e+00
4.187514185905456543e-01
5.732579827308654785e-01
4.444136321544647217e-01
1.297924876213073730e+00
9.366232901811599731e-02
0.000000000000000000e+00
7.377087324857711792e-02
1.516649127006530762e-01
0.000000000000000000e+00
1.402923464775085449e+00
1.739893913269042969e+00
6.517729163169860840e-02
8.758736774325370789e-03
0.000000000000000000e+00
1.357669103890657425e-02
2.856533050537109375e+00
3.659783601760864258e-01
5.075020194053649902e-01
1.617696881294250488e-02
6.039884407073259354e-03
3.682714998722076416e-01
0.000000000000000000e+00
1.274031043052673340e+00
2.220181971788406372e-01
1.003177613019943237e-01
1.477723002433776855e+00
4.571368992328643799e-01
1.602768003940582275e-01
5.126167833805084229e-02
1.955900806933641434e-03
6.378368288278579712e-02
3.626443445682525635e-02
6.267109513282775879e-01
2.810831367969512939e-02
4.094605743885040283e-01
5.181170701980590820e-01
1.722740650177001953e+00
6.156190633773803711e-01
0.000000000000000000e+00
2.928130328655242920e-01
1.720225214958190918e-01
2.047466486692428589e-02
5.519441962242126465e-01
7.674118518829345703e+00
7.723640799522399902e-01
2.512107491493225098e-01
1.191106140613555908e-01
9.147456847131252289e-03
3.501960515975952148e+00
1.421941816806793213e-02
8.638585805892944336e-01
0.000000000000000000e+00
1.680307149887084961e+00
6.271210312843322754e-02
1.730984896421432495e-01
1.312522888183593750e+00
8.575117588043212891e-02
8.050787448883056641e-02
0.000000000000000000e+00
0.000000000000000000e+00
1.257103323936462402e+00
1.236107479780912399e-02
7.284102439880371094e-01
1.178863406181335449e+00
3.624324500560760498e-01
5.086925998330116272e-02
4.339976236224174500e-02
5.305783152580261230e-01
1.122040629386901855e+00
9.623008966445922852e-02
4.566406011581420898e-01
2.562000155448913574e-01
8.479548096656799316e-01
1.493341326713562012e-01
2.441063374280929565e-01
1.769250392913818359e+00
1.034911990165710449e+00
8.904068171977996826e-02
4.199953675270080566e-01
9.029060602188110352e-01
4.558962285518646240e-01
0.000000000000000000e+00
7.083831429481506348e-01
8.371154963970184326e-02
1.698710203170776367e+00
6.470168232917785645e-01
3.985015749931335449e-01
1.011302351951599121e+00
0.000000000000000000e+00
2.773423492908477783e-01
9.271982908248901367e-01
1.370910167694091797e+00
1.217968389391899109e-01
1.133380979299545288e-01
2.430262509733438492e-03
2.847422100603580475e-02
8.621904999017715454e-02
8.409824967384338379e-02
6.490117311477661133e-02
2.414723485708236694e-01
1.701093196868896484e+00
1.227512955665588379e+00
1.495303153991699219e+00
4.221116006374359131e-01
3.677620291709899902e-01
6.341361403465270996e-01
5.564219951629638672e-01
4.970255196094512939e-01
0.000000000000000000e+00
1.104839667677879333e-01
5.145177841186523438e-01
5.667605996131896973e-01
1.885636150836944580e-01
1.114284917712211609e-01
9.872618913650512695e-01
6.287328004837036133e-01
6.925611197948455811e-02
1.570986211299896240e-01
1.109788492321968079e-01
3.091887384653091431e-02
1.196314334869384766e+00
2.242341823875904083e-02
1.395639181137084961e-01
1.315661985427141190e-02
3.346933722496032715e-01
7.454844713211059570e-01
1.200127899646759033e-01
0.000000000000000000e+00
9.949954152107238770e-01
5.464288219809532166e-02
9.888672232627868652e-01
5.304600577801465988e-03
1.922359317541122437e-02
3.389082551002502441e-01
3.059020340442657471e-01
2.568263530731201172e+00
1.272007346153259277e+00
1.768598109483718872e-01
3.704222142696380615e-01
1.013597726821899414e+00
5.735072493553161621e-01
0.000000000000000000e+00
3.668563663959503174e-01
1.120465159416198730e+00
9.297326803207397461e-01
6.976807117462158203e-01
6.709285378456115723e-01
1.673881560564041138e-01
2.527735382318496704e-02
1.483999788761138916e-01
9.943873882293701172e-01
1.673615872859954834e-01
1.233487844467163086e+00
0.000000000000000000e+00
4.430804867297410965e-03
9.745729155838489532e-03
2.870274484157562256e-01
8.831877708435058594e-01
4.909442663192749023e-01
2.111493498086929321e-01
1.796597361564636230e+00
1.137618303298950195e+00
1.500719785690307617e+00
6.693854928016662598e-01
1.179047465324401855e+00
0.000000000000000000e+00
4.174470603466033936e-01
3.137966990470886230e-02
5.235732197761535645e-01
1.056824684143066406e+00
7.934021949768066406e-01
2.593301236629486084e-01
1.218191146850585938e+00
0.000000000000000000e+00
8.797811716794967651e-02
4.543611109256744385e-01
1.645137906074523926e+00
4.985449016094207764e-01
2.481753528118133545e-01
2.287087216973304749e-02
4.324615001678466797e+00
2.609701633453369141e+00
1.606867164373397827e-01
1.412093639373779297e+00
1.088709712028503418e+00
4.023020744323730469e+00
4.628381431102752686e-01
7.105043530464172363e-01
0.000000000000000000e+00
1.078484058380126953e+00
1.557411313056945801e+00
6.360787153244018555e-02
0.000000000000000000e+00
1.453027367591857910e+00
6.000353097915649414e-01
8.961546421051025391e-02
1.271284301765263081e-03
3.038060963153839111e-01
3.253468871116638184e-01
6.880151629447937012e-01
1.623971104621887207e+00
0.000000000000000000e+00
3.280830085277557373e-01
7.754184771329164505e-03
0.000000000000000000e+00
0.000000000000000000e+00
5.013982653617858887e-01
0.000000000000000000e+00
7.610338926315307617e-02
2.024751901626586914e+00
1.004691243171691895e+00
5.143190622329711914e-01
3.416886329650878906e+00
2.391226291656494141e-01
2.940637432038784027e-02
2.195744991302490234e+00
6.048944592475891113e-01
7.686994671821594238e-01
3.207943961024284363e-02
3.056124225258827209e-02
3.629508614540100098e-01
9.853551387786865234e-01
6.817818433046340942e-02
1.288766115903854370e-01
1.932495951652526855e+00
2.481769561767578125e+00
2.597892880439758301e-01
3.403082489967346191e-01
3.317615091800689697e-01
8.262463212013244629e-01
4.938846528530120850e-01
6.726814508438110352e-01
1.043301463127136230e+00
3.796949982643127441e-02
2.705491304397583008e+00
1.546288467943668365e-02
1.594090700149536133e+00
5.564379096031188965e-01
1.009591102600097656e+00
2.595186531543731689e-01
1.122400164604187012e-01
0.000000000000000000e+00
1.964398175477981567e-01
7.586655020713806152e-01
7.211166620254516602e-01
1.034999117255210876e-01
2.149976253509521484e+00
7.775741978548467159e-04
2.690963506698608398e+00
2.764388620853424072e-01
1.198586702346801758e+00
0.000000000000000000e+00
8.478696644306182861e-02
0.000000000000000000e+00
1.422507405281066895e+00
1.019220128655433655e-01
3.211658596992492676e-01
5.622707605361938477e-01
4.643082991242408752e-02
1.028911709785461426e+00
1.110546350479125977e+00
6.039013862609863281e-01
6.640332937240600586e-02
3.914814814925193787e-02
4.157214164733886719e-01
5.946885943412780762e-01
8.936340808868408203e-01
5.734536051750183105e-01
3.220857679843902588e-02
9.579788446426391602e-01
1.333031207323074341e-01
1.703995317220687866e-01
7.188201695680618286e-02
0.000000000000000000e+00
3.213517367839813232e-02
6.218334659934043884e-02
4.527319371700286865e-01
9.880725145339965820e-01
8.148837834596633911e-02
1.335316419601440430e+00
3.798049092292785645e-01
1.255843758583068848e+00
2.679293751716613770e-01
3.178599178791046143e-01
7.393557578325271606e-02
7.137194275856018066e-01
5.362379178404808044e-02
1.635033726692199707e+00
3.558981120586395264e-01
7.016378045082092285e-01
9.619160555303096771e-03
1.422001123428344727e+00
1.036398172378540039e+00
5.304431319236755371e-01
3.000440821051597595e-02
6.748924851417541504e-01
1.215603798627853394e-01
1.429760009050369263e-01
2.575368247926235199e-02
1.101761087775230408e-01
5.533065795898437500e-01
9.055383801460266113e-01
9.855747222900390625e-02
5.674846172332763672e-01
8.797219991683959961e-01
6.184399500489234924e-02
9.265337586402893066e-01
1.678109288215637207e+00
4.198569357395172119e-01
2.190728336572647095e-01
7.887084037065505981e-03
0.000000000000000000e+00
3.276397660374641418e-02
0.000000000000000000e+00
4.308116436004638672e-01
0.000000000000000000e+00
7.094292044639587402e-01
2.950161933898925781e+00
7.705308794975280762e-01
2.672073896974325180e-03
6.786934733390808105e-01
7.332816720008850098e-01
1.987995393574237823e-02
1.083491742610931396e-02
3.609416261315345764e-02
1.539077609777450562e-01
4.829828441143035889e-01
8.343778550624847412e-02
1.388736605644226074e+00
2.566622793674468994e-01
7.059788107872009277e-01
0.000000000000000000e+00
6.969863083213567734e-03
1.840446703135967255e-02
1.556082516908645630e-01
4.198650360107421875e+00
3.731465637683868408e-01
8.999992161989212036e-02
3.108551740646362305e+00
4.606564715504646301e-02
1.863242983818054199e-01
1.465444803237915039e+00
3.642226219177246094e+00
1.741933345794677734e+00
0.000000000000000000e+00
2.351802885532379150e-01
2.174350321292877197e-01
8.295275568962097168e-01
2.895157225430011749e-02
9.293340146541595459e-02
7.089079022407531738e-01
9.608401358127593994e-02
2.796013094484806061e-02
3.459451198577880859e-01
1.066443789750337601e-02
5.997104048728942871e-01
1.865905672311782837e-01
2.925651967525482178e-01
1.044957116246223450e-01
2.521672546863555908e-01
6.102742999792098999e-02
6.706800460815429688e-01
5.470369458198547363e-01
4.433142244815826416e-01
2.344378083944320679e-02
2.185559123754501343e-01
6.856428384780883789e-01
1.554306298494338989e-01
9.551879167556762695e-01
2.849355041980743408e-01
2.313235998153686523e+00
8.471918702125549316e-01
4.247948825359344482e-01
1.975529491901397705e-01
2.195901632308959961e+00
7.472400367259979248e-02
1.161670386791229248e-01
7.737808227539062500e-01
6.050178408622741699e-02
6.413360685110092163e-02
4.803204536437988281e+00
1.901092380285263062e-02
4.749008178710937500e+00
1.530483216047286987e-01
1.951907426118850708e-01
1.216911748051643372e-01
8.870776742696762085e-02
4.008513391017913818e-01
4.938581958413124084e-03
0.000000000000000000e+00
0.000000000000000000e+00
2.311467885971069336e+00
3.511999368667602539e+00
3.087460041046142578e+00
3.879159688949584961e-02
6.260113716125488281e-01
3.347422480583190918e-01
2.381809800863265991e-02
9.619718790054321289e-02
8.281522393226623535e-01
9.928299188613891602e-01
2.405084520578384399e-01
6.244277954101562500e-01
3.957698941230773926e-01
4.907541722059249878e-02
2.875937521457672119e-02
2.673693895339965820e+00
2.546360194683074951e-01
1.315337717533111572e-01
8.582242131233215332e-01
9.350554943084716797e-01
6.044849008321762085e-02
3.108627319335937500e+00
7.728830575942993164e-01
2.841831684112548828e+00
4.344889894127845764e-02
2.218731492757797241e-02
6.716475356370210648e-03
3.325208425521850586e-01
1.584946922957897186e-02
2.108289957046508789e+00
5.902125835418701172e-01
0.000000000000000000e+00
1.138255074620246887e-01
0.000000000000000000e+00
2.224214792251586914e+00
1.030654013156890869e-01
2.159371972084045410e-02
2.064678370952606201e-01
3.876943886280059814e-02
2.919183373451232910e-01
5.114672183990478516e-01
2.285122871398925781e+00
2.980382442474365234e-01
2.357235908508300781e+00
1.783599108457565308e-01
2.404001474380493164e+00
0.000000000000000000e+00
4.806104898452758789e-01
5.776724591851234436e-02
0.000000000000000000e+00
1.046437978744506836e+00
8.959584236145019531e-01
1.602351106703281403e-02
3.989554010331630707e-03
1.588432312011718750e+00
2.606925070285797119e-01
8.032979816198348999e-02
8.830701112747192383e-01
1.929942965507507324e-01
1.684901952743530273e+00
7.065826654434204102e-01
3.479380309581756592e-01
8.148412406444549561e-02
7.288407087326049805e-01
4.430552124977111816e-01
0.000000000000000000e+00
6.301606893539428711e-01
2.912849783897399902e-01
7.864048480987548828e-01
0.000000000000000000e+00
3.311534523963928223e-01
3.587723970413208008e-01
6.086302921175956726e-02
1.390056014060974121e+00
1.812253333628177643e-02
1.494536399841308594e-01
8.151785470545291901e-03
1.279399991035461426e+00
1.225396156311035156e+00
8.240857720375061035e-01
2.104313671588897705e-01
2.187054753303527832e-01
8.715578354895114899e-03
4.066011905670166016e-01
1.100302934646606445e+00
1.058055162429809570e-01
1.012150526046752930e+00
9.124427288770675659e-02
0.000000000000000000e+00
1.208512708544731140e-01
4.652082547545433044e-02
1.352800011634826660e+00
9.112109541893005371e-01
5.679906010627746582e-01
3.718397319316864014e-01
1.881406754255294800e-01
0.000000000000000000e+00
3.051409721374511719e-01
8.461476564407348633e-01
1.224234551191329956e-01
1.068455819040536880e-02
0.000000000000000000e+00
6.671323776245117188e-01
0.000000000000000000e+00
4.535661041736602783e-01
4.312303289771080017e-02
0.000000000000000000e+00
1.157790869474411011e-01
7.612920552492141724e-02
8.941054344177246094e-01
8.503205329179763794e-02
2.234170883893966675e-01
3.837861586362123489e-03
4.940063655376434326e-01
2.291337251663208008e-01
4.791809916496276855e-01
1.687476158142089844e+00
0.000000000000000000e+00
4.458656534552574158e-02
1.157256245613098145e+00
2.495362237095832825e-02
1.989993691444396973e+00
4.625009536743164062e+00
2.986134588718414307e-01
1.586017906665802002e-01
3.019688185304403305e-03
1.183297187089920044e-01
2.864070236682891846e-01
7.441667318344116211e-01
2.445011138916015625e-01
3.378387540578842163e-02
0.000000000000000000e+00
2.412376552820205688e-01
0.000000000000000000e+00
1.696337163448333740e-01
2.327632717788219452e-02
1.274152845144271851e-01
8.162923157215118408e-02
3.868514895439147949e-01
0.000000000000000000e+00
2.265184819698333740e-01
3.742263793945312500e+00
1.060256838798522949e+00
1.297302097082138062e-01
4.569309353828430176e-01
2.806992456316947937e-02
4.285869747400283813e-02
1.337704300880432129e+00
1.066812425851821899e-01
2.345977783203125000e+00
3.313541412353515625e-01
1.971030533313751221e-01
1.162492156028747559e+00
4.159713685512542725e-01
6.807305384427309036e-03
1.057834029197692871e+00
2.930769920349121094e+00
1.628951430320739746e+00
2.365452051162719727e-01
6.944368481636047363e-01
2.607151567935943604e-01
9.881438314914703369e-02
6.097225099802017212e-02
4.449591159820556641e+00
4.731349945068359375e+00
1.304514884948730469e+00
8.168418705463409424e-02
6.918805837631225586e-02
4.079402446746826172e+00
0.000000000000000000e+00
1.414291262626647949e-01
6.572278141975402832e-01
0.000000000000000000e+00
6.023688316345214844e-01
7.726322114467620850e-02
1.203469932079315186e-01
2.282724529504776001e-02
2.649613320827484131e-01
3.756090402603149414e-01
9.314182996749877930e-01
1.335489749908447266e-02
3.559608384966850281e-02
6.661771535873413086e-01
9.335021972656250000e-01
6.311681866645812988e-01
2.231307774782180786e-01
2.793789803981781006e-01
9.209287762641906738e-01
4.090528488159179688e+00
5.964225530624389648e-01
4.847184419631958008e-01
3.999989852309226990e-02
4.997479915618896484e-01
1.924853086471557617e+00
2.625518739223480225e-01
5.990555882453918457e-02
0.000000000000000000e+00
5.767149925231933594e-01
5.821123719215393066e-02
2.336210906505584717e-01
1.364465057849884033e-01
3.436754047870635986e-01
0.000000000000000000e+00
1.186183560639619827e-02
3.422345519065856934e-01
1.276869699358940125e-02
0.000000000000000000e+00
4.199887812137603760e-02
1.040814295411109924e-01
2.498480975627899170e-01
1.189760416746139526e-01
8.356348276138305664e-01
2.452860958874225616e-02
3.127243518829345703e-01
1.587028056383132935e-01
2.530412971973419189e-01
8.741787672042846680e-01
2.431065291166305542e-01
7.427210360765457153e-02
5.513088703155517578e-01
9.164536744356155396e-02
1.915517747402191162e-01
4.075419902801513672e-02
2.839722931385040283e-01
0.000000000000000000e+00
1.722831577062606812e-01
1.122284054756164551e+00
5.929664373397827148e-01
2.531043291091918945e-01
0.000000000000000000e+00
1.017875194549560547e+00
3.406711518764495850e-01
1.315938085317611694e-01
9.448413252830505371e-01
4.156756103038787842e-01
2.387678325176239014e-01
1.956014037132263184e-01
1.341601908206939697e-01
1.637921780347824097e-01
9.144890308380126953e-02
2.239320892840623856e-03
5.245730876922607422e-01
4.739893674850463867e-01
0.000000000000000000e+00
2.394782155752182007e-01
9.549520164728164673e-02
9.180901944637298584e-02
3.182371556758880615e-01
3.798185884952545166e-01
1.173109292984008789e+00
7.476460933685302734e-01
3.439041972160339355e-02
2.970789968967437744e-01
4.455226063728332520e-01
3.266555443406105042e-02
0.000000000000000000e+00
6.172441244125366211e-01
5.880753397941589355e-01
3.702916622161865234e+00
1.465799659490585327e-01
1.383662819862365723e-01
6.537514328956604004e-01
1.739189982414245605e+00
0.000000000000000000e+00
8.392600417137145996e-01
2.126431465148925781e+00
8.385500311851501465e-01
4.740157723426818848e-02
1.090534180402755737e-01
2.248803675174713135e-01
0.000000000000000000e+00
2.416466176509857178e-01
7.647303342819213867e-01
2.206038497388362885e-02
2.961313165724277496e-02
4.609537720680236816e-01
0.000000000000000000e+00
2.229831695556640625e+00
4.412051662802696228e-02
3.558132648468017578e-01
1.346922852098941803e-02
1.013151884078979492e+00
3.639632225036621094e+00
1.025081202387809753e-01
1.887570768594741821e-01
5.884184837341308594e-01
3.741164803504943848e-01
2.295378968119621277e-02
3.436490595340728760e-01
9.766671061515808105e-01
3.535124063491821289e-01
6.104596704244613647e-02
3.459254801273345947e-01
2.144478447735309601e-02
2.162826806306838989e-02
8.910655230283737183e-02
1.763324141502380371e-01
0.000000000000000000e+00
3.084385156631469727e+00
1.138377487659454346e-01
1.664275765419006348e+00
2.118309587240219116e-01
1.244977042078971863e-01
3.845267295837402344e-01
1.736312955617904663e-01
4.927960932254791260e-01
4.159090295433998108e-02
6.138175129890441895e-01
5.088440328836441040e-02
4.042318344116210938e+00
4.123070836067199707e-02
0.000000000000000000e+00
7.782496809959411621e-01
1.908948123455047607e-01
5.774487257003784180e-01
7.659433037042617798e-02
7.182872295379638672e-02
1.091936707496643066e+00
4.806348979473114014e-01
5.934823036193847656e+00
3.975094854831695557e-01
3.829902037978172302e-02
3.454183042049407959e-02
2.754666805267333984e-01
4.528119266033172607e-01
2.745015144348144531e+00
8.220706582069396973e-01
1.837092190980911255e-01
6.735934615135192871e-01
6.726597994565963745e-02
1.236319065093994141e+00
7.809531688690185547e-01
9.913742542266845703e-01
0.000000000000000000e+00
7.448881864547729492e-02
1.141416560858488083e-02
0.000000000000000000e+00
1.111194968223571777e+00
4.516262412071228027e-01
1.500224024057388306e-01
1.841512918472290039e+00
3.367845714092254639e-01
1.199102401733398438e+00
4.423676524311304092e-03
4.693089798092842102e-02
1.669672727584838867e-01
1.175014331238344312e-04
9.942170232534408569e-02
4.337941706180572510e-01
6.747678518295288086e-01
0.000000000000000000e+00
6.746662855148315430e-01
7.587494850158691406e-01
5.612023353576660156e+00
1.957755535840988159e-01
4.718787968158721924e-03
1.970281958580017090e+00
1.065797433257102966e-01
1.346538782119750977e+00
6.211377307772636414e-02
5.235582590103149414e-01
2.760179996490478516e+00
6.188232302665710449e-01
5.670724868774414062e+00
1.737429499626159668e-01
3.499768301844596863e-02
1.998884230852127075e-01
1.376707255840301514e-01
8.542820066213607788e-02
3.708247244358062744e-01
5.048935413360595703e-01
1.153756618499755859e+00
2.873933613300323486e-01
1.856595873832702637e-01
6.479843854904174805e-01
1.528844594955444336e+00
1.317285001277923584e-02
7.339475303888320923e-02
3.549457788467407227e-01
1.132143959403038025e-01
0.000000000000000000e+00
5.118744373321533203e-01
2.903558015823364258e+00
1.820894330739974976e-02
8.455106616020202637e-01
2.360876202583312988e-01
1.105245053768157959e-01
3.517466187477111816e-01
4.980122447013854980e-01
1.322908792644739151e-02
1.652154326438903809e-01
5.189359188079833984e-01
2.972533702850341797e-01
0.000000000000000000e+00
5.270531177520751953e-01
3.516359031200408936e-01
1.338309645652770996e+00
1.407579239457845688e-02
1.874302029609680176e-01
7.168237566947937012e-01
1.083611965179443359e+00
3.923838436603546143e-01
1.003831326961517334e-01
8.903599530458450317e-02
1.664382368326187134e-01
1.654062867164611816e+00
2.804335951805114746e-01
1.286520600318908691e+00
1.747121214866638184e-01
5.789807811379432678e-02
1.521900594234466553e-01
3.073876619338989258e+00
5.877237915992736816e-01
0.000000000000000000e+00
5.669674873352050781e-01
1.188161298632621765e-01
8.951682448387145996e-01
5.808919668197631836e-02
4.150918684899806976e-03
4.136293828487396240e-01
3.305193409323692322e-02
9.067547917366027832e-01
1.867113113403320312e-01
3.687002137303352356e-02
2.063711881637573242e+00
5.085290670394897461e-01
2.472926527261734009e-01
2.589951038360595703e+00
2.881146669387817383e-01
1.529945135116577148e-01
1.547379046678543091e-01
0.000000000000000000e+00
3.062558889389038086e+00
5.654041767120361328e-01
5.228083580732345581e-02
0.000000000000000000e+00
1.479870975017547607e-01
1.563093811273574829e-01
1.165582910180091858e-01
9.166777878999710083e-02
1.757571458816528320e+00
4.334970712661743164e-01
1.114783048629760742e+00
1.484042499214410782e-02
2.584984302520751953e-01
0.000000000000000000e+00
1.980998039245605469e+00
1.969632655382156372e-01
0.000000000000000000e+00
1.236981153488159180e-01
0.000000000000000000e+00
1.196336746215820312e-02
3.103670179843902588e-01
7.434411346912384033e-02
3.304498642683029175e-02
2.510934174060821533e-01
1.060275658965110779e-01
0.000000000000000000e+00
3.029246255755424500e-02
1.263573884963989258e+00
4.353347718715667725e-01
3.421367406845092773e-01
9.685689210891723633e-01
1.676374793052673340e+00
2.386536121368408203e+00
7.380064576864242554e-03
3.046837568283081055e+00
1.207804799079895020e+00
0.000000000000000000e+00
1.063988327980041504e+00
1.840873062610626221e-01
5.635611414909362793e-01
1.205753535032272339e-01
0.000000000000000000e+00
4.097283780574798584e-01
2.058639764785766602e+00
1.201570853590965271e-01
2.076283693313598633e+00
7.265340685844421387e-01
2.354656346142292023e-02
8.173138499259948730e-01
3.211726844310760498e-01
2.052694410085678101e-01
2.446859478950500488e-01
6.710816174745559692e-03
1.916868835687637329e-01
1.293860554695129395e+00
2.029923200607299805e-01
6.792360544204711914e-01
3.860650360584259033e-01
2.659158408641815186e-01
2.116166949272155762e-01
3.627799749374389648e-01
1.160347104072570801e+00
1.363590266555547714e-02
0.000000000000000000e+00
7.664319872856140137e-01
4.512968957424163818e-01
1.760208010673522949e-01
1.289401389658451080e-02
1.590937733650207520e+00
1.658707261085510254e-01
6.804940104484558105e-02
1.461379528045654297e+00
5.921138077974319458e-02
3.047869205474853516e-01
4.466209709644317627e-01
5.759276077151298523e-02
3.430466651916503906e-01
7.782776653766632080e-02
3.211239278316497803e-01
1.200064659118652344e+00
9.818217754364013672e-01
1.094066500663757324e-01
3.814082622528076172e+00
2.816773205995559692e-02
3.273173868656158447e-01
1.764539480209350586e-01
7.104075551033020020e-01
1.273311674594879150e-02
1.406438112258911133e+00
3.266072273254394531e-01
2.452465891838073730e-02
2.506537139415740967e-01
8.094012141227722168e-01
1.304736018180847168e+00
1.940711498260498047e+00
3.230252861976623535e-01
7.706858515739440918e-01
2.934061586856842041e-01
1.379430741071701050e-01
7.250063121318817139e-03
5.797993540763854980e-01
5.167877674102783203e+00
9.341334700584411621e-01
3.915483653545379639e-01
4.798505306243896484e+00
2.710047066211700439e-01
0.000000000000000000e+00
8.900120854377746582e-02
1.867526292800903320e+00
1.669354885816574097e-01
1.842408329248428345e-01
6.810570508241653442e-02
2.350676059722900391e-01
4.437731504440307617e-01
6.287016272544860840e-01
4.826870560646057129e-02
4.681258648633956909e-02
3.980213403701782227e-02
1.015979170799255371e+00
8.015542291104793549e-03
7.513481378555297852e-01
8.244889974594116211e-01
1.616978406906127930e+00
7.315631955862045288e-02
1.528523683547973633e+00
8.902661204338073730e-01
2.214531749486923218e-01
3.265278935432434082e-01
2.050540924072265625e+00
1.036896467208862305e+00
6.902265548706054688e-01
1.563287526369094849e-01
6.902206689119338989e-02
3.801532685756683350e-01
2.083872795104980469e+00
1.180333867669105530e-01
2.932496666908264160e-01
6.303266435861587524e-02
3.020407557487487793e-01
1.736449599266052246e+00
2.538440003991127014e-02
0.000000000000000000e+00
6.658970713615417480e-01
1.787559628486633301e+00
8.195371031761169434e-01
4.854481816291809082e-01
1.312078952789306641e+00
2.718441486358642578e+00
5.857966467738151550e-02
6.034688949584960938e-01
1.138445377349853516e+00
1.633265614509582520e-01
5.782073140144348145e-01
7.591929435729980469e-01
5.994286537170410156e-01
7.429924607276916504e-01
7.827103137969970703e-01
4.751193895936012268e-02
1.196941956877708435e-01
2.658061087131500244e-01
2.591284275054931641e+00
3.795328736305236816e-01
7.078994065523147583e-02
1.504537940025329590e+00
2.558421790599822998e-01
1.045518592000007629e-01
3.261868655681610107e-01
6.680323481559753418e-01
1.146213173866271973e+00
3.311353325843811035e-01
9.746746160089969635e-03
0.000000000000000000e+00
0.000000000000000000e+00
1.167592033743858337e-01
3.950260952115058899e-02
2.868920862674713135e-01
9.694069623947143555e-01
3.001046366989612579e-02
1.077423393726348877e-01
8.242917656898498535e-01
7.386840879917144775e-02
2.317064702510833740e-01
7.661055922508239746e-01
2.779317498207092285e-01
1.104694724082946777e+00
1.066837430000305176e+00
1.006176248192787170e-01
1.201091170310974121e+00
1.999790072441101074e-01
3.842529058456420898e-01
0.000000000000000000e+00
3.538734674453735352e+00
1.238212108612060547e+00
4.035961031913757324e-01
4.901086166501045227e-02
6.008143424987792969e-01
6.564550101757049561e-02
5.898979902267456055e-01
0.000000000000000000e+00
6.272429227828979492e-02
8.851669430732727051e-01
1.160115301609039307e-01
1.869044750928878784e-01
6.222518086433410645e-01
1.659806370735168457e-01
7.717827707529067993e-02
3.948415517807006836e-01
6.276040077209472656e-01
2.003272294998168945e+00
3.295920323580503464e-03
3.870050013065338135e-01
1.944338560104370117e+00
3.728804826736450195e+00
6.846652925014495850e-02
6.088533997535705566e-01
1.999663561582565308e-02
1.134691983461380005e-01
1.486518085002899170e-01
4.555280208587646484e-01
3.003697693347930908e-01
0.000000000000000000e+00
4.047873988747596741e-02
4.911430776119232178e-01
1.382077932357788086e-01
1.179314628243446350e-01
2.088380098342895508e+00
0.000000000000000000e+00
0.000000000000000000e+00
0.000000000000000000e+00
1.499268710613250732e-01
5.629112124443054199e-01
2.142677068710327148e+00
1.233528703451156616e-01
2.065954655408859253e-01
4.408508539199829102e-01
6.094311550259590149e-02
2.114574432373046875e+00
7.175664417445659637e-03
1.824905753135681152e+00
1.226597785949707031e+00
2.925791963934898376e-02
3.666006624698638916e-01
3.537899255752563477e-01
1.229023262858390808e-01
1.252677738666534424e-01
1.102773785591125488e+00
3.401110172271728516e-01
8.519005030393600464e-02
9.389175474643707275e-02
3.078812360763549805e-01
2.002669870853424072e-01
2.288034200668334961e+00
8.336779661476612091e-03
0.000000000000000000e+00
0.000000000000000000e+00
1.647822618484497070e+00
5.120261386036872864e-02
1.993527293205261230e+00
1.055099144577980042e-01
1.113524436950683594e+00
9.168462753295898438e-01
3.648283705115318298e-02
1.724417805671691895e+00
3.282411396503448486e-01
8.731414675712585449e-01
6.595114618539810181e-02
0.000000000000000000e+00
3.285146057605743408e-01
2.182876877486705780e-02
8.911743164062500000e-01
2.299624960869550705e-03
1.976638287305831909e-01
2.775827795267105103e-02
7.687042355537414551e-01
2.374633550643920898e+00
2.236092329025268555e+00
7.821302860975265503e-02
1.261100918054580688e-01
1.326253414154052734e+00
5.025334954261779785e-01
3.364465534687042236e-01
6.550747752189636230e-01
1.140419915318489075e-01
2.551951885223388672e+00
3.866346180438995361e-01
8.047905564308166504e-01
4.127662181854248047e-01
3.930676877498626709e-01
4.060779511928558350e-01
7.705405354499816895e-01
6.646627932786941528e-02
2.233094930648803711e+00
2.526503205299377441e-01
1.747947186231613159e-01
3.036788702011108398e-01
7.479825615882873535e-01
1.125393152236938477e+00
6.232916191220283508e-02
9.377752989530563354e-02
4.699254035949707031e-01
5.226746201515197754e-02
1.239071115851402283e-01
8.429947495460510254e-02
1.360111355781555176e+00
8.776217699050903320e-01
1.342482089996337891e+00
1.339962482452392578e-01
9.942237734794616699e-01
4.476875066757202148e-01
8.948053419589996338e-02
3.529088199138641357e-01
0.000000000000000000e+00
9.810608625411987305e-02
6.938369870185852051e-01
4.889033138751983643e-01
3.048655390739440918e-01
7.455034255981445312e-01
4.541113972663879395e-01
1.492534428834915161e-01
1.673593767918646336e-03
6.386120319366455078e-01
1.115424651652574539e-02
7.157669216394424438e-02
1.648555696010589600e-01
8.168848156929016113e-01
0.000000000000000000e+00
1.219739690423011780e-01
5.597537010908126831e-02
5.930740237236022949e-01
3.962838351726531982e-01
5.556787922978401184e-02
0.000000000000000000e+00
2.394081950187683105e-01
8.544390648603439331e-02
7.036001980304718018e-02
2.444550693035125732e-01
2.770242393016815186e-01
7.953329384326934814e-02
4.046925008296966553e-01
1.094130277633666992e+00
1.971646308898925781e+00
7.820345759391784668e-01
2.017387598752975464e-01
6.037627905607223511e-02
1.212762355804443359e+00
4.779401123523712158e-01
2.204441875219345093e-01
3.728563785552978516e-01
3.195811808109283447e-02
1.222762987017631531e-01
3.517546355724334717e-01
4.337686061859130859e+00
2.879655063152313232e-01
5.755729600787162781e-02
3.224619925022125244e-01
2.274911642074584961e+00
1.768316328525543213e-01
4.885389804840087891e-01
1.538418173789978027e+00
3.632455110549926758e+00
4.276839643716812134e-02
3.555511236190795898e-01
7.828043103218078613e-01
5.877214908599853516e+00
6.187146902084350586e-01
6.004005670547485352e-01
3.826621770858764648e-01
5.537738204002380371e-01
9.717707633972167969e-01
2.911976575851440430e-01
7.938163280487060547e-01
1.081822395324707031e+00
2.367778718471527100e-01
1.848421543836593628e-01
7.167851179838180542e-02
5.194703936576843262e-01
2.337868511676788330e-01
2.394157946109771729e-01
0.000000000000000000e+00
1.026984397321939468e-02
9.395915269851684570e-01
5.848612189292907715e-01
9.068885445594787598e-01
6.658455133438110352e-01
1.234978064894676208e-02
7.278514504432678223e-01
8.723082542419433594e-01
6.645385742187500000e+00
3.170161694288253784e-02
8.007530570030212402e-01
1.215341985225677490e-01
2.592187821865081787e-01
5.972547531127929688e-01
2.543327569961547852e+00
5.469973087310791016e-01
5.144301056861877441e-01
0.000000000000000000e+00
2.603416144847869873e-01
4.910661280155181885e-01
1.567832380533218384e-01
8.605290055274963379e-01
3.080317676067352295e-01
3.513947129249572754e-02
1.239114284515380859e+00
7.674301862716674805e-01
4.907051101326942444e-03
0.000000000000000000e+00
1.787603735923767090e+00
4.953767955303192139e-01
2.068859100341796875e+00
6.150278449058532715e-02
1.214045509696006775e-01
7.149749398231506348e-01
7.689368724822998047e-02
4.784054681658744812e-02
1.683835744857788086e+00
1.633838750422000885e-02
6.528528407216072083e-03
4.507461935281753540e-02
5.011009573936462402e-01
3.247396349906921387e-01
8.698302507400512695e-02
3.681735694408416748e-01
6.410833448171615601e-02
3.207226097583770752e-01
2.449728548526763916e-01
2.237083315849304199e-01
2.392091900110244751e-01
2.181578986346721649e-02
7.144378125667572021e-02
1.693796634674072266e+00
7.463028281927108765e-02
4.123212993144989014e-01
2.130439281463623047e-01
9.980201721191406250e-01
7.280144095420837402e-02
7.935569286346435547e-01
9.766669273376464844e-01
7.902992367744445801e-01
3.320946991443634033e-01
8.918172717094421387e-01
3.909187018871307373e-01
0.000000000000000000e+00
7.599870562553405762e-01
3.182322025299072266e+00
4.318566620349884033e-01
1.785512268543243408e-01
1.412299990653991699e+00
1.859746813774108887e+00
7.090777158737182617e-01
2.456575930118560791e-01
2.033333629369735718e-01
8.870538473129272461e-01
8.250519633293151855e-01
2.755634188652038574e-01
1.022333977743983269e-03
9.737095236778259277e-02
9.984749555587768555e-01
9.948182851076126099e-02
4.895358085632324219e-01
3.979324698448181152e-01
6.742238402366638184e-01
2.022951364517211914e+00
1.303166747093200684e+00
6.187683343887329102e-01
2.516742050647735596e-01
2.593947947025299072e-02
2.046665996313095093e-01
1.201527118682861328e+00
3.012480139732360840e-01
1.708356618881225586e+00
2.048745870590209961e+00
5.809940695762634277e-01
1.215012311935424805e+00
1.118097066879272461e+00
1.199352502822875977e+00
3.005574941635131836e-01
4.372675120830535889e-01
4.524216949939727783e-01
1.587924599647521973e+00
2.436226010322570801e-01
5.479403734207153320e-01
1.369305700063705444e-01
2.122706770896911621e-01
1.735931187868118286e-01
4.439626261591911316e-02
4.756651818752288818e-01
4.481180608272552490e-01
3.791465237736701965e-02
7.269501686096191406e-01
1.872435957193374634e-01
6.614802479743957520e-01
1.405158936977386475e-01
4.183107018470764160e-01
1.506554186344146729e-01
3.148349523544311523e-01
6.727999448776245117e-01
7.032310217618942261e-02
9.364435076713562012e-01
2.550668418407440186e-01
3.371752500534057617e-01
1.070482254028320312e+00
8.893679976463317871e-01
2.404479265213012695e+00
0.000000000000000000e+00
5.014262199401855469e-01
3.191285729408264160e-01
4.105793237686157227e-01
1.063556298613548279e-01
7.016695141792297363e-01
5.965408086776733398e-01
2.543850898742675781e+00
4.068753495812416077e-02
9.980801939964294434e-01
9.602041542530059814e-02
9.311027526855468750e-01
6.818201858550310135e-03
1.545425355434417725e-01
7.190558244474232197e-04
2.968143522739410400e-01
5.521163940429687500e-01
1.360725045204162598e+00
2.632953822612762451e-01
7.111017107963562012e-01
2.035566568374633789e+00
2.201948165893554688e-01
4.165307581424713135e-01
0.000000000000000000e+00
7.935232482850551605e-03
6.292808055877685547e-01
1.982175827026367188e+00
4.208397865295410156e-01
2.791277691721916199e-02
0.000000000000000000e+00
9.015273302793502808e-02
4.819543659687042236e-01
2.967653423547744751e-02
8.672634512186050415e-02
4.311076700687408447e-01
1.615262269973754883e+00
1.119471341371536255e-01
0.000000000000000000e+00
3.460284769535064697e-01
1.017230153083801270e+00
1.044308423995971680e+00
2.050048351287841797e+00
1.205258369445800781e+00
6.027531251311302185e-02
5.063534379005432129e-01
3.073453605175018311e-01
7.488352656364440918e-01
1.257248282432556152e+00
4.786759316921234131e-01
0.000000000000000000e+00
4.680814966559410095e-02
0.000000000000000000e+00
7.695102691650390625e-02
2.915601432323455811e-01
7.850136756896972656e-01
1.082329005002975464e-01
1.950274705886840820e-01
1.955293118953704834e-01
2.703245878219604492e+00
7.681399583816528320e-02
1.144499540328979492e+00
1.709657721221446991e-02
8.265554904937744141e-02
1.692019820213317871e+00
1.224886998534202576e-01
1.376724690198898315e-01
7.012645900249481201e-02
9.839541912078857422e-01
4.470092803239822388e-02
2.461372502148151398e-02
2.827337086200714111e-01
2.958949804306030273e-01
2.974015288054943085e-02
8.617758750915527344e-03
7.667265832424163818e-02
4.126525819301605225e-01
1.679194718599319458e-01
0.000000000000000000e+00
1.819498720578849316e-04
0.000000000000000000e+00
1.512407958507537842e-01
7.753812670707702637e-01
1.158981800079345703e+00
3.300749361515045166e-01
4.867960512638092041e-02
0.000000000000000000e+00
3.981850743293762207e-01
4.664793908596038818e-01
1.380914211273193359e+00
1.788462758064270020e+00
0.000000000000000000e+00
4.387753903865814209e-01
4.653245583176612854e-02
2.680961132049560547e+00
1.452071070671081543e-01
1.589099317789077759e-01
1.008429884910583496e+00
9.024227038025856018e-03
2.220781520009040833e-02
1.065404862165451050e-01
0.000000000000000000e+00
3.704589903354644775e-01
2.225190699100494385e-01
4.254548549652099609e-01
0.000000000000000000e+00
6.382487416267395020e-01
2.811271231621503830e-03
1.351707339286804199e+00
3.067668676376342773e+00
3.681181371212005615e-01
1.469996690750122070e+00
1.185033559799194336e+00
0.000000000000000000e+00
1.019795387983322144e-01
1.053587555885314941e+00
2.837571501731872559e-01
1.403172731399536133e+00
7.041649222373962402e-01
6.607891619205474854e-02
4.629969969391822815e-02
1.050444990396499634e-01
2.419345378875732422e-01
0.000000000000000000e+00
0.000000000000000000e+00
1.103101015090942383e+00
2.379249334335327148e-01
1.768895387649536133e-01
9.329863637685775757e-02
8.391574025154113770e-02
6.807528734207153320e-01
3.268625736236572266e-01
1.810749292373657227e+00
4.256036281585693359e-01
3.679820895195007324e-01
0.000000000000000000e+00
4.593350887298583984e-01
2.537219524383544922e-01
1.436870843172073364e-01
8.366343975067138672e-01
1.705094128847122192e-01
1.443898773193359375e+01
1.077497377991676331e-01
7.956988811492919922e-01
4.996358156204223633e-01
4.849062263965606689e-01
2.881831824779510498e-01
2.468795537948608398e+00
3.618519380688667297e-02
1.554121732711791992e+00
1.074419975280761719e+00
1.039131209254264832e-01
3.025693595409393311e-01
3.046324849128723145e-01
1.558675765991210938e+00
2.475965261459350586e+00
6.883132457733154297e-01
7.084611803293228149e-02
0.000000000000000000e+00
6.202269792556762695e-01
8.452468365430831909e-02
1.700598597526550293e+00
3.322421610355377197e-01
3.911077231168746948e-02
7.968996167182922363e-01
1.388918161392211914e+00
3.877595365047454834e-01
2.514775395393371582e-01
1.430143415927886963e-01
1.795490831136703491e-02
9.821923971176147461e-01
1.542239040136337280e-01
6.193658336997032166e-02
9.152556657791137695e-01
5.372102856636047363e-01
0.000000000000000000e+00
4.012981653213500977e-01
7.482888642698526382e-03
1.067187190055847168e-01
2.666500508785247803e-01
4.962800443172454834e-01
2.039470434188842773e+00
6.714373230934143066e-01
3.851442635059356689e-01
9.074680805206298828e-01
1.054946482181549072e-01
1.003800272941589355e+00
1.190122008323669434e+00
1.344707608222961426e+00
1.088602781295776367e+00
5.637558177113533020e-02
1.188114807009696960e-01
3.305003046989440918e-01
2.295642904937267303e-02
2.718850038945674896e-02
9.380223602056503296e-02
3.466567993164062500e-01
2.715153694152832031e-01
5.537827685475349426e-02
2.000463604927062988e-01
3.724963963031768799e-01
3.371733054518699646e-02
1.407736688852310181e-01
2.726841449737548828e+00
2.561933100223541260e-01
6.769953966140747070e-01
8.631212115287780762e-01
2.993402779102325439e-01
3.986228629946708679e-02
2.794721126556396484e-01
6.601462960243225098e-01
2.712416946887969971e-01
7.139132171869277954e-02
2.079889327287673950e-01
1.128574252128601074e+00
0.000000000000000000e+00
8.560069203376770020e-01
2.697403132915496826e-01
6.801312565803527832e-01
1.555318087339401245e-01
2.084606885910034180e-01
2.655038535594940186e-01
6.058788672089576721e-02
0.000000000000000000e+00
1.076745510101318359e+00
4.664705097675323486e-01
2.807840347290039062e+00
1.774674504995346069e-01
1.162183284759521484e+00
2.957106530666351318e-01
9.360194802284240723e-01
3.971152007579803467e-01
0.000000000000000000e+00
3.341067135334014893e-01
4.988918546587228775e-03
2.247280627489089966e-01
1.457119137048721313e-01
6.805327255278825760e-03
1.339543610811233521e-01
9.331847429275512695e-01
5.218118429183959961e-01
0.000000000000000000e+00
9.162315130233764648e-01
4.418884515762329102e-01
1.224775075912475586e+00
0.000000000000000000e+00
6.678561568260192871e-01
6.175989983603358269e-04
4.135017096996307373e-02
4.287155270576477051e-01
4.133839905261993408e-01
5.955979228019714355e-01
1.346159130334854126e-01
4.314601898193359375e+00
2.669572830200195312e-02
2.068849563598632812e+00
5.594995617866516113e-01
6.168796215206384659e-03
1.257123053073883057e-02
1.363094151020050049e-01
1.214246973395347595e-01
2.491930313408374786e-02
1.680614829063415527e+00
2.164690494537353516e-01
1.046140715479850769e-01
1.205071926116943359e+00
0.000000000000000000e+00
1.214863300323486328e+00
0.000000000000000000e+00
4.022948145866394043e-01
1.981500685214996338e-01
1.025145530700683594e+00
2.541010856628417969e+00
0.000000000000000000e+00
2.849108166992664337e-02
1.557492464780807495e-01
2.004676684737205505e-02
2.597642242908477783e-01
7.445296645164489746e-01
4.807087779045104980e-01
1.515073180198669434e+00
1.913952082395553589e-01
4.280121028423309326e-01
3.668430447578430176e-01
1.795623451471328735e-02
3.162923157215118408e-01
6.585426330566406250e-01
1.202767044305801392e-01
6.047802567481994629e-01
4.520730674266815186e-01
1.515450477600097656e-01
2.209279835224151611e-01
2.630281925201416016e+00
1.233006492257118225e-01
7.620401680469512939e-02
7.914195656776428223e-01
5.033835768699645996e-02
2.013651132583618164e+00
3.121534109115600586e+00
9.304510354995727539e-01
8.936144411563873291e-02
0.000000000000000000e+00
5.700748879462480545e-03
2.514853840693831444e-03
6.404375657439231873e-03
2.114548683166503906e+00
5.766546130180358887e-01
1.023340523242950439e-01
8.091313838958740234e-01
0.000000000000000000e+00
6.100742146372795105e-02
5.064791440963745117e-01
2.037041336297988892e-01
8.936077356338500977e-02
1.767958849668502808e-01
6.849080920219421387e-01
9.605728983879089355e-01
4.480022907257080078e+00
5.272216200828552246e-01
3.565860748291015625e+00
8.396902680397033691e-02
2.139044284820556641e+00
1.933465898036956787e-01
1.177944540977478027e+00
5.100920796394348145e-01
6.195885594934225082e-03
5.402202904224395752e-02
1.846805512905120850e-01
1.288950741291046143e-01
8.274903297424316406e-01
9.869588911533355713e-02
1.179630681872367859e-01
0.000000000000000000e+00
9.358309209346771240e-03
4.073658883571624756e-01
6.535506844520568848e-01
5.958172678947448730e-01
8.709538578987121582e-01
5.681247711181640625e-01
5.781577229499816895e-01
5.630553364753723145e-01
4.371622800827026367e-01
8.893972039222717285e-01
2.157160639762878418e-01
1.104055762290954590e+00
3.838941752910614014e-01
2.535679936408996582e-01
1.168860435485839844e+00
0.000000000000000000e+00
8.240141868591308594e-01
7.590948343276977539e-01
3.680289089679718018e-01
2.357838153839111328e+00
1.034000158309936523e+00
7.973254323005676270e-01
2.595284022390842438e-02
1.333457469940185547e+00
1.404848247766494751e-01
5.560805201530456543e-01
1.380750060081481934e+00
2.398191541433334351e-01
8.060298860073089600e-02
3.280972540378570557e-01
8.304653763771057129e-01
2.308854907751083374e-01
9.015274792909622192e-02
5.551678180694580078e+00
1.923839151859283447e-01
2.378999888896942139e-01
3.508003354072570801e-01
4.722287133336067200e-02
1.375187486410140991e-01
1.682699657976627350e-02
0.000000000000000000e+00
0.000000000000000000e+00
4.887548740953207016e-03
1.455818533897399902e+00
2.807996988296508789e+00
8.579758554697036743e-02
3.645551502704620361e-01
6.035309433937072754e-01
9.681817889213562012e-01
0.000000000000000000e+00
1.906079292297363281e+00
3.211306333541870117e-01
1.724043846130371094e+00
1.024304389953613281e+00
0.000000000000000000e+00
1.745104789733886719e-03
1.957435727119445801e+00
1.538263112306594849e-01
6.351982951164245605e-01
2.862128973007202148e+00
2.657629549503326416e-01
9.086978435516357422e-01
3.549585044384002686e-01
3.802597224712371826e-01
1.110590219497680664e+00
8.179985284805297852e-01
9.628687053918838501e-02
9.579576253890991211e-01
4.614953100681304932e-01
2.082520276308059692e-01
6.972351670265197754e-02
1.813287883996963501e-01
4.136203229427337646e-02
1.255824416875839233e-01
9.764719009399414062e-01
1.282792389392852783e-01
1.117856860160827637e+00
6.893687844276428223e-01
3.543843626976013184e-01
3.655223175883293152e-02
1.256644725799560547e-02
2.220066785812377930e+00
1.120853781700134277e+00
2.583984732627868652e-01
1.286776214838027954e-01
3.482752144336700439e-01
1.446550637483596802e-01
4.056760966777801514e-01
3.695381060242652893e-02
7.058615684509277344e-01
1.417288064956665039e+00
3.749882936477661133e+00
2.560494542121887207e-01
3.812812641263008118e-02
4.145140349864959717e-01
4.989078044891357422e-01
4.236213862895965576e-01
3.309157490730285645e-02
2.286918610334396362e-01
1.226964116096496582e+00
1.938450574874877930e+00
6.980592757463455200e-02
1.069406792521476746e-01
4.811728298664093018e-01
9.302871227264404297e-01
6.891337037086486816e-01
6.039527803659439087e-02
2.047078311443328857e-01
9.981609880924224854e-02
2.254762798547744751e-01
2.468995898962020874e-01
0.000000000000000000e+00
4.276609718799591064e-01
2.022061496973037720e-01
1.087483048439025879e+00
6.565596908330917358e-02
1.646991074085235596e-02
3.862520694732666016e+00
2.667296119034290314e-02
4.315028712153434753e-02
7.260910272598266602e-01
3.531805798411369324e-02
3.523673117160797119e-01
1.885535120964050293e-01
3.335123360157012939e-01
7.138246893882751465e-01
4.715663492679595947e-01
0.000000000000000000e+00
1.793797761201858521e-01
8.401967287063598633e-01
5.330461263656616211e-01
1.582298874855041504e-01
0.000000000000000000e+00
2.325963973999023438e-02
0.000000000000000000e+00
2.620430849492549896e-02
6.131399869918823242e-01
2.372264862060546875e+00
4.872150719165802002e-01
7.618240267038345337e-02
4.580081254243850708e-02
2.647368013858795166e-01
1.131107568740844727e+00
0.000000000000000000e+00
