1.311581730842590332e-01
2.558310627937316895e-01
2.561997435986995697e-02
6.110299825668334961e-01
6.540117412805557251e-02
9.690729379653930664e-01
4.773955345153808594e-01
1.381060183048248291e-01
6.921180486679077148e-01
8.332961052656173706e-02
4.065612554550170898e-01
1.518906593322753906e+00
3.284981250762939453e-01
0.000000000000000000e+00
6.763368844985961914e-02
0.000000000000000000e+00
0.000000000000000000e+00
1.399337410926818848e+00
9.663406014442443848e-01
6.918234825134277344e-01
2.776147425174713135e-01
1.313386410474777222e-01
5.095505714416503906e-02
6.144798398017883301e-01
1.328188538551330566e+00
1.581368446350097656e-01
8.469764888286590576e-02
2.658529579639434814e-01
3.329353332519531250e-01
0.000000000000000000e+00
2.337542921304702759e-02
5.630552172660827637e-01
1.854236721992492676e-01
2.292013913393020630e-01
1.263272017240524292e-02
1.974020153284072876e-01
1.579105854034423828e-01
3.827890753746032715e-01
2.029649317264556885e-01
3.436599969863891602e-01
4.385139942169189453e-01
2.295010238885879517e-01
3.819659054279327393e-01
2.018582344055175781e+00
0.000000000000000000e+00
6.318078935146331787e-02
7.399505469948053360e-03
2.893811762332916260e-01
1.463476866483688354e-01
3.401151299476623535e-02
3.913846984505653381e-02
1.992489024996757507e-02
4.223024845123291016e-01
6.111869215965270996e-01
1.161587685346603394e-01
8.522344827651977539e-01
4.574356600642204285e-02
7.579925060272216797e-01
0.000000000000000000e+00
3.675649687647819519e-02
9.980954974889755249e-02
2.384504824876785278e-01
2.827187180519104004e-01
5.553222820162773132e-02
7.694414258003234863e-01
4.596008062362670898e-01
5.362033247947692871e-01
8.348818421363830566e-01
1.817997097969055176e-01
3.154077753424644470e-02
1.237913966178894043e-01
6.166923642158508301e-01
3.974303901195526123e-01
6.962593644857406616e-02
2.371278256177902222e-01
2.864967100322246552e-02
4.370272159576416016e-01
5.211644172668457031e-01
1.635481595993041992e+00
9.168124757707118988e-03
1.590798497200012207e-01
8.011390566825866699e-01
8.588886260986328125e-02
2.402830868959426880e-02
4.851637184619903564e-01
0.000000000000000000e+00
1.814481168985366821e-01
0.000000000000000000e+00
8.553060293197631836e-01
2.105135172605514526e-01
1.778709888458251953e-02
3.646002709865570068e-01
8.909474313259124756e-02
2.763072848320007324e-01
2.568530440330505371e-01
5.112824961543083191e-02
2.955119609832763672e-01
2.738073766231536865e-01
2.036654186667874455e-04
3.909103572368621826e-01
1.010335385799407959e-01
0.000000000000000000e+00
7.721240520477294922e+00
4.192379474639892578e+00
4.875796139240264893e-01
3.918035924434661865e-01
1.900775879621505737e-01
6.597715616226196289e-02
2.603319287300109863e-01
3.797689080238342285e-01
1.240769624710083008e-01
7.843464612960815430e-01
1.245888352394104004e+00
1.160208061337471008e-01
1.177537918090820312e+00
1.932938098907470703e-01
6.210989356040954590e-01
1.549094170331954956e-01
9.255332946777343750e-01
4.087004184722900391e+00
1.526393145322799683e-01
6.682924628257751465e-01
1.111023351550102234e-01
1.450624108314514160e+00
7.305775642395019531e+00
9.105147421360015869e-02
8.417691290378570557e-02
6.712989211082458496e-01
2.501812018454074860e-02
0.000000000000000000e+00
1.291883945465087891e+00
8.939284086227416992e-02
1.813032780773937702e-03
4.414257407188415527e-02
1.664904356002807617e-01
7.285898327827453613e-01
9.343616664409637451e-02
4.791895151138305664e-01
3.934334993362426758e+00
3.061611056327819824e-01
3.774335384368896484e-01
3.122686445713043213e-01
7.684639692306518555e-01
4.096903800964355469e-01
7.332181930541992188e-02
9.855815023183822632e-02
2.536938428878784180e+00
9.422079473733901978e-02
0.000000000000000000e+00
3.191842734813690186e-01
5.777088999748229980e-01
3.437184169888496399e-02
4.645026028156280518e-01
5.448344349861145020e-01
3.352466598153114319e-02
1.539634913206100464e-01
1.269326359033584595e-01
2.122005820274353027e-02
6.801605969667434692e-02
4.072137176990509033e-02
9.628753066062927246e-01
4.344234764575958252e-01
2.340418547391891479e-01
7.126296162605285645e-01
1.356855750083923340e+00
1.278544425964355469e+00
1.053424552083015442e-01
1.753174583427608013e-03
3.896018862724304199e-01
2.020493596792221069e-01
7.557017207145690918e-01
8.785781264305114746e-02
4.909405112266540527e-01
1.263291597366333008e+00
1.517171114683151245e-01
0.000000000000000000e+00
0.000000000000000000e+00
6.441078782081604004e-01
6.310752779245376587e-02
2.337289810180664062e+00
6.508603692054748535e-02
1.870067045092582703e-02
3.269664347171783447e-01
5.164456963539123535e-01
4.188911914825439453e-01
8.948343992233276367e-01
0.000000000000000000e+00
3.001534938812255859e-01
8.859393000602722168e-02
1.912554502487182617e-01
4.197897315025329590e-01
1.069885194301605225e-01
1.832297444343566895e-02
0.000000000000000000e+00
7.154492288827896118e-02
1.124755293130874634e-01
1.630422115325927734e+00
4.053377807140350342e-01
1.786468625068664551e-01
2.102507114410400391e+00
6.103641390800476074e-01
2.117220461368560791e-01
2.229661345481872559e-01
8.978976309299468994e-02
0.000000000000000000e+00
3.527560457587242126e-02
1.393269538879394531e+00
9.970254451036453247e-02
0.000000000000000000e+00
2.339364886283874512e-01
1.503055635839700699e-02
1.719383120536804199e+00
1.340218912810087204e-02
2.889566123485565186e-02
1.124167561531066895e+00
4.675211384892463684e-02
0.000000000000000000e+00
1.397320628166198730e+00
6.984305381774902344e-02
1.483557671308517456e-01
8.933255821466445923e-02
1.730381697416305542e-01
1.296613216400146484e-01
0.000000000000000000e+00
7.544371765106916428e-03
1.263911366462707520e+00
7.915500551462173462e-02
9.914219379425048828e-02
1.386313587427139282e-01
3.839875757694244385e-02
1.630108430981636047e-02
7.164469361305236816e-02
3.295126438140869141e+00
2.352539002895355225e-01
2.889674901962280273e-01
2.782213389873504639e-01
1.836885511875152588e-02
8.174941539764404297e-01
2.931766211986541748e-02
3.680742681026458740e-01
1.033993363380432129e-01
1.850882619619369507e-01
5.622447654604911804e-02
1.288990736007690430e+00
2.111587524414062500e-01
0.000000000000000000e+00
3.382891416549682617e-02
3.148363232612609863e-01
8.035964518785476685e-02
6.883942484855651855e-01
0.000000000000000000e+00
4.031779989600181580e-02
5.248379111289978027e-01
4.346680641174316406e-02
6.915502548217773438e-01
2.033957988023757935e-01
2.430654764175415039e-01
0.000000000000000000e+00
0.000000000000000000e+00
4.115726053714752197e-01
4.717878997325897217e-01
1.213333725929260254e+00
1.439550638198852539e+00
1.274584680795669556e-01
1.690253466367721558e-01
0.000000000000000000e+00
1.395250111818313599e-02
3.987697660923004150e-01
0.000000000000000000e+00
1.499643087387084961e+00
1.587097197771072388e-01
5.343846082687377930e-01
6.361710838973522186e-03
5.275390669703483582e-02
6.554117798805236816e-02
1.614028573036193848e+00
2.525347471237182617e+00
7.171040773391723633e-02
2.078535109758377075e-01
1.991378962993621826e-01
6.161630153656005859e-01
6.215418577194213867e-01
1.033159792423248291e-01
4.082780480384826660e-01
1.674194693565368652e+00
6.990150213241577148e-01
1.217068135738372803e-01
1.504028309136629105e-02
2.996922433376312256e-01
2.247109889984130859e+00
6.658057570457458496e-01
1.147908195853233337e-01
2.129974961280822754e-01
0.000000000000000000e+00
1.332662813365459442e-02
4.038570225238800049e-01
1.270048469305038452e-01
8.053672313690185547e-01
7.817753553390502930e-01
8.809458464384078979e-02
0.000000000000000000e+00
7.043663859367370605e-01
7.036429643630981445e-01
2.754932403564453125e+00
6.553753614425659180e-01
3.112265467643737793e-02
4.055464267730712891e-01
6.474243402481079102e-01
1.067851424217224121e+00
1.034030556678771973e+00
8.443096876144409180e-01
1.781447604298591614e-02
6.557591557502746582e-01
0.000000000000000000e+00
6.730397939682006836e-01
5.843821763992309570e-01
9.933874756097793579e-02
1.203006207942962646e-01
6.348205357789993286e-02
1.623951792716979980e-01
5.731061100959777832e-02
1.551610529422760010e-01
4.163998067378997803e-01
2.217413187026977539e+00
3.570206761360168457e-01
5.117968320846557617e-01
4.248248934745788574e-01
4.960784912109375000e-01
5.594455450773239136e-02
2.539468765258789062e+00
2.827354669570922852e-01
5.361524820327758789e-01
6.916729360818862915e-02
1.659443080425262451e-01
3.427999496459960938e+00
5.502960681915283203e-01
2.593851275742053986e-02
9.855122119188308716e-02
1.357491314411163330e-01
6.010858342051506042e-02
1.971315890550613403e-01
3.085250779986381531e-02
5.909016355872154236e-02
5.946232676506042480e-01
1.312906146049499512e-01
2.024461030960083008e-01
4.951303824782371521e-02
2.648356854915618896e-01
5.607466697692871094e-01
5.042910575866699219e-01
2.487087808549404144e-02
0.000000000000000000e+00
9.947671741247177124e-02
4.217863380908966064e-01
9.661151096224784851e-03
9.254226461052894592e-03
3.534552827477455139e-02
5.088466405868530273e-01
3.842795193195343018e-01
1.297613859176635742e+00
3.042610362172126770e-03
2.891241200268268585e-02
2.302358001470565796e-01
3.245940208435058594e-01
2.034410461783409119e-02
3.289667665958404541e-01
1.663708537817001343e-01
0.000000000000000000e+00
4.608853533864021301e-02
1.393643170595169067e-01
0.000000000000000000e+00
1.106119379401206970e-01
1.853094696998596191e-01
4.244550168514251709e-01
6.985130310058593750e-01
2.408679872751235962e-01
0.000000000000000000e+00
2.601161599159240723e-01
1.265087574720382690e-01
4.083533771336078644e-03
5.459716796875000000e+00
1.232879996299743652e+00
4.623555183410644531e+00
3.134149312973022461e-01
2.554642222821712494e-02
0.000000000000000000e+00
4.432319700717926025e-01
1.282583689317107201e-03
0.000000000000000000e+00
1.537238717079162598e+00
0.000000000000000000e+00
4.743915796279907227e-01
1.546398401260375977e-01
4.878377616405487061e-01
2.202038466930389404e-01
7.640603780746459961e-01
1.118877753615379333e-01
3.549191355705261230e-01
1.432658582925796509e-01
1.261095255613327026e-01
7.650151252746582031e-01
7.222058624029159546e-02
9.964344650506973267e-02
9.408558607101440430e-01
1.026532724499702454e-01
4.410472139716148376e-02
2.847635000944137573e-02
8.735932111740112305e-01
2.183944463729858398e+00
0.000000000000000000e+00
6.373106688261032104e-02
1.661144196987152100e-01
2.641760408878326416e-01
9.642043113708496094e-01
2.870272696018218994e-01
1.445019543170928955e-01
2.810725271701812744e-01
1.530845761299133301e-01
2.048751115798950195e-01
1.676072925329208374e-01
3.301307931542396545e-02
9.903889894485473633e-01
1.876640878617763519e-02
1.025867462158203125e-01
9.654724001884460449e-01
2.230391651391983032e-01
0.000000000000000000e+00
3.267262876033782959e-01
1.716051995754241943e-02
1.441488116979598999e-01
1.941777765750885010e-01
6.696753948926925659e-02
1.553336977958679199e+00
3.858214989304542542e-02
1.373229026794433594e-01
9.760513156652450562e-02
6.500149145722389221e-03
3.425440192222595215e-02
2.137349247932434082e-01
1.401582837104797363e+00
0.000000000000000000e+00
4.181028902530670166e-02
5.458758771419525146e-02
6.382296979427337646e-02
1.193717956542968750e+00
0.000000000000000000e+00
0.000000000000000000e+00
2.442789077758789062e-02
2.041390910744667053e-02
2.052788436412811279e-02
1.453377157449722290e-01
4.489073753356933594e-01
4.608386158943176270e-01
1.940284967422485352e-01
1.017803400754928589e-01
1.843932569026947021e-01
1.062777591869235039e-03
5.674151897430419922e+00
3.987027108669281006e-01
8.144240975379943848e-01
3.897770941257476807e-01
2.118476152420043945e+00
2.318523824214935303e-01
4.553511142730712891e-01
8.351099491119384766e-01
5.856054648756980896e-02
0.000000000000000000e+00
1.623467355966567993e-01
1.160653531551361084e-01
8.946763873100280762e-01
4.688974618911743164e-01
1.585485696792602539e+00
2.167379617691040039e+00
1.392438262701034546e-02
0.000000000000000000e+00
8.697201609611511230e-01
3.459198176860809326e-01
0.000000000000000000e+00
3.611724972724914551e-01
1.088060289621353149e-01
0.000000000000000000e+00
4.676717519760131836e-01
1.869629770517349243e-01
4.181216061115264893e-01
5.371948242187500000e+00
3.884855508804321289e-01
0.000000000000000000e+00
6.391981989145278931e-02
6.481342911720275879e-01
2.357238344848155975e-02
1.108427882194519043e+00
5.528783798217773438e-01
0.000000000000000000e+00
0.000000000000000000e+00
1.096281260251998901e-01
4.818161204457283020e-02
1.703204393386840820e+00
3.519682884216308594e-01
3.499108552932739258e-01
3.640116214752197266e+00
6.891132891178131104e-02
8.475935086607933044e-03
4.015844762325286865e-01
8.204236030578613281e-01
1.277010142803192139e-01
1.448620557785034180e-01
8.882810473442077637e-01
0.000000000000000000e+00
7.677699327468872070e-01
5.777850374579429626e-02
2.821861207485198975e-01
4.793230533599853516e+00
4.115352630615234375e+00
6.852683424949645996e-02
2.076971530914306641e+00
3.387191295623779297e-01
2.423683881759643555e+00
5.355384945869445801e-01
2.108290433883666992e+00
0.000000000000000000e+00
1.185756802558898926e+00
1.200741529464721680e+00
1.901266872882843018e-01
8.053888678550720215e-01
1.013042987324297428e-03
8.780499100685119629e-01
1.092338681221008301e+00
3.664872348308563232e-01
2.573097646236419678e-01
1.622778177261352539e-01
3.415843099355697632e-02
3.797477111220359802e-02
2.493349790573120117e+00
9.310306049883365631e-03
5.019735917448997498e-02
5.112162232398986816e-01
7.545170933008193970e-02
1.714324206113815308e-01
6.547729671001434326e-02
3.207337141036987305e+00
6.661925315856933594e-01
5.152985826134681702e-02
1.417693257331848145e+00
7.277953904122114182e-03
5.963043570518493652e-01
9.731015563011169434e-02
1.277773380279541016e+00
5.140951648354530334e-02
7.243225723505020142e-02
1.391966938972473145e-01
1.139251738786697388e-01
2.686468660831451416e-01
8.046869188547134399e-02
5.071848630905151367e-02
2.714052796363830566e-01
3.130826056003570557e-01
1.124399155378341675e-01
3.120901286602020264e-01
5.169247388839721680e-01
3.290830180048942566e-02
1.083737164735794067e-01
9.064996242523193359e-02
2.014716900885105133e-02
1.193666178733110428e-02
0.000000000000000000e+00
2.318120747804641724e-01
1.035653591156005859e+00
5.251528024673461914e-01
2.056000195443630219e-02
9.143227338790893555e-01
6.800283491611480713e-02
4.300592839717864990e-01
1.082491517066955566e+00
0.000000000000000000e+00
2.571960091590881348e-01
2.538719475269317627e-01
8.092438429594039917e-02
7.639997005462646484e-01
4.499328434467315674e-01
3.021097481250762939e-01
9.668088555335998535e-01
1.785438060760498047e-01
0.000000000000000000e+00
1.362210661172866821e-01
3.900560736656188965e-02
2.372103929519653320e+00
6.564559787511825562e-02
4.856150746345520020e-01
2.225550651550292969e+00
4.404133185744285583e-02
3.074036538600921631e-01
7.523345947265625000e-01
1.130282133817672729e-01
1.456618309020996094e-01
1.072376817464828491e-01
5.746530294418334961e-01
1.483612418174743652e+00
1.708877682685852051e-01
5.796777606010437012e-01
0.000000000000000000e+00
2.579138994216918945e+00
1.692970395088195801e-01
9.378902614116668701e-02
1.332573413848876953e+00
2.737855911254882812e-01
0.000000000000000000e+00
5.642280727624893188e-02
2.036397904157638550e-01
1.638398021459579468e-01
6.921837478876113892e-02
3.061295747756958008e-01
5.569390952587127686e-02
1.912781894207000732e-01
2.869748473167419434e-01
2.114456892013549805e-01
1.055595397949218750e+00
1.278543114662170410e+00
3.072644770145416260e-01
9.961112141609191895e-01
6.107866764068603516e-01
1.499834775924682617e+00
2.596191167831420898e-01
3.066555857658386230e-01
1.048039078712463379e+00
2.427042871713638306e-01
1.778475753962993622e-02
1.186183653771877289e-02
1.026496812701225281e-01
1.253808736801147461e-01
8.370964229106903076e-02
2.949233293533325195e+00
9.832076728343963623e-02
5.504264961928129196e-03
7.758871652185916901e-03
5.924584344029426575e-02
1.068389192223548889e-01
8.261775374412536621e-01
7.069840794429183006e-04
6.256713867187500000e-01
7.931886613368988037e-02
1.716883480548858643e-01
2.459549903869628906e+00
1.062524318695068359e+00
4.452770575881004333e-02
1.481994800269603729e-02
1.130920052528381348e-01
6.130257248878479004e-01
2.183040790259838104e-02
0.000000000000000000e+00
0.000000000000000000e+00
1.189193651080131531e-01
4.519633203744888306e-02
1.247170448303222656e+00
3.068912744522094727e+00
1.911474741064012051e-03
1.251738548278808594e+00
2.623847424983978271e-01
8.835669755935668945e-01
9.114333391189575195e-01
1.251716971397399902e+00
8.840746879577636719e-01
3.602989017963409424e-02
4.252156734466552734e+00
1.539639234542846680e-01
8.709501475095748901e-02
9.317735582590103149e-02
2.712687849998474121e-02
5.604615211486816406e-01
2.808501422405242920e-01
3.059601783752441406e-01
2.066659368574619293e-02
0.000000000000000000e+00
7.629992961883544922e-01
1.095091223716735840e+00
6.064443662762641907e-02
3.845766782760620117e-01
4.949611186981201172e+00
9.132772684097290039e-03
0.000000000000000000e+00
1.240106150507926941e-01
4.244666099548339844e+00
0.000000000000000000e+00
7.405573874711990356e-02
6.813593506813049316e-01
2.497243881225585938e+00
5.274847149848937988e-01
2.730847299098968506e-01
1.533272385597229004e+00
1.866083145141601562e-01
9.168346226215362549e-02
1.938499450683593750e+00
1.781167387962341309e-01
7.921547628939151764e-03
2.178466916084289551e-01
3.130678236484527588e-01
6.454476714134216309e-01
1.667847186326980591e-01
6.475763916969299316e-01
1.015366196632385254e+00
1.129840686917304993e-02
2.070905923843383789e+00
4.072180762887001038e-02
1.558540701866149902e+00
8.890485018491744995e-02
7.239051461219787598e-01
2.823804877698421478e-02
0.000000000000000000e+00
6.701706051826477051e-01
6.672914326190948486e-02
2.644882351160049438e-02
5.748981144279241562e-03
2.121421098709106445e+00
0.000000000000000000e+00
9.470055997371673584e-02
1.028591513633728027e+00
5.146395564079284668e-01
2.222710847854614258e-01
7.877925038337707520e-02
1.559934765100479126e-01
7.550659030675888062e-02
0.000000000000000000e+00
6.414397060871124268e-02
7.555750608444213867e-01
1.587520539760589600e-02
1.268795132637023926e-01
0.000000000000000000e+00
2.153155654668807983e-01
1.074377968907356262e-01
6.140992045402526855e-01
2.156862765550613403e-01
2.517349123954772949e-01
2.453049877658486366e-03
1.326089166104793549e-02
2.840365648269653320e+00
0.000000000000000000e+00
3.398800194263458252e-01
3.504769206047058105e-01
3.108538389205932617e-01
2.281653165817260742e+00
0.000000000000000000e+00
7.706758975982666016e-01
9.113092720508575439e-02
6.165879964828491211e-01
3.967876732349395752e-02
1.892355382442474365e-01
4.034676775336265564e-02
3.802182972431182861e-01
1.387696504592895508e+00
4.968903958797454834e-01
1.041467189788818359e+00
1.617563664913177490e-01
7.342433184385299683e-02
1.785150617361068726e-01
9.046401083469390869e-02
3.778202226385474205e-03
7.400382757186889648e-01
1.880224049091339111e-01
2.181570231914520264e-01
1.867888450622558594e+00
5.358610153198242188e-01
0.000000000000000000e+00
1.007329225540161133e-01
7.580017298460006714e-02
4.514972269535064697e-01
1.677784472703933716e-01
1.510985195636749268e-01
7.531368732452392578e-02
5.537348985671997070e-01
6.820144504308700562e-02
1.821555018424987793e+00
3.509584069252014160e-01
1.745424270629882812e-01
2.479693740606307983e-01
1.442330360412597656e+00
9.706965684890747070e-01
5.764704942703247070e-01
4.475025236606597900e-01
5.432265996932983398e-01
2.327160388231277466e-01
2.603590488433837891e-01
1.915241219103336334e-02
6.108340620994567871e-01
5.572164431214332581e-02
1.577306985855102539e+00
1.051595434546470642e-01
1.663805544376373291e-02
3.790312111377716064e-01
3.380643129348754883e-01
1.257935404777526855e+00
6.324995994567871094e+00
3.262859880924224854e-01
3.799664974212646484e-01
8.940763771533966064e-02
1.563009470701217651e-01
0.000000000000000000e+00
6.164796948432922363e-01
1.246172904968261719e+00
0.000000000000000000e+00
6.941385567188262939e-02
5.237987637519836426e-01
8.279507607221603394e-02
3.531326353549957275e-02
1.174247413873672485e-01
0.000000000000000000e+00
4.725912213325500488e-02
4.675405025482177734e-01
6.734280288219451904e-02
1.443444192409515381e-01
4.191932678222656250e-01
2.533527314662933350e-01
1.980583071708679199e-01
4.680673182010650635e-01
2.784100174903869629e-01
0.000000000000000000e+00
2.547297477722167969e-01
1.984966993331909180e-01
2.065052278339862823e-02
1.253668516874313354e-01
4.832827150821685791e-01
1.486744761466979980e+00
1.541366577148437500e-01
2.676871061325073242e+00
4.192586541175842285e-01
6.792965531349182129e-02
0.000000000000000000e+00
1.112246973207220435e-04
7.236838340759277344e-03
2.045367658138275146e-01
2.009257078170776367e-01
2.041838467121124268e-01
1.575788483023643494e-02
9.904084205627441406e-01
3.610931709408760071e-02
3.076503053307533264e-02
4.510546326637268066e-01
0.000000000000000000e+00
1.133184954524040222e-01
3.776865899562835693e-01
4.211503565311431885e-01
4.744918942451477051e-01
1.947611272335052490e-01
6.520790457725524902e-01
8.188991993665695190e-02
2.811211347579956055e-01
1.474050045013427734e+00
1.384288430213928223e+00
3.815232485067099333e-04
5.367907881736755371e-02
4.543367624282836914e-01
8.056032657623291016e-02
2.096647024154663086e-01
9.187375307083129883e-01
5.403123497962951660e-01
1.067553460597991943e-02
5.139697194099426270e-01
2.377787977457046509e-01
1.317073404788970947e-01
4.019857048988342285e-01
1.410844922065734863e-01
0.000000000000000000e+00
1.856684386730194092e-01
5.409916639328002930e-01
4.086011052131652832e-01
1.699378609657287598e+00
1.783000826835632324e-01
7.201662659645080566e-01
6.027076244354248047e-01
5.397430807352066040e-02
2.094184905290603638e-01
1.168563485145568848e+00
9.391983151435852051e-01
1.196850061416625977e+00
3.104881644248962402e-01
0.000000000000000000e+00
6.909942254424095154e-03
4.323254898190498352e-02
7.149320244789123535e-01
3.529285490512847900e-01
2.313482314348220825e-01
0.000000000000000000e+00
3.670303225517272949e-01
1.430022250860929489e-02
8.333739638328552246e-02
6.391260027885437012e-01
1.355847269296646118e-01
8.720685839653015137e-01
7.240655273199081421e-02
5.341939926147460938e-01
1.610556393861770630e-01
8.055470138788223267e-02
3.801110684871673584e-01
3.520619124174118042e-02
3.912258446216583252e-01
0.000000000000000000e+00
7.071797549724578857e-02
1.325742602348327637e-01
9.278064370155334473e-01
7.788704037666320801e-01
2.581525564193725586e+00
1.805071085691452026e-01
0.000000000000000000e+00
2.023278474807739258e+00
2.235213667154312134e-01
1.422667801380157471e-01
8.111435174942016602e-01
3.806209564208984375e-02
6.734203696250915527e-01
1.737573385238647461e+00
0.000000000000000000e+00
0.000000000000000000e+00
0.000000000000000000e+00
2.603250741958618164e-01
2.170053273439407349e-01
2.072597593069076538e-01
2.936029136180877686e-01
0.000000000000000000e+00
8.949494920670986176e-03
1.888992823660373688e-02
8.896386027336120605e-01
1.784870922565460205e-01
5.104187726974487305e-01
5.093759391456842422e-03
2.735602259635925293e-01
3.959907889366149902e-01
5.236366987228393555e-01
7.182960510253906250e-01
2.976251840591430664e-01
4.223869368433952332e-02
1.606731489300727844e-02
0.000000000000000000e+00
1.181782633066177368e-01
1.647793687880039215e-02
0.000000000000000000e+00
1.434671521186828613e+00
6.232846975326538086e-01
3.600744605064392090e-01
3.159980475902557373e-01
1.639401018619537354e-01
1.177674531936645508e-01
2.081600017845630646e-02
1.310737729072570801e-01
6.225476786494255066e-02
1.277598619461059570e+00
6.488627791404724121e-01
3.355596959590911865e-01
1.423185586929321289e+00
0.000000000000000000e+00
9.790021181106567383e-02
4.669320285320281982e-01
2.749157249927520752e-01
2.681107819080352783e-02
1.233126372098922729e-01
1.190693154931068420e-01
1.870674192905426025e-01
9.102984070777893066e-01
1.029564499855041504e+00
1.804929971694946289e-01
1.022213101387023926e+00
1.220315456390380859e+00
3.650464415550231934e-01
3.225360512733459473e-01
4.496981203556060791e-02
3.922628164291381836e-01
1.185596510767936707e-01
4.652522876858711243e-02
8.377128094434738159e-02
2.602342888712882996e-02
2.597611844539642334e-01
2.266181230545043945e+00
0.000000000000000000e+00
1.411078453063964844e+00
5.411216020584106445e-01
1.081188321113586426e-01
1.270720958709716797e-01
1.750907115638256073e-02
1.115118116140365601e-01
8.401888012886047363e-01
6.684477627277374268e-02
1.005272269248962402e-01
0.000000000000000000e+00
7.921940088272094727e-02
1.070780873298645020e+00
4.034621715545654297e-01
1.145563721656799316e+00
1.063268408179283142e-01
3.668290674686431885e-01
1.119407564401626587e-01
8.838822692632675171e-02
6.860835105180740356e-02
4.142766119912266731e-04
1.490592956542968750e+00
1.614712737500667572e-02
1.966538429260253906e+00
2.631009817123413086e-01
7.281250506639480591e-02
5.898728594183921814e-02
2.910106778144836426e-01
3.857522010803222656e-01
2.920361459255218506e-01
7.325283885002136230e-01
1.531903982162475586e+00
1.193780899047851562e-01
4.667654633522033691e-01
5.830447189509868622e-03
8.364384770393371582e-01
1.254676580429077148e+00
2.287088632583618164e-01
3.417484462261199951e-02
1.489600390195846558e-01
1.506999135017395020e-01
1.805061250925064087e-01
1.210086271166801453e-01
6.177449598908424377e-02
8.844026178121566772e-02
2.129566192626953125e+00
4.904446750879287720e-02
1.086090803146362305e-01
2.822392806410789490e-02
2.024515628814697266e+00
4.680459499359130859e-01
2.801858186721801758e-01
1.778607517480850220e-01
1.670044809579849243e-01
0.000000000000000000e+00
2.393820881843566895e-02
3.278466761112213135e-01
8.521270006895065308e-02
7.454602420330047607e-02
1.044048666954040527e+00
4.470400512218475342e-01
3.715283274650573730e-01
1.963237822055816650e-01
1.598304510116577148e-01
3.426397591829299927e-02
2.187107503414154053e-02
4.836724400520324707e-01
4.060987234115600586e-01
9.961073100566864014e-02
4.139864072203636169e-02
1.620463468134403229e-02
0.000000000000000000e+00
3.217464685440063477e-02
2.037969604134559631e-02
1.882263422012329102e-01
1.068236827850341797e+00
1.267819553613662720e-01
5.705531835556030273e-01
0.000000000000000000e+00
3.467957675457000732e-01
2.488053739070892334e-01
1.292585283517837524e-01
6.241737008094787598e-01
0.000000000000000000e+00
2.489550411701202393e-01
3.816480040550231934e-01
6.425575120374560356e-04
2.509423732757568359e+00
8.309801220893859863e-01
3.470806479454040527e-01
6.804507225751876831e-02
4.692987203598022461e-01
8.178930729627609253e-02
1.268548220396041870e-01
5.379124283790588379e-01
3.690864518284797668e-02
0.000000000000000000e+00
1.092075556516647339e-02
6.853608787059783936e-02
1.797441393136978149e-01
1.964350938796997070e+00
2.225681543350219727e-01
2.294656187295913696e-01
2.032935917377471924e-01
9.576562643051147461e-01
1.022869255393743515e-03
9.109575152397155762e-01
1.737832464277744293e-02
5.274229049682617188e-01
1.671756029129028320e+00
3.404297113418579102e+00
1.001172304153442383e+00
1.792580783367156982e-01
8.871051482856273651e-03
1.255107577890157700e-02
3.438054770231246948e-02
7.991041988134384155e-02
6.165947914123535156e-01
6.724776625633239746e-01
0.000000000000000000e+00
2.260904908180236816e-01
2.044476509094238281e+00
1.538309268653392792e-02
1.046349048614501953e+00
3.611691892147064209e-01
9.076083451509475708e-02
6.454179529100656509e-03
1.713781207799911499e-01
3.583962097764015198e-02
4.642608761787414551e-02
7.642532587051391602e-01
9.623245596885681152e-01
2.152622789144515991e-01
0.000000000000000000e+00
1.115181803703308105e+00
3.357665240764617920e-02
1.173283219337463379e+00
1.321139633655548096e-01
1.577792763710021973e+00
1.899238526821136475e-01
3.442938625812530518e-02
9.193813800811767578e-02
2.891783416271209717e-02
1.296946704387664795e-01
3.270123004913330078e-01
1.305334270000457764e-02
1.519463360309600830e-01
1.912774331867694855e-02
1.037852987647056580e-01
2.890131771564483643e-01
0.000000000000000000e+00
1.269589662551879883e-01
5.664314031600952148e-01
1.307325363159179688e+00
8.471274375915527344e-01
2.585124731063842773e+00
1.938781291246414185e-01
1.066478371620178223e+00
2.226207256317138672e+00
6.836682558059692383e-01
6.855974197387695312e-01
7.241656780242919922e-01
3.711281716823577881e-01
2.829849906265735626e-02
3.505097627639770508e-01
1.038488626480102539e+00
2.973357215523719788e-02
4.405491948127746582e-01
2.145768553018569946e-01
1.210078671574592590e-01
1.962537020444869995e-01
3.526746332645416260e-01
3.770373582839965820e+00
2.707100808620452881e-01
3.147875666618347168e-01
9.392526000738143921e-02
0.000000000000000000e+00
5.542868375778198242e-01
0.000000000000000000e+00
1.943426579236984253e-01
2.803050279617309570e-01
2.088111340999603271e-01
2.319687843322753906e+00
6.511449813842773438e-01
3.094244599342346191e-01
0.000000000000000000e+00
1.450606137514114380e-01
9.663867950439453125e-02
8.773920536041259766e-01
3.152433335781097412e-01
2.876222133636474609e-01
4.528470337390899658e-02
1.189707994461059570e+00
6.263313293457031250e-01
3.559610545635223389e-01
1.516975462436676025e-01
2.346820354461669922e+00
2.341639250516891479e-01
3.625839352607727051e-01
3.486920595169067383e-01
2.608364820480346680e-01
1.703237295150756836e-01
0.000000000000000000e+00
8.442971855401992798e-02
4.924630820751190186e-01
1.152899488806724548e-01
1.660913527011871338e-01
5.657188296318054199e-01
7.441334128379821777e-01
0.000000000000000000e+00
0.000000000000000000e+00
6.244416348636150360e-03
2.135158538818359375e+00
1.518065631389617920e-01
3.934792876243591309e-01
2.315347671508789062e+00
2.769107930362224579e-02
6.990010291337966919e-02
2.054266691207885742e+00
6.399665027856826782e-02
5.172024294734001160e-02
0.000000000000000000e+00
5.124851316213607788e-02
3.082183599472045898e-01
7.494148612022399902e-01
4.564617574214935303e-01
1.027374863624572754e-01
3.500644266605377197e-01
3.940983712673187256e-01
1.264927506446838379e+00
1.518920212984085083e-01
5.206233635544776917e-02
5.353995412588119507e-02
0.000000000000000000e+00
2.942307293415069580e-01
2.597662806510925293e-01
2.050800174474716187e-01
1.058749929070472717e-01
2.746574208140373230e-02
1.251202523708343506e-01
3.972389921545982361e-02
6.280156224966049194e-02
6.910137087106704712e-02
0.000000000000000000e+00
7.756513357162475586e-02
0.000000000000000000e+00
1.582926362752914429e-01
1.736449748277664185e-01
0.000000000000000000e+00
1.573842525482177734e+00
1.679475307464599609e+00
2.072407305240631104e-01
6.504384875297546387e-01
3.562270998954772949e-01
0.000000000000000000e+00
9.834022819995880127e-02
3.620669245719909668e-01
0.000000000000000000e+00
3.117417693138122559e-01
2.262398451566696167e-01
3.507729768753051758e-01
0.000000000000000000e+00
0.000000000000000000e+00
1.761257201433181763e-01
1.216133087873458862e-01
7.011718750000000000e-01
3.544701263308525085e-02
2.877379357814788818e-01
1.747280806303024292e-01
6.254441142082214355e-01
2.043956518173217773e+00
9.728739410638809204e-02
9.559085369110107422e-01
2.181543596088886261e-02
1.166742444038391113e-01
1.171446219086647034e-01
5.616808310151100159e-03
4.262387752532958984e-01
7.082461565732955933e-02
2.933331392705440521e-02
5.195318460464477539e-01
4.660915374755859375e+00
4.067787528038024902e-01
2.336300760507583618e-01
8.200139272958040237e-04
9.146854877471923828e-01
1.100073605775833130e-01
4.281603731215000153e-03
6.065989732742309570e-01
2.044454365968704224e-01
1.518188953399658203e+00
0.000000000000000000e+00
6.027030348777770996e-01
2.034424543380737305e-01
6.297656148672103882e-02
7.810271978378295898e-01
3.910381346940994263e-02
5.720751732587814331e-02
2.420306056737899780e-01
2.307075560092926025e-01
6.930566579103469849e-02
7.968064397573471069e-02
9.393436908721923828e-01
0.000000000000000000e+00
0.000000000000000000e+00
2.071406841278076172e+00
7.799319177865982056e-02
1.353052724152803421e-02
1.655758768320083618e-01
1.317787051200866699e+00
1.971702724695205688e-01
3.056834638118743896e-01
2.377395391464233398e+00
1.199518918991088867e+00
6.855570673942565918e-01
8.325416445732116699e-01
0.000000000000000000e+00
2.612292021512985229e-02
6.393511891365051270e-01
0.000000000000000000e+00
2.096881866455078125e-01
3.314552828669548035e-02
8.189874142408370972e-02
8.330970257520675659e-02
4.644903838634490967e-01
5.567212700843811035e-01
6.168660521507263184e-01
1.724344193935394287e-01
2.580520510673522949e-01
1.135031320154666901e-02
1.153819680213928223e+00
0.000000000000000000e+00
3.046495914459228516e+00
9.529500454664230347e-02
7.212778329849243164e-01
5.058969929814338684e-02
1.265484988689422607e-01
2.312009572982788086e+00
3.625662624835968018e-02
9.774766862392425537e-02
0.000000000000000000e+00
5.959321260452270508e-01
1.668057292699813843e-01
7.681499123573303223e-01
1.171961784362792969e+00
3.202192783355712891e-01
6.388054788112640381e-02
4.935905933380126953e-01
6.882354021072387695e-01
1.062527745962142944e-01
3.694984912872314453e-01
2.512665688991546631e-01
2.511715292930603027e-01
1.960684359073638916e-01
0.000000000000000000e+00
1.038415551185607910e+00
5.170613899827003479e-02
5.955987051129341125e-02
8.952996879816055298e-02
9.749714285135269165e-03
2.540019527077674866e-02
5.248321965336799622e-02
3.122277855873107910e-01
7.152262330055236816e-02
5.500113964080810547e-01
1.128443144261837006e-02
1.991284728050231934e+00
1.150901801884174347e-02
9.929370880126953125e-02
5.367631316184997559e-01
2.945008873939514160e-01
0.000000000000000000e+00
2.789709270000457764e-01
1.677410751581192017e-01
2.514669895172119141e-01
9.911900013685226440e-02
5.529791712760925293e-01
5.678654313087463379e-01
4.235729575157165527e-01
0.000000000000000000e+00
7.592119276523590088e-02
4.894636869430541992e-01
1.647372613660991192e-03
9.568181633949279785e-02
5.593379586935043335e-02
2.342576859518885612e-03
8.322543501853942871e-01
2.011459589004516602e+00
1.025210097432136536e-01
1.455546498298645020e+00
1.054274290800094604e-01
4.735734164714813232e-01
4.139698445796966553e-01
4.633085727691650391e-01
5.085226297378540039e-01
9.881602525711059570e-01
4.847742915153503418e-01
1.430713832378387451e-01
3.129945397377014160e-01
3.413947820663452148e-01
0.000000000000000000e+00
4.990201443433761597e-02
4.562985152006149292e-02
9.230513572692871094e-01
6.514447331428527832e-01
0.000000000000000000e+00
3.329610526561737061e-01
3.662242889404296875e-01
2.760214805603027344e-01
2.589895963668823242e+00
7.861496806144714355e-01
5.522293448448181152e-01
1.690742522478103638e-01
2.030400276184082031e+00
4.741564393043518066e-01
7.843640446662902832e-02
1.554437160491943359e+00
2.874252796173095703e-01
3.659014701843261719e-01
1.224051117897033691e-01
1.799184381961822510e-01
1.040543317794799805e-01
0.000000000000000000e+00
3.792891204357147217e-01
1.088584288954734802e-01
4.527410268783569336e-01
2.801323235034942627e-01
1.014479026198387146e-01
7.807767949998378754e-03
9.454406499862670898e-01
2.504433691501617432e-01
4.713947176933288574e-01
1.467844545841217041e-01
6.632490158081054688e-01
3.760897517204284668e-01
2.148399114608764648e+00
1.310718953609466553e-01
9.662648290395736694e-02
5.599508434534072876e-02
7.284952402114868164e-01
4.710872843861579895e-02
7.032098621129989624e-02
3.343403935432434082e-01
1.022622957825660706e-01
7.300380617380142212e-03
4.170383214950561523e-01
1.013763770461082458e-01
9.001802802085876465e-01
0.000000000000000000e+00
5.049045681953430176e-01
7.184528559446334839e-02
9.330187439918518066e-01
9.515725076198577881e-02
2.787882387638092041e-01
3.403959870338439941e-01
9.153946042060852051e-01
4.178613126277923584e-01
8.305335789918899536e-02
6.402696967124938965e-01
1.212064474821090698e-01
8.707745671272277832e-01
5.591871961951255798e-02
1.021878644824028015e-01
5.814373120665550232e-02
2.707669734954833984e-01
4.734605252742767334e-01
2.433368682861328125e+00
7.209851145744323730e-01
8.882054090499877930e-01
2.245756983757019043e-01
4.431785345077514648e-01
3.373012840747833252e-01
3.886330127716064453e-01
1.105648398399353027e+00
1.314408779144287109e+00
3.726255595684051514e-01
1.395535171031951904e-01
2.096574008464813232e-01
1.621784806251525879e+00
1.382230967283248901e-01
2.230833284556865692e-02
7.847688347101211548e-02
1.155206114053726196e-01
1.690212965011596680e+00
1.472224950790405273e+00
2.127376079559326172e+00
3.653372228145599365e-01
2.179355127736926079e-03
7.241197824478149414e-01
1.856051683425903320e-01
1.456402242183685303e-01
0.000000000000000000e+00
0.000000000000000000e+00
2.195361852645874023e-01
1.891066879034042358e-01
5.895291566848754883e-01
1.168316602706909180e+00
3.363884240388870239e-02
7.399849295616149902e-01
4.226764664053916931e-03
4.260351359844207764e-01
2.998057752847671509e-03
4.710879027843475342e-01
0.000000000000000000e+00
6.503544747829437256e-02
7.604050636291503906e-01
3.453739643096923828e+00
2.549888789653778076e-01
1.100242137908935547e-03
1.331847310066223145e-01
1.358711600303649902e+00
1.352898031473159790e-01
1.783474385738372803e-01
2.445298433303833008e-01
1.399238556623458862e-01
2.182593792676925659e-01
1.108269095420837402e-01
4.774052500724792480e-01
1.310525834560394287e-01
2.845072448253631592e-01
1.815067231655120850e-01
6.770997494459152222e-02
0.000000000000000000e+00
1.736651808023452759e-01
9.936513751745223999e-02
4.184093177318572998e-01
1.562347412109375000e+00
2.371275126934051514e-01
1.237002760171890259e-01
3.487433195114135742e-01
9.063060283660888672e-01
1.233597844839096069e-01
2.350176095962524414e+00
1.584225058555603027e+00
1.127995967864990234e+00
6.966706365346908569e-02
1.161496490240097046e-01
6.190874055027961731e-02
1.209284305572509766e+00
2.667991220951080322e-01
2.941020131111145020e-01
2.475536614656448364e-02
3.477254509925842285e-01
3.186451911926269531e+00
8.630574941635131836e-01
8.901514410972595215e-01
2.505724132061004639e-01
1.995106339454650879e+00
3.765264749526977539e-01
2.463144958019256592e-01
2.561269104480743408e-01
5.412795543670654297e-01
2.254192978143692017e-01
0.000000000000000000e+00
2.419201284646987915e-02
1.820883713662624359e-02
9.649558663368225098e-01
3.483893871307373047e-01
0.000000000000000000e+00
5.032719969749450684e-01
1.784533143043518066e+00
0.000000000000000000e+00
9.796459227800369263e-03
2.655404992401599884e-02
1.282036662101745605e+00
0.000000000000000000e+00
3.909385204315185547e-01
1.934963911771774292e-01
1.721722930669784546e-01
5.866074934601783752e-03
0.000000000000000000e+00
2.187266200780868530e-01
2.510805986821651459e-02
2.317225188016891479e-01
1.267541665583848953e-02
0.000000000000000000e+00
1.524839848279953003e-01
0.000000000000000000e+00
8.498313277959823608e-02
0.000000000000000000e+00
2.029178291559219360e-02
5.084429979324340820e-01
3.186837136745452881e-01
2.252258855151012540e-04
4.730773344635963440e-02
1.361167430877685547e+00
4.268938675522804260e-02
1.089155822992324829e-01
7.287926673889160156e-01
0.000000000000000000e+00
3.895044326782226562e-02
5.355756282806396484e-01
0.000000000000000000e+00
3.294146358966827393e-01
2.268018871545791626e-01
2.393473684787750244e-02
3.382947444915771484e-01
0.000000000000000000e+00
2.266540527343750000e+00
4.626530036330223083e-02
1.453568935394287109e-01
1.870246045291423798e-02
3.522132039070129395e-01
1.425417363643646240e-01
7.524301409721374512e-01
1.972252964973449707e+00
6.264210492372512817e-02
1.166086196899414062e-01
4.248403012752532959e-01
1.491147372871637344e-02
6.020381674170494080e-02
2.007781863212585449e-01
2.317695021629333496e-01
2.568929493427276611e-01
4.764014780521392822e-01
1.325248926877975464e-02
1.610711365938186646e-01
2.904801629483699799e-02
5.593304634094238281e-01
1.368959546089172363e-01
3.864425718784332275e-01
2.285945713520050049e-01
1.683249771595001221e-01
5.996860936284065247e-02
6.190241780132055283e-03
2.731103181838989258e+00
1.408538967370986938e-02
0.000000000000000000e+00
2.450490951538085938e+00
4.193063974380493164e-01
2.376466989517211914e-01
0.000000000000000000e+00
2.573325932025909424e-01
2.667547166347503662e-01
1.712960451841354370e-01
0.000000000000000000e+00
7.298260331153869629e-01
7.972214221954345703e-01
1.857043057680130005e-02
6.625962257385253906e-01
3.814297914505004883e-01
2.447065114974975586e-01
1.288416981697082520e-01
1.153634116053581238e-01
1.569638103246688843e-01
4.944637715816497803e-01
1.607069969177246094e+00
3.514397144317626953e-01
6.921563763171434402e-03
2.081170305609703064e-02
6.703743338584899902e-01
4.975202679634094238e-02
2.730100043118000031e-02
9.089576601982116699e-01
8.803382515907287598e-01
1.754853367805480957e+00
8.201199769973754883e-02
1.532353281974792480e+00
4.828077554702758789e-01
9.745846390724182129e-01
0.000000000000000000e+00
3.771435022354125977e-01
8.107693791389465332e-01
2.247816510498523712e-02
4.375009238719940186e-01
1.999071612954139709e-02
4.093751609325408936e-01
1.028459612280130386e-02
3.141700506210327148e+00
3.842194750905036926e-02
7.813610136508941650e-02
1.226734444499015808e-01
2.940348163247108459e-02
1.731353402137756348e+00
8.709678053855895996e-01
8.080083876848220825e-02
7.801163196563720703e-01
7.577041387557983398e-01
3.419314324855804443e-01
4.033603239804506302e-03
1.951388359069824219e+00
4.780073650181293488e-04
2.351734191179275513e-01
1.241416321136057377e-03
1.995374858379364014e-01
5.609611272811889648e-01
2.285146564245223999e-01
3.534328639507293701e-01
1.131957117468118668e-02
1.846390962600708008e-01
1.158328771591186523e+00
2.497775130905210972e-04
0.000000000000000000e+00
3.428744524717330933e-02
3.479399085044860840e-01
3.873039782047271729e-02
2.169129610061645508e+00
5.068821907043457031e-01
2.024017833173274994e-02
2.859974205493927002e-01
1.183201745152473450e-01
5.304569005966186523e-02
6.973113864660263062e-02
3.863660991191864014e-02
2.994348108768463135e-01
2.824780046939849854e-01
5.247526615858078003e-02
5.438187718391418457e-02
4.146680235862731934e-01
2.558686435222625732e-01
6.913498044013977051e-01
0.000000000000000000e+00
4.730342924594879150e-01
2.687658071517944336e-01
9.014472365379333496e-02
4.853051602840423584e-01
3.600583374500274658e-01
0.000000000000000000e+00
8.596817255020141602e-01
1.310291409492492676e+00
6.086505055427551270e-01
3.372913971543312073e-02
1.051529776304960251e-02
5.765582248568534851e-02
2.744509279727935791e-01
9.069228172302246094e-01
3.719720542430877686e-01
2.279749512672424316e-01
7.263115793466567993e-02
7.499671578407287598e-01
3.050897121429443359e-01
1.633282452821731567e-01
1.579997539520263672e-01
2.576868534088134766e-01
9.024681150913238525e-02
7.831910997629165649e-02
1.946502029895782471e-01
1.948865652084350586e-01
3.187358081340789795e-01
2.412687391042709351e-01
0.000000000000000000e+00
4.917722940444946289e-01
1.774419844150543213e-01
7.098503708839416504e-01
4.198053479194641113e-02
3.338560461997985840e-01
6.640580296516418457e-02
8.389465510845184326e-02
8.691928386688232422e-01
2.678656578063964844e-01
1.968573778867721558e-01
2.080946117639541626e-01
2.307987928390502930e+00
0.000000000000000000e+00
6.901840567588806152e-01
1.747418940067291260e-01
1.799236178398132324e+00
4.113690853118896484e-01
2.459364570677280426e-02
1.382133923470973969e-02
1.557675600051879883e-01
6.700213998556137085e-02
0.000000000000000000e+00
6.818165779113769531e-01
8.331841230392456055e-01
3.510096073150634766e-01
1.093503087759017944e-01
4.069637775421142578e+00
3.924282491207122803e-01
6.439996957778930664e-01
5.401578545570373535e-02
0.000000000000000000e+00
1.360314637422561646e-01
2.713160216808319092e-01
2.835466265678405762e-01
1.859035938978195190e-01
7.531858086585998535e-01
7.928746193647384644e-02
8.603885173797607422e-01
1.325457394123077393e-01
7.507024407386779785e-01
0.000000000000000000e+00
5.937244296073913574e-01
3.510640561580657959e-01
8.123835921287536621e-02
1.150718778371810913e-01
1.918776333332061768e-01
4.928557276725769043e-01
3.339813649654388428e-01
2.942574582993984222e-02
1.927829720079898834e-02
2.843222767114639282e-02
1.529253423213958740e-01
8.319318294525146484e-01
2.203549891710281372e-01
8.690025210380554199e-01
5.204885005950927734e-01
0.000000000000000000e+00
5.593655109405517578e-01
7.203835248947143555e-01
1.264147907495498657e-01
1.566300094127655029e-01
2.428019344806671143e-01
7.622182369232177734e-01
1.216109395027160645e-01
2.154413223266601562e+00
7.945688441395759583e-03
1.126765534281730652e-01
8.573400378227233887e-01
6.522058844566345215e-01
4.504614174365997314e-01
3.595382869243621826e-01
6.663185954093933105e-01
1.666254252195358276e-01
1.464186668395996094e+00
0.000000000000000000e+00
3.372652232646942139e-01
4.211130440235137939e-01
3.144030570983886719e-01
1.722900196909904480e-02
7.405133917927742004e-03
1.026467606425285339e-01
2.845700085163116455e-01
1.571318387985229492e+00
9.597257710993289948e-03
2.094304561614990234e-01
6.637619495391845703e+00
3.401521444320678711e-01
2.275542467832565308e-01
1.988449454307556152e+00
1.003372311592102051e+00
1.024615392088890076e-01
1.922200322151184082e-01
4.245328009128570557e-01
1.388822644948959351e-01
2.234116382896900177e-02
2.333385348320007324e-01
2.323694378137588501e-01
3.039627373218536377e-01
6.927723437547683716e-02
5.346263051033020020e-01
3.535246551036834717e-01
1.501868963241577148e-01
0.000000000000000000e+00
1.059460520744323730e+00
1.270275190472602844e-02
1.765550374984741211e+00
1.181295067071914673e-01
1.834845095872879028e-01
1.001290559768676758e+00
0.000000000000000000e+00
9.270002692937850952e-02
4.761892557144165039e-02
6.783511042594909668e-01
2.025066167116165161e-01
6.353906393051147461e-01
4.523197114467620850e-01
1.179800391197204590e+00
9.005215950310230255e-03
2.340466976165771484e+00
5.564969778060913086e-01
6.673073768615722656e-01
1.346067637205123901e-01
3.944262266159057617e-01
2.967266440391540527e-01
0.000000000000000000e+00
1.156106367707252502e-01
6.573367714881896973e-01
2.080137729644775391e-01
1.867713451385498047e+00
1.051471009850502014e-01
9.046217799186706543e-02
1.037684828042984009e-02
1.579856514930725098e+00
4.872755706310272217e-01
0.000000000000000000e+00
1.393060445785522461e+00
1.454030871391296387e+00
6.827976703643798828e-01
9.050039052963256836e-01
7.129593938589096069e-02
5.110334232449531555e-02
0.000000000000000000e+00
6.683998703956604004e-01
1.722368746995925903e-01
1.630004882812500000e+00
1.525862067937850952e-01
2.039090394973754883e-01
1.480820495635271072e-02
6.050537154078483582e-02
3.708336874842643738e-02
5.475970357656478882e-02
7.664897441864013672e-01
6.387492269277572632e-02
3.357299417257308960e-02
1.184586212038993835e-01
9.990877509117126465e-01
7.360632717609405518e-02
0.000000000000000000e+00
3.892615139484405518e-01
8.702132105827331543e-02
1.975433975458145142e-01
1.745225906372070312e+00
0.000000000000000000e+00
5.112315416336059570e-01
0.000000000000000000e+00
8.612512797117233276e-02
6.924329698085784912e-02
5.656107068061828613e-01
1.167269423604011536e-01
1.055715322494506836e+00
7.643888592720031738e-01
3.104035139083862305e+00
1.150485351681709290e-01
7.873269915580749512e-01
1.463931705802679062e-02
1.755358934402465820e+00
4.220030605792999268e-01
1.742193996906280518e-01
7.640246301889419556e-02
3.870997428894042969e+00
7.348383665084838867e-01
2.266803532838821411e-01
3.574519753456115723e-01
1.162770986557006836e+00
4.703778773546218872e-02
0.000000000000000000e+00
2.488172054290771484e-01
1.323174983263015747e-01
2.467619441449642181e-02
6.338483691215515137e-01
1.350818388164043427e-02
2.220865786075592041e-01
0.000000000000000000e+00
3.925303369760513306e-02
0.000000000000000000e+00
4.636459052562713623e-02
1.182856038212776184e-01
1.879975438117980957e+00
1.037176251411437988e-01
1.850776672363281250e-01
4.556538462638854980e-01
1.265836041420698166e-02
3.568865060806274414e-01
8.149205148220062256e-02
3.627051115036010742e-01
2.367045402526855469e+00
2.803846597671508789e-01
3.880411386489868164e-01
5.203148722648620605e-01
6.673877239227294922e-01
0.000000000000000000e+00
3.245064020156860352e-01
5.685805678367614746e-01
2.695055305957794189e-01
2.236522674560546875e+00
4.394168555736541748e-01
0.000000000000000000e+00
0.000000000000000000e+00
3.440421447157859802e-02
2.151893675327301025e-01
4.129771888256072998e-02
3.043380975723266602e-01
7.940807938575744629e-01
4.893385991454124451e-02
8.089833706617355347e-02
1.080348134040832520e+00
7.453096508979797363e-01
1.165486812591552734e+00
8.757138848304748535e-01
4.519268125295639038e-02
1.862316489219665527e+00
4.559786990284919739e-03
3.257709741592407227e+00
3.278705179691314697e-01
5.995282530784606934e-02
9.964090585708618164e-01
1.982131786644458771e-02
4.835626855492591858e-02
2.837713435292243958e-02
0.000000000000000000e+00
3.089035302400588989e-02
3.649132251739501953e-01
3.095903396606445312e-01
1.582464218139648438e+00
8.676303178071975708e-02
2.220654934644699097e-01
2.073421925306320190e-01
1.515846610069274902e+00
0.000000000000000000e+00
0.000000000000000000e+00
2.235827594995498657e-01
3.093724846839904785e-01
7.467826008796691895e-01
6.783972978591918945e-01
1.710387617349624634e-01
1.342340946197509766e+00
3.793614730238914490e-02
5.207341909408569336e-01
1.093570590019226074e-01
3.753272891044616699e-01
5.750562548637390137e-01
2.379080355167388916e-01
7.299768924713134766e-01
6.562950462102890015e-02
7.388205081224441528e-02
6.794090867042541504e-01
1.773433573544025421e-02
1.351403117179870605e+00
5.347542837262153625e-02
0.000000000000000000e+00
2.999290823936462402e-01
0.000000000000000000e+00
1.060380041599273682e-02
7.546717673540115356e-02
8.839945793151855469e-01
1.787298358976840973e-02
7.127855420112609863e-01
6.658495068550109863e-01
4.206455871462821960e-02
8.144331723451614380e-02
1.473273038864135742e-01
0.000000000000000000e+00
1.122539401054382324e+00
4.428957462310791016e+00
0.000000000000000000e+00
5.709742903709411621e-01
2.093550205230712891e+00
6.764811873435974121e-01
9.541403055191040039e-01
1.027811765670776367e-01
1.427209854125976562e+00
1.191573381423950195e+00
2.102922834455966949e-02
2.020598948001861572e-01
0.000000000000000000e+00
0.000000000000000000e+00
1.562608778476715088e-01
2.071313709020614624e-01
8.241313099861145020e-01
4.624659419059753418e-01
9.931349009275436401e-02
9.687365293502807617e-01
8.143936283886432648e-03
1.588729955255985260e-02
3.118731081485748291e-01
3.273614346981048584e-01
5.365967378020286560e-02
1.732317656278610229e-01
7.571233510971069336e-01
1.095141530036926270e+00
2.179874628782272339e-01
5.977737600915133953e-04
2.414531260728836060e-01
2.077769786119461060e-01
1.601809144020080566e+00
1.980365663766860962e-01
4.730988442897796631e-01
2.390932083129882812e+00
1.300287842750549316e+00
3.632832765579223633e-01
9.893336892127990723e-02
6.204105913639068604e-02
9.071929380297660828e-03
6.985499709844589233e-02
1.672553867101669312e-01
6.107266992330551147e-02
5.649137496948242188e-01
9.828574657440185547e-01
2.894971966743469238e-01
1.177657365798950195e+00
8.249043822288513184e-01
2.428449690341949463e-02
1.323324162513017654e-02
1.679382473230361938e-01
9.721744060516357422e-02
3.328215181827545166e-01
1.296909451484680176e-01
3.005367517471313477e-01
