1.753052473068237305e-01
1.492113113403320312e+00
3.513774573802947998e-01
1.967554211616516113e+00
1.892250925302505493e-01
4.062306404113769531e+00
1.917429089546203613e+00
1.930866241455078125e-01
1.018571853637695312e+00
9.656972438097000122e-02
2.881290316581726074e-01
1.602592825889587402e+00
1.999368667602539062e-01
1.008960884064435959e-02
2.704894542694091797e-01
5.019216798245906830e-03
0.000000000000000000e+00
9.974499940872192383e-01
3.240869045257568359e-01
1.017038822174072266e+00
6.797889471054077148e-01
4.782072603702545166e-01
1.244288831949234009e-01
5.074450373649597168e-01
6.682835221290588379e-01
3.789672553539276123e-01
4.818601161241531372e-02
2.222177088260650635e-01
6.610429286956787109e-02
1.097147613763809204e-01
5.328062176704406738e-02
5.416361689567565918e-01
3.736087381839752197e-01
1.854796558618545532e-01
0.000000000000000000e+00
1.413110941648483276e-01
4.947341233491897583e-02
7.577984333038330078e-01
5.169339776039123535e-01
7.250704169273376465e-01
1.356117129325866699e+00
1.705769896507263184e-01
7.591588795185089111e-02
6.212636232376098633e-01
1.233095768839120865e-02
2.048000991344451904e-01
0.000000000000000000e+00
1.437777876853942871e-01
2.597554624080657959e-01
1.243150085210800171e-01
3.606652840971946716e-02
0.000000000000000000e+00
5.578160285949707031e-01
2.262201070785522461e+00
1.073740720748901367e-01
0.000000000000000000e+00
3.993194401264190674e-01
4.252114593982696533e-01
0.000000000000000000e+00
5.321784876286983490e-03
3.648406267166137695e-02
2.375335693359375000e-01
4.635559320449829102e-01
3.519526124000549316e-01
6.778871417045593262e-01
1.790893673896789551e-01
3.012601435184478760e-01
1.008297801017761230e+00
0.000000000000000000e+00
3.221042156219482422e-01
1.041345521807670593e-01
1.338218450546264648e-01
3.351915180683135986e-01
5.833998322486877441e-01
2.417329996824264526e-01
5.601722598075866699e-01
1.740266084671020508e+00
4.341453313827514648e-01
1.603353381156921387e+00
4.214495420455932617e-01
1.560919135808944702e-01
1.956394612789154053e-01
3.721144795417785645e-01
0.000000000000000000e+00
1.375668406486511230e+00
0.000000000000000000e+00
1.652536988258361816e-01
3.446643352508544922e-01
3.033730387687683105e-01
6.007334589958190918e-02
2.978762611746788025e-02
1.561652272939682007e-01
5.082603543996810913e-02
1.768782436847686768e-01
1.714658141136169434e+00
1.328581199049949646e-02
5.938174724578857422e-01
1.658784508705139160e+00
3.667077124118804932e-01
5.224039554595947266e-01
4.065148532390594482e-03
1.563776433467864990e-01
1.426421761512756348e+00
1.687889456748962402e+00
1.794277310371398926e+00
3.633820712566375732e-01
3.549907505512237549e-01
0.000000000000000000e+00
3.265322446823120117e-01
2.152322232723236084e-01
2.290820032358169556e-01
1.998156011104583740e-01
2.906801998615264893e-01
0.000000000000000000e+00
2.002614736557006836e-01
4.650746658444404602e-02
1.357299685478210449e-01
4.125685393810272217e-01
5.809224843978881836e-01
3.926863431930541992e+00
2.546931803226470947e-01
1.940636709332466125e-02
1.557234376668930054e-01
1.145394086837768555e+00
5.844750404357910156e+00
1.691602729260921478e-02
1.677064746618270874e-01
4.031000733375549316e-01
1.567143052816390991e-01
0.000000000000000000e+00
3.594743013381958008e+00
4.586356282234191895e-01
1.678593307733535767e-01
0.000000000000000000e+00
7.204535603523254395e-01
1.483352035284042358e-01
4.935994371771812439e-02
8.548143506050109863e-01
2.230554580688476562e+00
1.542315125465393066e+00
7.202808558940887451e-02
4.886108040809631348e-01
4.036895558238029480e-02
1.032217666506767273e-01
0.000000000000000000e+00
0.000000000000000000e+00
2.947166681289672852e+00
3.104143142700195312e-01
9.846022725105285645e-02
5.250831842422485352e-01
2.554215490818023682e-01
3.649219572544097900e-01
1.181549653410911560e-01
1.411891341209411621e+00
7.962939143180847168e-01
5.595736205577850342e-02
4.837808310985565186e-01
5.580281019210815430e-01
1.189364492893218994e-02
4.834612458944320679e-02
5.954008102416992188e-01
3.210642337799072266e-01
1.840330958366394043e-01
2.764498256146907806e-02
3.585520088672637939e-01
5.859025716781616211e-01
4.160331487655639648e-01
1.923062503337860107e-01
6.119344830513000488e-01
1.072270348668098450e-01
4.902672171592712402e-01
2.442377954721450806e-01
1.343723535537719727e+00
0.000000000000000000e+00
1.732234209775924683e-01
3.618172556161880493e-02
2.354534715414047241e-02
1.051380276679992676e+00
1.466051936149597168e-01
1.433176517486572266e+00
1.097450777888298035e-01
5.294043105095624924e-03
1.896106362342834473e+00
5.153453946113586426e-01
9.709336608648300171e-02
1.445381641387939453e-01
0.000000000000000000e+00
3.838005065917968750e-01
1.221739351749420166e-01
1.165641248226165771e-01
2.571469545364379883e-01
6.013829261064529419e-02
5.316262319684028625e-02
2.102358043193817139e-01
2.082909923046827316e-03
1.341812685132026672e-02
1.413365125656127930e+00
2.958475649356842041e-01
3.831979036331176758e-01
5.832971334457397461e-01
1.715354174375534058e-01
2.555180490016937256e-01
5.203925371170043945e-01
1.338735371828079224e-01
0.000000000000000000e+00
6.007159352302551270e-01
8.064746260643005371e-01
1.007469836622476578e-02
1.201607286930084229e-02
2.177133411169052124e-01
1.622393429279327393e-01
1.821346402168273926e+00
0.000000000000000000e+00
7.342204451560974121e-01
3.707137703895568848e-01
7.551838457584381104e-02
5.255743861198425293e-02
1.401775240898132324e+00
0.000000000000000000e+00
1.463897824287414551e+00
4.163505733013153076e-01
0.000000000000000000e+00
1.942769885063171387e-01
2.599796950817108154e-01
1.883157193660736084e-01
1.906864047050476074e+00
4.453119933605194092e-01
7.324241995811462402e-01
7.703855633735656738e-01
1.118496507406234741e-01
0.000000000000000000e+00
0.000000000000000000e+00
1.925121068954467773e+00
6.490934640169143677e-02
1.207793280482292175e-01
7.665611803531646729e-02
6.467056870460510254e-01
8.652371764183044434e-01
0.000000000000000000e+00
8.659082651138305664e-02
1.628081686794757843e-02
7.044016122817993164e-01
2.408409863710403442e-01
1.175850868225097656e+00
5.104128122329711914e-01
3.240616321563720703e-01
5.076413042843341827e-03
8.320761919021606445e-01
5.827218666672706604e-02
2.821406126022338867e-01
7.126646041870117188e-01
8.502060174942016602e-01
1.156045556068420410e+00
4.145306069403886795e-03
5.264341235160827637e-01
8.634004741907119751e-02
5.813744384795427322e-03
0.000000000000000000e+00
4.758614599704742432e-01
1.204468727111816406e+00
1.757309585809707642e-01
2.747146606445312500e+00
2.888400077819824219e+00
1.110147908329963684e-01
2.145688235759735107e-01
7.788053900003433228e-02
1.210992690175771713e-02
1.266353368759155273e+00
1.415353715419769287e-01
2.979791462421417236e-01
1.652236133813858032e-01
8.140548318624496460e-02
0.000000000000000000e+00
5.776956304907798767e-02
7.213076353073120117e-01
9.156482219696044922e-01
1.277184963226318359e+00
1.492868214845657349e-01
2.017625868320465088e-01
2.224983721971511841e-01
2.453649044036865234e-01
2.101897150278091431e-01
3.728232979774475098e-01
3.578055202960968018e-01
2.509736299514770508e+00
2.974446713924407959e-01
6.392966210842132568e-02
1.659573800861835480e-02
9.623597562313079834e-02
4.774262607097625732e-01
4.862064123153686523e-01
5.120043158531188965e-01
1.330615300685167313e-02
0.000000000000000000e+00
2.778098881244659424e-01
2.745729207992553711e+00
3.299680352210998535e-01
3.530075028538703918e-02
4.345549345016479492e-01
1.283573508262634277e-01
5.438451766967773438e-01
1.761434674263000488e-01
2.990185260772705078e+00
9.215481281280517578e-01
9.866157919168472290e-02
8.994363546371459961e-01
2.745537757873535156e-01
6.380796432495117188e-01
1.124570146203041077e-01
4.763033390045166016e-01
2.105779170989990234e+00
1.736224591732025146e-01
2.189406603574752808e-01
0.000000000000000000e+00
1.046059370040893555e+00
1.779343247413635254e+00
5.318243801593780518e-02
3.368483483791351318e-02
9.029167890548706055e-02
1.133649706840515137e+00
0.000000000000000000e+00
1.881800144910812378e-01
1.307786554098129272e-01
4.378858208656311035e-01
5.249589681625366211e-01
2.434836477041244507e-01
4.779910743236541748e-01
1.166741490364074707e+00
3.587405979633331299e-01
8.777735829353332520e-01
0.000000000000000000e+00
4.820845425128936768e-01
9.439613223075866699e-01
9.307852014899253845e-03
5.701098442077636719e-01
3.428304195404052734e-01
2.317093461751937866e-01
2.752027213573455811e-01
1.641597300767898560e-01
6.373332440853118896e-02
2.696538157761096954e-02
5.314352512359619141e-01
3.695739433169364929e-02
2.383693009614944458e-01
0.000000000000000000e+00
4.327413439750671387e-02
9.910926222801208496e-02
6.068377494812011719e-01
7.043856382369995117e-02
1.958838105201721191e-01
1.947446912527084351e-01
4.435219615697860718e-02
7.045893073081970215e-01
9.630885124206542969e-01
1.224366873502731323e-01
4.428814351558685303e-02
4.199391603469848633e-01
1.469601392745971680e-01
3.317266004160046577e-03
7.517768740653991699e-01
4.666100814938545227e-02
1.072703957557678223e+00
6.340163946151733398e-01
3.629017174243927002e-01
2.291747927665710449e-01
8.182679116725921631e-02
4.241585731506347656e-01
3.654501214623451233e-02
6.756114363670349121e-01
1.696055829524993896e-01
1.674113571643829346e-01
7.028172016143798828e-01
5.687406659126281738e-01
3.946641385555267334e-01
3.065312504768371582e-01
1.242189884185791016e+00
2.362564951181411743e-02
1.911372989416122437e-01
5.645560622215270996e-01
1.555650234222412109e-01
2.515115499496459961e+00
1.897955089807510376e-01
6.612143516540527344e-01
5.126049518585205078e-01
2.811910212039947510e-01
5.450154468417167664e-02
1.317078471183776855e-01
3.274037241935729980e-01
0.000000000000000000e+00
5.249722599983215332e-01
3.245217204093933105e-01
3.162734508514404297e-01
5.384029746055603027e-01
2.394865751266479492e-01
4.790158271789550781e-01
2.475063949823379517e-01
4.883523285388946533e-02
0.000000000000000000e+00
5.440061911940574646e-02
2.155188322067260742e-01
1.893298387527465820e+00
2.644627690315246582e-01
0.000000000000000000e+00
5.450878143310546875e-01
0.000000000000000000e+00
1.767231500707566738e-03
9.953025728464126587e-02
6.178274154663085938e-01
8.873570561408996582e-01
3.022726997733116150e-02
5.421372056007385254e-01
3.248040378093719482e-01
2.644407935440540314e-02
9.387626051902770996e-01
6.463651359081268311e-02
5.177716016769409180e-01
4.287658929824829102e-01
6.057147979736328125e-01
1.979883760213851929e-01
2.195587307214736938e-01
1.246095299720764160e-01
6.217010021209716797e-01
1.387687563896179199e+00
1.048063710331916809e-01
1.432870984077453613e+00
1.566301882266998291e-01
2.458936125040054321e-01
3.350904583930969238e-02
6.983662024140357971e-03
2.838072180747985840e-02
3.989623785018920898e-01
9.296409785747528076e-02
1.877823948860168457e+00
1.728979349136352539e-01
1.371771395206451416e-01
5.304463952779769897e-02
0.000000000000000000e+00
3.409707844257354736e-01
5.561502575874328613e-01
8.119986206293106079e-02
0.000000000000000000e+00
5.949919819831848145e-01
1.689347997307777405e-02
4.477382823824882507e-02
6.243514418601989746e-01
0.000000000000000000e+00
0.000000000000000000e+00
1.842572689056396484e-01
0.000000000000000000e+00
7.786664366722106934e-02
4.022659778594970703e+00
1.511422842741012573e-01
9.432070702314376831e-02
3.004821836948394775e-01
2.611163556575775146e-01
1.772715337574481964e-02
2.069968730211257935e-01
3.163963794708251953e+00
3.449729979038238525e-01
5.835789069533348083e-02
2.059941589832305908e-01
3.186983466148376465e-01
3.447587788105010986e-02
7.095026969909667969e-01
1.170935750007629395e+00
1.307033300399780273e-01
0.000000000000000000e+00
3.766749501228332520e-01
1.628426834940910339e-02
7.347875088453292847e-02
2.562794685363769531e-01
3.313276469707489014e-01
5.464275360107421875e+00
2.023523807525634766e+00
6.974520087242126465e-01
2.480984181165695190e-01
8.374368548393249512e-01
2.264646589756011963e-01
3.392488062381744385e-01
9.403985738754272461e-02
0.000000000000000000e+00
1.990611851215362549e-01
3.286705315113067627e-01
5.816141143441200256e-03
4.287441730499267578e+00
5.272108316421508789e-01
2.002795338630676270e-01
8.839152753353118896e-02
4.367791861295700073e-02
8.412851393222808838e-02
3.649435281753540039e+00
1.341662555932998657e-01
0.000000000000000000e+00
2.384733408689498901e-02
1.194353699684143066e-01
1.270709484815597534e-01
2.361808270215988159e-01
3.579456806182861328e-01
2.388124018907546997e-01
1.838054060935974121e+00
4.305022209882736206e-02
6.551577895879745483e-02
1.048092961311340332e+00
1.147782444953918457e+00
1.279276311397552490e-01
4.905457496643066406e-01
1.479396462440490723e+00
0.000000000000000000e+00
2.937844753265380859e+00
1.288204342126846313e-01
9.752135276794433594e-01
2.670902252197265625e+00
2.349856853485107422e+00
1.253391206264495850e-01
1.797073930501937866e-01
4.652775451540946960e-02
2.071180343627929688e+00
5.136693120002746582e-01
6.773987293243408203e+00
5.935654044151306152e-02
8.410014510154724121e-01
9.838984012603759766e-01
3.601842522621154785e-01
3.729318380355834961e-01
0.000000000000000000e+00
1.756461024284362793e+00
2.487627714872360229e-01
1.595447808504104614e-01
2.192164398729801178e-02
2.244115918874740601e-01
7.651983946561813354e-02
7.499431967735290527e-01
3.123811721801757812e+00
0.000000000000000000e+00
3.540953993797302246e-02
1.194894760847091675e-01
2.224584370851516724e-01
4.866653680801391602e-01
7.699105888605117798e-02
2.434159994125366211e+00
8.177961111068725586e-01
1.226077973842620850e-01
1.154978990554809570e+00
1.745365709066390991e-01
5.553763359785079956e-02
3.158908784389495850e-01
3.463581204414367676e-01
1.186275124549865723e+00
7.884059846401214600e-02
1.581253856420516968e-01
0.000000000000000000e+00
2.805433571338653564e-01
6.381400674581527710e-02
1.527587771415710449e-01
2.431368082761764526e-02
2.872567810118198395e-02
3.418795391917228699e-02
6.033157184720039368e-02
1.582877337932586670e-01
1.436349630355834961e+00
1.978110074996948242e-01
0.000000000000000000e+00
4.956746101379394531e-02
6.483488082885742188e-01
0.000000000000000000e+00
3.561192035675048828e+00
4.553230106830596924e-02
2.901451289653778076e-01
5.652528256177902222e-02
4.646342098712921143e-01
3.813158869743347168e-01
5.823271274566650391e-01
7.094681262969970703e-01
3.297443091869354248e-01
2.361304610967636108e-01
7.846987992525100708e-02
2.642323262989521027e-02
2.343789190053939819e-01
1.000122904777526855e+00
2.880804473534226418e-03
4.352070689201354980e-01
3.274526074528694153e-02
3.373784199357032776e-02
1.231650337576866150e-01
7.262966781854629517e-02
1.614648997783660889e-01
1.167107820510864258e-01
7.970546931028366089e-02
1.266718029975891113e+00
9.264216059818863869e-04
7.249689847230911255e-02
1.519023776054382324e+00
5.003434792160987854e-02
5.447611212730407715e-02
1.282164692878723145e+00
1.189365029335021973e+00
2.513251543045043945e+00
1.605174839496612549e-01
6.961185932159423828e-01
1.239183172583580017e-01
9.860625863075256348e-01
5.948935747146606445e-01
0.000000000000000000e+00
3.887694597244262695e+00
5.280364155769348145e-01
0.000000000000000000e+00
1.441387534141540527e+00
2.712845504283905029e-01
2.351665496826171875e-01
2.387901209294795990e-02
2.371971011161804199e-01
1.370968371629714966e-01
5.555645227432250977e-01
7.652502059936523438e-01
1.901657879352569580e-01
1.069138407707214355e+00
2.261596620082855225e-01
3.453794717788696289e-01
4.197616875171661377e-01
3.998377621173858643e-01
2.847082853317260742e+00
3.413651585578918457e-01
2.716959454119205475e-02
1.406431198120117188e+00
1.203844666481018066e+00
1.347376406192779541e-01
7.897885143756866455e-02
1.753978547640144825e-03
1.126197874546051025e-01
9.159944951534271240e-03
1.629745006561279297e+00
1.419095277786254883e+00
1.984164416790008545e-01
1.265836805105209351e-01
8.401902019977569580e-02
1.231486722826957703e-01
4.851976633071899414e-01
0.000000000000000000e+00
2.663123607635498047e-01
1.917437463998794556e-02
3.384031951427459717e-01
1.147489547729492188e+00
7.717103958129882812e-01
1.049212336540222168e+00
1.759775876998901367e-01
2.869867682456970215e-01
4.708831906318664551e-01
1.990823894739151001e-01
0.000000000000000000e+00
2.709855139255523682e-01
0.000000000000000000e+00
3.559963405132293701e-02
3.279121160507202148e+00
9.267875552177429199e-01
4.151345789432525635e-01
2.106764078140258789e+00
9.432021528482437134e-03
6.056085228919982910e-01
1.142147332429885864e-01
1.012923121452331543e+00
3.634479522705078125e+00
2.484610825777053833e-01
5.979892730712890625e+00
5.468828082084655762e-01
0.000000000000000000e+00
2.643729187548160553e-02
2.613851986825466156e-02
1.065466284751892090e+00
8.558059344068169594e-04
4.957952797412872314e-01
1.889065623283386230e+00
9.063715487718582153e-02
9.964174032211303711e-02
4.509100914001464844e-01
6.653920412063598633e-01
3.722753822803497314e-01
1.166810035705566406e+00
2.486758679151535034e-01
4.613599479198455811e-01
1.464614868164062500e-01
3.701294183731079102e+00
2.485641092061996460e-02
0.000000000000000000e+00
6.099503040313720703e-01
9.334231615066528320e-01
4.825489223003387451e-01
1.493376586586236954e-02
1.686257243156433105e+00
2.048212289810180664e-01
4.882459715008735657e-02
1.433734536170959473e+00
2.690790593624114990e-02
1.785454601049423218e-01
4.852162599563598633e-01
2.300092726945877075e-01
1.155207902193069458e-01
1.672277599573135376e-02
5.312107801437377930e-01
1.880864143371582031e+00
4.771530628204345703e-03
1.494619697332382202e-01
4.229984581470489502e-01
6.885386109352111816e-01
2.543618679046630859e-01
1.283629834651947021e-01
8.462885618209838867e-01
3.220419287681579590e-01
5.453748703002929688e-01
1.190844178199768066e-01
3.788912594318389893e-01
4.676370322704315186e-01
1.536649465560913086e+00
1.560117304325103760e-01
4.334260895848274231e-02
4.624229073524475098e-01
9.958119988441467285e-01
2.170844003558158875e-02
3.240182995796203613e-01
2.858172357082366943e-01
1.659781336784362793e-01
6.902950257062911987e-02
1.155697554349899292e-01
1.308945119380950928e-01
6.520775705575942993e-02
7.584899067878723145e-01
3.268836736679077148e-01
4.739075433462858200e-03
2.466859668493270874e-01
8.086836338043212891e-02
0.000000000000000000e+00
4.732071161270141602e-01
1.975150555372238159e-01
1.648055464029312134e-01
1.476027846336364746e+00
0.000000000000000000e+00
8.905705809593200684e-01
2.697419822216033936e-01
1.472246766090393066e+00
4.045214056968688965e-01
1.401555258780717850e-02
2.348729223012924194e-01
6.719664931297302246e-01
2.954265289008617401e-02
2.097988605499267578e+00
2.937762066721916199e-02
3.932304382324218750e-01
1.427203714847564697e-01
1.089018583297729492e+00
5.591937303543090820e-01
4.079277217388153076e-01
5.810832604765892029e-02
3.123102784156799316e-01
6.951762437820434570e-01
7.788454294204711914e-01
8.557199686765670776e-02
6.535255908966064453e-01
1.349716484546661377e-01
9.922416806221008301e-01
3.918066024780273438e+00
3.078302860260009766e+00
4.605387151241302490e-02
1.219340801239013672e+00
6.836254596710205078e-01
8.120131492614746094e-01
1.142363622784614563e-02
1.745715178549289703e-02
1.284075081348419189e-01
9.797829389572143555e-02
3.069904446601867676e-01
1.568232774734497070e+00
1.431207805871963501e-01
0.000000000000000000e+00
1.029770851135253906e+00
3.071337938308715820e+00
8.204515576362609863e-01
1.865744113922119141e+00
0.000000000000000000e+00
2.286967039108276367e-01
2.837075106799602509e-02
3.500158339738845825e-02
7.695728540420532227e-02
6.740980148315429688e-01
1.703304350376129150e-01
3.627408146858215332e-01
3.277942771092057228e-03
3.049592077732086182e-01
1.598270237445831299e-01
1.011294364929199219e+00
9.960626363754272461e-01
2.079153776168823242e+00
1.146722733974456787e-01
0.000000000000000000e+00
7.269329577684402466e-02
1.068728342652320862e-01
0.000000000000000000e+00
1.808123230934143066e+00
9.835045039653778076e-02
9.093814343214035034e-02
0.000000000000000000e+00
4.383570551872253418e-01
2.402572520077228546e-02
5.383563637733459473e-01
0.000000000000000000e+00
5.693348124623298645e-02
3.005065489560365677e-03
4.312264621257781982e-01
6.677676439285278320e-01
6.215134263038635254e-01
2.051797956228256226e-01
3.136726617813110352e-01
4.290695488452911377e-02
3.499516844749450684e-01
3.428141027688980103e-02
5.819284915924072266e-01
2.325689792633056641e-01
1.412978675216436386e-02
3.022733516991138458e-02
2.982633002102375031e-02
2.914159595966339111e-01
5.837002992630004883e-01
5.487266927957534790e-02
2.412010431289672852e-01
2.154892534017562866e-01
1.321652531623840332e-01
1.235307976603507996e-01
9.221442043781280518e-03
7.837278768420219421e-03
5.714467763900756836e-01
6.273556947708129883e-01
2.645651102066040039e-01
7.130731642246246338e-02
0.000000000000000000e+00
1.199941933155059814e-01
6.083218455314636230e-01
1.794064044952392578e-01
6.477107107639312744e-02
0.000000000000000000e+00
1.000576615333557129e+00
1.698935627937316895e+00
2.829558849334716797e-01
8.814595639705657959e-02
9.903720021247863770e-01
1.074670553207397461e-01
2.377707660198211670e-01
2.285338491201400757e-01
9.502278268337249756e-02
2.923269942402839661e-02
1.523540914058685303e-01
1.114069581031799316e+00
4.063290059566497803e-01
8.334389328956604004e-02
1.897961795330047607e-01
2.493059933185577393e-01
1.210942864418029785e-01
1.870093047618865967e-01
1.891161650419235229e-01
7.739322185516357422e-01
2.472453266382217407e-01
1.320606768131256104e-01
1.095803454518318176e-03
6.285689473152160645e-01
2.464003674685955048e-02
8.231353759765625000e-01
1.936618089675903320e+00
1.387555003166198730e-01
2.941773235797882080e-01
1.046740293502807617e+00
0.000000000000000000e+00
3.566218018531799316e-01
5.871644616127014160e-01
7.015662193298339844e-01
5.008172392845153809e-01
1.822427809238433838e-01
3.620845964178442955e-03
3.794613182544708252e-01
3.498939275741577148e-01
2.425636351108551025e-01
6.771886944770812988e-01
1.129703879356384277e+00
2.588547170162200928e-01
3.912678062915802002e-01
4.656860232353210449e-01
7.939873635768890381e-02
0.000000000000000000e+00
1.886110454797744751e-01
1.230860829353332520e+00
3.270418941974639893e-02
5.924100875854492188e-01
8.720055222511291504e-02
6.762613058090209961e-01
5.874155759811401367e-01
1.124987751245498657e-02
3.149170875549316406e-01
0.000000000000000000e+00
1.639554463326931000e-02
2.677440345287322998e-01
4.734235107898712158e-01
2.119808912277221680e+00
6.844603061676025391e+00
0.000000000000000000e+00
5.952263996005058289e-02
9.561185240745544434e-01
2.047262638807296753e-01
9.419056773185729980e-02
4.969178140163421631e-01
3.626111447811126709e-01
1.517906785011291504e-01
2.850334882736206055e+00
6.977035999298095703e-01
6.039512529969215393e-02
2.711942195892333984e-01
8.667004704475402832e-01
3.805727958679199219e-01
3.240716457366943359e-01
4.277477562427520752e-01
6.157096475362777710e-03
2.008434087038040161e-01
1.414925511926412582e-02
3.568674921989440918e-01
5.739347264170646667e-02
2.716806530952453613e-01
2.714147269725799561e-01
0.000000000000000000e+00
4.083862304687500000e-01
5.951295495033264160e-01
4.030414819717407227e-01
1.720471531152725220e-01
2.564149498939514160e-01
0.000000000000000000e+00
2.855260670185089111e-01
7.584180235862731934e-01
0.000000000000000000e+00
1.874891817569732666e-01
1.082141280174255371e+00
8.741222023963928223e-01
9.836674332618713379e-01
8.772731572389602661e-02
7.859482616186141968e-02
5.887487530708312988e-01
1.727839931845664978e-02
1.080779507756233215e-01
5.408524274826049805e-01
1.896762967109680176e+00
7.123242318630218506e-02
1.276725649833679199e+00
1.833330392837524414e+00
4.581366479396820068e-01
0.000000000000000000e+00
1.243533492088317871e-01
1.658455431461334229e-01
1.527926325798034668e-01
5.803498029708862305e-01
0.000000000000000000e+00
3.274240195751190186e-01
5.726938247680664062e-01
2.161254137754440308e-01
1.830198317766189575e-01
8.234720230102539062e-01
1.110560774803161621e+00
9.137913584709167480e-02
1.715679536573588848e-03
3.844243288040161133e-01
2.497761547565460205e-01
2.211548537015914917e-01
1.640163920819759369e-02
3.353385031223297119e-01
7.777667790651321411e-02
3.197629153728485107e-01
3.920629024505615234e+00
9.900171309709548950e-03
2.431753396987915039e+00
8.787984400987625122e-02
4.048649221658706665e-02
1.453227102756500244e-01
0.000000000000000000e+00
2.115101367235183716e-01
7.214275747537612915e-02
1.602353304624557495e-01
3.174444735050201416e-01
0.000000000000000000e+00
5.702285468578338623e-02
1.640870809555053711e+00
0.000000000000000000e+00
9.549440145492553711e-01
3.182768523693084717e-01
4.107199013233184814e-01
9.821198135614395142e-02
3.648283779621124268e-01
0.000000000000000000e+00
2.137368619441986084e-01
7.121398448944091797e-01
1.666323542594909668e-01
7.851442694664001465e-01
1.429132521152496338e-01
2.407961934804916382e-01
1.640438102185726166e-02
3.253956884145736694e-02
3.252818584442138672e-01
0.000000000000000000e+00
9.390128254890441895e-01
1.899297952651977539e+00
9.955102205276489258e-02
7.058000564575195312e-01
0.000000000000000000e+00
4.569262564182281494e-01
1.770742386579513550e-01
6.716452538967132568e-02
0.000000000000000000e+00
1.577915102243423462e-01
0.000000000000000000e+00
4.598885476589202881e-01
5.868544802069664001e-02
9.593278169631958008e-02
1.316047310829162598e+00
1.002740502357482910e+00
1.505052745342254639e-01
2.330394983291625977e-01
1.994602009654045105e-02
6.972763538360595703e-01
2.493471354246139526e-01
3.334525972604751587e-03
4.972508847713470459e-01
5.458656698465347290e-02
1.031129360198974609e+00
2.631489560008049011e-02
1.405039787292480469e+00
2.759200036525726318e-01
7.009646296501159668e-01
2.571580886840820312e+00
3.203950822353363037e-01
8.672439455986022949e-01
5.367574468255043030e-02
5.823442712426185608e-02
0.000000000000000000e+00
6.770338863134384155e-02
1.287241876125335693e-01
2.796084992587566376e-02
3.433328494429588318e-02
4.013008251786231995e-02
8.835837990045547485e-02
4.842266440391540527e-02
1.385803073644638062e-01
2.121799886226654053e-01
4.402042031288146973e-01
1.662217378616333008e+00
1.428131666034460068e-02
3.756805062294006348e-01
8.953923732042312622e-02
6.127162277698516846e-02
9.098927974700927734e-01
3.941595554351806641e-03
5.102177262306213379e-01
1.110303252935409546e-01
3.427939414978027344e-01
0.000000000000000000e+00
1.364499181509017944e-01
2.387981653213500977e+00
1.097161769866943359e+00
1.432326912879943848e+00
1.620688736438751221e-01
1.925779879093170166e-02
4.480929076671600342e-01
4.364509880542755127e-01
2.844636440277099609e-01
3.597922027111053467e-01
2.062603682279586792e-01
1.523040980100631714e-01
0.000000000000000000e+00
3.434224054217338562e-02
2.509518146514892578e+00
5.000730976462364197e-02
4.843128100037574768e-02
1.994566917419433594e+00
2.933365702629089355e-01
7.782018184661865234e-01
3.089982271194458008e+00
1.902091950178146362e-01
1.060891270637512207e+00
1.090939283370971680e+00
2.205458402633666992e+00
7.511416077613830566e-01
3.067839890718460083e-02
2.761309221386909485e-02
0.000000000000000000e+00
2.021766640245914459e-02
2.040327638387680054e-01
5.981740951538085938e-01
2.007034718990325928e-01
0.000000000000000000e+00
2.747538685798645020e-01
1.458971261978149414e+00
2.456992566585540771e-01
6.647552847862243652e-01
1.729839742183685303e-01
0.000000000000000000e+00
2.300481311976909637e-03
7.430804520845413208e-02
3.037114143371582031e-01
1.376771181821823120e-01
1.931336998939514160e+00
5.643114447593688965e-01
2.200481593608856201e-01
0.000000000000000000e+00
1.020397408865392208e-03
4.218530952930450439e-01
2.693260908126831055e+00
1.707106679677963257e-01
1.149111032485961914e+00
0.000000000000000000e+00
4.102924838662147522e-02
6.830744147300720215e-01
5.364249348640441895e-01
7.257454395294189453e-01
5.193068981170654297e-01
1.453750431537628174e-01
2.611909210681915283e-01
1.431859880685806274e-01
3.934815824031829834e-01
1.519638448953628540e-01
0.000000000000000000e+00
1.490504145622253418e-01
6.453611254692077637e-01
1.153625249862670898e+00
5.377050042152404785e-01
1.227310061454772949e+00
1.374882012605667114e-01
9.624261856079101562e-01
1.170906186103820801e+00
9.168543815612792969e-01
3.267455101013183594e-01
8.630232810974121094e-01
4.874171912670135498e-01
8.551744744181632996e-03
0.000000000000000000e+00
3.325626850128173828e-01
1.700472086668014526e-01
1.142672538757324219e+00
2.021768689155578613e-01
4.520042538642883301e-01
5.153171420097351074e-01
1.792805083096027374e-02
4.778669178485870361e-01
1.037403941154479980e+00
3.359543085098266602e-01
1.766651570796966553e-01
9.948521107435226440e-02
3.612385988235473633e-01
3.060579597949981689e-01
1.413164287805557251e-01
8.043894171714782715e-01
5.689998269081115723e-01
6.238501667976379395e-01
3.957731276750564575e-02
8.050390481948852539e-01
5.806951958220452070e-05
5.443446636199951172e-01
1.385200954973697662e-02
1.525737941265106201e-01
2.084456235170364380e-01
1.563495844602584839e-01
2.574442327022552490e-01
8.353896141052246094e-01
3.126180469989776611e-01
6.153146624565124512e-01
2.174937538802623749e-02
4.856027364730834961e-01
4.793575033545494080e-02
3.410891056060791016e+00
3.056029379367828369e-01
2.690811268985271454e-02
1.597928404808044434e-01
1.391630768775939941e-01
3.625933527946472168e-01
1.320622563362121582e-01
1.559309810400009155e-01
7.408699989318847656e-01
0.000000000000000000e+00
1.090773820877075195e+00
0.000000000000000000e+00
1.592880189418792725e-01
2.860259031876921654e-03
1.440439939498901367e+00
3.551188409328460693e-01
0.000000000000000000e+00
3.510639429092407227e+00
2.149508148431777954e-01
8.044357895851135254e-01
1.357513308525085449e+00
1.772870868444442749e-01
1.884792931377887726e-02
2.224632166326045990e-02
1.089403778314590454e-02
6.047348380088806152e-01
2.924883842468261719e+00
1.101180166006088257e-01
8.901163339614868164e-01
2.053308039903640747e-01
2.591355890035629272e-02
1.123925924301147461e+00
2.455027401447296143e-01
1.017634943127632141e-02
0.000000000000000000e+00
0.000000000000000000e+00
1.861369967460632324e+00
9.871826320886611938e-02
2.248825877904891968e-01
2.949134260416030884e-02
1.958073973655700684e+00
4.322434589266777039e-02
9.243930876255035400e-02
9.120336174964904785e-02
2.127784676849842072e-02
6.270392984151840210e-02
1.489385515451431274e-01
1.144313812255859375e-02
4.500749111175537109e-01
1.081612467765808105e+00
0.000000000000000000e+00
2.205747365951538086e+00
1.175226926803588867e+00
1.882854342460632324e+00
1.758612155914306641e+00
3.395319283008575439e-01
8.546089380979537964e-02
5.884214639663696289e-01
3.438467979431152344e-01
2.058682218194007874e-02
7.681605964899063110e-02
4.517242908477783203e-01
1.863245666027069092e-01
0.000000000000000000e+00
2.708504907786846161e-02
1.878984831273555756e-02
3.497702255845069885e-02
6.997540593147277832e-01
2.044778168201446533e-01
6.885162554681301117e-03
5.693725496530532837e-02
3.287352621555328369e-01
1.505891561508178711e+00
1.613701432943344116e-01
5.494942069053649902e-01
7.324618101119995117e-02
4.311169683933258057e-01
4.807642474770545959e-02
0.000000000000000000e+00
4.588403403759002686e-01
7.246966958045959473e-01
0.000000000000000000e+00
1.821840703487396240e-01
3.671410679817199707e-01
5.741415172815322876e-02
5.254108905792236328e-01
8.485158532857894897e-02
3.808605074882507324e-01
1.104035452008247375e-01
8.163224905729293823e-02
2.555938363075256348e-01
3.108008019626140594e-02
3.460465967655181885e-01
3.449271321296691895e-01
6.095974445343017578e-01
6.030312925577163696e-02
1.273984462022781372e-01
8.340988755226135254e-01
9.205639362335205078e-02
2.222783416509628296e-01
2.458219379186630249e-01
2.553139626979827881e-01
5.554239079356193542e-02
4.819877818226814270e-02
2.529944479465484619e-01
0.000000000000000000e+00
1.786148697137832642e-01
2.082482099533081055e+00
5.981571674346923828e-01
0.000000000000000000e+00
1.642624735832214355e-01
2.318259716033935547e+00
1.060145646333694458e-01
3.315271735191345215e-01
8.344675302505493164e-01
3.778800070285797119e-01
8.427592515945434570e-01
9.119268655776977539e-01
1.566679589450359344e-02
0.000000000000000000e+00
3.972184360027313232e-01
8.792056143283843994e-02
2.993728816509246826e-01
6.793283671140670776e-02
3.666339442133903503e-02
5.514167249202728271e-02
5.702033042907714844e-01
8.474574089050292969e-01
4.996997714042663574e-01
5.005176663398742676e-01
7.038483023643493652e-01
4.978972077369689941e-01
4.140847325325012207e-01
1.290045529603958130e-01
2.187800407409667969e+00
1.001327261328697205e-01
6.593682169914245605e-01
1.164117157459259033e-01
2.685176730155944824e-01
3.930073738098144531e+00
0.000000000000000000e+00
1.694390296936035156e+00
2.447689324617385864e-02
5.860972404479980469e-01
1.427256967872381210e-03
1.216977760195732117e-01
3.580750524997711182e-01
6.397756189107894897e-02
1.375647783279418945e-01
8.875700235366821289e-01
5.300757884979248047e-01
2.298508882522583008e-01
1.376974582672119141e-01
7.400543689727783203e-01
5.216159224510192871e-01
2.770378291606903076e-01
0.000000000000000000e+00
2.056924402713775635e-01
5.355788394808769226e-02
2.543661594390869141e-01
9.364432096481323242e-02
1.053615286946296692e-01
9.127505868673324585e-02
5.575839281082153320e-01
3.961327672004699707e-01
2.996044792234897614e-02
2.507551610469818115e-01
1.343972980976104736e-01
1.143892884254455566e+00
3.493382334709167480e-01
3.236312568187713623e-01
4.394084587693214417e-02
1.072350382804870605e+00
1.878734081983566284e-01
8.679865598678588867e-01
2.306372225284576416e-01
1.447665393352508545e-01
5.508612394332885742e-01
1.032131910324096680e+00
1.511712074279785156e-01
1.984535217285156250e+00
0.000000000000000000e+00
4.905304312705993652e-02
4.195853173732757568e-01
7.022416591644287109e-02
1.577462442219257355e-02
2.864671349525451660e-01
2.740564048290252686e-01
1.975652575492858887e+00
1.989412903785705566e+00
5.847130417823791504e-01
7.473454475402832031e-01
0.000000000000000000e+00
1.529222011566162109e+00
7.184717059135437012e-01
8.963529765605926514e-02
3.580119609832763672e-01
2.823917567729949951e-01
4.793387353420257568e-01
1.184794399887323380e-02
3.977138102054595947e-01
3.404582142829895020e-01
0.000000000000000000e+00
2.464528232812881470e-01
2.805803343653678894e-02
3.106009960174560547e-01
3.771583437919616699e-01
3.227379322052001953e-01
2.293577343225479126e-01
7.743788957595825195e-01
4.777173399925231934e-01
7.886097431182861328e-01
5.875939130783081055e-01
1.580921530723571777e+00
6.532491743564605713e-02
7.060047984123229980e-01
3.324966019135899842e-05
2.663069069385528564e-01
4.340444564819335938e+00
7.726391553878784180e-01
4.925478696823120117e-01
4.309360682964324951e-02
3.482867777347564697e-01
7.549408823251724243e-02
8.379160165786743164e-01
1.820993609726428986e-02
0.000000000000000000e+00
6.864627003669738770e-01
5.684084892272949219e-01
4.055091738700866699e-02
8.488117717206478119e-03
5.945806205272674561e-02
2.132549732923507690e-01
3.638182282447814941e-01
1.172993630170822144e-01
2.522743940353393555e+00
6.716197822242975235e-03
2.864955425262451172e+00
1.804879307746887207e-01
1.705859541893005371e+00
3.168489038944244385e-01
2.632429599761962891e-01
5.094039812684059143e-02
1.478335447609424591e-02
2.592735225334763527e-03
9.110081195831298828e-02
5.109514575451612473e-03
3.666480302810668945e+00
0.000000000000000000e+00
5.763406753540039062e-01
1.531863701529800892e-03
7.347378730773925781e-01
0.000000000000000000e+00
3.411728143692016602e-01
2.461821958422660828e-02
9.005983173847198486e-02
3.078717291355133057e-01
7.382685542106628418e-01
0.000000000000000000e+00
1.745115369558334351e-01
5.342073440551757812e-01
3.496951758861541748e-01
9.152312874794006348e-01
2.418550662696361542e-02
2.164018154144287109e-01
3.778912425041198730e-01
7.465478032827377319e-02
2.570998966693878174e-01
2.065497159957885742e+00
4.816701412200927734e-01
4.335039556026458740e-01
8.537443280220031738e-01
8.823651671409606934e-01
2.357896119356155396e-01
7.160918712615966797e-01
9.728767275810241699e-01
3.841648995876312256e-01
4.819890260696411133e-01
2.825162410736083984e-01
2.049398183822631836e+00
4.843154549598693848e-01
4.534267783164978027e-01
4.723787680268287659e-02
5.008367449045181274e-02
2.196997106075286865e-01
1.470508694648742676e+00
2.051074028015136719e+00
6.976792216300964355e-01
5.621355772018432617e-01
2.575449878349900246e-03
2.096730843186378479e-02
8.167744427919387817e-02
2.207281589508056641e-01
0.000000000000000000e+00
6.042569279670715332e-01
2.165943831205368042e-01
2.557051777839660645e-01
3.157039880752563477e-01
8.208733201026916504e-01
7.550361007452011108e-02
1.644890666007995605e+00
1.383712440729141235e-01
7.551050186157226562e-02
0.000000000000000000e+00
1.630875915288925171e-01
2.095575630664825439e-02
1.466195285320281982e-01
1.636539340019226074e+00
4.199666976928710938e+00
3.383958637714385986e-01
1.220723465085029602e-01
4.864417910575866699e-01
9.010550975799560547e-01
1.251259893178939819e-01
5.974141880869865417e-03
0.000000000000000000e+00
6.416408345103263855e-03
2.844683825969696045e-02
0.000000000000000000e+00
2.998805046081542969e-01
4.826539456844329834e-01
6.039193868637084961e-01
0.000000000000000000e+00
3.987511694431304932e-01
6.347264349460601807e-02
2.226607650518417358e-01
6.051847711205482483e-02
2.165397107601165771e-01
1.049703836441040039e+00
3.729632496833801270e-01
3.926330804824829102e-01
1.520954072475433350e-02
1.102387070655822754e+00
2.467541396617889404e-02
3.306118488311767578e+00
4.767946600914001465e-01
1.801791429519653320e+00
7.720618844032287598e-01
8.071655035018920898e-02
5.140958819538354874e-03
3.299418449401855469e+00
3.115174546837806702e-02
1.234816759824752808e-01
1.029402613639831543e-01
1.203510388731956482e-01
6.210291981697082520e-01
1.838558167219161987e-01
7.782004773616790771e-02
0.000000000000000000e+00
5.381208658218383789e-01
2.615859508514404297e-01
9.914471954107284546e-02
6.233094930648803711e-01
9.381210207939147949e-01
1.696647107601165771e-01
0.000000000000000000e+00
0.000000000000000000e+00
1.594749242067337036e-01
1.111891746520996094e+00
2.577937245368957520e-01
0.000000000000000000e+00
1.009731902740895748e-03
3.670831024646759033e-01
8.616946637630462646e-03
4.396786540746688843e-02
1.055770874023437500e+00
1.787868589162826538e-01
5.024807900190353394e-02
7.762472331523895264e-02
3.410449624061584473e-01
2.326432317495346069e-01
2.259012311697006226e-01
2.460446907207369804e-03
7.272493839263916016e-02
0.000000000000000000e+00
3.209352865815162659e-02
4.719277471303939819e-02
9.270179271697998047e-02
2.735349535942077637e-01
1.019154787063598633e-01
3.417271971702575684e-01
5.151507258415222168e-01
1.866790801286697388e-01
1.297793537378311157e-01
4.130892753601074219e-01
3.448959439992904663e-02
1.116908118128776550e-01
2.413781404495239258e+00
1.011915598064661026e-02
3.340268731117248535e-01
4.219675660133361816e-01
2.212216109037399292e-01
9.342933073639869690e-03
1.696119666099548340e+00
7.970786839723587036e-02
0.000000000000000000e+00
4.526467621326446533e-02
2.165742218494415283e-01
2.509208321571350098e-01
1.990599483251571655e-01
4.179714620113372803e-01
2.352752685546875000e-01
3.940522968769073486e-01
1.259943246841430664e-01
1.033913940191268921e-01
2.561202049255371094e-01
6.981979608535766602e-01
1.622069716453552246e+00
0.000000000000000000e+00
3.482968211174011230e-01
1.107057258486747742e-01
4.560330137610435486e-02
2.236841944977641106e-03
2.098455578088760376e-01
7.231099903583526611e-02
1.955978423357009888e-01
3.226334750652313232e-01
3.507161438465118408e-01
7.630606740713119507e-02
6.705456227064132690e-02
4.413049519062042236e-01
2.477008700370788574e-01
2.513430118560791016e-01
5.877773463726043701e-02
1.216120049357414246e-01
1.624732837080955505e-02
3.304512798786163330e-02
2.083030939102172852e+00
7.025205530226230621e-03
0.000000000000000000e+00
5.409464836120605469e-01
1.242877542972564697e-01
8.472034931182861328e-01
4.727013781666755676e-02
9.729239940643310547e-01
1.209816560149192810e-01
0.000000000000000000e+00
8.732462301850318909e-03
4.407101869583129883e-02
2.294283509254455566e-01
0.000000000000000000e+00
1.025822281837463379e+00
6.779205799102783203e-01
8.262611627578735352e-01
1.558189839124679565e-01
9.713758528232574463e-02
0.000000000000000000e+00
3.098427951335906982e-01
8.426037430763244629e-01
1.205564066767692566e-01
0.000000000000000000e+00
3.986377716064453125e-01
7.214073836803436279e-02
1.195432916283607483e-01
3.083393210545182228e-03
9.228844195604324341e-02
1.507006399333477020e-02
1.054501771926879883e+00
2.534337639808654785e-01
8.406953513622283936e-02
1.195256486535072327e-01
3.986029624938964844e-01
5.887979269027709961e-02
5.733530521392822266e-01
4.684554934501647949e-01
6.601462606340646744e-03
7.122392952442169189e-02
3.417430818080902100e-01
1.193531602621078491e-01
1.186429988592863083e-02
2.896750926971435547e+00
1.855901326052844524e-03
2.617992758750915527e-01
3.669360280036926270e-01
2.588968276977539062e-01
9.413976073265075684e-01
4.159880280494689941e-01
1.132430136203765869e-02
1.025519847869873047e+00
3.159247040748596191e-01
6.282998919486999512e-01
3.159531652927398682e-01
4.220613002777099609e+00
1.552523225545883179e-01
4.932278990745544434e-01
6.029418669641017914e-03
7.068229317665100098e-01
7.179885506629943848e-01
2.478974610567092896e-01
1.158605456352233887e+00
2.930544503033161163e-02
2.676256895065307617e-01
7.825484275817871094e-01
9.890937805175781250e-02
3.135179877281188965e-01
4.812824726104736328e-01
7.480959594249725342e-02
4.294662922620773315e-02
7.579213380813598633e-01
8.249957561492919922e-01
6.695046555250883102e-03
4.379697144031524658e-01
6.011062115430831909e-02
4.827415570616722107e-02
0.000000000000000000e+00
5.065503120422363281e-01
3.686276823282241821e-02
1.552180200815200806e-01
5.219566226005554199e-01
7.009754776954650879e-01
4.807918965816497803e-01
6.794118881225585938e-01
3.700630068778991699e-01
4.019935727119445801e-01
1.254608388990163803e-03
1.733843237161636353e-02
2.883550524711608887e-01
7.404553294181823730e-01
1.139253471046686172e-02
3.593809157609939575e-02
5.621913671493530273e-01
2.752832174301147461e+00
1.263219416141510010e-01
6.219091638922691345e-02
4.365030527114868164e-01
1.628288626670837402e-01
1.810608655214309692e-01
1.183661580085754395e+00
1.156334280967712402e+00
3.211360797286033630e-02
3.484436869621276855e-02
1.765078902244567871e+00
1.112801432609558105e-01
4.421981573104858398e-01
5.900354385375976562e-01
1.808325350284576416e-01
8.747570216655731201e-02
0.000000000000000000e+00
6.706883907318115234e-01
0.000000000000000000e+00
3.634823262691497803e-01
2.321285307407379150e-01
9.052765369415283203e-02
5.123737081885337830e-02
5.404685735702514648e-01
3.698622807860374451e-02
2.418063431978225708e-01
3.216036558151245117e-01
1.758380606770515442e-02
2.551428079605102539e-01
1.841823935508728027e+00
3.340043425559997559e-01
3.669121861457824707e-02
7.050040364265441895e-01
3.836279809474945068e-01
2.593852020800113678e-02
6.494339108467102051e-01
6.416381150484085083e-02
4.733878970146179199e-01
1.649236232042312622e-01
4.870222508907318115e-01
1.226131990551948547e-01
5.077045783400535583e-02
4.430903494358062744e-01
6.486841291189193726e-02
4.168799892067909241e-02
2.874982357025146484e-01
8.460803627967834473e-01
1.673442870378494263e-01
1.105417728424072266e+00
2.664498090744018555e-01
8.877051472663879395e-01
6.177814006805419922e-01
2.755553424358367920e-01
3.599653840065002441e-01
4.009355902671813965e-01
4.180567860603332520e-01
2.752034664154052734e-01
8.808507919311523438e-01
4.750898182392120361e-01
5.031262636184692383e-01
6.279249675571918488e-03
8.552791923284530640e-02
2.455979883670806885e-01
3.344388306140899658e-01
3.029203116893768311e-01
9.405022859573364258e-02
1.113412976264953613e-01
1.039992179721593857e-02
2.425738871097564697e-01
7.477937638759613037e-02
3.283902071416378021e-03
1.756599545478820801e-01
2.460543215274810791e-01
2.627990245819091797e-01
3.331976652145385742e+00
1.248732656240463257e-01
7.963156700134277344e-02
2.396958172321319580e-01
0.000000000000000000e+00
6.852608323097229004e-01
9.621371030807495117e-01
2.832049131393432617e-01
1.934997439384460449e-01
7.284720540046691895e-01
2.090639322996139526e-01
3.605619668960571289e-01
8.008973002433776855e-01
2.330671809613704681e-02
2.074625045061111450e-01
2.906926721334457397e-02
2.763629555702209473e-01
1.138115048408508301e+00
9.290807247161865234e-01
1.217989400029182434e-01
5.083286166191101074e-01
8.796083927154541016e-01
0.000000000000000000e+00
0.000000000000000000e+00
7.131292223930358887e-01
7.082862257957458496e-01
3.141322135925292969e-01
1.745968610048294067e-01
1.651869416236877441e-01
4.785920679569244385e-01
4.347558319568634033e-01
0.000000000000000000e+00
2.823497354984283447e-01
3.104437589645385742e+00
3.879940509796142578e-01
2.340738773345947266e-01
4.235459327697753906e+00
1.610167860984802246e+00
1.660822033882141113e+00
1.415000408887863159e-01
7.357114553451538086e-01
4.580760374665260315e-03
1.757661998271942139e-02
9.822577238082885742e-02
4.991158843040466309e-02
5.197396501898765564e-02
4.933652579784393311e-01
4.715899229049682617e-01
3.104606270790100098e-01
1.614642262458801270e+00
0.000000000000000000e+00
1.558435559272766113e+00
0.000000000000000000e+00
1.522285819053649902e+00
4.908695816993713379e-02
0.000000000000000000e+00
1.890849918127059937e-01
0.000000000000000000e+00
1.198149621486663818e-01
7.544924616813659668e-01
8.088221549987792969e-01
1.388733983039855957e-01
0.000000000000000000e+00
1.008124828338623047e+00
1.071156501770019531e+00
1.210417016409337521e-03
1.863749027252197266e-01
4.868837594985961914e-01
1.009690761566162109e+00
3.040443547070026398e-02
2.655989862978458405e-02
1.434448063373565674e-01
3.957285359501838684e-02
2.880804538726806641e-01
2.527174651622772217e-01
2.559146881103515625e-01
5.111353397369384766e-01
1.963317245244979858e-01
3.396035134792327881e-01
3.363005518913269043e-01
4.063973426818847656e+00
1.121734362095594406e-02
8.036489039659500122e-02
5.021086931228637695e-01
2.015579342842102051e-01
1.186042726039886475e-01
8.858146071434020996e-01
0.000000000000000000e+00
2.439497560262680054e-01
2.263604849576950073e-02
3.358836174011230469e-01
7.121734619140625000e-01
3.171049118041992188e+00
2.842139601707458496e-01
0.000000000000000000e+00
6.596044450998306274e-02
3.846558276563882828e-03
6.895875930786132812e-02
1.040708497166633606e-01
8.050058484077453613e-01
4.549889639019966125e-02
7.171384990215301514e-03
2.524651587009429932e-02
1.380625516176223755e-01
5.661122202873229980e-01
2.494914643466472626e-02
2.239387333393096924e-01
0.000000000000000000e+00
4.988150596618652344e-01
3.800198435783386230e-01
1.084944725036621094e+00
9.374666810035705566e-01
1.180989369750022888e-01
4.739389289170503616e-03
0.000000000000000000e+00
1.027162820100784302e-01
8.628020286560058594e-01
1.093113943934440613e-01
3.759294986724853516e+00
3.720918893814086914e-01
2.085127681493759155e-01
8.028574585914611816e-01
0.000000000000000000e+00
6.483696699142456055e-01
2.125499248504638672e+00
1.337127238512039185e-01
3.602020442485809326e-02
2.313418388366699219e+00
6.415456533432006836e-02
1.349473297595977783e-01
3.264662623405456543e-01
4.602748751640319824e-01
0.000000000000000000e+00
0.000000000000000000e+00
2.031217366456985474e-01
0.000000000000000000e+00
3.444250673055648804e-02
5.129209160804748535e-01
6.232643499970436096e-02
1.322351992130279541e-01
0.000000000000000000e+00
1.291305720806121826e-01
0.000000000000000000e+00
8.588542789220809937e-02
7.077345848083496094e-01
3.648278713226318359e+00
4.315176308155059814e-01
1.550780534744262695e-01
7.935532331466674805e-01
5.753685906529426575e-02
7.110034227371215820e-01
2.315001934766769409e-01
3.257657885551452637e-01
3.542846441268920898e+00
2.157400101423263550e-01
9.270888566970825195e-01
1.777128428220748901e-01
2.299058139324188232e-01
5.329550709575414658e-03
2.625581994652748108e-02
7.000617384910583496e-01
2.361602336168289185e-01
1.132416605949401855e+00
8.225758075714111328e-01
0.000000000000000000e+00
1.494593173265457153e-01
1.821586787700653076e-01
8.560534715652465820e-01
6.620180010795593262e-01
1.911939829587936401e-01
2.584753930568695068e-01
2.672459371387958527e-02
7.186506688594818115e-02
6.063895821571350098e-01
2.355746269226074219e+00
1.511061936616897583e-01
3.095498085021972656e-01
2.814540863037109375e-01
1.304161667823791504e+00
1.844053626060485840e+00
2.305355548858642578e+00
0.000000000000000000e+00
7.020041346549987793e-02
2.458240032196044922e+00
3.400796353816986084e-01
2.044003754854202271e-01
3.912656307220458984e-01
9.834673255681991577e-02
5.137549638748168945e-01
3.683663904666900635e-01
1.597595810890197754e-01
1.526764512062072754e+00
1.388919353485107422e-02
0.000000000000000000e+00
6.938280165195465088e-02
1.510254263877868652e+00
2.053260244429111481e-02
1.046796212904155254e-03
0.000000000000000000e+00
1.469202153384685516e-02
1.023272991180419922e+00
5.665212869644165039e-01
4.934784024953842163e-02
7.897405028343200684e-01
2.703801915049552917e-02
1.067757248878479004e+00
9.833099320530891418e-04
8.886072635650634766e-01
3.026327610015869141e+00
1.866084486246109009e-01
1.142426848411560059e+00
5.760856270790100098e-01
0.000000000000000000e+00
1.576118350028991699e+00
0.000000000000000000e+00
5.890507102012634277e-01
9.652041643857955933e-02
3.637679666280746460e-02
2.840384840965270996e-01
6.543645262718200684e-02
1.057609021663665771e-01
5.043767392635345459e-02
7.813552618026733398e-01
3.510370850563049316e-02
1.432736366987228394e-01
2.810998916625976562e+00
0.000000000000000000e+00
4.994429275393486023e-02
5.571863055229187012e-01
2.605169638991355896e-02
3.116014301776885986e-01
5.576663970947265625e+00
1.605095267295837402e-01
3.627410531044006348e-01
5.336446285247802734e+00
2.526313066482543945e-01
1.012171387672424316e+00
2.854875922203063965e-01
9.237840771675109863e-01
3.851977884769439697e-01
1.131233870983123779e-01
3.862667977809906006e-01
0.000000000000000000e+00
4.373398125171661377e-01
4.394961297512054443e-01
1.300492405891418457e+00
3.422626554965972900e-01
5.711746811866760254e-01
3.861980885267257690e-02
3.195987939834594727e-01
1.040621995925903320e-01
2.025063186883926392e-01
2.960208952426910400e-01
4.119583070278167725e-01
6.796611845493316650e-02
3.567712604999542236e-01
4.539720714092254639e-02
4.234943687915802002e-01
7.628595232963562012e-01
4.619488492608070374e-02
3.413205444812774658e-01
5.179907679557800293e-01
1.057659983634948730e+00
1.793400943279266357e-01
5.324173569679260254e-01
2.869075298309326172e+00
2.569964230060577393e-01
1.512925624847412109e-01
3.070143796503543854e-02
7.898221909999847412e-02
2.732448838651180267e-02
5.233935117721557617e-01
2.721532061696052551e-02
6.352441012859344482e-02
0.000000000000000000e+00
1.511860489845275879e+00
1.405231118202209473e+00
1.850219070911407471e-02
8.299199342727661133e-01
1.894809771329164505e-03
7.460670918226242065e-02
7.332271337509155273e-02
3.819375336170196533e-01
4.491746127605438232e-01
2.403486967086791992e-01
1.874028742313385010e-01
