3.132581412792205811e-01
1.962182760238647461e+00
0.000000000000000000e+00
2.027494668960571289e+00
6.070491075515747070e-01
3.454611599445343018e-01
8.944514393806457520e-01
4.783005714416503906e-01
1.116261482238769531e-01
2.093761563301086426e-01
2.127794504165649414e+00
6.317703425884246826e-02
1.353868484497070312e+00
7.413563132286071777e-02
6.559721231460571289e-01
1.031945645809173584e-02
5.286343395709991455e-02
1.851671934127807617e+00
1.154028654098510742e+00
6.919110417366027832e-01
2.873951792716979980e-01
9.768466465175151825e-03
1.164145097136497498e-01
1.290825605392456055e-01
1.071062386035919189e-01
9.505788087844848633e-01
1.345195323228836060e-01
3.683672547340393066e-01
2.180780917406082153e-01
5.668529123067855835e-02
1.208842918276786804e-01
4.807679653167724609e-01
2.849173545837402344e-01
1.526785373687744141e+00
1.089823991060256958e-02
6.619194746017456055e-01
3.236442208290100098e-01
1.262892723083496094e+00
1.634166002273559570e+00
7.060066461563110352e-01
1.583997607231140137e-01
9.935407638549804688e-01
1.911724954843521118e-01
3.106311261653900146e-01
9.084119796752929688e-01
1.773255467414855957e+00
4.948509335517883301e-01
4.048523306846618652e-01
7.641194462776184082e-01
1.410258710384368896e-01
5.251948833465576172e-01
1.015129685401916504e+00
3.270148515701293945e+00
1.764203459024429321e-01
7.009361386299133301e-01
7.704892754554748535e-01
4.291875362396240234e+00
4.011065959930419922e+00
7.142257690429687500e-01
1.118841543793678284e-01
2.912338078022003174e-01
1.149943023920059204e-01
6.628342717885971069e-02
6.245191097259521484e-01
6.074920892715454102e-01
2.415102124214172363e-01
2.095164018101058900e-05
1.445356160402297974e-01
2.318303436040878296e-01
1.785098165273666382e-01
4.288694635033607483e-02
4.921228587627410889e-01
2.101173158735036850e-03
1.034348607063293457e-01
1.052578330039978027e+00
0.000000000000000000e+00
1.041017055511474609e+00
5.178515315055847168e-01
0.000000000000000000e+00
3.612115979194641113e-02
0.000000000000000000e+00
2.297621518373489380e-01
1.561728596687316895e+00
1.932938814163208008e+00
5.193975567817687988e-02
1.161586046218872070e-01
2.269712984561920166e-01
2.994814217090606689e-01
5.475906729698181152e-01
1.398311734199523926e+00
4.982429742813110352e-01
3.130085766315460205e-02
4.543315768241882324e-01
1.604699343442916870e-01
2.708684466779232025e-02
1.311447098851203918e-02
2.687735296785831451e-02
6.870804727077484131e-02
2.156406641006469727e-01
7.411491274833679199e-01
4.314249008893966675e-02
2.025561779737472534e-01
3.602045476436614990e-01
1.347137451171875000e+00
9.397431015968322754e-01
3.672262281179428101e-02
4.405677914619445801e-01
2.694388926029205322e-01
1.300298452377319336e+00
2.905192375183105469e-01
1.102293431758880615e-01
3.890922367572784424e-01
5.900743603706359863e-01
3.702996997162699699e-03
6.174946203827857971e-02
3.467526435852050781e-01
2.588340342044830322e-01
1.532327234745025635e-01
1.187640309333801270e+00
1.616681963205337524e-01
2.160095125436782837e-01
0.000000000000000000e+00
7.821674458682537079e-03
5.022118333727121353e-03
6.551403045654296875e+00
5.619193315505981445e-01
2.967896461486816406e-01
5.084564089775085449e-01
4.127195775508880615e-01
2.099947631359100342e-01
5.145177841186523438e-01
1.096240282058715820e-01
5.283362269401550293e-01
5.236576795578002930e-01
4.706094264984130859e-01
4.274896979331970215e-01
1.864336431026458740e-02
5.020201578736305237e-02
5.908300355076789856e-02
3.551029264926910400e-01
1.790862530469894409e-01
1.055907368659973145e+00
2.399405697360634804e-03
6.787887811660766602e-01
2.741191387176513672e-01
6.982421875000000000e-01
1.014356091618537903e-01
3.224200308322906494e-01
3.327086567878723145e-01
1.320954412221908569e-01
1.595914512872695923e-01
1.873328983783721924e-01
1.260418772697448730e+00
6.978278160095214844e-01
3.600777685642242432e-02
1.241510391235351562e+00
3.710998892784118652e-01
6.566521525382995605e-01
8.668817579746246338e-02
1.251834183931350708e-01
4.073925316333770752e-01
7.642816007137298584e-02
4.930145293474197388e-02
9.820894598960876465e-01
3.607296049594879150e-01
1.220146298408508301e+00
6.695108413696289062e-01
1.613425277173519135e-02
2.179746748879551888e-03
3.184174597263336182e-01
1.970790624618530273e+00
6.538794636726379395e-01
6.549285352230072021e-02
3.158666193485260010e-01
0.000000000000000000e+00
1.132418662309646606e-01
0.000000000000000000e+00
6.442576646804809570e-01
1.749083042144775391e+00
4.788261055946350098e-01
5.988438427448272705e-02
7.524899393320083618e-02
1.621656119823455811e-01
6.116443779319524765e-03
2.239596284925937653e-02
3.624608814716339111e-01
6.385640241205692291e-03
1.046342372894287109e+00
4.437101781368255615e-01
3.141274452209472656e-01
2.612120807170867920e-01
5.852165222167968750e-01
2.414588183164596558e-01
2.730770409107208252e-01
2.815931081771850586e+00
1.642119884490966797e-02
3.611227869987487793e-02
2.280508875846862793e-01
7.406052947044372559e-02
3.627544641494750977e-01
2.696422338485717773e+00
1.375641673803329468e-01
4.763506948947906494e-01
1.533915102481842041e-01
2.862402200698852539e-01
2.549951672554016113e-01
3.946764945983886719e+00
2.825407981872558594e-01
3.653243780136108398e-01
4.986527919769287109e+00
6.739019155502319336e-01
1.042492508888244629e+00
1.619952917098999023e-01
8.609549999237060547e-01
1.581522822380065918e-01
5.825790166854858398e-01
5.314382910728454590e-02
4.634076729416847229e-02
6.754088997840881348e-01
4.104595482349395752e-01
3.755808472633361816e-01
5.876075625419616699e-01
5.767017006874084473e-01
1.464771866798400879e+00
0.000000000000000000e+00
4.563187658786773682e-01
4.308133572340011597e-02
1.854288130998611450e-01
2.247453667223453522e-02
0.000000000000000000e+00
8.661471009254455566e-01
6.469836235046386719e-01
8.314986228942871094e-01
0.000000000000000000e+00
1.263576596975326538e-01
2.194504976272583008e+00
8.570311963558197021e-02
4.949148595333099365e-01
1.602596789598464966e-01
1.615929603576660156e-01
4.396577179431915283e-02
4.340889453887939453e-01
5.803613662719726562e-01
1.650531589984893799e-01
8.856860399246215820e-01
1.662415504455566406e+00
3.884027302265167236e-01
4.337325990200042725e-01
2.755683064460754395e-01
1.134517416357994080e-01
1.279625147581100464e-01
2.469633221626281738e-01
0.000000000000000000e+00
5.633807778358459473e-01
1.100726798176765442e-02
5.074863433837890625e-01
1.303617060184478760e-01
9.323874711990356445e-01
6.356257200241088867e-02
7.520833015441894531e-01
1.460643172264099121e+00
3.779314085841178894e-02
5.076372530311346054e-03
1.497158408164978027e+00
1.785559765994548798e-02
1.469252347946166992e+00
6.525276303291320801e-01
5.059625506401062012e-01
4.697930216789245605e-01
7.210304588079452515e-02
2.688618898391723633e+00
0.000000000000000000e+00
1.087488606572151184e-01
1.234454751014709473e+00
0.000000000000000000e+00
7.678083181381225586e-01
6.873084306716918945e-01
1.222752183675765991e-01
1.379903703927993774e-01
1.005418181419372559e+00
4.486150443553924561e-01
1.393389225006103516e+00
5.294473171234130859e-01
2.795824967324733734e-02
1.859857141971588135e-02
2.353692293167114258e+00
8.258534073829650879e-01
4.562123864889144897e-02
1.456602811813354492e+00
1.631573677062988281e+00
5.224114060401916504e-01
1.580667644739151001e-01
3.126879036426544189e-01
6.828427910804748535e-01
5.777485370635986328e-01
1.450350284576416016e+00
4.517132639884948730e-01
9.158404916524887085e-02
4.163708910346031189e-02
3.478758931159973145e-01
1.036800742149353027e+00
5.638606548309326172e-01
1.511766165494918823e-01
1.766381978988647461e+00
1.673053801059722900e-01
5.075811147689819336e-01
7.370929419994354248e-02
1.324422284960746765e-02
1.867072582244873047e+00
2.270010858774185181e-01
1.024953603744506836e+00
4.960958659648895264e-01
1.796070337295532227e-01
4.056186199188232422e+00
4.637554287910461426e-01
5.671541690826416016e-01
2.636512368917465210e-02
3.719948828220367432e-01
4.231674131006002426e-03
1.338522136211395264e-01
0.000000000000000000e+00
8.023318052291870117e-01
7.899663597345352173e-02
3.619778156280517578e-01
2.383380681276321411e-01
1.408353298902511597e-01
0.000000000000000000e+00
1.452845096588134766e+00
6.144898533821105957e-01
6.139461994171142578e-01
5.258300900459289551e-01
1.436010450124740601e-01
1.073427319526672363e+00
1.099488232284784317e-02
6.679236888885498047e-02
2.029436588287353516e+00
7.103443145751953125e-02
6.280881762504577637e-01
5.663108825683593750e-01
4.019819796085357666e-01
1.246060609817504883e+00
2.955953776836395264e-01
5.506502836942672729e-02
4.901380836963653564e-01
1.311095356941223145e-01
1.329073548316955566e+00
0.000000000000000000e+00
1.676288396120071411e-01
5.556936264038085938e-01
7.438610792160034180e-01
2.191009074449539185e-01
9.148776531219482422e-01
3.861620426177978516e-01
0.000000000000000000e+00
3.857992887496948242e-01
1.741959452629089355e+00
6.422699093818664551e-01
1.952492833137512207e+00
1.575146615505218506e-01
1.648670434951782227e+00
5.342436954379081726e-02
1.125777512788772583e-01
5.202491283416748047e-01
1.784510731697082520e+00
2.422263473272323608e-01
4.482316076755523682e-01
1.909952424466609955e-02
0.000000000000000000e+00
2.384687662124633789e+00
4.090863764286041260e-01
0.000000000000000000e+00
0.000000000000000000e+00
1.038777232170104980e+00
1.789425760507583618e-01
0.000000000000000000e+00
2.734976075589656830e-02
1.484804749488830566e+00
6.884210705757141113e-01
2.227847650647163391e-02
9.391889721155166626e-02
2.525852322578430176e-01
1.312710791826248169e-01
5.854307413101196289e-01
3.297119140625000000e-01
2.237840145826339722e-01
3.657091557979583740e-01
1.401245713233947754e+00
2.633609056472778320e+00
3.919160366058349609e-02
1.981541991233825684e+00
4.642984867095947266e-01
2.279117470607161522e-04
4.441070258617401123e-01
3.135141134262084961e-01
1.329349875450134277e+00
4.094437956809997559e-01
5.408415794372558594e-01
8.470474243164062500e+00
3.861378729343414307e-01
1.888876706361770630e-01
2.212459444999694824e-01
3.158198893070220947e-01
9.007710814476013184e-01
3.823655471205711365e-02
8.360511064529418945e-02
1.663537621498107910e+00
1.536996960639953613e+00
1.873696595430374146e-02
7.758845686912536621e-01
0.000000000000000000e+00
2.438464462757110596e-01
1.701462268829345703e+00
1.342541575431823730e-01
2.468944787979125977e-01
3.280750289559364319e-02
7.077868580818176270e-01
2.557681798934936523e-01
1.216352462768554688e+00
8.185828924179077148e-01
2.436009943485260010e-01
4.491533935070037842e-01
1.156919226050376892e-01
5.847321152687072754e-01
2.588325142860412598e-01
4.879525601863861084e-01
6.441844999790191650e-02
6.377331614494323730e-01
4.276180639863014221e-02
1.304451823234558105e-01
3.804020404815673828e+00
1.471651554107666016e+00
2.365248799324035645e-01
1.112392023205757141e-01
1.146688222885131836e+00
3.851667046546936035e-02
8.119572401046752930e-01
5.154704451560974121e-01
2.436743825674057007e-01
3.745712339878082275e-01
6.860510110855102539e-01
1.447734832763671875e-01
4.233319759368896484e-01
1.095744132995605469e+00
6.535601019859313965e-01
0.000000000000000000e+00
4.619642160832881927e-03
4.685989320278167725e-01
3.847258687019348145e-01
1.612114161252975464e-02
1.340190768241882324e-01
5.324763655662536621e-01
1.700885146856307983e-01
9.185574650764465332e-01
4.157543182373046875e-02
0.000000000000000000e+00
1.076305866241455078e+00
3.665233552455902100e-01
1.157819777727127075e-01
5.868319049477577209e-02
1.128916859626770020e+00
6.255523562431335449e-01
3.536907434463500977e-01
0.000000000000000000e+00
1.490718126296997070e-01
1.914349943399429321e-01
1.279277801513671875e+00
2.046594768762588501e-01
2.353942394256591797e-01
2.033932805061340332e-01
3.343944624066352844e-02
4.777686595916748047e-01
7.423319816589355469e-01
7.056037783622741699e-01
0.000000000000000000e+00
2.505171895027160645e-01
1.584780514240264893e-01
1.398808717727661133e+00
2.342389225959777832e-01
4.244618415832519531e-01
7.153386473655700684e-01
1.686972498893737793e+00
1.480398923158645630e-01
1.142124533653259277e+00
1.274864822626113892e-01
4.277378916740417480e-01
3.916328549385070801e-01
2.265434339642524719e-02
3.549528360366821289e+00
1.165557578206062317e-01
3.739245608448982239e-02
4.983063936233520508e-01
1.258517026901245117e+00
2.496177703142166138e-01
3.564771264791488647e-02
1.822667956352233887e+00
5.891758799552917480e-01
2.891282364726066589e-02
5.544910673052072525e-03
4.528906941413879395e-02
1.006689369678497314e-01
1.420147120952606201e-01
0.000000000000000000e+00
1.757418215274810791e-01
1.331927061080932617e+00
1.627819687128067017e-01
1.901094466447830200e-01
3.969924449920654297e-01
5.984424948692321777e-01
1.115905404090881348e+00
5.209986865520477295e-02
4.699536599218845367e-03
2.634382247924804688e+00
1.598722636699676514e-01
0.000000000000000000e+00
0.000000000000000000e+00
4.883057624101638794e-02
1.085612058639526367e+00
4.951126277446746826e-01
4.438637569546699524e-02
2.967235445976257324e-01
0.000000000000000000e+00
2.051685303449630737e-01
7.883278280496597290e-02
6.638940572738647461e-01
1.141032949090003967e-01
3.748056888580322266e-01
2.137099802494049072e-01
1.441648960113525391e+00
1.312336087226867676e+00
8.601918220520019531e-01
0.000000000000000000e+00
2.414997518062591553e-01
1.107313260436058044e-01
3.373309969902038574e-01
6.466969251632690430e-01
0.000000000000000000e+00
1.434227824211120605e-01
2.615666389465332031e-01
4.059656709432601929e-02
1.155624985694885254e-01
1.472751021385192871e+00
5.827531814575195312e-01
1.151922568678855896e-01
2.453928627073764801e-02
1.023072153329849243e-01
7.540028691291809082e-01
1.312807321548461914e+00
1.677157171070575714e-02
2.301748991012573242e-01
5.668686237186193466e-03
6.446626782417297363e-01
1.023136496543884277e+00
3.534613922238349915e-02
1.823022842407226562e+00
0.000000000000000000e+00
3.588275611400604248e-02
7.867230474948883057e-02
1.069966197013854980e+00
3.038055002689361572e-01
4.786494076251983643e-01
2.381233274936676025e-01
0.000000000000000000e+00
2.239095568656921387e-01
7.444699108600616455e-02
3.728445768356323242e-01
5.463724136352539062e-01
5.249058246612548828e+00
4.092366695404052734e-01
5.503200292587280273e-01
1.995625197887420654e-01
8.897778391838073730e-01
0.000000000000000000e+00
4.528762698173522949e-01
5.755742192268371582e-01
0.000000000000000000e+00
1.635452747344970703e+00
7.140337228775024414e-01
8.133342117071151733e-02
4.532838463783264160e-01
8.659199625253677368e-02
1.817102581262588501e-01
1.318922042846679688e-01
1.260465025901794434e+00
8.874975144863128662e-02
9.136081337928771973e-01
3.221848011016845703e-01
7.321532815694808960e-03
1.313897609710693359e+00
8.295979499816894531e-01
1.250060200691223145e-01
3.124458529055118561e-02
8.122886531054973602e-03
3.760613128542900085e-02
8.262322098016738892e-02
3.216567039489746094e-01
2.180615216493606567e-01
1.050115585327148438e+00
2.522443793714046478e-02
0.000000000000000000e+00
5.219623818993568420e-02
1.455118298530578613e+00
1.663292765617370605e+00
1.285296771675348282e-02
3.954189121723175049e-01
2.139300806447863579e-03
4.099934548139572144e-02
1.380134820938110352e-01
2.605688571929931641e+00
4.563474953174591064e-01
8.380699753761291504e-01
0.000000000000000000e+00
3.049584291875362396e-02
2.629844844341278076e-01
4.441946446895599365e-01
2.499330490827560425e-01
5.023546218872070312e-01
5.027655139565467834e-02
4.612355232238769531e-01
1.394273757934570312e+00
1.263146847486495972e-01
0.000000000000000000e+00
4.664919376373291016e-01
6.952168345451354980e-01
1.362285763025283813e-01
4.434936866164207458e-02
8.928102254867553711e-02
1.625822782516479492e+00
7.649224996566772461e-02
3.393338918685913086e-01
7.453278638422489166e-03
4.782764315605163574e-01
3.793306648731231689e-02
9.344059228897094727e-02
2.953296303749084473e-01
1.824849247932434082e-01
5.046950578689575195e-01
1.503943949937820435e-01
4.486926794052124023e-01
1.167070418596267700e-01
1.261579692363739014e-01
8.909775018692016602e-01
2.895649969577789307e-01
2.098376750946044922e-01
5.228877067565917969e-01
2.601407766342163086e-01
8.483322262763977051e-01
9.788090586662292480e-01
1.400501012802124023e+00
1.999711394309997559e-01
6.327129900455474854e-02
1.280656899325549603e-03
1.295300126075744629e+00
6.913689523935317993e-02
1.532725840806961060e-01
2.616135358810424805e+00
1.071697026491165161e-01
1.859345287084579468e-01
1.479326367378234863e+00
1.920260637998580933e-01
2.104539424180984497e-01
2.196821868419647217e-01
3.131470084190368652e-01
2.912423014640808105e-01
1.215075254440307617e+00
4.995085671544075012e-02
2.328553915023803711e+00
9.683607220649719238e-01
4.165496528148651123e-01
2.481119930744171143e-01
5.547931194305419922e-01
1.571841835975646973e+00
5.095918774604797363e-01
0.000000000000000000e+00
1.304248452186584473e+00
3.419840037822723389e-01
3.108016587793827057e-02
1.835250258445739746e+00
8.432434797286987305e-01
9.537134319543838501e-02
5.669074058532714844e-01
2.661823272705078125e+00
5.372211933135986328e-01
6.191390380263328552e-02
0.000000000000000000e+00
1.187626719474792480e+00
2.020713239908218384e-01
4.305094480514526367e-01
6.024200916290283203e-01
1.049608439207077026e-01
1.418679370544850826e-03
1.453118324279785156e+00
3.468903005123138428e-01
3.782795369625091553e-01
0.000000000000000000e+00
2.094014361500740051e-02
0.000000000000000000e+00
1.774022579193115234e+00
1.102011576294898987e-01
1.997467279434204102e-01
9.304901957511901855e-02
2.946947515010833740e-01
5.450192093849182129e-01
9.912869930267333984e-01
7.837010025978088379e-01
1.040015339851379395e+00
3.562127649784088135e-01
4.332810640335083008e-02
5.142842531204223633e-01
3.649934530258178711e-01
1.752718351781368256e-02
1.948335647583007812e+00
3.693183958530426025e-01
8.361224532127380371e-01
4.631983339786529541e-01
2.630819976329803467e-01
2.299416780471801758e+00
3.823911845684051514e-01
2.607463896274566650e-01
7.817286998033523560e-02
3.627262413501739502e-01
2.152929306030273438e-01
7.610963284969329834e-02
1.822503805160522461e+00
2.178626954555511475e-01
5.261601414531469345e-03
4.170998036861419678e-01
4.021095111966133118e-02
1.932879090309143066e+00
5.350212454795837402e-01
2.270397171378135681e-02
1.157429575920104980e+00
0.000000000000000000e+00
7.175420522689819336e-01
1.559207439422607422e-01
5.212103575468063354e-02
1.893735647201538086e+00
1.238222599029541016e+00
4.274618625640869141e-01
2.970445632934570312e+00
9.742727130651473999e-02
1.159197568893432617e+00
6.167856454849243164e-01
1.334153413772583008e-01
2.358437031507492065e-01
9.641641378402709961e-02
7.896556258201599121e-01
0.000000000000000000e+00
6.759839504957199097e-02
4.698220193386077881e-01
4.542167782783508301e-01
7.710375785827636719e-01
1.825300902128219604e-01
6.585564017295837402e-01
4.469821453094482422e-01
1.115023344755172729e-01
8.416857719421386719e-01
9.742001444101333618e-02
4.074867367744445801e-01
8.842759132385253906e-01
5.039930343627929688e-03
1.749149411916732788e-01
6.671651601791381836e-01
2.923771739006042480e-01
1.351162552833557129e+00
4.633120298385620117e-01
4.894773662090301514e-01
8.672793954610824585e-02
3.249580264091491699e-01
0.000000000000000000e+00
1.354929208755493164e+00
5.175811052322387695e-01
1.034740209579467773e-01
2.480965405702590942e-01
1.205031797289848328e-01
4.200273752212524414e-02
6.970876455307006836e-01
4.972252622246742249e-02
4.805708527565002441e-01
1.550823301076889038e-01
1.274328112602233887e+00
2.275296114385128021e-02
1.611036211252212524e-01
6.410185247659683228e-02
6.469323039054870605e-01
3.666367754340171814e-02
5.043527483940124512e-01
1.775866895914077759e-01
3.251682966947555542e-02
2.212558314204216003e-02
3.604278564453125000e-01
2.602401562035083771e-02
8.873689174652099609e-02
1.754957199096679688e+00
2.999705791473388672e+00
5.971001386642456055e-01
1.729388604871928692e-03
0.000000000000000000e+00
1.694165319204330444e-01
3.046034276485443115e-01
2.453874588012695312e+00
5.732049420475959778e-02
6.059034466743469238e-01
6.189806759357452393e-02
1.130753755569458008e+00
1.528218686580657959e-01
1.085605546832084656e-01
8.713831901550292969e-01
7.722831368446350098e-01
1.421960145235061646e-01
1.423277556896209717e-01
5.632811188697814941e-01
7.630457878112792969e-01
3.525647521018981934e-01
6.213525533676147461e-01
2.073288202285766602e+00
3.787910342216491699e-01
3.447195589542388916e-01
2.396004796028137207e-01
3.781969249248504639e-01
6.691904067993164062e-01
2.694171369075775146e-01
4.864966869354248047e-01
1.809045076370239258e-01
6.909324526786804199e-01
5.143059492111206055e-01
2.579397857189178467e-01
3.501417636871337891e-01
4.559220671653747559e-01
2.985952198505401611e-01
2.950027957558631897e-02
1.459115505218505859e+00
2.681127376854419708e-02
6.349760293960571289e-02
1.581533908843994141e+00
6.133899092674255371e-02
7.961499094963073730e-01
1.114735901355743408e-01
4.529804289340972900e-01
0.000000000000000000e+00
8.859614841639995575e-03
1.847476512193679810e-01
8.057166337966918945e-01
4.784211218357086182e-01
5.037251114845275879e-02
2.253435850143432617e-01
1.431030154228210449e+00
1.273801624774932861e-01
8.942959904670715332e-01
3.238894343376159668e-01
5.182617902755737305e-01
0.000000000000000000e+00
1.850384622812271118e-01
7.027688026428222656e-01
8.922342061996459961e-01
2.465406358242034912e-01
6.481074094772338867e-01
4.082492887973785400e-01
2.127302139997482300e-01
1.533659338951110840e+00
1.251243114471435547e+00
1.149046659469604492e+00
4.812884926795959473e-01
6.046920418739318848e-01
3.749925792217254639e-01
7.291935682296752930e-01
2.996219992637634277e-01
5.999481201171875000e+00
8.595696091651916504e-02
8.561916947364807129e-01
1.212574839591979980e+00
5.397096872329711914e-01
3.897199034690856934e-01
0.000000000000000000e+00
9.628878906369209290e-03
5.502970814704895020e-01
4.490095615386962891e+00
0.000000000000000000e+00
1.245331019163131714e-02
1.045760512351989746e-01
2.115646153688430786e-01
8.400904387235641479e-02
1.841298937797546387e+00
7.623144388198852539e-01
2.181036770343780518e-01
2.493435442447662354e-01
2.337477803230285645e-01
3.583927452564239502e-01
4.996387660503387451e-01
0.000000000000000000e+00
0.000000000000000000e+00
8.901815414428710938e-01
7.053639888763427734e-01
5.233324170112609863e-01
1.097615718841552734e+00
4.524087011814117432e-01
0.000000000000000000e+00
9.724668227136135101e-03
9.270600080490112305e-01
3.047556877136230469e-01
2.727856636047363281e-01
1.068418398499488831e-01
1.333842277526855469e-01
2.468216717243194580e-01
2.264256626367568970e-01
5.732395648956298828e-01
8.653737902641296387e-01
5.254420638084411621e-02
1.761342883110046387e+00
2.368540316820144653e-01
4.990061283111572266e+00
3.061286509037017822e-01
1.174986083060503006e-02
4.718747735023498535e-01
3.283017575740814209e-01
1.581321805715560913e-01
5.488495826721191406e-01
1.992771387100219727e+00
1.985128968954086304e-03
8.618382215499877930e-01
2.866736054420471191e-01
3.679387569427490234e-01
2.674225866794586182e-01
2.825683355331420898e-01
1.103643234819173813e-02
1.573432326316833496e+00
3.789094090461730957e-02
1.878179460763931274e-01
1.235921904444694519e-01
2.959260344505310059e-02
3.685793280601501465e-01
9.316321462392807007e-02
3.606535792350769043e-01
2.575662136077880859e-01
0.000000000000000000e+00
5.157324299216270447e-02
4.998846352100372314e-01
2.272825688123703003e-01
3.058433532714843750e-03
1.126075744628906250e+00
1.996128708124160767e-01
2.790615558624267578e-01
1.269097030162811279e-01
9.350469708442687988e-01
2.994189739227294922e+00
5.283420905470848083e-02
1.169140413403511047e-01
7.397774606943130493e-02
5.239356681704521179e-02
1.003183126449584961e+00
6.919894814491271973e-01
0.000000000000000000e+00
1.569779776036739349e-02
6.197689846158027649e-02
5.493751168251037598e-01
4.021161198616027832e-01
1.642090439796447754e+00
8.278284072875976562e-01
2.543009221553802490e-01
4.488641321659088135e-01
1.017932534217834473e+00
7.159782648086547852e-01
5.368161201477050781e-01
8.694301545619964600e-02
1.060519814491271973e+00
7.951143980026245117e-01
9.775077700614929199e-01
5.871758460998535156e-01
1.479580402374267578e-01
3.393851220607757568e-01
1.334471106529235840e-01
1.872840970754623413e-01
1.263857036828994751e-01
1.163324832916259766e+00
3.372262716293334961e-01
3.614611029624938965e-01
3.489086404442787170e-02
1.276945322751998901e-02
4.933403339236974716e-03
1.686539947986602783e-01
0.000000000000000000e+00
0.000000000000000000e+00
1.610553383827209473e+00
0.000000000000000000e+00
4.412950277328491211e-01
3.846764564514160156e-03
5.184190273284912109e-01
8.471346497535705566e-01
3.893128633499145508e-01
5.299932360649108887e-01
6.575032323598861694e-02
1.157838851213455200e-01
4.671211242675781250e-01
2.007254064083099365e-01
1.291481554508209229e-01
1.638397574424743652e+00
2.124846726655960083e-02
6.968443840742111206e-02
1.586427688598632812e+00
1.788800358772277832e-01
1.588365435600280762e-02
9.747019037604331970e-03
3.145409107208251953e+00
1.009898781776428223e+00
6.763377189636230469e-01
8.334177732467651367e-01
9.350537657737731934e-01
2.051810026168823242e-01
5.667815357446670532e-02
1.415580064058303833e-01
5.088352560997009277e-01
2.084219157695770264e-01
4.381312057375907898e-02
1.386424303054809570e-01
9.944167137145996094e-01
1.188562735915184021e-01
2.517362833023071289e-01
6.143484711647033691e-01
2.198606031015515327e-03
1.561827182769775391e+00
7.333155721426010132e-02
1.031943917274475098e+00
0.000000000000000000e+00
1.911103427410125732e-01
5.571863055229187012e-01
0.000000000000000000e+00
1.457750320434570312e+00
8.070766180753707886e-02
2.498407840728759766e+00
2.849030792713165283e-01
3.307197391986846924e-01
2.266156673431396484e+00
1.917268335819244385e-01
8.009278029203414917e-02
5.585543513298034668e-01
2.616614103317260742e-01
4.668119549751281738e-02
2.954630553722381592e-01
5.720184445381164551e-01
1.131604433059692383e+00
1.060457468032836914e+00
3.239661455154418945e-01
2.472887784242630005e-01
8.322397246956825256e-03
2.489925473928451538e-01
0.000000000000000000e+00
0.000000000000000000e+00
2.235990762710571289e-01
4.402844607830047607e-02
5.114851593971252441e-01
4.112981259822845459e-02
7.555243372917175293e-02
4.209118336439132690e-02
7.830220460891723633e-02
1.512824416160583496e+00
1.861319243907928467e-01
1.299736618995666504e+00
1.415285002440214157e-02
1.904155611991882324e-01
1.598294973373413086e-01
1.897165328264236450e-01
7.047989368438720703e-01
1.795480489730834961e+00
1.564811915159225464e-02
1.647757738828659058e-01
2.774532139301300049e-01
1.766221046447753906e+00
2.071596682071685791e-01
2.744853794574737549e-01
0.000000000000000000e+00
1.136264801025390625e+00
1.070783957839012146e-01
6.839024834334850311e-03
3.506873250007629395e-01
6.776455789804458618e-02
0.000000000000000000e+00
1.411078810691833496e+00
1.166513562202453613e-01
8.234323561191558838e-02
8.813232183456420898e-02
6.111578941345214844e-01
5.875250697135925293e-02
1.639938950538635254e+00
1.264768362045288086e+00
2.095003612339496613e-03
1.534147411584854126e-01
2.328896224498748779e-01
8.238306045532226562e-01
4.968388974666595459e-01
2.008516073226928711e+00
7.228672504425048828e-01
1.765847504138946533e-01
9.469300508499145508e-02
1.522689759731292725e-01
5.315071344375610352e-01
9.188407659530639648e-02
9.780024290084838867e-01
7.046756148338317871e-01
2.801059186458587646e-02
1.489984989166259766e-01
1.167218089103698730e+00
1.058169156312942505e-01
1.823438853025436401e-01
2.725694775581359863e-01
1.127855181694030762e+00
1.401566267013549805e-01
2.621768951416015625e+00
2.778389453887939453e-01
1.704303026199340820e-01
4.791561067104339600e-01
1.308435108512639999e-02
4.991896450519561768e-01
1.659492552280426025e-01
1.560324877500534058e-01
2.713485360145568848e-01
1.444647368043661118e-02
2.753716148436069489e-02
1.881902694702148438e+00
1.313092769123613834e-03
5.085754990577697754e-01
1.282994151115417480e-01
4.651493430137634277e-01
3.115372061729431152e-01
9.121447801589965820e-01
2.419530749320983887e-01
3.263361454010009766e+00
5.283715724945068359e-01
4.360297694802284241e-02
1.561219394207000732e-01
8.040883541107177734e-01
3.223354339599609375e+00
3.056540191173553467e-01
8.568271249532699585e-02
5.588017106056213379e-01
9.047412872314453125e-02
1.113184690475463867e-01
7.184150815010070801e-01
0.000000000000000000e+00
7.594766467809677124e-02
1.238026022911071777e+00
8.471259474754333496e-01
7.384894490242004395e-01
1.376822829246520996e+00
1.068122908473014832e-01
1.831612735986709595e-02
7.641748189926147461e-01
4.354052245616912842e-02
1.597876071929931641e+00
2.072206586599349976e-01
2.940683960914611816e-01
6.630713939666748047e-01
3.005188703536987305e+00
6.824397444725036621e-01
9.938529133796691895e-01
9.895119667053222656e-01
2.873044312000274658e-01
3.936116397380828857e-02
3.529780507087707520e-01
4.991034567356109619e-01
2.121389508247375488e-01
1.850859522819519043e-01
1.020516037940979004e+00
8.422190546989440918e-01
1.403313159942626953e+00
4.574448764324188232e-01
5.804877877235412598e-01
3.602838218212127686e-01
4.895133078098297119e-01
1.337962597608566284e-01
1.878773331642150879e+00
1.796552896499633789e+00
1.602317094802856445e-01
2.234794497489929199e-01
4.027884006500244141e-01
7.654429227113723755e-02
4.247348606586456299e-01
2.068718671798706055e+00
4.882284440100193024e-03
1.080000996589660645e+00
2.446136474609375000e-01
8.433245420455932617e-01
0.000000000000000000e+00
4.089213013648986816e-01
0.000000000000000000e+00
8.643768429756164551e-01
1.766017377376556396e-01
3.108344674110412598e-01
1.151915788650512695e-01
4.437270760536193848e-01
0.000000000000000000e+00
1.390477716922760010e-01
8.853459358215332031e-01
8.389953970909118652e-01
5.472101569175720215e-01
4.344880878925323486e-01
9.140411615371704102e-01
4.639924764633178711e-01
1.375269889831542969e+00
2.106323957443237305e+00
1.371951848268508911e-01
7.228233665227890015e-02
1.209450513124465942e-01
2.256786525249481201e-01
9.078086353838443756e-03
0.000000000000000000e+00
1.176152527332305908e-01
1.748511195182800293e-01
2.116231918334960938e-01
4.686638116836547852e-01
1.289199709892272949e+00
9.046453982591629028e-02
2.232272475957870483e-01
6.315214931964874268e-02
1.338217407464981079e-02
1.943148076534271240e-01
5.669609457254409790e-02
1.046597123146057129e+00
0.000000000000000000e+00
7.086214423179626465e-02
5.088214278221130371e-01
0.000000000000000000e+00
1.966234296560287476e-02
3.882800936698913574e-01
5.888158679008483887e-01
1.661429554224014282e-01
2.734237909317016602e+00
1.461713016033172607e-01
1.081655174493789673e-01
1.242090538144111633e-01
3.320721983909606934e-01
2.160781025886535645e-01
2.760181203484535217e-02
2.029736787080764771e-01
2.601863816380500793e-02
2.527685090899467468e-02
1.350220084190368652e+00
0.000000000000000000e+00
2.023554593324661255e-01
2.406984418630599976e-01
3.046992421150207520e-02
1.823930889368057251e-01
1.580369025468826294e-01
1.613023757934570312e+00
3.517276346683502197e-01
3.134245276451110840e-01
1.383432626724243164e+00
3.736543655395507812e-02
1.554896831512451172e-01
1.354465335607528687e-01
1.625049673020839691e-02
6.078474223613739014e-03
2.638510465621948242e-01
1.853744089603424072e-01
8.633390069007873535e-03
0.000000000000000000e+00
3.898400068283081055e-02
1.141121506690979004e+00
6.744552254676818848e-01
1.846895813941955566e-01
8.800277858972549438e-02
1.034863471984863281e+00
1.996846675872802734e+00
4.259696230292320251e-02
2.594437897205352783e-01
2.179278135299682617e-01
1.169122695922851562e+00
8.809816837310791016e-01
4.898837208747863770e-01
1.128911599516868591e-01
1.148140802979469299e-01
1.879248768091201782e-01
0.000000000000000000e+00
1.207548826932907104e-01
1.960890553891658783e-02
4.904814660549163818e-01
1.218398690223693848e+00
6.567402482032775879e-01
5.761474370956420898e-01
1.023778878152370453e-02
2.914042174816131592e-01
3.616163253784179688e+00
4.205674231052398682e-01
6.650187373161315918e-01
1.268178373575210571e-01
3.681923821568489075e-02
6.672455463558435440e-03
1.260723620653152466e-01
7.726767659187316895e-01
1.433662697672843933e-02
5.040506720542907715e-01
6.974402666091918945e-01
6.791107058525085449e-01
3.948748409748077393e-01
2.908944487571716309e-01
9.227412343025207520e-01
4.001052677631378174e-01
4.384488582611083984e+00
3.080738186836242676e-01
2.750958316028118134e-02
0.000000000000000000e+00
2.492108196020126343e-01
2.820520102977752686e-01
2.360240370035171509e-01
2.403804659843444824e-01
4.455677866935729980e-01
2.758817970752716064e-01
3.268526494503021240e-01
4.661577641963958740e-01
9.316467493772506714e-02
6.894459575414657593e-02
8.858299255371093750e-02
3.275575935840606689e-01
6.295572221279144287e-02
1.413611888885498047e+00
1.815765738487243652e+00
2.635618925094604492e+00
5.108204111456871033e-02
1.535817861557006836e+00
2.278880402445793152e-02
2.258975505828857422e+00
3.108700811862945557e-01
2.591403722763061523e-01
1.573593020439147949e-01
0.000000000000000000e+00
1.133428931236267090e+00
6.285114586353302002e-02
3.389297751709818840e-03
5.161976814270019531e-01
1.681530624628067017e-01
5.803365707397460938e-01
4.011811222881078720e-03
4.249532222747802734e-01
2.272434346377849579e-02
1.380844712257385254e-01
4.391938149929046631e-01
1.134923696517944336e+00
9.392220526933670044e-03
6.205098628997802734e-01
2.836542129516601562e-01
5.715081095695495605e-02
0.000000000000000000e+00
2.578473687171936035e-01
9.649343490600585938e-01
7.746737003326416016e-01
1.468596756458282471e-01
3.963716030120849609e-01
1.276647746562957764e-01
4.413262605667114258e-01
1.107991337776184082e-01
1.671984046697616577e-02
1.150398373603820801e+00
4.765767157077789307e-01
8.599887490272521973e-01
1.271001338958740234e+00
0.000000000000000000e+00
3.142216801643371582e-01
4.922060370445251465e-01
1.084344908595085144e-01
1.008068203926086426e+00
3.858059048652648926e-01
3.165713846683502197e-01
2.990418434143066406e+00
1.483897566795349121e-01
0.000000000000000000e+00
2.884494960308074951e-01
9.515691995620727539e-01
0.000000000000000000e+00
4.113404080271720886e-03
2.327711284160614014e-01
2.496770918369293213e-01
4.213564097881317139e-03
1.958856731653213501e-01
1.405230611562728882e-01
2.603777348995208740e-01
1.298602342605590820e+00
1.522637605667114258e+00
4.584797322750091553e-01
1.191076561808586121e-01
1.543656438589096069e-01
5.644735097885131836e-01
6.516486406326293945e-01
6.829352974891662598e-01
1.967523097991943359e-01
1.469364948570728302e-02
5.518811289221048355e-03
1.663902774453163147e-02
4.758029580116271973e-01
9.363753795623779297e-01
4.446281194686889648e-01
1.775434240698814392e-02
2.662150859832763672e-01
3.738217353820800781e-01
1.154785156250000000e-01
2.919357120990753174e-01
5.402749031782150269e-02
4.248408079147338867e-01
3.047390937805175781e+00
1.159528642892837524e-01
4.770962148904800415e-02
1.379698961973190308e-01
1.314961910247802734e-01
1.250870972871780396e-01
0.000000000000000000e+00
3.043417930603027344e-01
2.159534245729446411e-01
0.000000000000000000e+00
0.000000000000000000e+00
4.020683467388153076e-01
2.300342470407485962e-01
5.154509544372558594e-01
1.731586307287216187e-01
4.791209101676940918e-02
6.471282243728637695e-01
2.983414828777313232e-01
5.451043844223022461e-01
3.172593712806701660e-01
6.057637277990579605e-03
4.148747622966766357e-01
8.442448377609252930e-01
3.838965296745300293e-02
1.784260392189025879e+00
5.180165767669677734e-01
8.034357428550720215e-01
4.780208766460418701e-01
3.970671072602272034e-02
9.083585441112518311e-02
0.000000000000000000e+00
5.105614662170410156e-01
3.443740606307983398e-01
5.481523275375366211e-01
4.444773197174072266e-01
1.563796699047088623e-01
2.269710540771484375e+00
1.757344752550125122e-01
2.311699986457824707e-01
3.473548591136932373e-01
5.987691879272460938e-02
4.448548257350921631e-01
7.413986921310424805e-01
4.397095739841461182e-01
1.354498267173767090e+00
7.185965776443481445e-01
3.652145266532897949e-01
3.173160552978515625e+00
5.491368174552917480e-01
4.808714985847473145e-02
1.314952671527862549e-01
2.674339115619659424e-01
1.298217847943305969e-02
4.848376750946044922e+00
2.855755761265754700e-02
4.239536523818969727e-01
6.222056746482849121e-01
1.924172788858413696e-02
7.143658995628356934e-01
3.867793679237365723e-01
2.866481840610504150e-01
4.103744029998779297e-01
0.000000000000000000e+00
5.321202278137207031e-01
2.668521404266357422e-01
4.211876392364501953e-01
2.205060720443725586e-01
4.770542979240417480e-01
3.529814779758453369e-01
2.965421080589294434e-01
1.656825840473175049e-01
6.357951462268829346e-02
3.373545110225677490e-01
4.089144170284271240e-01
4.080570042133331299e-01
2.924170792102813721e-01
8.772267699241638184e-01
1.745903640985488892e-01
9.485450983047485352e-01
1.120546311140060425e-01
4.635534435510635376e-02
7.371678352355957031e-01
2.697730779647827148e+00
6.594347953796386719e-01
3.379025757312774658e-01
6.501856446266174316e-02
2.091348618268966675e-01
4.969084262847900391e-01
5.797639116644859314e-02
1.691365540027618408e-01
5.020381212234497070e-01
2.618486404418945312e+00
9.477429836988449097e-02
0.000000000000000000e+00
2.925762534141540527e-01
1.242948532104492188e+00
7.520382851362228394e-02
8.956433087587356567e-02
1.943553686141967773e-01
9.172105789184570312e-01
6.164709106087684631e-03
1.505869533866643906e-02
6.430627107620239258e-01
1.052192971110343933e-01
8.045186102390289307e-02
7.495027780532836914e-02
1.441291928291320801e+00
1.001059543341398239e-02
5.013211369514465332e-01
1.288861155509948730e+00
5.295941829681396484e-01
1.615518331527709961e+00
1.449506729841232300e-01
6.078667566180229187e-02
3.977557122707366943e-01
6.041359528899192810e-02
6.037732601165771484e+00
1.063944846391677856e-01
1.847340539097785950e-02
3.748554736375808716e-02
2.371901869773864746e-01
1.160291671752929688e+00
1.238495260477066040e-01
3.328174352645874023e-01
0.000000000000000000e+00
4.428801685571670532e-02
4.120420664548873901e-03
6.412690971046686172e-03
2.402711957693099976e-01
1.264192104339599609e+00
5.669018998742103577e-02
1.290237009525299072e-01
1.270538717508316040e-01
4.193708300590515137e-02
4.865945339202880859e+00
1.232286021113395691e-01
0.000000000000000000e+00
2.185245417058467865e-02
3.967051208019256592e-01
5.258639901876449585e-02
4.435783624649047852e-01
2.238620519638061523e-01
0.000000000000000000e+00
2.879740297794342041e-01
4.320424795150756836e-02
1.690338104963302612e-01
2.587003409862518311e-01
2.470915317535400391e-01
7.819841057062149048e-02
4.373181462287902832e-01
8.323295712471008301e-01
2.364172637462615967e-01
8.025606274604797363e-01
5.660009384155273438e-01
5.715792775154113770e-01
1.384312033653259277e+00
9.106174111366271973e-02
3.840490579605102539e-01
4.728846251964569092e-01
2.485046628862619400e-03
1.379022840410470963e-03
7.987033575773239136e-02
3.356245458126068115e-01
6.616767644882202148e-01
0.000000000000000000e+00
4.274932742118835449e-01
1.228175461292266846e-01
0.000000000000000000e+00
1.721797883510589600e-01
0.000000000000000000e+00
1.949731856584548950e-01
6.871713995933532715e-01
7.842342555522918701e-02
2.961041927337646484e-01
1.214483976364135742e+00
4.058862030506134033e-01
3.806020736694335938e+00
2.254038602113723755e-01
1.944485068321228027e+00
1.230279058218002319e-01
2.943904697895050049e-01
4.944867491722106934e-01
2.052208483219146729e-01
6.309456825256347656e-01
1.030970573425292969e+00
2.707807123661041260e-01
2.981234528124332428e-02
1.816240847110748291e-01
7.330001797527074814e-03
3.486148416996002197e-01
1.408607661724090576e-01
2.720986027270555496e-03
2.460725307464599609e-01
2.689291536808013916e-01
2.728110849857330322e-01
1.618445396423339844e+00
1.707458496093750000e+00
3.241118669509887695e+00
2.200563065707683563e-02
2.778559327125549316e-01
8.526879549026489258e-02
1.276213377714157104e-01
2.885625362396240234e-01
1.651932835578918457e+00
0.000000000000000000e+00
1.570342481136322021e-01
8.110511302947998047e-02
1.136099815368652344e+00
2.711261272430419922e+00
4.981349706649780273e-01
9.056577086448669434e-01
2.661884307861328125e+00
1.610026657581329346e-01
6.171360611915588379e-01
2.388110309839248657e-01
8.604398369789123535e-02
4.456766128540039062e+00
3.455397486686706543e-01
7.658974826335906982e-02
1.381000638008117676e+00
0.000000000000000000e+00
0.000000000000000000e+00
1.052639409899711609e-01
4.369683861732482910e-01
9.092299640178680420e-02
4.985623657703399658e-01
2.217320054769515991e-01
1.480766013264656067e-02
2.311317250132560730e-03
6.003815680742263794e-02
2.538669407367706299e-01
5.960036441683769226e-02
2.294025197625160217e-02
4.103327170014381409e-03
8.052262067794799805e-01
1.117125511169433594e+00
7.095413655042648315e-02
1.224737763404846191e-01
2.033837139606475830e-01
1.816118657588958740e-01
6.838567852973937988e-01
1.728802919387817383e-01
9.604710340499877930e-01
8.456300944089889526e-02
6.269269585609436035e-01
1.663613766431808472e-01
1.937357634305953979e-01
8.216367959976196289e-01
2.415987895801663399e-03
2.875817418098449707e-01
5.340986698865890503e-02
1.137402415275573730e+00
1.569381356239318848e-01
9.946656227111816406e-01
4.261287748813629150e-01
1.571808606386184692e-01
8.492723703384399414e-01
3.537402153015136719e-01
1.243183135986328125e+00
6.510003805160522461e-01
5.277371034026145935e-03
4.675612319260835648e-03
7.696078419685363770e-01
7.653792500495910645e-01
9.413746595382690430e-01
7.220453023910522461e-02
5.180031657218933105e-01
1.079309433698654175e-01
1.032259941101074219e+00
3.852719664573669434e-01
4.933505952358245850e-01
2.440164536237716675e-01
4.684909880161285400e-01
1.334626674652099609e-01
7.435908317565917969e-01
6.582103669643402100e-02
2.074488401412963867e+00
1.834585905075073242e+00
1.144487261772155762e-01
1.915640980005264282e-01
1.720813959836959839e-01
4.230055809020996094e-01
3.444405078887939453e+00
9.210745990276336670e-02
1.436716318130493164e-01
2.032989449799060822e-02
1.164234336465597153e-02
0.000000000000000000e+00
2.619495391845703125e-01
2.875344455242156982e-01
1.800595819950103760e-01
4.742079675197601318e-01
1.040176376700401306e-01
9.472129940986633301e-01
4.140245020389556885e-01
2.158733271062374115e-02
8.447892218828201294e-02
9.555138349533081055e-01
1.981377787888050079e-02
4.144373834133148193e-01
3.963038921356201172e-01
5.051906108856201172e-01
1.254334598779678345e-01
3.848811984062194824e-01
6.350489258766174316e-01
6.048298999667167664e-02
3.609297871589660645e-01
6.949824094772338867e-02
5.480330903083086014e-03
4.914679229259490967e-01
1.826021313667297363e+00
0.000000000000000000e+00
4.259893596172332764e-01
1.151806116104125977e-01
9.402528405189514160e-02
3.384400159120559692e-02
4.863648414611816406e-01
1.712309755384922028e-02
8.021599799394607544e-02
3.845237493515014648e+00
1.443521231412887573e-01
6.964145302772521973e-01
2.557549238204956055e+00
1.605132967233657837e-01
2.120874404907226562e+00
3.803083002567291260e-01
5.008639097213745117e-01
2.083058096468448639e-02
3.311984241008758545e-02
3.911952972412109375e-01
1.255711317062377930e+00
9.829996824264526367e-01
2.355098277330398560e-01
3.918504416942596436e-01
5.801940336823463440e-02
1.148937106132507324e+00
1.960806131362915039e+00
4.731315970420837402e-01
6.403753161430358887e-01
2.524150013923645020e-01
4.212001860141754150e-01
2.219047993421554565e-01
2.086464643478393555e+00
2.694132551550865173e-02
1.595529317855834961e-01
1.779301315546035767e-01
4.369868278503417969e+00
6.317824125289916992e-03
2.747100889682769775e-01
2.673354744911193848e-01
2.270557284355163574e-01
0.000000000000000000e+00
1.259254097938537598e+00
2.071773260831832886e-02
2.113005965948104858e-01
1.540104150772094727e+00
2.160174846649169922e-01
2.901338338851928711e-01
5.121631622314453125e-01
8.586271405220031738e-01
1.885932683944702148e-01
5.341466516256332397e-02
7.255901396274566650e-02
1.881280422210693359e+00
2.014684081077575684e-01
2.610710561275482178e-01
6.550873517990112305e-01
4.388380646705627441e-01
1.067981347441673279e-01
1.060308694839477539e+00
2.249720394611358643e-01
2.103366702795028687e-01
5.896037220954895020e-01
7.823090553283691406e-01
5.105905979871749878e-02
3.636356294155120850e-01
6.564706563949584961e-02
1.617327034473419189e-01
2.782972715795040131e-02
0.000000000000000000e+00
1.292571704834699631e-02
1.124953553080558777e-01
2.811271250247955322e-01
5.187091231346130371e-01
1.173307821154594421e-01
1.741684414446353912e-02
2.421324998140335083e-01
9.748274087905883789e-01
4.096643924713134766e-01
1.575110852718353271e-02
1.579833030700683594e+00
2.353623509407043457e-02
1.319619268178939819e-01
1.125788807868957520e+00
1.215713620185852051e+00
4.963167607784271240e-01
1.141405582427978516e+00
5.093884468078613281e-01
8.034463971853256226e-02
3.793350979685783386e-02
9.818456172943115234e-01
6.737871170043945312e-01
0.000000000000000000e+00
7.527925819158554077e-02
8.098634332418441772e-02
6.764777749776840210e-02
8.419163227081298828e-01
3.773079812526702881e-01
7.130211591720581055e-01
1.164784803986549377e-01
3.122100532054901123e-01
6.201233267784118652e-01
3.480226099491119385e-01
1.734790056943893433e-01
5.559391900897026062e-02
4.029170870780944824e-01
2.163068056106567383e-01
4.425543248653411865e-01
0.000000000000000000e+00
5.109707117080688477e-01
3.074972331523895264e-01
6.571206450462341309e-02
1.960657835006713867e-01
2.235136628150939941e-01
7.650541067123413086e-01
8.001961708068847656e-01
1.290306448936462402e+00
3.911859691143035889e-01
2.042878866195678711e-01
1.671189218759536743e-01
4.120891988277435303e-01
2.014040797948837280e-01
7.293032407760620117e-01
1.000671505928039551e+00
8.051910251379013062e-02
7.540515623986721039e-03
2.679555416107177734e-01
2.675746679306030273e-01
1.425037831068038940e-01
2.259877622127532959e-01
4.816437661647796631e-01
2.142288982868194580e-01
1.564355373382568359e+00
1.308072090148925781e+00
7.904521226882934570e-01
6.208310369402170181e-03
4.310213625431060791e-01
2.316531166434288025e-02
7.131750881671905518e-02
3.825448751449584961e-01
6.526146829128265381e-02
7.944289594888687134e-03
4.789355099201202393e-01
2.367215976119041443e-02
1.485881209373474121e+00
9.086605161428451538e-02
6.895657777786254883e-01
5.448492169380187988e-01
4.748826101422309875e-02
1.672112345695495605e-01
2.113489806652069092e-01
0.000000000000000000e+00
1.618019938468933105e-01
1.344471573829650879e-01
8.937054276466369629e-01
1.460935771465301514e-01
2.913324162364006042e-02
7.010232806205749512e-01
5.372305959463119507e-02
1.205629780888557434e-01
1.512822061777114868e-01
1.894805729389190674e-01
1.280642300844192505e-01
8.243718743324279785e-01
1.366021186113357544e-01
7.566265463829040527e-01
1.080389022827148438e-01
4.005252420902252197e-01
1.828051358461380005e-01
1.188108101487159729e-01
0.000000000000000000e+00
6.474667787551879883e-01
5.176838114857673645e-02
1.137985348701477051e+00
3.455528616905212402e-01
1.543339967727661133e+00
3.956775367259979248e-02
1.330000877380371094e+00
4.619091451168060303e-01
4.379171729087829590e-01
2.371490299701690674e-01
1.223115697503089905e-01
4.360677674412727356e-02
3.841526210308074951e-01
0.000000000000000000e+00
4.070096462965011597e-02
4.098360836505889893e-01
1.873399257659912109e+00
2.277612686157226562e-01
2.272864431142807007e-01
3.600473105907440186e-01
3.675271198153495789e-02
2.031810879707336426e-01
1.264044761657714844e+00
6.539390236139297485e-02
1.963230013847351074e+00
1.140073835849761963e-01
5.558028221130371094e-01
6.688672304153442383e-02
1.133872345089912415e-01
3.194993734359741211e-01
1.453897822648286819e-02
4.855463281273841858e-02
1.687450855970382690e-01
1.259953379631042480e-01
1.929974794387817383e+00
8.647670149803161621e-01
7.730145007371902466e-02
1.000912904739379883e+00
3.769736737012863159e-02
1.702793985605239868e-01
1.065197706222534180e+00
1.733036160469055176e+00
1.525883795693516731e-03
1.402644347399473190e-02
1.057398915290832520e+00
5.157636404037475586e-01
2.088464796543121338e-01
3.834070205688476562e+00
1.567479670047760010e-01
1.884048283100128174e-01
0.000000000000000000e+00
0.000000000000000000e+00
4.627180993556976318e-01
3.730265498161315918e-01
3.193335533142089844e-01
3.346825018525123596e-03
2.793239988386631012e-02
1.541906446218490601e-01
5.017127841711044312e-02
0.000000000000000000e+00
1.186288078315556049e-03
9.000607579946517944e-02
1.459469944238662720e-01
1.138157546520233154e-01
2.491565421223640442e-02
1.154621839523315430e-01
2.723674774169921875e-01
1.578605473041534424e-01
1.763323880732059479e-02
5.291569232940673828e-01
2.508598566055297852e-01
2.360603094100952148e+00
1.495514512062072754e+00
1.273823380470275879e+00
0.000000000000000000e+00
5.155484676361083984e+00
4.341627359390258789e-01
2.741689383983612061e-01
4.991423487663269043e-01
1.817318201065063477e-01
8.917726576328277588e-02
7.702270150184631348e-01
0.000000000000000000e+00
4.751654565334320068e-01
3.948504030704498291e-01
3.384953439235687256e-01
2.177287638187408447e-01
2.490997761487960815e-01
8.113862872123718262e-01
2.798296511173248291e-01
1.421198010444641113e+00
1.783093065023422241e-01
3.557265400886535645e-01
4.203980863094329834e-01
1.292141154408454895e-02
1.701981872320175171e-01
5.787168145179748535e-01
1.334158301353454590e+00
4.319192469120025635e-01
4.199330806732177734e-01
1.881476789712905884e-01
7.411689031869173050e-03
2.518349885940551758e+00
0.000000000000000000e+00
2.318073511123657227e+00
2.372300922870635986e-01
6.455711722373962402e-01
0.000000000000000000e+00
1.569822728633880615e-01
6.394596099853515625e-01
1.040821447968482971e-01
7.021180987358093262e-01
5.136868357658386230e-02
4.140558093786239624e-02
1.065923094749450684e+00
5.243220329284667969e-01
1.165943622589111328e+00
1.118947863578796387e+00
8.950195908546447754e-01
6.861221790313720703e-01
1.568869799375534058e-01
4.519951939582824707e-01
3.270129859447479248e-02
6.579792499542236328e-01
1.525189578533172607e-01
5.370476245880126953e-01
1.301726400852203369e-01
1.592772960662841797e+00
7.249043881893157959e-02
9.708026051521301270e-01
9.220570325851440430e-01
5.511800646781921387e-01
1.514591723680496216e-01
9.136962294578552246e-01
5.603539347648620605e-01
1.287413120269775391e+00
2.994980812072753906e-01
7.350212335586547852e-02
6.638361215591430664e-01
4.393728673458099365e-01
1.386252492666244507e-01
1.065101101994514465e-02
4.999961853027343750e-01
2.022311985492706299e-01
2.146516561508178711e+00
4.025959968566894531e-01
1.720525790005922318e-03
2.518884658813476562e+00
7.275784611701965332e-01
2.084583044052124023e-01
2.517999410629272461e-01
2.468219995498657227e-01
5.194118022918701172e-01
3.583070039749145508e-01
1.442612290382385254e+00
1.432612836360931396e-01
2.436853945255279541e-02
1.983599960803985596e-01
4.579497873783111572e-01
3.141912221908569336e-01
4.093522727489471436e-01
1.438213139772415161e-02
1.752856373786926270e-01
1.529037654399871826e-01
4.015713632106781006e-01
4.529267847537994385e-01
6.239859387278556824e-03
5.514047741889953613e-01
0.000000000000000000e+00
0.000000000000000000e+00
6.894177794456481934e-01
4.607514441013336182e-01
