4.439896047115325928e-01
1.012924790382385254e+00
0.000000000000000000e+00
1.693382740020751953e+00
1.848489403724670410e+00
6.159929037094116211e-01
2.395735234022140503e-01
2.627196907997131348e-01
5.921373367309570312e-01
2.521046102046966553e-01
9.979370832443237305e-01
1.462234020233154297e+00
7.662428021430969238e-01
0.000000000000000000e+00
8.664749860763549805e-01
2.038118839263916016e-01
3.969793915748596191e-01
3.148092925548553467e-01
2.109926462173461914e+00
4.243203103542327881e-01
5.725031495094299316e-01
3.231545984745025635e-01
5.917828679084777832e-01
2.721911370754241943e-01
6.350443959236145020e-01
1.141662478446960449e+00
5.283012986183166504e-01
1.656380891799926758e+00
3.152655661106109619e-01
6.889701485633850098e-01
1.967066228389739990e-01
1.629532337188720703e+00
4.623531103134155273e-01
6.388255357742309570e-01
1.400499790906906128e-01
3.032783269882202148e-01
0.000000000000000000e+00
2.692959308624267578e+00
2.400084733963012695e+00
9.047932624816894531e-01
2.775940299034118652e-01
5.566022992134094238e-01
3.995475471019744873e-01
1.084432825446128845e-01
1.762173652648925781e+00
2.490743100643157959e-01
4.994457662105560303e-01
3.593120872974395752e-01
1.774915158748626709e-01
1.819168776273727417e-01
2.903986275196075439e-01
1.044568300247192383e+00
2.707189798355102539e+00
7.022640705108642578e-01
1.662588596343994141e+00
6.176964640617370605e-01
3.772662162780761719e+00
1.062311649322509766e+00
1.206229090690612793e+00
4.437396526336669922e-01
3.451749086380004883e-01
1.355094552040100098e+00
5.765901207923889160e-01
4.890890419483184814e-01
2.632180787622928619e-02
2.203792035579681396e-01
3.995454311370849609e-01
5.297297239303588867e-01
2.132854424417018890e-02
1.204525213688611984e-02
7.201448678970336914e-01
6.011820435523986816e-01
3.477213680744171143e-01
4.784452617168426514e-01
5.782175064086914062e-01
1.507862061262130737e-01
2.145478248596191406e+00
3.731888830661773682e-01
0.000000000000000000e+00
8.751570433378219604e-02
6.215661391615867615e-02
2.347541570663452148e+00
5.890182256698608398e-01
1.158273696899414062e+00
1.501921653747558594e+00
5.069817230105400085e-02
2.775617241859436035e-01
5.876201987266540527e-01
4.241047799587249756e-01
3.413490206003189087e-02
2.101000547409057617e-01
8.671236783266067505e-02
1.316672325134277344e+00
1.288030296564102173e-01
6.401612162590026855e-01
3.517891764640808105e-01
2.625132165849208832e-02
1.392391324043273926e+00
3.919742703437805176e-01
1.619961142539978027e+00
9.743814468383789062e-01
7.863737344741821289e-01
2.045743763446807861e-01
2.678550004959106445e+00
1.595091521739959717e-01
6.933637261390686035e-01
4.359889626502990723e-01
8.050938844680786133e-01
4.654908478260040283e-01
7.725768685340881348e-01
1.928776353597640991e-01
2.945436909794807434e-02
5.281062126159667969e-01
0.000000000000000000e+00
6.182720884680747986e-02
6.067219376564025879e-01
1.207527592778205872e-01
3.548203408718109131e-01
7.411846518516540527e-01
1.171945929527282715e+00
3.412841558456420898e-01
7.586605846881866455e-03
1.211593523621559143e-01
2.997896373271942139e-01
6.093848228454589844e+00
5.551553964614868164e-01
1.151420235633850098e+00
3.877010107040405273e+00
0.000000000000000000e+00
2.434037923812866211e+00
1.172384262084960938e+00
4.194304049015045166e-01
1.458408594131469727e+00
9.536414742469787598e-01
8.613099902868270874e-02
7.446309924125671387e-02
2.919897437095642090e-01
5.035619735717773438e-01
1.133469581604003906e+00
9.157018661499023438e-01
1.844371706247329712e-01
8.933420181274414062e-01
1.108001351356506348e+00
4.733541309833526611e-01
6.021543145179748535e-01
3.295034766197204590e-01
3.300142884254455566e-01
7.968549132347106934e-01
4.052378535270690918e-01
1.233967304229736328e+00
1.264702439308166504e+00
1.540663242340087891e+00
4.520101845264434814e-01
9.773979336023330688e-02
2.585545182228088379e-02
1.887814879417419434e+00
4.513132274150848389e-01
2.996227005496621132e-03
6.942767500877380371e-01
5.489975214004516602e-02
3.538789451122283936e-01
8.676693588495254517e-02
6.521486043930053711e-01
6.848628520965576172e-01
4.930442869663238525e-01
9.254317730665206909e-02
1.131651163101196289e+00
9.563478827476501465e-01
1.457624316215515137e+00
2.225548475980758667e-01
2.286686420440673828e+00
2.646882832050323486e-01
5.212819948792457581e-02
7.150372862815856934e-01
5.226921439170837402e-01
5.077749490737915039e-02
1.511128842830657959e-01
9.520109295845031738e-01
1.741619855165481567e-01
5.598734855651855469e+00
1.530771851539611816e-01
8.826575279235839844e-01
1.364151239395141602e-01
1.056639477610588074e-02
1.211978048086166382e-01
2.241323888301849365e-02
8.098362684249877930e-01
2.836101353168487549e-01
1.295420527458190918e-01
1.875977665185928345e-01
2.183569520711898804e-01
4.197565615177154541e-01
9.171366095542907715e-01
7.843537330627441406e-01
7.957147359848022461e-01
2.493941970169544220e-02
1.428759217262268066e+00
1.722955107688903809e-01
4.893685877323150635e-01
4.763437509536743164e-01
1.596199154853820801e+00
3.388346433639526367e-01
6.323671340942382812e-01
0.000000000000000000e+00
3.900023102760314941e-01
0.000000000000000000e+00
1.313194751739501953e+00
1.555113047361373901e-01
1.156518459320068359e+00
3.417580366134643555e+00
2.703211605548858643e-01
2.955637931823730469e+00
6.148468255996704102e-01
7.188908457756042480e-01
7.269396185874938965e-01
5.612080693244934082e-01
2.234177291393280029e-02
2.191967487335205078e+00
4.229120612144470215e-01
1.177981615066528320e+00
5.354405045509338379e-01
2.677427291870117188e+00
1.733863204717636108e-01
8.789198994636535645e-01
4.086440056562423706e-02
1.125140786170959473e+00
3.596023321151733398e-01
6.321737170219421387e-01
6.525730490684509277e-01
1.100597977638244629e+00
1.327139377593994141e+00
1.436643600463867188e-01
9.369629621505737305e-01
2.225488573312759399e-01
3.978148996829986572e-01
2.330592155456542969e+00
1.645055115222930908e-01
1.130874276161193848e+00
2.819413840770721436e-01
4.604420661926269531e-01
1.446046233177185059e-01
5.986506938934326172e-01
7.725194692611694336e-01
1.299133181571960449e+00
1.918569505214691162e-01
2.242429971694946289e+00
5.772662758827209473e-01
3.040383383631706238e-02
1.846612453460693359e+00
6.945139169692993164e-01
9.868953227996826172e-01
1.799250245094299316e-01
1.551052331924438477e-01
2.524448037147521973e-01
5.289708971977233887e-01
2.441732645034790039e+00
3.308912515640258789e-01
1.342516690492630005e-01
6.371545046567916870e-02
8.074820637702941895e-01
3.499146699905395508e-01
3.904269039630889893e-01
5.957485437393188477e-01
2.953564524650573730e-01
1.349558383226394653e-01
6.000210642814636230e-01
8.302322030067443848e-01
4.153528064489364624e-02
1.921186596155166626e-02
1.120957612991333008e+00
1.173974037170410156e+00
3.025252819061279297e-01
2.237813547253608704e-02
1.338297843933105469e+00
3.273781388998031616e-02
3.772474825382232666e-01
3.130584001541137695e+00
7.907788753509521484e-01
1.298642396926879883e+00
1.230669498443603516e+00
5.594232678413391113e-01
1.425498843193054199e+00
5.928989052772521973e-01
3.597825467586517334e-01
2.512159571051597595e-02
1.665445446968078613e+00
2.451206684112548828e+00
7.028672099113464355e-01
4.764957129955291748e-01
1.826678991317749023e+00
1.960988283157348633e+00
3.328961372375488281e+00
0.000000000000000000e+00
0.000000000000000000e+00
1.315023660659790039e+00
2.895750045776367188e+00
1.879188656806945801e+00
6.795110702514648438e-01
3.586925193667411804e-02
8.962627500295639038e-02
2.136080741882324219e+00
2.959713637828826904e-01
5.217923521995544434e-01
2.836002707481384277e-01
5.744341015815734863e-01
3.679960072040557861e-01
6.557349860668182373e-02
1.054414212703704834e-01
1.112516283988952637e+00
1.189332723617553711e+00
1.235946297645568848e+00
1.333031058311462402e+00
8.550659418106079102e-01
2.269544601440429688e+00
5.034593939781188965e-01
1.367332339286804199e+00
3.157173097133636475e-01
1.074501350522041321e-01
2.454585283994674683e-01
6.319168210029602051e-01
4.015862643718719482e-01
6.471920609474182129e-01
6.763994097709655762e-01
7.497882246971130371e-01
7.163065075874328613e-01
4.552249610424041748e-02
2.899937331676483154e-01
1.541096568107604980e-01
1.873168498277664185e-01
4.500178098678588867e-01
4.202058315277099609e+00
2.456229329109191895e-01
3.249833106994628906e+00
1.109982132911682129e+00
1.538588106632232666e-01
1.943760633468627930e+00
1.028780579566955566e+00
2.960345447063446045e-01
2.453003644943237305e+00
5.001953840255737305e-01
2.742804884910583496e-01
2.337159961462020874e-01
2.925710976123809814e-01
3.754462003707885742e-01
3.590942025184631348e-01
1.327652812004089355e+00
9.736935049295425415e-02
4.913298040628433228e-02
3.167013823986053467e-02
9.798787236213684082e-01
4.675801396369934082e-01
4.835561662912368774e-02
1.262976825237274170e-01
6.805043667554855347e-02
3.185238838195800781e-01
5.551463961601257324e-01
1.453425168991088867e+00
6.994157284498214722e-02
3.881168663501739502e-01
8.850001096725463867e-01
2.373625487089157104e-01
1.619842886924743652e+00
6.919004321098327637e-01
9.457750916481018066e-01
4.534026622772216797e+00
4.211468994617462158e-01
7.686479389667510986e-02
8.239042758941650391e-02
2.045283317565917969e+00
2.181561142206192017e-01
5.277007222175598145e-01
4.548460543155670166e-01
1.745078921318054199e+00
6.635633111000061035e-01
2.887974977493286133e-01
3.271547853946685791e-01
9.150344133377075195e-01
4.393246769905090332e-01
2.709633708000183105e-01
3.409419953823089600e-01
1.034807324409484863e+00
0.000000000000000000e+00
3.333296179771423340e-01
1.266602516174316406e+00
9.340206161141395569e-04
2.152412533760070801e-01
1.544862866401672363e+00
9.730715155601501465e-01
1.695564831607043743e-03
1.055681467056274414e+00
3.464272618293762207e-01
5.035791397094726562e-01
1.259056568145751953e+00
2.122414708137512207e-01
3.135687112808227539e+00
1.806363821029663086e+00
8.411252498626708984e-01
6.276920318603515625e+00
5.267662405967712402e-01
2.395538091659545898e-01
3.896634280681610107e-01
2.484312206506729126e-01
3.151403963565826416e-01
9.133270382881164551e-01
3.254916071891784668e-01
2.105362176895141602e+00
8.034217953681945801e-01
6.118246316909790039e-01
2.483803987503051758e+00
1.838650852441787720e-01
6.521016955375671387e-01
8.337424397468566895e-01
5.926656126976013184e-01
5.299661636352539062e+00
2.445941418409347534e-01
2.038278430700302124e-01
6.136631369590759277e-01
1.188733100891113281e+00
5.835468173027038574e-01
9.037225842475891113e-01
2.932600378990173340e-01
9.087414741516113281e-01
1.757708191871643066e-01
1.446098446846008301e+00
6.128247380256652832e-01
0.000000000000000000e+00
5.165562629699707031e-01
1.996206998825073242e+00
9.313649684190750122e-02
1.731064319610595703e+00
1.642069458961486816e+00
1.237203627824783325e-01
1.339439004659652710e-01
1.457931101322174072e-01
6.067813374102115631e-04
7.866584658622741699e-01
5.969188213348388672e-01
6.200841069221496582e-01
1.891291379928588867e+00
3.084878027439117432e-01
1.234108058270066977e-04
3.903060853481292725e-01
1.415804475545883179e-01
5.557604432106018066e-01
1.120041869580745697e-02
5.774744153022766113e-01
4.190613925457000732e-01
6.477113366127014160e-01
5.206504464149475098e-02
2.097602784633636475e-01
2.723003864288330078e+00
5.754274725914001465e-01
8.975990414619445801e-01
0.000000000000000000e+00
4.905683994293212891e-01
4.624787271022796631e-01
2.436885796487331390e-02
1.298931956291198730e+00
1.706224918365478516e+00
9.917341917753219604e-02
1.545046091079711914e+00
4.794922769069671631e-01
1.185971021652221680e+00
6.534851193428039551e-01
9.542447924613952637e-01
1.187526583671569824e+00
8.652393519878387451e-02
4.914629273116588593e-03
4.614345133304595947e-01
0.000000000000000000e+00
8.055627346038818359e-02
7.881130576133728027e-01
2.020874500274658203e+00
1.757932066917419434e+00
9.910001158714294434e-01
1.344645619392395020e-01
9.905006885528564453e-01
2.367505550384521484e+00
5.260937809944152832e-01
3.520914316177368164e-01
7.083379030227661133e-01
1.771664381027221680e+00
9.248903989791870117e-01
5.900939106941223145e-01
7.377744913101196289e-01
6.591144204139709473e-01
5.556529164314270020e-01
2.018682003021240234e+00
4.676176607608795166e-01
8.579379320144653320e-01
4.418118596076965332e-01
1.978152871131896973e+00
5.836000442504882812e-01
2.576342523097991943e-01
1.725833654403686523e+00
1.706297755241394043e+00
7.244397401809692383e-01
3.692684471607208252e-01
6.939054727554321289e-01
6.091110706329345703e-01
8.068955689668655396e-02
1.210980340838432312e-01
1.378692984580993652e-01
1.133025169372558594e+00
4.313327372074127197e-01
7.839347124099731445e-01
4.175616428256034851e-02
1.003032624721527100e-01
3.527145832777023315e-02
1.606862545013427734e-01
2.427572011947631836e-01
6.775963306427001953e-01
1.015542745590209961e-01
7.674460299313068390e-03
2.963456809520721436e-01
6.524602323770523071e-02
1.877010107040405273e+00
1.613398075103759766e+00
2.209355682134628296e-02
5.747791379690170288e-02
0.000000000000000000e+00
5.513923764228820801e-01
2.442147135734558105e-01
1.304113715887069702e-01
4.530131220817565918e-01
9.658744335174560547e-01
1.341894388198852539e+00
6.897532939910888672e-01
1.035681128501892090e+00
7.743637561798095703e-01
5.085492134094238281e-02
2.932578623294830322e-01
1.165710330009460449e+00
2.109799832105636597e-01
3.547574579715728760e-01
1.961645036935806274e-01
8.822721242904663086e-02
2.108756452798843384e-03
5.905386209487915039e-01
1.126059889793395996e+00
2.156169891357421875e+00
1.119597434997558594e+00
1.220241308212280273e+00
1.576625704765319824e-01
8.878600597381591797e-02
1.385488271713256836e+00
1.342501282691955566e+00
6.274058222770690918e-01
3.437352925539016724e-02
2.647535800933837891e-01
4.183280467987060547e-01
8.390398621559143066e-01
1.635123789310455322e-01
3.568250238895416260e-01
6.214539706707000732e-02
7.747420668601989746e-01
1.260429527610540390e-02
2.364316940307617188e+00
5.047975778579711914e-01
3.246552646160125732e-01
3.059896230697631836e-01
5.189425349235534668e-01
8.544501662254333496e-01
1.460557460784912109e+00
1.102245077490806580e-01
3.276628851890563965e-01
2.988228321075439453e+00
4.874504506587982178e-01
5.604283213615417480e-01
2.189173251390457153e-01
1.473082900047302246e+00
1.082910969853401184e-01
9.112651348114013672e-01
3.098759055137634277e-01
5.719509720802307129e-01
1.033540844917297363e+00
1.302628397941589355e+00
1.126216173171997070e+00
2.085425890982151031e-02
2.133636474609375000e-01
1.572973728179931641e+00
2.126937657594680786e-01
2.490753829479217529e-01
1.222674608230590820e+00
3.637481927871704102e-01
9.269592761993408203e-01
5.122685804963111877e-02
8.189302682876586914e-02
1.323992252349853516e+00
2.748336493968963623e-01
1.988513208925724030e-02
6.036601066589355469e-01
4.157973229885101318e-01
3.242200613021850586e-01
2.682311534881591797e-01
1.021658778190612793e+00
2.771829366683959961e-01
3.687234967947006226e-02
3.330722218379378319e-03
5.778452157974243164e-01
2.979899406433105469e+00
1.985845565795898438e+00
3.079410493373870850e-01
4.668196737766265869e-01
3.144645392894744873e-01
1.964499056339263916e-02
5.044850707054138184e-02
1.484463930130004883e+00
2.445255517959594727e-01
9.103070497512817383e-01
5.362077802419662476e-02
6.524869799613952637e-01
3.222627192735671997e-02
1.056243777275085449e+00
2.793362736701965332e-01
1.259087204933166504e+00
7.859304547309875488e-01
9.398978352546691895e-01
2.421575069427490234e+00
3.422974050045013428e-01
1.893990114331245422e-02
5.293966531753540039e-01
2.180291652679443359e+00
5.763285756111145020e-01
1.572692036628723145e+00
8.584856390953063965e-01
1.150138735771179199e+00
9.516044855117797852e-01
1.481029272079467773e+00
1.395045816898345947e-01
1.778395771980285645e-01
1.606377601623535156e+00
5.290317535400390625e-02
1.018658638000488281e+00
1.116978645324707031e+00
2.590101584792137146e-02
1.057916283607482910e-01
8.354998826980590820e-01
5.917783379554748535e-01
4.609217047691345215e-01
8.817963600158691406e-01
2.740975320339202881e-01
5.938894152641296387e-01
4.178617000579833984e-01
4.555003046989440918e-01
4.932460486888885498e-01
2.616801738739013672e+00
5.360838770866394043e-01
4.404275119304656982e-01
2.325152903795242310e-01
1.786510646343231201e-01
8.855852484703063965e-01
3.556321933865547180e-02
1.865477561950683594e+00
1.651767373085021973e+00
1.974284499883651733e-01
7.386715412139892578e-01
2.208240032196044922e+00
1.784866809844970703e+00
4.683592915534973145e-01
1.187661051750183105e+00
3.564145267009735107e-01
9.290501475334167480e-01
9.702562093734741211e-01
1.401863694190979004e-01
1.031949758529663086e+00
4.691969454288482666e-01
2.233167409896850586e+00
9.074589610099792480e-01
8.679987788200378418e-01
5.440734326839447021e-02
8.197990246117115021e-03
0.000000000000000000e+00
7.138420343399047852e-01
1.058438420295715332e-01
1.106984376907348633e+00
1.766070961952209473e+00
4.871475398540496826e-01
6.001912429928779602e-02
9.288953542709350586e-01
1.011834621429443359e+00
1.090017110109329224e-01
1.058713570237159729e-01
1.113890647888183594e+00
3.025883138179779053e-01
2.995591759681701660e-01
4.604455083608627319e-02
4.823307991027832031e-01
7.398498058319091797e-01
2.162846475839614868e-01
2.432501554489135742e+00
8.224408626556396484e-01
2.876197397708892822e-01
2.792955338954925537e-01
4.518046230077743530e-02
1.232938542962074280e-01
8.503279685974121094e-01
1.283073574304580688e-01
3.149081766605377197e-01
1.210015177726745605e+00
1.065120100975036621e-01
1.391168385744094849e-01
1.126521110534667969e+00
6.973643302917480469e-01
1.651674985885620117e+00
1.917017579078674316e+00
8.419664502143859863e-01
2.230195254087448120e-01
7.254466414451599121e-01
2.217297814786434174e-02
9.969817399978637695e-01
5.186877250671386719e-01
7.034274339675903320e-01
1.812743395566940308e-01
1.228778123855590820e+00
2.239072799682617188e+00
9.026513099670410156e-01
8.823509216308593750e-01
8.692973107099533081e-02
1.088913977146148682e-01
8.760783672332763672e-01
1.000127553939819336e+00
1.249916195869445801e+00
9.414716362953186035e-01
1.113602638244628906e+00
3.189587965607643127e-02
1.713215231895446777e+00
1.775297164916992188e+00
5.642502307891845703e-01
8.944062143564224243e-02
1.644652247428894043e+00
2.209292501211166382e-01
5.493145585060119629e-01
1.143826544284820557e-01
1.179656609892845154e-01
3.057331442832946777e-01
1.335062026977539062e+00
8.214297294616699219e-01
1.579655051231384277e+00
6.395406126976013184e-01
5.016396045684814453e-01
4.792275726795196533e-01
2.027919590473175049e-01
3.802977874875068665e-02
6.289246082305908203e-01
8.099673390388488770e-01
0.000000000000000000e+00
4.390423893928527832e-01
6.525065898895263672e-01
5.118498802185058594e-01
7.760818004608154297e-01
1.161408662796020508e+00
3.899406790733337402e-01
1.404837369918823242e-01
5.889382958412170410e-01
8.463739603757858276e-02
2.297703623771667480e-01
2.464146539568901062e-02
2.617799043655395508e-01
2.491976976394653320e+00
2.044009119272232056e-01
3.661439716815948486e-01
6.929607987403869629e-01
2.820136547088623047e-01
3.383268117904663086e+00
2.212465405464172363e-01
1.775965839624404907e-02
4.146655201911926270e-01
2.112691879272460938e+00
1.024729371070861816e+00
6.112761497497558594e-01
2.178983092308044434e-01
3.795320093631744385e-01
9.390615671873092651e-02
3.221051022410392761e-02
9.059929847717285156e-01
4.352872073650360107e-01
2.497630566358566284e-01
2.857980430126190186e-01
1.093272924423217773e+00
2.123526334762573242e-01
1.599325060844421387e+00
6.769189834594726562e-01
4.512615203857421875e-01
1.793771535158157349e-01
1.660071015357971191e-01
9.405360221862792969e-01
9.121917188167572021e-03
5.927001833915710449e-01
1.020173549652099609e+00
5.123432353138923645e-02
3.903448283672332764e-01
9.459515213966369629e-01
3.238231837749481201e-01
3.541550040245056152e-01
5.983656644821166992e-02
1.553516536951065063e-01
6.512233614921569824e-01
1.290277298539876938e-02
1.686509251594543457e+00
3.053598105907440186e-02
1.637651085853576660e+00
1.281152963638305664e+00
1.214801192283630371e+00
1.122402906417846680e+00
3.184540569782257080e-01
1.632033614441752434e-03
3.905375301837921143e-01
4.456016421318054199e-01
5.789577960968017578e-01
9.637464582920074463e-02
4.746505320072174072e-01
2.154745101928710938e+00
1.677313446998596191e-01
2.702838182449340820e+00
4.797258675098419189e-01
2.855132222175598145e-01
1.238860011100769043e+00
2.199130356311798096e-01
2.447481870651245117e+00
1.775255054235458374e-01
8.525707721710205078e-01
1.211628556251525879e+00
7.421898245811462402e-01
2.488650828599929810e-01
4.063168466091156006e-01
1.347866773605346680e+00
3.733215332031250000e-01
2.878743968904018402e-02
5.755496025085449219e-01
2.536863803863525391e+00
6.465681195259094238e-01
1.817187070846557617e-01
4.662548899650573730e-01
1.614938735961914062e+00
1.573773771524429321e-01
6.512722969055175781e-01
3.955362737178802490e-01
2.072059549391269684e-02
8.507153391838073730e-02
8.462890386581420898e-01
2.433037385344505310e-03
7.153000831604003906e-01
1.860297024250030518e-01
1.349809765815734863e-01
2.169202566146850586e-01
1.123657226562500000e-01
5.606381297111511230e-01
1.782344728708267212e-01
3.938697576522827148e-01
1.137654930353164673e-01
1.528870314359664917e-02
1.076446846127510071e-01
1.032649874687194824e+00
6.104950308799743652e-01
4.053186774253845215e-01
7.873427867889404297e-01
5.662050247192382812e-01
1.145191311836242676e+00
1.205888509750366211e+00
1.336588978767395020e+00
5.366632342338562012e-01
2.346308827400207520e-01
1.515105009078979492e+00
5.849289894104003906e-01
1.575638413429260254e+00
3.797701835632324219e+00
2.367814183235168457e-01
8.650036156177520752e-02
1.477040648460388184e+00
5.179472565650939941e-01
2.639104723930358887e-01
2.396704256534576416e-01
3.866447880864143372e-02
6.694344282150268555e-01
3.560675859451293945e+00
2.731243669986724854e-01
9.219257533550262451e-02
1.404484033584594727e+00
6.868581771850585938e-01
3.754914700984954834e-01
2.528681159019470215e-01
2.223981380462646484e+00
6.371555477380752563e-02
1.021094322204589844e+00
2.073529243469238281e+00
1.071340560913085938e+00
4.100286066532135010e-01
4.951983224600553513e-03
0.000000000000000000e+00
1.060117602348327637e+00
3.008024394512176514e-01
8.690552711486816406e-01
5.808197893202304840e-03
8.052282333374023438e-01
2.833512306213378906e+00
7.922595739364624023e-02
3.422672152519226074e-01
4.099798500537872314e-01
7.144513726234436035e-01
0.000000000000000000e+00
2.266900539398193359e-01
9.189885854721069336e-01
1.013148903846740723e+00
3.193113803863525391e-01
9.265097975730895996e-01
1.310128569602966309e-01
1.489971399307250977e+00
2.769154906272888184e-01
2.867691993713378906e+00
1.565403103828430176e+00
1.870124973356723785e-02
2.306966036558151245e-01
2.147817611694335938e-01
2.106916606426239014e-01
1.463114261627197266e+00
2.369070768356323242e+00
6.744380593299865723e-01
3.430634438991546631e-01
2.834416925907135010e-01
1.421134948730468750e+00
1.242712855339050293e+00
4.727922081947326660e-01
1.334580332040786743e-01
5.729041099548339844e-01
9.491290450096130371e-01
1.471871584653854370e-01
8.862905949354171753e-02
8.868418335914611816e-01
7.840602844953536987e-02
3.279386162757873535e-01
6.825025677680969238e-01
3.279120028018951416e-01
2.011220306158065796e-01
7.191718816757202148e-01
5.900771617889404297e-01
4.714145958423614502e-01
1.218448355793952942e-01
8.880215287208557129e-01
1.181380897760391235e-01
1.202568531036376953e+00
1.043742448091506958e-01
1.064678907394409180e+00
2.436034202575683594e+00
3.225182592868804932e-01
2.033332735300064087e-02
0.000000000000000000e+00
0.000000000000000000e+00
2.729472160339355469e+00
2.077654361724853516e+00
1.136119246482849121e+00
3.490631282329559326e-01
1.092197075486183167e-01
4.270086437463760376e-02
1.702688038349151611e-01
1.017816781997680664e+00
1.301522850990295410e+00
1.901782900094985962e-01
8.901794552803039551e-01
4.233957827091217041e-01
7.468520402908325195e-01
4.106250405311584473e-01
4.162363409996032715e-01
1.335197091102600098e+00
9.100492596626281738e-01
1.669655680656433105e+00
3.423922061920166016e-01
1.607524156570434570e-01
5.901337862014770508e-01
5.218648910522460938e-01
3.422944843769073486e-01
4.135917425155639648e-01
1.470759510993957520e+00
3.427306935191154480e-02
1.722820997238159180e-01
8.492119610309600830e-02
4.935885965824127197e-01
4.872127622365951538e-02
4.857808351516723633e-01
1.007368490099906921e-01
5.566339194774627686e-02
9.331105351448059082e-01
1.251491010189056396e-01
3.603479862213134766e-01
2.906430661678314209e-01
6.379287838935852051e-01
5.038733482360839844e-01
5.070856213569641113e-01
7.430743575096130371e-01
1.992422044277191162e-01
1.599251866340637207e+00
3.865183591842651367e-01
1.405674338340759277e+00
1.580265164375305176e-01
2.111913442611694336e+00
2.105434983968734741e-01
3.904450312256813049e-02
1.487311482429504395e+00
2.155322551727294922e+00
3.963827848434448242e+00
3.529272228479385376e-02
1.796627998352050781e+00
1.810927391052246094e+00
2.023622766137123108e-02
1.219802975654602051e+00
1.601722836494445801e+00
5.024539232254028320e-01
6.405195593833923340e-01
2.028650283813476562e+00
1.030567407608032227e+00
1.306070089340209961e+00
7.166870683431625366e-02
4.563238322734832764e-01
1.747911691665649414e+00
1.006792545318603516e+00
9.641324877738952637e-01
1.611371785402297974e-01
9.200398623943328857e-02
2.152521014213562012e-01
1.602731272578239441e-02
8.637660145759582520e-01
8.335673809051513672e-01
7.045185565948486328e-02
1.965623497962951660e+00
1.448545008897781372e-01
2.070911228656768799e-01
5.277262926101684570e-01
2.796446800231933594e+00
9.864081740379333496e-01
2.495477199554443359e-01
3.845566034317016602e+00
3.449875712394714355e-01
4.005184471607208252e-01
8.633822798728942871e-01
1.050832308828830719e-02
1.420550048351287842e-01
7.613503336906433105e-01
4.402282238006591797e-01
4.597500264644622803e-01
1.500108718872070312e+00
1.130402609705924988e-01
8.030037879943847656e-01
1.175367981195449829e-01
1.689079284667968750e+00
1.776996701955795288e-01
7.616145908832550049e-02
2.828638255596160889e-01
8.461637794971466064e-02
9.983108043670654297e-01
9.205286502838134766e-01
3.426616191864013672e-01
1.813518404960632324e-01
1.040073931217193604e-01
4.812490940093994141e-01
4.063484445214271545e-02
5.592312812805175781e-01
3.885841369628906250e-02
1.571787893772125244e-01
2.275467365980148315e-01
9.294019639492034912e-02
9.542723894119262695e-01
3.306056559085845947e-01
2.052180701866745949e-03
5.203855633735656738e-01
1.104505777359008789e+00
1.779233217239379883e+00
3.760422170162200928e-01
2.708255052566528320e-01
5.285854935646057129e-01
1.280713677406311035e+00
1.495936512947082520e-01
1.508200019598007202e-01
7.974671125411987305e-01
0.000000000000000000e+00
3.903839111328125000e+00
7.192344069480895996e-01
3.828464448451995850e-02
8.915712684392929077e-02
2.289734967052936554e-02
2.694228887557983398e-01
4.733002781867980957e-01
7.752810716629028320e-01
1.488973975181579590e+00
0.000000000000000000e+00
7.443187292665243149e-03
2.274595014750957489e-02
6.092548370361328125e-01
6.300672292709350586e-01
1.342405200004577637e+00
1.196726441383361816e+00
4.942324757575988770e-02
1.679827570915222168e-01
5.584101080894470215e-01
6.721708178520202637e-02
3.474802970886230469e-01
3.364668786525726318e-01
1.135484218597412109e+00
0.000000000000000000e+00
1.160873323678970337e-01
1.089561462402343750e+00
2.494430303573608398e+00
7.307782769203186035e-02
1.158287405967712402e+00
8.343313336372375488e-01
1.120034337043762207e+00
2.717262029647827148e+00
4.720399379730224609e-01
9.912267923355102539e-01
6.652313470840454102e-01
5.998972430825233459e-02
5.132439136505126953e-01
5.406566262245178223e-01
8.307305979542434216e-04
1.299072623252868652e+00
5.180341601371765137e-01
4.857827126979827881e-01
9.928489327430725098e-01
5.763910245150327682e-03
1.457985639572143555e-01
6.102797985076904297e-01
1.366101205348968506e-02
3.190816640853881836e-01
1.030089259147644043e+00
1.871094852685928345e-01
4.010614395141601562e+00
3.942831456661224365e-01
1.008873730897903442e-01
2.187171459197998047e+00
8.065577149391174316e-01
5.544824600219726562e+00
6.326688528060913086e-01
6.850937008857727051e-01
7.156664133071899414e-01
5.050252676010131836e-01
2.233129441738128662e-01
1.269557356834411621e+00
7.092435956001281738e-01
1.192581374198198318e-02
3.898890316486358643e-01
1.701911449432373047e+00
1.105741500854492188e+00
9.841622114181518555e-01
4.095484316349029541e-01
5.564981698989868164e-01
9.421020746231079102e-01
3.950271904468536377e-01
8.814105391502380371e-01
6.430481076240539551e-01
1.183377504348754883e+00
8.416255116462707520e-01
8.123159408569335938e-02
6.946233510971069336e-01
8.634922504425048828e-01
1.747023105621337891e+00
2.606616616249084473e-01
1.445373147726058960e-01
7.179779410362243652e-01
1.141192197799682617e+00
1.038867831230163574e+00
6.232066452503204346e-02
2.182446479797363281e+00
4.025730133056640625e+00
1.033418774604797363e+00
7.201329469680786133e-01
4.309227466583251953e-01
8.795670270919799805e-01
3.328166902065277100e-01
2.136634886264801025e-01
2.081928014755249023e+00
9.381871223449707031e-01
1.408928394317626953e+00
2.544335842132568359e+00
1.322837620973587036e-01
2.535465061664581299e-01
1.849571317434310913e-01
2.169958114624023438e+00
6.934738904237747192e-02
1.418236851692199707e+00
2.689445763826370239e-02
5.878129601478576660e-01
5.224705860018730164e-02
3.566044270992279053e-01
2.504120767116546631e-01
4.007219970226287842e-01
3.358539342880249023e-01
1.835777759552001953e-01
5.713422298431396484e-01
1.880374103784561157e-01
5.805738568305969238e-01
6.574788093566894531e-01
8.281372785568237305e-01
1.161095619201660156e+00
6.703913807868957520e-01
1.285452246665954590e+00
3.496333956718444824e-01
9.568341374397277832e-01
7.473422288894653320e-01
3.424422025680541992e+00
6.308991312980651855e-01
1.449931383132934570e+00
1.055727228522300720e-01
6.238451600074768066e-01
3.773694336414337158e-01
3.589743375778198242e-02
1.328133195638656616e-01
3.865060508251190186e-01
2.206602692604064941e-01
1.483201980590820312e+00
5.143959522247314453e-01
4.106529355049133301e-01
1.172096371650695801e+00
5.329955220222473145e-01
3.434823155403137207e-01
2.444939613342285156e+00
2.301119565963745117e-01
1.951927542686462402e+00
0.000000000000000000e+00
1.576344370841979980e-01
4.604760706424713135e-01
1.478585749864578247e-01
2.907731533050537109e-01
1.169517755508422852e+00
1.581894420087337494e-02
5.591543018817901611e-02
3.574598550796508789e+00
9.174405336380004883e-01
8.205328136682510376e-02
6.668304204940795898e-01
1.515705227851867676e+00
2.006697893142700195e+00
4.947872161865234375e-01
3.280429542064666748e-01
3.435586690902709961e-01
1.106810048222541809e-01
1.481837868690490723e+00
2.128467410802841187e-01
6.748961657285690308e-02
4.272562563419342041e-01
1.429124325513839722e-01
4.589838981628417969e-01
9.820121526718139648e-02
3.026761114597320557e-01
1.215712666511535645e+00
3.596918582916259766e-01
1.901235461235046387e+00
0.000000000000000000e+00
6.838002681732177734e+00
5.098877940326929092e-03
9.894354268908500671e-03
7.803707849234342575e-04
1.719257980585098267e-01
1.198177710175514221e-01
9.102381765842437744e-02
9.631629101932048798e-03
3.901883065700531006e-01
2.145359992980957031e+00
0.000000000000000000e+00
4.499298334121704102e-01
1.180423423647880554e-01
6.064088940620422363e-01
1.682672262191772461e+00
0.000000000000000000e+00
5.719004273414611816e-01
5.670107007026672363e-01
4.528611183166503906e+00
5.033824443817138672e-01
5.164883732795715332e-01
4.484419226646423340e-01
1.924894154071807861e-01
6.475037336349487305e-01
0.000000000000000000e+00
1.929730623960494995e-01
4.324582219123840332e-02
4.088658988475799561e-01
9.418600201606750488e-01
2.413128018379211426e-01
1.766858845949172974e-01
1.747974902391433716e-01
5.477182269096374512e-01
2.525225877761840820e+00
6.456184983253479004e-01
1.376808762550354004e+00
5.060291886329650879e-01
0.000000000000000000e+00
1.182135492563247681e-01
1.287980470806360245e-02
2.879422903060913086e-01
1.897431910037994385e-02
5.427424907684326172e-01
1.148152589797973633e+00
9.594177603721618652e-01
1.716665923595428467e-01
1.247444190084934235e-02
2.735188603401184082e-01
3.257459998130798340e-01
4.176811695098876953e+00
1.339297890663146973e+00
2.675883471965789795e-01
2.553131580352783203e-01
3.289284929633140564e-02
5.574836730957031250e-01
7.559996843338012695e-01
9.231606125831604004e-01
5.057065486907958984e-01
1.938176035881042480e+00
4.144500792026519775e-01
8.380819559097290039e-01
5.527068376541137695e-01
1.486976444721221924e-01
6.045288965106010437e-02
2.823180519044399261e-02
2.887808531522750854e-02
1.067565798759460449e+00
9.583256244659423828e-01
9.778518676757812500e-01
6.794351339340209961e-01
7.457039356231689453e-01
4.099736735224723816e-02
4.325792789459228516e-01
6.672459840774536133e-01
3.967760503292083740e-01
9.309636354446411133e-01
0.000000000000000000e+00
1.055925846099853516e+00
3.476674556732177734e-01
0.000000000000000000e+00
1.283938139677047729e-01
2.500068843364715576e-01
3.399614989757537842e-01
1.726872324943542480e-01
2.411536574363708496e-01
3.061234354972839355e-01
6.983258724212646484e-01
1.376210302114486694e-01
1.960891246795654297e+00
2.970028221607208252e-01
5.674663186073303223e-01
4.593786001205444336e-01
2.502070665359497070e-01
8.919073343276977539e-01
1.172750711441040039e+00
2.474083185195922852e+00
4.645883142948150635e-01
3.206629157066345215e-01
5.414591431617736816e-01
7.809959352016448975e-02
8.799235522747039795e-02
1.937353610992431641e-01
0.000000000000000000e+00
2.004786729812622070e+00
3.375518620014190674e-01
1.214617609977722168e+00
2.609438419342041016e+00
9.930829517543315887e-03
6.601679325103759766e-01
2.163686275482177734e+00
1.155364289879798889e-01
2.401126921176910400e-01
1.408154487609863281e+00
1.072895061224699020e-02
2.310591936111450195e+00
7.910132408142089844e-01
1.154935806989669800e-01
7.462255358695983887e-01
1.250022053718566895e+00
1.436986774206161499e-01
6.158550977706909180e-01
2.155726253986358643e-01
4.805299341678619385e-01
9.526902437210083008e-02
1.085903570055961609e-01
1.946463435888290405e-01
5.922207236289978027e-01
1.189514875411987305e+00
1.343027591705322266e+00
1.245284318923950195e+00
2.171204090118408203e-01
1.605111718177795410e+00
6.372584700584411621e-01
2.025464057922363281e+00
1.937995404005050659e-01
2.266055345535278320e-01
5.262469649314880371e-01
0.000000000000000000e+00
1.290852189064025879e+00
1.365316271781921387e+00
2.694602489471435547e+00
9.516284465789794922e-01
1.107082441449165344e-01
3.883308917284011841e-02
1.204170107841491699e+00
5.003264546394348145e-02
4.573111608624458313e-02
5.149473622441291809e-02
4.837521016597747803e-01
2.252933740615844727e+00
9.394396841526031494e-02
1.260943561792373657e-01
7.811070978641510010e-02
1.593774080276489258e+00
5.858616828918457031e-01
1.604066044092178345e-01
2.275625765323638916e-01
4.061903953552246094e-01
1.185415029525756836e+00
3.773098438978195190e-02
2.613608837127685547e-01
9.883094429969787598e-01
8.815053701400756836e-01
2.424663305282592773e-01
9.055880308151245117e-01
2.879090905189514160e-01
5.216646790504455566e-01
2.362824827432632446e-01
3.558394908905029297e-01
1.055871620774269104e-01
2.301320582628250122e-01
1.142300009727478027e+00
5.793540179729461670e-02
8.294683098793029785e-01
2.350540012121200562e-01
1.889666318893432617e-01
1.310492455959320068e-01
8.493171334266662598e-01
1.995770633220672607e-01
1.226474344730377197e-01
5.842757821083068848e-01
9.534704089164733887e-01
4.932465851306915283e-01
5.638406276702880859e-01
2.019302248954772949e-01
1.669351339340209961e+00
7.557553648948669434e-01
2.758098207414150238e-02
8.140859603881835938e-01
6.110028028488159180e-01
1.347677409648895264e-01
1.667820572853088379e+00
1.655833840370178223e+00
2.395338058471679688e+00
1.460386067628860474e-01
2.423274993896484375e+00
2.198971509933471680e+00
2.686515092849731445e+00
1.236859709024429321e-01
6.506702899932861328e-01
9.813295304775238037e-02
1.083485186100006104e-01
4.023228645324707031e+00
2.442611008882522583e-02
1.434208869934082031e+00
3.981099724769592285e-01
2.141600251197814941e-01
6.487677693367004395e-01
1.000240910798311234e-02
9.345999360084533691e-02
4.205365478992462158e-01
2.373671233654022217e-01
1.846298217773437500e+00
6.771498918533325195e-02
1.347797274589538574e+00
3.971857726573944092e-01
4.883917272090911865e-01
5.896954536437988281e-01
9.676043689250946045e-02
6.850493699312210083e-02
6.068708300590515137e-01
4.600405097007751465e-01
1.480661153793334961e+00
1.052352786064147949e+00
5.196805000305175781e-01
2.052613794803619385e-01
4.802652597427368164e-01
1.425326108932495117e+00
8.963837623596191406e-01
1.454773843288421631e-01
1.631804227828979492e+00
2.571189165115356445e+00
9.619392156600952148e-01
9.663096070289611816e-01
2.550211250782012939e-01
2.539077401161193848e-01
7.308381143957376480e-03
2.460812591016292572e-02
4.899704828858375549e-02
3.717728555202484131e-01
5.521705746650695801e-01
8.800376951694488525e-02
4.660081118345260620e-03
3.724513649940490723e-01
1.010512948036193848e+00
8.564801812171936035e-01
6.585995554924011230e-01
1.634134054183959961e+00
1.557752966880798340e+00
9.775329381227493286e-02
2.655845284461975098e-01
8.942818641662597656e-01
1.712343990802764893e-01
2.779848575592041016e-01
1.607990860939025879e+00
1.442312002182006836e+00
4.821147620677947998e-01
1.419173717498779297e+00
1.842133522033691406e+00
7.034472227096557617e-01
1.784381121397018433e-01
3.863851726055145264e-01
8.996055275201797485e-02
2.777604460716247559e-01
6.012872792780399323e-03
6.530068397521972656e+00
1.360104799270629883e+00
6.036710739135742188e-02
7.087597846984863281e-01
3.009856462478637695e+00
4.200623929500579834e-01
6.509266048669815063e-02
6.520051956176757812e-01
0.000000000000000000e+00
1.545263677835464478e-01
1.880860626697540283e-01
1.917732805013656616e-01
2.719914913177490234e-01
1.691213369369506836e+00
1.553158164024353027e+00
3.549743890762329102e-01
1.063339635729789734e-01
2.192598432302474976e-01
2.535301685333251953e+00
2.740043997764587402e-01
9.439624845981597900e-02
0.000000000000000000e+00
1.434226870536804199e+00
1.418768465518951416e-01
1.680542588233947754e+00
3.010715842247009277e-01
5.086715817451477051e-01
2.103662490844726562e-01
1.395053714513778687e-01
4.719120860099792480e-01
4.017979502677917480e-01
4.219063222408294678e-01
1.040876269340515137e+00
1.541387557983398438e+00
6.902399659156799316e-01
4.500865638256072998e-01
2.219272136688232422e+00
5.383761525154113770e-01
6.359530687332153320e-01
6.606146097183227539e-01
2.236622720956802368e-01
1.060170292854309082e+00
1.037580013275146484e+00
1.640587300062179565e-01
2.650296129286289215e-02
2.638941109180450439e-01
1.590861678123474121e+00
1.558073282241821289e+00
6.571966689079999924e-03
2.522831201553344727e+00
2.022445201873779297e-02
1.372266095131635666e-02
2.926596999168395996e-01
2.112717777490615845e-01
0.000000000000000000e+00
2.579295933246612549e-01
3.186639845371246338e-01
3.397865295410156250e-01
3.925547301769256592e-01
8.231908679008483887e-01
1.378294944763183594e+00
3.085363507270812988e-01
1.808907628059387207e+00
7.704756855964660645e-01
1.506212819367647171e-02
4.359591305255889893e-01
1.641825884580612183e-01
2.887776792049407959e-01
1.296196818351745605e+00
1.252872636541724205e-03
4.587592184543609619e-01
4.370212554931640625e-01
4.683564901351928711e-01
1.885882914066314697e-01
2.494866549968719482e-01
6.585071235895156860e-02
4.898781180381774902e-01
3.659422397613525391e-01
3.212022781372070312e-01
8.365750312805175781e-01
6.683149337768554688e-01
1.250793337821960449e+00
1.103376876562833786e-02
1.032618209719657898e-01
2.624445557594299316e-01
1.056388765573501587e-01
1.437997460365295410e+00
2.551743984222412109e+00
0.000000000000000000e+00
0.000000000000000000e+00
6.566348075866699219e-01
1.860479116439819336e+00
1.487696766853332520e+00
6.204225495457649231e-02
9.385569393634796143e-02
5.692795753479003906e+00
7.669615745544433594e-01
7.866851091384887695e-01
6.989174485206604004e-01
1.294895172119140625e+00
3.753708839416503906e+00
1.009179353713989258e+00
0.000000000000000000e+00
1.494060635566711426e+00
1.352670253254473209e-03
6.390151381492614746e-02
3.197245299816131592e-01
3.856778144836425781e-01
2.353853434324264526e-01
9.227286577224731445e-01
5.561919882893562317e-03
1.889626681804656982e-01
7.727892696857452393e-02
1.848317503929138184e+00
1.561799943447113037e-01
5.904079973697662354e-02
4.770454764366149902e-01
1.737310178577899933e-02
1.857343435287475586e+00
2.571284294128417969e+00
2.069955132901668549e-02
9.465602040290832520e-01
3.583641946315765381e-01
6.586993485689163208e-02
3.730018377304077148e+00
1.477437973022460938e+00
2.612766742706298828e+00
7.234088331460952759e-02
2.502729415893554688e+00
2.179961502552032471e-01
5.826340317726135254e-01
2.455823421478271484e+00
2.904796004295349121e-01
2.787907123565673828e-01
5.430586934089660645e-01
7.885840535163879395e-01
3.644209802150726318e-01
9.095469117164611816e-01
8.677563667297363281e-01
4.644223675131797791e-02
6.030820012092590332e-01
4.558272063732147217e-01
2.520022630691528320e+00
1.779937148094177246e+00
1.386742666363716125e-02
1.493698451668024063e-02
1.033988833427429199e+00
1.768527626991271973e+00
4.637371897697448730e-01
7.419741712510585785e-03
6.526597142219543457e-01
0.000000000000000000e+00
4.470522105693817139e-01
2.660781741142272949e-01
2.275433391332626343e-01
8.247548341751098633e-01
3.896440863609313965e-01
1.882610321044921875e-01
5.735785365104675293e-01
1.378935575485229492e-01
6.689242720603942871e-01
3.782826960086822510e-01
5.204197764396667480e-02
1.263885647058486938e-01
1.004691123962402344e+00
3.450934171676635742e+00
3.150489568710327148e+00
0.000000000000000000e+00
1.019916534423828125e-01
0.000000000000000000e+00
5.265373587608337402e-01
2.679280340671539307e-01
1.776238344609737396e-02
7.435509562492370605e-02
2.144275158643722534e-01
7.076182365417480469e-01
4.944452643394470215e-01
2.141900300979614258e+00
3.799499273300170898e-01
2.806096151471138000e-02
1.061725839972496033e-01
7.799507379531860352e-01
3.927293419837951660e-01
7.225582748651504517e-02
7.568215131759643555e-01
1.612167358398437500e+00
1.784109324216842651e-01
2.527278661727905273e-01
5.515884980559349060e-02
1.059012651443481445e+00
1.995081186294555664e+00
4.680865108966827393e-01
1.877991557121276855e-01
5.027425885200500488e-01
1.329945325851440430e+00
7.557926326990127563e-02
3.052216470241546631e-01
1.636739969253540039e+00
3.140075504779815674e-01
1.011869311332702637e+00
1.039692759513854980e+00
1.923185214400291443e-02
3.977836966514587402e-01
1.386118412017822266e+00
2.521756291389465332e-01
1.274354100227355957e+00
2.990657329559326172e+00
3.308387994766235352e-01
9.236361831426620483e-02
4.935484007000923157e-02
1.048799697309732437e-02
3.107997477054595947e-01
1.071385201066732407e-02
8.928359150886535645e-01
6.599504351615905762e-01
4.708367586135864258e-01
1.453389376401901245e-01
1.060601115226745605e+00
2.980865351855754852e-02
5.966434478759765625e-01
2.227818489074707031e+00
3.929407596588134766e-01
2.570740580558776855e-01
9.218820929527282715e-01
9.265936017036437988e-01
4.120675086975097656e+00
2.551719188690185547e+00
1.591483235359191895e+00
7.055646181106567383e-01
3.019253492355346680e+00
1.642914772033691406e+00
1.653593778610229492e-01
1.740369081497192383e+00
3.450444936752319336e-01
9.198214113712310791e-02
1.092763692140579224e-01
1.169733524322509766e+00
4.948890209197998047e-01
2.163300961256027222e-01
1.380491971969604492e+00
1.711421832442283630e-02
1.462241172790527344e+00
9.555585682392120361e-03
5.752730965614318848e-01
6.874705553054809570e-01
4.241681098937988281e-01
1.019760489463806152e+00
6.276362538337707520e-01
2.374685257673263550e-01
8.457403630018234253e-02
1.923491358757019043e-01
5.891487598419189453e-01
1.842700093984603882e-01
2.610380947589874268e-01
2.836393117904663086e-01
1.219420954585075378e-01
6.391137838363647461e-01
3.207657933235168457e-01
1.188306808471679688e-01
2.502659082412719727e+00
2.669031498953700066e-03
1.741109788417816162e-01
3.717945516109466553e-02
4.233172416687011719e+00
1.725433468818664551e-01
1.912244558334350586e-01
9.994049072265625000e-01
1.013928651809692383e+00
7.713954448699951172e-01
8.687210083007812500e-01
2.111447155475616455e-01
5.114321708679199219e-01
2.033659629523754120e-02
2.924861311912536621e-01
3.589772582054138184e-01
9.597826004028320312e-01
4.660018682479858398e-01
4.817330539226531982e-01
6.970570087432861328e-01
4.049472808837890625e-01
2.109091520309448242e+00
1.714327454566955566e+00
0.000000000000000000e+00
5.553189516067504883e-01
2.820438385009765625e+00
7.687797304242849350e-03
4.225854575634002686e-02
9.024440050125122070e-01
3.082607686519622803e-01
1.043057322502136230e+00
9.822733402252197266e-01
1.690266877412796021e-01
3.495765328407287598e-01
3.263304829597473145e-01
2.256218671798706055e+00
1.235525131225585938e+00
7.533606886863708496e-01
6.182880699634552002e-02
7.394596934318542480e-01
6.162222623825073242e-01
7.728464603424072266e-01
1.776384562253952026e-02
8.777933120727539062e-01
1.177683353424072266e+00
5.241484642028808594e-01
3.852404057979583740e-01
2.935746610164642334e-01
4.007618129253387451e-02
6.793587207794189453e-01
2.952150106430053711e+00
2.621849775314331055e+00
4.655788838863372803e-01
2.717649638652801514e-01
1.385527551174163818e-01
1.225057959556579590e+00
4.504958987236022949e-01
7.205952703952789307e-02
6.316072940826416016e-01
2.726349830627441406e-01
4.445964004844427109e-03
1.273491263389587402e+00
9.060857892036437988e-01
1.250218868255615234e+00
5.109574198722839355e-01
6.426448225975036621e-01
1.246596097946166992e+00
6.366583704948425293e-01
2.753470182418823242e+00
7.466614246368408203e-01
1.868777093477547169e-03
4.413990676403045654e-02
1.089103296399116516e-01
9.887837767601013184e-01
1.516620069742202759e-01
3.987422883510589600e-01
1.140150725841522217e-01
7.566929459571838379e-01
4.660636186599731445e-02
2.014216899871826172e+00
5.102679729461669922e-01
1.410526130348443985e-02
1.217751979827880859e+00
6.157119870185852051e-01
5.038454532623291016e-01
5.145258903503417969e-01
3.038036637008190155e-02
5.556255578994750977e-02
1.409625727683305740e-02
2.581550180912017822e-01
1.953195482492446899e-01
9.768968820571899414e-02
2.445035725831985474e-01
2.987973764538764954e-02
4.395571053028106689e-01
1.482305675745010376e-01
1.040088772773742676e+00
4.941383749246597290e-02
4.508258402347564697e-01
1.767263293266296387e+00
1.415494978427886963e-01
1.768922656774520874e-01
1.977428555488586426e+00
1.279839754104614258e+00
3.039523601531982422e+00
3.757184147834777832e-01
1.174235865473747253e-01
3.038910031318664551e-01
4.006147861480712891e+00
5.424121379852294922e+00
1.087257027626037598e+00
3.080497384071350098e-01
1.012911438941955566e+00
4.818278253078460693e-01
4.781672954559326172e-01
1.792620420455932617e+00
5.134738683700561523e-01
6.440696716308593750e-01
5.017616748809814453e-01
1.957701891660690308e-02
8.590218424797058105e-01
4.512118995189666748e-01
1.010067224502563477e+00
5.016537308692932129e-01
6.884814500808715820e-01
1.338877249509096146e-02
2.844719588756561279e-01
0.000000000000000000e+00
1.224033594131469727e+00
6.822679638862609863e-01
3.013725519180297852e+00
9.299590587615966797e-01
3.288793861865997314e-01
1.136074662208557129e+00
2.009891904890537262e-02
3.329279422760009766e-01
7.997840642929077148e-02
2.518733441829681396e-01
3.869870677590370178e-02
7.510805726051330566e-01
2.257991790771484375e+00
1.016922950744628906e+00
6.905149221420288086e-01
5.057622909545898438e+00
1.918916255235671997e-01
5.701327919960021973e-01
2.264376431703567505e-01
2.249517440795898438e+00
3.032215237617492676e-01
6.974658370018005371e-01
2.646939158439636230e-01
3.931101262569427490e-01
2.843969166278839111e-01
4.804877281188964844e+00
2.225484251976013184e-01
4.972136616706848145e-01
3.521074056625366211e-01
1.825726777315139771e-01
5.890780091285705566e-01
7.452385127544403076e-02
3.037527501583099365e-01
6.176317855715751648e-02
1.746220439672470093e-01
6.583747863769531250e-01
2.033216059207916260e-01
1.373108755797147751e-02
7.275886088609695435e-02
7.904131412506103516e-01
1.108249783515930176e+00
3.066802397370338440e-03
6.572180241346359253e-02
1.926422566175460815e-01
9.432269334793090820e-01
2.044674158096313477e-01
4.117117226123809814e-01
2.175184786319732666e-01
8.547848463058471680e-02
1.880727171897888184e+00
3.052322566509246826e-01
1.119892358779907227e+00
1.466070115566253662e-02
1.024304032325744629e+00
7.047883868217468262e-01
1.630566418170928955e-01
2.442512065172195435e-01
4.650483131408691406e-01
1.269154101610183716e-01
7.770828008651733398e-01
1.934020407497882843e-02
4.837596416473388672e-01
4.714617133140563965e-01
6.592268943786621094e-01
1.934446692466735840e+00
1.268217563629150391e+00
2.351797580718994141e+00
7.454441785812377930e-01
8.748958110809326172e-01
1.507397145032882690e-01
4.917783141136169434e-01
1.068553805351257324e+00
1.728867888450622559e-01
7.147929668426513672e-01
1.159797072410583496e+00
1.921805381774902344e+00
6.282285600900650024e-02
3.435910344123840332e-01
1.048962473869323730e+00
7.835509777069091797e-01
8.962605595588684082e-01
1.707266569137573242e+00
1.401938319206237793e+00
5.215333700180053711e-01
4.581339359283447266e-01
2.507124841213226318e-02
7.637640237808227539e-01
6.370959877967834473e-01
1.099602341651916504e+00
2.213170528411865234e-01
2.669875919818878174e-01
3.733583688735961914e-01
9.097884595394134521e-02
6.245275139808654785e-01
1.263628005981445312e+00
4.291699528694152832e-01
2.631441652774810791e-01
1.038424849510192871e+00
3.528383970260620117e-01
8.638941496610641479e-02
4.213184416294097900e-01
1.354292273521423340e+00
2.468822058290243149e-03
1.875436902046203613e-01
1.046204492449760437e-01
2.204338312149047852e+00
1.542008638381958008e+00
1.273862123489379883e+00
7.119858264923095703e-01
1.111659169197082520e+00
5.593246221542358398e-01
3.648852825164794922e+00
1.493072509765625000e-01
7.389898300170898438e-01
2.730526626110076904e-01
6.062859296798706055e-01
3.929144740104675293e-01
3.171458244323730469e-01
0.000000000000000000e+00
8.672794327139854431e-03
2.408393144607543945e+00
5.640590190887451172e-01
4.934041500091552734e-01
3.107400834560394287e-01
0.000000000000000000e+00
1.182382225990295410e+00
4.632933437824249268e-01
8.012714982032775879e-01
9.155486226081848145e-01
3.156763315200805664e-01
1.757290840148925781e+00
4.840070381760597229e-02
1.495609521865844727e+00
2.129701524972915649e-01
1.646795272827148438e-01
1.515771627426147461e+00
3.584782779216766357e-01
9.346892684698104858e-02
5.099705457687377930e-01
1.974230527877807617e+00
1.149914026260375977e+00
4.665454924106597900e-01
2.022615401074290276e-03
5.300668478012084961e-01
3.076236844062805176e-01
2.081980258226394653e-01
0.000000000000000000e+00
3.176758885383605957e-01
5.728808641433715820e-01
8.799580335617065430e-01
