1.541852205991744995e-01
2.480416744947433472e-01
2.819008827209472656e-01
5.683507770299911499e-02
4.338346049189567566e-02
2.527070999145507812e+00
5.336900353431701660e-01
3.568975925445556641e-01
1.150382399559020996e+00
5.447854753583669662e-03
1.150056868791580200e-01
8.269863724708557129e-01
4.680125415325164795e-02
1.447893381118774414e-01
1.667708754539489746e-01
1.573065668344497681e-02
0.000000000000000000e+00
7.229452133178710938e-01
6.100980639457702637e-01
1.045429468154907227e+00
1.113397240638732910e+00
1.035568118095397949e-01
7.131978869438171387e-01
1.227504611015319824e-01
2.092633545398712158e-01
2.310570329427719116e-01
6.586598753929138184e-01
1.793834716081619263e-01
3.147814273834228516e-01
0.000000000000000000e+00
8.594604134559631348e-01
9.284614324569702148e-01
1.380368024110794067e-01
1.757529377937316895e-01
2.163738310337066650e-01
7.868565320968627930e-01
9.992665797472000122e-02
4.612658619880676270e-01
1.145863011479377747e-01
3.688953518867492676e-01
8.132746815681457520e-01
1.252981126308441162e-01
4.969708323478698730e-01
9.794552326202392578e-01
4.409282654523849487e-02
7.164756208658218384e-02
8.343611657619476318e-02
0.000000000000000000e+00
0.000000000000000000e+00
2.904221415519714355e-01
1.455678492784500122e-01
7.243284583091735840e-02
9.522834792733192444e-03
7.987367510795593262e-01
5.009545087814331055e-01
1.190311685204505920e-01
4.211186468601226807e-01
0.000000000000000000e+00
5.059071816504001617e-03
5.762679036706686020e-03
4.301367104053497314e-01
3.172468245029449463e-01
2.770082056522369385e-01
8.143085241317749023e-02
1.550981104373931885e-01
1.499547511339187622e-01
1.395353823900222778e-01
4.710882186889648438e+00
2.050501704216003418e-01
0.000000000000000000e+00
2.574021220207214355e-01
6.629702448844909668e-02
0.000000000000000000e+00
1.204966902732849121e-01
1.778498291969299316e+00
3.650107979774475098e-02
4.831311404705047607e-01
1.712482422590255737e-01
3.625823557376861572e-01
3.063513338565826416e-01
6.470591425895690918e-01
1.095224404707551003e-03
2.567710354924201965e-02
0.000000000000000000e+00
1.077095717191696167e-01
1.182234007865190506e-02
4.512702524662017822e-01
2.338522300124168396e-02
5.726081132888793945e-01
1.085109114646911621e-01
6.459301803261041641e-03
2.907641232013702393e-01
1.608953922986984253e-01
2.195321619510650635e-01
2.359074056148529053e-01
2.876455485820770264e-01
1.396402597427368164e+00
0.000000000000000000e+00
8.872283101081848145e-01
1.067877292633056641e+00
0.000000000000000000e+00
8.769077807664871216e-02
1.023706316947937012e+00
1.392029643058776855e+00
4.127113521099090576e-01
9.592811763286590576e-02
6.961388140916824341e-02
1.008055359125137329e-01
3.097071647644042969e-01
5.574681162834167480e-01
3.681635260581970215e-01
7.993019223213195801e-01
4.169932305812835693e-01
1.518803387880325317e-01
1.207051515579223633e+00
1.248619109392166138e-01
3.551310300827026367e-01
6.247890591621398926e-01
4.273076653480529785e-01
2.118402957916259766e+00
5.956462621688842773e-01
0.000000000000000000e+00
7.238499522209167480e-01
6.879772990942001343e-02
6.263122081756591797e+00
1.846412941813468933e-02
8.892708271741867065e-02
1.592633605003356934e+00
0.000000000000000000e+00
1.029380504041910172e-02
6.812902688980102539e-01
9.285486340522766113e-01
0.000000000000000000e+00
8.282496780157089233e-02
1.703043431043624878e-01
6.064043641090393066e-01
1.269086003303527832e-01
2.553082227706909180e+00
3.535909891128540039e+00
8.706052303314208984e-01
3.935796022415161133e-02
3.045507073402404785e-01
4.707153737545013428e-01
1.888367384672164917e-01
2.818528562784194946e-02
0.000000000000000000e+00
6.366158127784729004e-01
1.593195796012878418e-01
0.000000000000000000e+00
1.956909000873565674e-01
6.914197206497192383e-01
8.785122074186801910e-03
1.245856404304504395e+00
7.999633997678756714e-02
5.174872279167175293e-02
4.461636543273925781e-01
1.796812005341053009e-02
7.274508476257324219e-01
6.434942036867141724e-02
3.008720576763153076e-01
1.178713589906692505e-01
0.000000000000000000e+00
2.964229881763458252e-01
1.504043042659759521e-01
9.507687389850616455e-02
8.719181418418884277e-01
0.000000000000000000e+00
5.320205818861722946e-03
8.441792428493499756e-02
4.855340719223022461e-01
6.281174421310424805e-01
1.592806577682495117e-01
5.445793271064758301e-01
8.680775761604309082e-02
0.000000000000000000e+00
0.000000000000000000e+00
1.404852257110178471e-03
9.172611832618713379e-01
6.045483425259590149e-02
7.255058884620666504e-01
1.966208338737487793e+00
9.199053049087524414e-02
9.856059551239013672e-01
3.290001302957534790e-03
5.176851749420166016e-01
1.491150539368391037e-02
1.481815218925476074e+00
5.861939787864685059e-01
3.142563626170158386e-02
0.000000000000000000e+00
4.076984226703643799e-01
1.247957572340965271e-01
1.320302207022905350e-02
4.979543760418891907e-02
0.000000000000000000e+00
1.031223982572555542e-01
1.755960583686828613e+00
1.636632323265075684e+00
4.344562068581581116e-02
5.300768613815307617e-01
0.000000000000000000e+00
7.252251505851745605e-01
2.076285704970359802e-02
1.198061332106590271e-01
1.067986115813255310e-01
1.936407238245010376e-01
3.941189125180244446e-02
1.284505128860473633e+00
0.000000000000000000e+00
3.850628808140754700e-02
8.023650944232940674e-02
1.663134813308715820e+00
6.346077192574739456e-03
3.625996708869934082e-01
3.912253379821777344e-01
6.329126954078674316e-01
0.000000000000000000e+00
3.427689790725708008e+00
5.681646242737770081e-02
4.325548410415649414e-01
1.714244931936264038e-01
3.740810602903366089e-02
8.947903662919998169e-02
0.000000000000000000e+00
2.300766706466674805e-01
2.569050490856170654e-01
1.232619509100914001e-01
2.523213922977447510e-01
2.409512698650360107e-01
1.178200766444206238e-01
0.000000000000000000e+00
3.263507410883903503e-02
6.978858113288879395e-01
2.995061315596103668e-02
1.727804094552993774e-01
1.806004941463470459e-01
1.713969707489013672e-01
1.819263994693756104e-01
0.000000000000000000e+00
1.832306198775768280e-02
9.741828590631484985e-02
5.983543395996093750e-01
1.918680369853973389e-01
1.048609972000122070e+00
1.501737684011459351e-01
1.432027965784072876e-01
0.000000000000000000e+00
7.902831584215164185e-02
6.653811316937208176e-03
2.435765117406845093e-01
1.842027604579925537e-01
3.270091712474822998e-01
8.401823043823242188e-01
0.000000000000000000e+00
2.328770756721496582e-01
0.000000000000000000e+00
0.000000000000000000e+00
9.860572218894958496e-02
1.150436028838157654e-01
2.348866313695907593e-01
3.110083751380443573e-02
2.811475992202758789e-01
1.161948084831237793e+00
4.856695607304573059e-02
8.669888973236083984e-02
0.000000000000000000e+00
7.425266504287719727e-02
5.282673612236976624e-02
5.591405555605888367e-02
7.539182305335998535e-01
1.240831375122070312e+00
1.701419986784458160e-02
1.208758652210235596e-01
2.177837193012237549e-01
2.241862565279006958e-01
3.106276094913482666e-01
6.277934312820434570e-01
2.611819207668304443e-01
1.370301246643066406e-01
2.068480253219604492e-01
3.188195228576660156e-01
2.819657325744628906e-01
0.000000000000000000e+00
2.298137173056602478e-02
1.402347385883331299e-01
3.819910883903503418e-01
1.074527800083160400e-01
8.360828505828976631e-04
2.083324909210205078e+00
7.473412156105041504e-01
2.356211096048355103e-02
9.808934479951858521e-02
6.524693220853805542e-03
1.362427026033401489e-01
5.139938741922378540e-02
5.628371238708496094e-01
1.187202855944633484e-01
3.903350830078125000e-01
5.432794094085693359e-01
1.657613217830657959e-01
3.205380737781524658e-01
1.211195945739746094e+00
4.312267005443572998e-01
3.941478431224822998e-01
0.000000000000000000e+00
4.610576629638671875e-01
7.980710268020629883e-02
3.411052823066711426e-01
7.211641669273376465e-01
2.058295458555221558e-01
6.003497242927551270e-01
1.034760400652885437e-01
9.633072614669799805e-01
4.367849230766296387e-02
9.662939310073852539e-01
4.289233088493347168e-01
2.170622050762176514e-01
4.667387530207633972e-02
2.848815917968750000e-01
3.088519573211669922e-01
1.438360363245010376e-01
3.628817200660705566e-01
4.044070243835449219e-01
1.638959348201751709e-01
1.698643416166305542e-01
4.106320738792419434e-01
2.400305420160293579e-01
1.698264718055725098e+00
1.634412556886672974e-01
6.057988405227661133e-01
6.857656687498092651e-02
3.974509000778198242e+00
2.227455079555511475e-01
1.039095669984817505e-01
5.130688473582267761e-02
6.096609234809875488e-01
8.784078806638717651e-02
2.021021395921707153e-01
4.691770374774932861e-01
3.553057089447975159e-02
9.172637015581130981e-02
6.563473492860794067e-02
2.019996792078018188e-01
3.164918720722198486e-01
7.161159813404083252e-02
3.275642693042755127e-01
2.116928845643997192e-01
4.204632639884948730e-01
7.353335153311491013e-03
5.411928892135620117e-02
2.444389164447784424e-01
0.000000000000000000e+00
3.985542654991149902e-01
0.000000000000000000e+00
1.810843348503112793e-01
4.611606597900390625e-01
1.270388253033161163e-02
3.111615478992462158e-01
3.045874536037445068e-01
9.997596740722656250e-01
1.763661056756973267e-01
3.336269259452819824e-01
2.186046540737152100e-01
5.367785096168518066e-01
0.000000000000000000e+00
2.104943394660949707e-01
2.168016284704208374e-01
0.000000000000000000e+00
1.397655927576124668e-03
2.069136351346969604e-01
0.000000000000000000e+00
7.343542762100696564e-03
2.611427605152130127e-01
4.291515350341796875e-01
1.150444626808166504e+00
4.010383784770965576e-01
9.174252301454544067e-02
5.443594232201576233e-02
1.240969896316528320e+00
6.015390157699584961e-01
4.312695980072021484e+00
9.151768684387207031e-01
1.109896659851074219e+00
1.890865564346313477e-01
7.598771154880523682e-02
6.113773584365844727e-02
7.277214527130126953e-02
7.594460994005203247e-02
0.000000000000000000e+00
2.935216426849365234e-01
3.866853415966033936e-01
4.468507692217826843e-02
0.000000000000000000e+00
5.080491676926612854e-02
5.657474398612976074e-01
4.660743474960327148e-01
9.480806440114974976e-02
5.501615405082702637e-01
4.632893204689025879e-02
6.306932773441076279e-03
4.435468316078186035e-01
1.504732072353363037e-01
0.000000000000000000e+00
5.152395367622375488e-01
1.470916345715522766e-02
6.174656003713607788e-02
2.478675246238708496e-01
8.266861736774444580e-02
5.095118284225463867e-01
1.029709428548812866e-01
7.079274952411651611e-02
1.427327245473861694e-01
1.935374140739440918e-01
1.768426299095153809e-01
1.056986927986145020e+00
4.555120319128036499e-02
2.257701754570007324e-01
8.540380001068115234e-01
4.913205653429031372e-02
1.888370364904403687e-01
3.001033365726470947e-01
1.698774695396423340e+00
3.363354802131652832e-01
2.395096272230148315e-01
4.209600687026977539e-01
1.177453041076660156e+00
2.095043897628784180e+00
1.004964709281921387e-01
6.725871562957763672e-02
2.076384872198104858e-01
1.836069673299789429e-02
4.134770631790161133e-01
2.423143625259399414e+00
5.745287537574768066e-01
5.366220697760581970e-02
2.859314918518066406e+00
3.523441404104232788e-02
0.000000000000000000e+00
7.765996456146240234e-02
3.800026774406433105e-01
8.689645677804946899e-02
3.016656264662742615e-02
1.034460961818695068e-01
2.018163055181503296e-01
1.257454752922058105e-01
9.838505648076534271e-03
9.714610129594802856e-02
8.125704526901245117e-02
1.273875087499618530e-01
3.428245186805725098e-01
6.695712208747863770e-01
2.581580579280853271e-01
1.525124907493591309e-01
2.931794226169586182e-01
6.988352537155151367e-01
8.482293039560317993e-02
1.873467862606048584e-02
3.738996028900146484e+00
9.638411998748779297e-01
1.925371401011943817e-02
2.156116254627704620e-02
1.941321253776550293e+00
8.209114074707031250e-01
8.109929561614990234e-01
3.897408545017242432e-01
3.843035101890563965e-01
0.000000000000000000e+00
3.467576205730438232e-01
1.332680583000183105e-01
0.000000000000000000e+00
2.797152996063232422e-01
1.438229918479919434e+00
4.652577400207519531e+00
1.015055894851684570e+00
7.619049400091171265e-02
2.388327419757843018e-01
3.895632922649383545e-02
4.279132783412933350e-01
1.954215317964553833e-01
1.945165693759918213e-01
2.175208181142807007e-01
8.016588538885116577e-02
1.572789549827575684e-01
1.935786195099353790e-02
1.011895895004272461e+00
3.026072382926940918e-01
0.000000000000000000e+00
1.881966739892959595e-02
2.579400837421417236e-01
3.442791849374771118e-02
1.022613644599914551e+00
1.050828211009502411e-02
6.167532503604888916e-02
1.548977009952068329e-02
1.543823242187500000e+00
1.279533058404922485e-01
1.426919102668762207e+00
6.396191120147705078e-01
5.943333506584167480e-01
1.627463221549987793e+00
4.813119396567344666e-02
1.553641632199287415e-02
9.984237551689147949e-01
7.982320785522460938e-01
5.125780105590820312e-01
5.448961257934570312e-02
1.303225308656692505e-01
1.729040779173374176e-02
1.190103769302368164e+00
2.484613358974456787e-01
1.282092332839965820e+00
1.376087784767150879e+00
1.704376220703125000e+00
2.735133050009608269e-03
1.768673539161682129e+00
6.956888437271118164e-01
6.478970646858215332e-01
2.168098688125610352e-01
2.695854902267456055e+00
0.000000000000000000e+00
9.313460588455200195e-01
6.611950993537902832e-01
1.525561094284057617e+00
1.065370291471481323e-01
1.057118829339742661e-02
9.487438797950744629e-01
7.213186025619506836e-01
5.025786906480789185e-02
2.727925479412078857e-01
9.360158815979957581e-03
1.148978769779205322e-01
6.711863279342651367e-01
1.836685538291931152e+00
1.396515518426895142e-01
4.125354588031768799e-01
4.757359623908996582e-01
1.544204354286193848e-01
2.513533532619476318e-01
1.053368821740150452e-01
4.657269954681396484e+00
6.152358651161193848e-01
1.084605306386947632e-01
3.062386751174926758e+00
3.767701387405395508e-01
1.298512984067201614e-02
1.058369755744934082e+00
1.687803268432617188e+00
4.567876458168029785e-01
3.113321661949157715e-01
2.791203558444976807e-01
0.000000000000000000e+00
4.108751118183135986e-01
9.379060566425323486e-02
3.670964797493070364e-04
6.110928487032651901e-03
1.021633893251419067e-01
2.631313982419669628e-04
9.025724721141159534e-04
9.396565556526184082e-01
4.848460853099822998e-02
2.975463271141052246e-01
0.000000000000000000e+00
5.704058334231376648e-02
5.369589850306510925e-02
9.386654198169708252e-02
1.801097512245178223e+00
9.954630136489868164e-01
4.474221765995025635e-01
4.607864841818809509e-02
1.253559470176696777e+00
2.111745923757553101e-01
1.925856433808803558e-02
7.109901309013366699e-01
0.000000000000000000e+00
9.516124427318572998e-02
7.828121781349182129e-01
0.000000000000000000e+00
1.345771253108978271e-01
1.722229957580566406e+00
1.450108140707015991e-01
6.450000405311584473e-01
1.321282237768173218e-01
0.000000000000000000e+00
4.318434298038482666e-01
1.965525932610034943e-02
1.934005737304687500e+00
5.202413722872734070e-02
1.325029134750366211e-01
3.422862052917480469e+00
1.245491579174995422e-01
1.403028964996337891e-01
4.579139232635498047e+00
1.045525446534156799e-01
0.000000000000000000e+00
2.256869822740554810e-01
1.994561672210693359e+00
4.908752813935279846e-02
1.568195819854736328e-01
1.516686379909515381e-01
0.000000000000000000e+00
7.212176322937011719e-01
6.565004121512174606e-03
8.759743720293045044e-02
3.469611406326293945e+00
4.128938913345336914e-02
0.000000000000000000e+00
1.957666575908660889e-01
2.040686458349227905e-01
1.611492931842803955e-01
4.429947733879089355e-01
2.346274256706237793e-02
6.953024864196777344e-01
1.459750980138778687e-01
1.218145489692687988e+00
3.965751454234123230e-02
7.973296642303466797e-01
2.107971012592315674e-01
5.222125053405761719e-01
7.414014935493469238e-01
3.005758821964263916e-01
3.309479057788848877e-01
5.354791879653930664e-01
1.041449546813964844e+00
1.915088593959808350e-01
7.689033746719360352e-01
6.031764745712280273e-01
2.986111119389533997e-02
8.603873848915100098e-02
1.510875672101974487e-01
2.259335994720458984e+00
1.302631974220275879e+00
1.106216460466384888e-01
0.000000000000000000e+00
8.146551251411437988e-02
1.146317273378372192e-01
1.607238650321960449e-01
8.926811814308166504e-01
8.544974960386753082e-03
1.811296343803405762e-01
1.931802332401275635e-01
1.042498201131820679e-01
9.047403335571289062e-01
3.033941090106964111e-01
1.109491437673568726e-01
7.520999312400817871e-01
3.718124330043792725e-01
3.530132472515106201e-01
1.918097585439682007e-01
0.000000000000000000e+00
1.453005671501159668e-01
1.723233759403228760e-01
5.528883337974548340e-01
3.338632583618164062e+00
4.525858163833618164e-01
2.020999044179916382e-01
4.618746638298034668e-01
0.000000000000000000e+00
5.914713144302368164e-01
7.605138421058654785e-01
1.792957186698913574e-01
2.941784620285034180e+00
9.216053783893585205e-02
2.098827838897705078e+00
2.266446202993392944e-01
2.634030282497406006e-01
1.005999967455863953e-01
1.274563521146774292e-01
1.171628087759017944e-01
7.407783269882202148e-01
9.594050645828247070e-01
4.281279444694519043e-01
1.100931048393249512e+00
2.426808699965476990e-02
0.000000000000000000e+00
4.099798388779163361e-03
1.153271719813346863e-01
2.552735567092895508e+00
0.000000000000000000e+00
1.810091018676757812e+00
1.424361318349838257e-01
4.766206741333007812e+00
1.256090309470891953e-02
1.141526270657777786e-02
1.976734101772308350e-01
2.642462849617004395e-01
1.241152405738830566e+00
3.626161720603704453e-03
1.209061622619628906e+00
9.818463586270809174e-03
3.391095101833343506e-01
1.110894799232482910e+00
4.492562729865312576e-03
4.721379280090332031e-02
8.555772155523300171e-02
4.016384184360504150e-01
0.000000000000000000e+00
0.000000000000000000e+00
6.085591316223144531e-01
1.032319292426109314e-01
0.000000000000000000e+00
4.729412496089935303e-01
2.829234302043914795e-01
1.511935949325561523e+00
1.332849916070699692e-02
3.661269247531890869e-01
6.335260272026062012e-01
4.815283119678497314e-01
3.935390617698431015e-03
1.733798831701278687e-01
4.120374917984008789e-01
1.030739769339561462e-01
5.194827914237976074e-02
0.000000000000000000e+00
5.136901512742042542e-02
7.935294508934020996e-01
8.679851889610290527e-02
1.219329535961151123e-01
7.708013057708740234e-02
5.098951049149036407e-03
4.210714101791381836e-01
1.141456887125968933e-01
3.491005003452301025e-01
6.863450258970260620e-02
3.910017013549804688e-02
3.221102654933929443e-01
2.188940905034542084e-02
2.819775044918060303e-02
6.858930736780166626e-02
8.020563125610351562e-01
0.000000000000000000e+00
6.650468707084655762e-01
2.656537592411041260e-01
5.965162441134452820e-02
3.015981674194335938e+00
8.824552409350872040e-03
4.762160778045654297e-01
6.971038132905960083e-02
5.890322104096412659e-02
2.125077992677688599e-01
1.603233814239501953e-01
7.142577767372131348e-01
1.109134554862976074e-01
1.999863982200622559e-02
4.224792420864105225e-01
4.380184412002563477e-01
4.037224501371383667e-02
4.371800422668457031e-01
2.544591724872589111e-01
1.387025356292724609e+00
4.710460603237152100e-01
2.645717859268188477e-01
2.489011548459529877e-02
6.892091035842895508e-02
1.224961504340171814e-01
1.348615437746047974e-01
4.045882448554039001e-02
1.008905470371246338e-02
8.728134632110595703e-01
2.426775455474853516e+00
4.864808619022369385e-01
1.705560833215713501e-02
7.195984125137329102e-01
4.827326238155364990e-01
6.884895265102386475e-02
2.892515659332275391e-01
2.553153634071350098e-01
8.834563777782022953e-05
0.000000000000000000e+00
0.000000000000000000e+00
3.034781515598297119e-01
2.980340272188186646e-02
2.059417068958282471e-01
8.213651776313781738e-01
8.659105896949768066e-01
3.726211786270141602e-01
7.205988764762878418e-01
1.643489003181457520e-01
8.814339041709899902e-01
9.878774173557758331e-03
9.247723966836929321e-03
1.073429509997367859e-01
4.123831093311309814e-01
1.881210505962371826e-01
1.552166819572448730e+00
0.000000000000000000e+00
3.647875487804412842e-01
3.460601903498172760e-03
1.111986160278320312e+00
1.866937637329101562e+00
1.792541861534118652e+00
3.645071387290954590e-01
1.619164645671844482e-02
3.870488703250885010e-01
1.541647166013717651e-01
3.778470307588577271e-02
1.629764199256896973e+00
9.548603743314743042e-02
2.075757831335067749e-01
3.933298215270042419e-02
1.418099403381347656e+00
1.437008619308471680e+00
1.957869976758956909e-01
2.176153101027011871e-02
1.126292943954467773e-01
0.000000000000000000e+00
6.272305250167846680e-01
1.566146612167358398e-01
3.964037895202636719e-01
6.048862636089324951e-02
0.000000000000000000e+00
1.112293675541877747e-01
1.432065516710281372e-01
5.432756543159484863e-01
3.442813456058502197e-02
3.871756196022033691e-01
2.979230582714080811e-01
5.507774651050567627e-02
1.774730719625949860e-02
9.553278982639312744e-02
4.798393249511718750e-01
1.773082911968231201e-01
1.053579896688461304e-01
1.906840130686759949e-03
8.958211541175842285e-02
2.084284782409667969e+00
2.729588150978088379e-01
8.956515789031982422e-02
3.657663241028785706e-02
3.390373289585113525e-01
2.173130661249160767e-01
3.916951641440391541e-02
1.623146422207355499e-02
1.989658921957015991e-01
1.075531318783760071e-01
3.577345311641693115e-01
0.000000000000000000e+00
3.779407590627670288e-02
3.699414730072021484e-01
4.862545803189277649e-02
1.226715803146362305e+00
1.720937341451644897e-02
1.924061059951782227e+00
2.929418981075286865e-01
1.519990563392639160e-01
1.046000480651855469e+00
2.784754037857055664e-01
1.658400297164916992e-01
6.049252152442932129e-01
1.822286844253540039e+00
7.945542223751544952e-03
0.000000000000000000e+00
2.154349237680435181e-01
1.559955775737762451e-01
2.046776376664638519e-02
3.778505921363830566e-01
1.585673242807388306e-01
2.474252134561538696e-01
6.745525449514389038e-02
6.262627243995666504e-02
0.000000000000000000e+00
1.682286560535430908e-01
1.000958919525146484e+00
1.278479248285293579e-01
2.192973643541336060e-01
2.738321125507354736e-01
4.098847508430480957e-01
2.743083238601684570e-01
8.676118403673171997e-02
9.567899629473686218e-03
2.172205924987792969e+00
1.005582571029663086e+00
4.722569882869720459e-01
2.685648202896118164e-01
1.388231664896011353e-02
0.000000000000000000e+00
1.631242223083972931e-02
4.850382804870605469e-01
7.395079731941223145e-02
8.674989640712738037e-02
4.553923308849334717e-01
8.876782655715942383e-02
1.984892599284648895e-02
1.386996060609817505e-01
0.000000000000000000e+00
5.378700792789459229e-02
5.427435040473937988e-01
3.631209582090377808e-02
7.712693214416503906e-01
1.012046813964843750e+00
3.400094062089920044e-02
2.068405002355575562e-01
2.348478287458419800e-01
4.992914497852325439e-01
1.185487732291221619e-01
9.436821341514587402e-01
7.143729329109191895e-01
1.931225776672363281e+00
1.738059401512145996e+00
2.796794414520263672e+00
1.985442042350769043e-01
2.098248153924942017e-01
1.138709187507629395e+00
0.000000000000000000e+00
1.029510865919291973e-03
0.000000000000000000e+00
6.178825721144676208e-02
6.728303432464599609e-02
1.112471580505371094e+00
0.000000000000000000e+00
0.000000000000000000e+00
0.000000000000000000e+00
0.000000000000000000e+00
4.708246588706970215e-01
3.171315416693687439e-02
5.815426707267761230e-01
4.211487248539924622e-02
2.702258229255676270e-01
3.078154474496841431e-02
4.184076786041259766e-01
1.267588287591934204e-01
2.405870854854583740e-01
1.050033941864967346e-01
3.235531151294708252e-01
1.653027236461639404e-01
1.171917557716369629e+00
1.212824583053588867e+00
2.368552535772323608e-01
0.000000000000000000e+00
1.359156817197799683e-01
2.113390415906906128e-01
2.988664209842681885e-01
1.324982196092605591e-01
2.731317840516567230e-02
5.173085629940032959e-02
2.420142412185668945e+00
3.159942924976348877e-01
3.579837977886199951e-01
1.334209144115447998e-01
2.044924497604370117e-01
8.799177408218383789e-02
0.000000000000000000e+00
2.405478805303573608e-01
1.599732041358947754e+00
8.866361342370510101e-03
3.542408049106597900e-01
1.961114883422851562e+00
6.443788409233093262e-01
1.082995980978012085e-01
1.435177564620971680e+00
1.063293740153312683e-01
1.284728292375802994e-03
3.809958398342132568e-01
1.218613684177398682e-01
1.124865293502807617e+00
5.247088074684143066e-01
3.001086235046386719e+00
1.167488336563110352e+00
1.192973971366882324e+00
2.040921688079833984e+00
1.934377104043960571e-01
2.295092046260833740e-01
0.000000000000000000e+00
8.416450023651123047e-02
4.883342888206243515e-03
4.785798490047454834e-02
6.096402183175086975e-03
7.012804746627807617e-01
1.495726704597473145e-01
1.886539578437805176e+00
0.000000000000000000e+00
3.265583276748657227e+00
1.649651646614074707e+00
3.781277537345886230e-01
6.947858929634094238e-01
3.224304690957069397e-02
8.720573387108743191e-04
7.573428153991699219e-01
2.474945038557052612e-01
3.341069519519805908e-01
3.777061104774475098e-01
1.524056345224380493e-01
5.423220396041870117e-01
5.405169725418090820e-02
1.557497531175613403e-01
1.638591140508651733e-01
3.694254159927368164e-01
9.368949569761753082e-03
8.326538801193237305e-01
1.429250370711088181e-02
2.927997410297393799e-01
3.912072181701660156e-01
2.333468943834304810e-01
1.688434004783630371e+00
1.978783905506134033e-01
2.726094722747802734e-01
2.570888698101043701e-01
2.257736325263977051e-01
1.657280176877975464e-01
0.000000000000000000e+00
9.834099411964416504e-01
9.100646376609802246e-01
6.017987430095672607e-02
3.145005181431770325e-02
6.059842649847269058e-03
1.205033779144287109e+00
4.374001920223236084e-01
2.963356971740722656e-01
3.718791529536247253e-02
2.238989025354385376e-01
5.092342495918273926e-01
3.594638705253601074e-01
1.792739629745483398e-01
6.346355378627777100e-02
1.851392090320587158e-01
3.603191852569580078e+00
6.435249000787734985e-02
4.549079015851020813e-02
5.689069032669067383e-01
1.030652284622192383e+00
4.790414124727249146e-02
3.933009803295135498e-01
3.978745639324188232e-01
0.000000000000000000e+00
7.054412364959716797e-01
2.556425519287586212e-02
9.636589325964450836e-03
2.207406610250473022e-02
2.377047240734100342e-01
1.139159202575683594e-01
5.384600758552551270e-01
2.602796852588653564e-01
6.017305329442024231e-02
1.550601869821548462e-01
3.078659474849700928e-01
8.941599167883396149e-03
1.560143083333969116e-01
3.389760851860046387e-02
0.000000000000000000e+00
8.197947405278682709e-03
0.000000000000000000e+00
0.000000000000000000e+00
4.669484198093414307e-01
3.231044858694076538e-02
3.885631263256072998e-02
2.895736396312713623e-01
4.485983550548553467e-01
1.406035851687192917e-02
0.000000000000000000e+00
2.583302557468414307e-01
7.752347588539123535e-01
1.329663097858428955e-01
2.268325351178646088e-02
0.000000000000000000e+00
8.316995501518249512e-01
1.113348007202148438e-01
4.467907249927520752e-01
3.812319040298461914e+00
9.305462837219238281e-01
1.978972852230072021e-01
1.070319442078471184e-03
1.559327989816665649e-01
6.444251537322998047e-02
1.370421797037124634e-01
9.372415542602539062e-01
8.646139502525329590e-02
2.498522996902465820e-01
1.894658207893371582e-01
3.825446963310241699e-01
5.183439701795578003e-02
1.292451381683349609e+00
1.723943799734115601e-01
8.469504117965698242e-02
7.145519852638244629e-01
4.299981892108917236e-01
4.146325886249542236e-01
2.849389612674713135e-02
1.345248669385910034e-01
0.000000000000000000e+00
3.731989860534667969e-01
3.031854750588536263e-03
5.745394527912139893e-02
2.514612860977649689e-02
1.250280439853668213e-02
2.266026586294174194e-01
1.078539490699768066e-01
1.577763445675373077e-02
1.764039625413715839e-03
1.888068914413452148e-01
7.561790943145751953e-02
2.053543329238891602e-01
4.794536828994750977e-01
5.049746632575988770e-01
9.262987412512302399e-03
7.510431408882141113e-01
0.000000000000000000e+00
0.000000000000000000e+00
3.373004794120788574e-01
7.510208338499069214e-02
2.298434525728225708e-01
9.559855461120605469e-01
9.919000864028930664e-01
2.429331541061401367e-01
3.601724803447723389e-01
3.457488119602203369e-01
1.102577708661556244e-02
1.816156625747680664e+00
1.519740223884582520e-01
9.996789693832397461e-01
2.701136399991810322e-04
1.242037564516067505e-01
2.901499867439270020e-01
1.279724240303039551e-01
4.201659262180328369e-01
1.492719203233718872e-01
1.481148958206176758e+00
1.835298985242843628e-01
5.093630030751228333e-02
4.268627464771270752e-01
2.034153044223785400e-01
6.136665865778923035e-02
7.683190703392028809e-02
3.080459497869014740e-02
6.970542073249816895e-01
5.768756568431854248e-02
1.650653243064880371e+00
2.647169530391693115e-01
6.951924562454223633e-01
9.375963807106018066e-01
1.727095723152160645e+00
7.947825193405151367e-01
1.118002459406852722e-01
0.000000000000000000e+00
0.000000000000000000e+00
9.824638813734054565e-02
7.820322513580322266e-01
7.068710029125213623e-02
8.578234314918518066e-01
0.000000000000000000e+00
1.025183573365211487e-01
5.590820312500000000e-01
6.758514791727066040e-02
7.208645343780517578e-01
4.797179698944091797e-01
2.119540125131607056e-01
2.264467328786849976e-01
0.000000000000000000e+00
8.461582474410533905e-03
9.395273029804229736e-02
4.573622718453407288e-03
1.289571970701217651e-01
8.240524530410766602e-01
9.316725730895996094e-01
6.425737142562866211e-01
1.685421168804168701e-01
1.969484984874725342e-02
3.888428211212158203e-01
2.747715264558792114e-02
9.486035257577896118e-02
6.386050581932067871e-01
0.000000000000000000e+00
5.567421913146972656e-01
1.667386054992675781e+00
7.940328717231750488e-01
1.812425404787063599e-01
2.786359190940856934e-01
1.717955350875854492e+00
2.332444339990615845e-01
1.276143193244934082e+00
1.608075201511383057e-01
1.336021870374679565e-01
1.538127064704895020e-01
4.002967104315757751e-02
3.507747352123260498e-01
4.363149106502532959e-01
2.510369988158345222e-03
2.271711640059947968e-02
2.567553520202636719e+00
6.082293987274169922e-01
1.074245758354663849e-02
2.102557718753814697e-01
2.154489606618881226e-01
1.844529271125793457e+00
3.017635084688663483e-02
8.304756283760070801e-01
9.876166284084320068e-02
1.244208291172981262e-01
1.583267301321029663e-01
6.648005247116088867e-01
6.217508018016815186e-02
1.944455057382583618e-01
6.898699793964624405e-03
0.000000000000000000e+00
9.938858151435852051e-01
5.350585579872131348e-01
1.734231412410736084e-01
3.224238380789756775e-02
2.135522663593292236e-01
4.085195362567901611e-01
5.698999762535095215e-01
4.777160286903381348e-01
0.000000000000000000e+00
1.973769962787628174e-01
4.868381842970848083e-02
1.224709153175354004e-01
3.369629085063934326e-01
3.631424903869628906e-02
9.169396013021469116e-03
1.231079936027526855e+00
7.045688480138778687e-02
6.113844458013772964e-03
1.063471511006355286e-01
0.000000000000000000e+00
1.114926412701606750e-01
2.285243421792984009e-01
1.591259986162185669e-01
3.216759264469146729e-01
6.443852186203002930e-01
0.000000000000000000e+00
1.390303134918212891e+00
1.567142367362976074e+00
3.705818057060241699e-01
5.041583776473999023e-01
2.446770906448364258e+00
1.645698770880699158e-02
9.962825179100036621e-01
6.636652350425720215e-02
1.338791847229003906e-02
3.497664928436279297e-01
1.934670656919479370e-01
5.030693858861923218e-02
0.000000000000000000e+00
0.000000000000000000e+00
5.196350812911987305e-01
1.229926384985446930e-02
2.939104437828063965e-01
4.332301616668701172e-01
3.040069639682769775e-01
1.807363480329513550e-01
0.000000000000000000e+00
4.818429797887802124e-02
2.455762326717376709e-01
6.384384632110595703e-01
7.523345947265625000e-01
8.396167159080505371e-01
3.358109891414642334e-01
4.625441972166299820e-03
8.510458469390869141e-02
1.501839160919189453e-01
2.111134827136993408e-01
2.031916752457618713e-02
9.478431344032287598e-01
4.445870965719223022e-02
4.539530277252197266e-01
6.220054626464843750e-02
1.582730710506439209e-01
3.965036869049072266e-01
8.611377328634262085e-03
1.312384754419326782e-01
2.179511785507202148e-01
2.320937395095825195e+00
1.074447154998779297e+00
2.444976568222045898e-01
3.042191080749034882e-02
1.426759362220764160e+00
6.864329576492309570e-01
0.000000000000000000e+00
6.009985208511352539e-01
3.556814491748809814e-01
6.445376574993133545e-02
9.973561763763427734e-01
0.000000000000000000e+00
1.168005913496017456e-01
0.000000000000000000e+00
1.771436482667922974e-01
1.539334803819656372e-01
9.704207628965377808e-02
0.000000000000000000e+00
0.000000000000000000e+00
2.558940649032592773e+00
2.659541741013526917e-02
1.648402065038681030e-01
5.490040779113769531e-01
5.670782327651977539e-01
8.030238747596740723e-01
1.398912072181701660e+00
4.577089473605155945e-02
9.525569528341293335e-02
1.486032307147979736e-01
2.762735076248645782e-02
3.071410655975341797e-01
0.000000000000000000e+00
5.146143957972526550e-02
5.177915468811988831e-02
2.616300284862518311e-01
1.376022696495056152e+00
1.612954214215278625e-02
1.400850117206573486e-01
5.170329213142395020e-01
7.066183090209960938e-01
4.069431722164154053e-01
1.286609768867492676e-01
3.904843330383300781e+00
1.399481594562530518e-01
5.286732316017150879e-02
8.291862905025482178e-03
6.122364476323127747e-02
5.048440933227539062e+00
1.513026468455791473e-02
1.570539027452468872e-01
1.482841670513153076e-01
1.725352406501770020e-01
2.099952846765518188e-01
4.583250880241394043e-01
6.202353835105895996e-01
5.924538709223270416e-03
2.031725598499178886e-03
8.620951324701309204e-02
0.000000000000000000e+00
1.617805659770965576e-01
0.000000000000000000e+00
0.000000000000000000e+00
3.077978491783142090e-01
4.089058842509984970e-03
1.234602406620979309e-01
3.273772820830345154e-02
2.414022237062454224e-01
1.941990405321121216e-01
6.870051473379135132e-02
3.467876464128494263e-02
5.702000856399536133e-02
3.054828941822052002e-01
4.159361720085144043e-01
7.950630038976669312e-02
4.111866466701030731e-03
4.161086305975914001e-02
2.562543392181396484e+00
0.000000000000000000e+00
0.000000000000000000e+00
1.341012269258499146e-01
6.974346935749053955e-02
1.925708353519439697e-02
1.148857831954956055e+00
7.201514244079589844e-01
1.081897690892219543e-01
5.891821980476379395e-01
1.146224960684776306e-01
5.862492322921752930e-02
1.407428979873657227e+00
4.461931809782981873e-02
1.796551793813705444e-01
6.157546490430831909e-02
2.036402374505996704e-02
7.444241084158420563e-03
1.541959494352340698e-01
5.646315217018127441e-02
2.163087129592895508e-01
1.836363315582275391e+00
2.731857538223266602e+00
6.200950145721435547e-01
6.489824503660202026e-03
9.907071590423583984e-01
3.451454639434814453e-01
2.795056626200675964e-02
9.204483032226562500e-01
4.612457752227783203e-01
4.838909488171339035e-03
1.467901468276977539e-01
1.843343526124954224e-01
7.323652505874633789e-02
0.000000000000000000e+00
2.365431040525436401e-01
6.208050847053527832e-01
7.397257536649703979e-02
2.967084646224975586e-01
5.777276679873466492e-02
3.182910680770874023e-01
2.160834819078445435e-01
2.904547154903411865e-01
4.586358368396759033e-01
2.928534269332885742e+00
2.098730951547622681e-02
2.613791823387145996e-02
0.000000000000000000e+00
1.351056993007659912e-01
5.590451508760452271e-02
4.355709254741668701e-01
2.636776685714721680e+00
1.694145239889621735e-02
1.401019562035799026e-02
1.362039614468812943e-02
6.130580604076385498e-02
3.490571081638336182e-01
1.723774790763854980e+00
3.695424795150756836e-01
7.063382267951965332e-01
1.539694309234619141e+00
1.375868767499923706e-01
2.228372395038604736e-01
2.127821445465087891e-01
1.046571359038352966e-01
6.174901723861694336e-01
1.008787527680397034e-01
7.072857618331909180e-01
9.667374193668365479e-02
7.769243121147155762e-01
2.857372760772705078e-01
0.000000000000000000e+00
2.281417697668075562e-01
0.000000000000000000e+00
4.814342595636844635e-03
4.813656955957412720e-02
2.638075947761535645e-01
2.122236013412475586e+00
2.670103907585144043e-01
1.413496851921081543e+00
0.000000000000000000e+00
4.462978541851043701e-01
5.097432434558868408e-02
2.355328083038330078e+00
0.000000000000000000e+00
0.000000000000000000e+00
2.579285800457000732e-01
2.277409099042415619e-02
2.347934246063232422e-01
2.395254075527191162e-01
1.087152808904647827e-01
5.698136053979396820e-03
4.275245666503906250e-01
8.048899471759796143e-02
2.802759408950805664e-01
5.666937828063964844e-01
5.110791921615600586e-01
6.166415214538574219e-01
2.611960470676422119e-01
9.281066656112670898e-01
3.670968532562255859e+00
2.822682857513427734e-01
9.209986925125122070e-01
8.782536387443542480e-01
8.484091758728027344e-01
2.273469604551792145e-02
2.856928408145904541e-01
1.114747047424316406e+00
5.295860767364501953e-01
5.819031596183776855e-01
2.455743700265884399e-01
5.703593492507934570e-01
8.298282027244567871e-01
1.279577426612377167e-02
0.000000000000000000e+00
2.891245111823081970e-02
1.471022665500640869e-01
1.176890373229980469e+00
1.100214481353759766e+00
2.662222385406494141e+00
1.013928651809692383e+00
5.723326653242111206e-02
3.803598880767822266e-01
0.000000000000000000e+00
6.039411202073097229e-02
5.437461286783218384e-02
1.259911358356475830e-01
3.382659852504730225e-01
2.777511775493621826e-01
7.315536960959434509e-03
5.767771005630493164e-01
0.000000000000000000e+00
1.464607357978820801e+00
1.813859790563583374e-01
5.349053144454956055e-01
4.523733556270599365e-01
3.963119983673095703e-01
1.772659085690975189e-02
4.651008248329162598e-01
7.291045188903808594e-01
3.886579751968383789e+00
1.400181651115417480e-01
2.034512907266616821e-01
6.667096912860870361e-02
2.919805049896240234e-01
2.166662365198135376e-01
9.718012064695358276e-02
3.363159671425819397e-02
4.074718803167343140e-02
1.180191710591316223e-02
8.215198665857315063e-02
2.513995468616485596e-01
4.410001263022422791e-02
4.851000308990478516e-01
1.097264409065246582e+00
1.501790881156921387e-01
4.804808199405670166e-01
0.000000000000000000e+00
4.502181708812713623e-01
1.416511654853820801e+00
3.322412014007568359e+00
3.750484883785247803e-01
3.484499454498291016e-01
0.000000000000000000e+00
7.702275514602661133e-01
5.798653364181518555e-01
3.671246528625488281e+00
1.812507510185241699e-01
2.188354283571243286e-01
1.447916626930236816e-01
8.971887826919555664e-02
4.157320261001586914e-01
5.555436015129089355e-01
0.000000000000000000e+00
8.647853136062622070e-02
0.000000000000000000e+00
5.615609884262084961e-01
1.945490956306457520e+00
7.317586988210678101e-02
1.136892795562744141e+00
3.428504467010498047e-01
9.821779727935791016e-01
4.476911127567291260e-01
8.420251309871673584e-02
0.000000000000000000e+00
8.908188343048095703e-01
2.238099277019500732e-01
0.000000000000000000e+00
3.391246497631072998e-02
6.328451037406921387e-01
1.233802795410156250e+00
4.988946616649627686e-01
1.798308826982975006e-02
2.784228324890136719e-01
8.653134703636169434e-01
6.846660375595092773e-02
8.920239806175231934e-01
9.840263724327087402e-01
5.370714068412780762e-01
0.000000000000000000e+00
7.488228678703308105e-01
1.179413422942161560e-01
6.598345041275024414e-01
1.114128470420837402e+00
3.303362056612968445e-02
1.912325024604797363e-01
5.771276354789733887e-02
1.391167789697647095e-01
8.038875460624694824e-02
1.864444278180599213e-02
1.440837234258651733e-01
0.000000000000000000e+00
3.178027225658297539e-03
0.000000000000000000e+00
7.171842735260725021e-03
3.877266168594360352e+00
3.614639341831207275e-01
2.953008711338043213e-01
1.462594270706176758e-01
5.246979594230651855e-01
8.854184998199343681e-04
2.340089380741119385e-01
1.197299957275390625e+00
8.053268538787961006e-04
2.189234346151351929e-01
4.347607135772705078e+00
0.000000000000000000e+00
2.007643282413482666e-01
9.714422374963760376e-02
3.369762375950813293e-02
7.819181680679321289e-02
4.637324810028076172e-01
1.459582567214965820e+00
1.545384228229522705e-01
3.526862859725952148e-01
9.846801161766052246e-01
2.110112458467483521e-02
9.383628517389297485e-02
2.399268299341201782e-01
9.897783398628234863e-01
6.032910570502281189e-02
6.658620834350585938e-01
2.642152248881757259e-04
2.946181409060955048e-02
6.775838136672973633e-01
2.332166433334350586e-01
3.773276805877685547e-01
1.193002015352249146e-01
5.871391668915748596e-02
1.481274962425231934e-01
0.000000000000000000e+00
1.561963558197021484e-02
4.040534794330596924e-02
1.406851768493652344e+00
2.181249856948852539e-01
3.885203227400779724e-02
5.298345088958740234e-01
2.221766114234924316e-01
1.530804485082626343e-02
5.956670641899108887e-01
1.659346967935562134e-01
4.536092653870582581e-02
9.477366507053375244e-02
4.463553056120872498e-02
0.000000000000000000e+00
2.243871539831161499e-01
5.850274860858917236e-02
4.553632810711860657e-02
5.416310392320156097e-03
9.142856299877166748e-02
1.383234262466430664e-01
5.429115295410156250e-01
0.000000000000000000e+00
1.531404703855514526e-01
9.758618398336693645e-05
2.830150127410888672e-01
2.787664905190467834e-02
1.091697588562965393e-01
0.000000000000000000e+00
1.045759558677673340e+00
1.080994606018066406e+00
3.866945505142211914e-01
7.015220820903778076e-03
1.351126581430435181e-01
5.860655903816223145e-01
8.615847676992416382e-02
1.116959564387798309e-02
3.404524028301239014e-01
2.767618596553802490e-01
4.606572687625885010e-01
6.362453103065490723e-02
6.953293085098266602e-02
2.761767804622650146e-01
5.410694479942321777e-01
0.000000000000000000e+00
3.509989380836486816e-01
4.165086895227432251e-02
1.295318901538848877e-01
1.884132325649261475e-01
0.000000000000000000e+00
4.073270559310913086e-01
6.708233058452606201e-02
3.500789403915405273e+00
1.072968915104866028e-01
5.237713456153869629e-01
1.305612325668334961e-01
1.569490134716033936e-01
5.051599740982055664e-01
1.574801951646804810e-01
3.440120518207550049e-01
8.128732442855834961e-01
2.445867776870727539e+00
6.725713014602661133e-01
1.150289550423622131e-01
2.381473541259765625e+00
2.067560851573944092e-01
8.877932280302047729e-02
4.320332705974578857e-01
0.000000000000000000e+00
3.296545743942260742e-01
5.281788706779479980e-01
2.738009020686149597e-02
3.297808766365051270e-01
1.135241705924272537e-02
5.865468978881835938e-01
1.655678302049636841e-01
5.630273818969726562e-01
0.000000000000000000e+00
1.332053989171981812e-01
0.000000000000000000e+00
1.221213459968566895e+00
3.553394228219985962e-02
4.423528313636779785e-01
7.766259908676147461e-01
0.000000000000000000e+00
0.000000000000000000e+00
0.000000000000000000e+00
4.431317746639251709e-01
5.067441239953041077e-02
5.124800652265548706e-02
7.185161113739013672e-01
6.008998155593872070e-01
5.794487148523330688e-02
5.539140105247497559e-01
3.309947967529296875e+00
5.470827817916870117e-01
2.431450970470905304e-02
3.420252799987792969e-01
4.726514965295791626e-02
2.962930500507354736e-01
5.948927998542785645e-01
5.757460370659828186e-02
1.805046200752258301e-01
1.184714913368225098e+00
1.817674160003662109e+00
2.607828974723815918e-01
1.107280142605304718e-02
5.644384622573852539e-01
3.973750770092010498e-01
9.578288197517395020e-01
1.966746002435684204e-01
9.340129792690277100e-02
9.995969943702220917e-03
5.348842144012451172e-01
1.584354192018508911e-01
1.840332746505737305e-01
2.862359285354614258e-01
0.000000000000000000e+00
1.540019959211349487e-01
0.000000000000000000e+00
3.459557592868804932e-01
4.156161248683929443e-01
1.582714915275573730e-01
2.037784606218338013e-01
1.705698668956756592e-02
2.260082364082336426e-01
1.090219914913177490e-01
5.863122940063476562e-01
1.277602761983871460e-01
5.270020104944705963e-03
4.006534516811370850e-01
1.460758298635482788e-01
3.589800596237182617e-01
0.000000000000000000e+00
1.469464600086212158e-01
2.847479283809661865e-01
1.247959256172180176e+00
0.000000000000000000e+00
2.216508239507675171e-02
0.000000000000000000e+00
3.294028937816619873e-01
2.388868182897567749e-01
3.824461624026298523e-02
1.572131663560867310e-01
4.567610472440719604e-02
1.019135266542434692e-01
2.728271298110485077e-02
1.350701749324798584e-01
4.717655479907989502e-01
3.538194894790649414e-01
3.315958678722381592e-01
3.318962812423706055e+00
1.293198317289352417e-01
1.091336533427238464e-01
1.483554244041442871e-01
2.065017819404602051e-02
4.836141169071197510e-01
2.801506817340850830e-01
4.354161620140075684e-01
1.761477142572402954e-01
2.485104948282241821e-01
4.293612018227577209e-02
5.349755287170410156e-01
2.875004112720489502e-01
2.776607275009155273e-01
0.000000000000000000e+00
1.828968673944473267e-01
1.200225710868835449e+00
4.255503118038177490e-01
1.186996791511774063e-02
7.720502465963363647e-02
5.106866359710693359e-01
2.666135728359222412e-01
1.097766235470771790e-01
1.878431066870689392e-02
1.372409798204898834e-02
1.997169703245162964e-01
8.265136480331420898e-01
0.000000000000000000e+00
6.141756772994995117e-01
9.015502035617828369e-02
4.663216695189476013e-02
2.931033074855804443e-02
1.363427489995956421e-01
2.378390580415725708e-01
6.269666552543640137e-01
0.000000000000000000e+00
1.340937972068786621e+00
3.000712394714355469e-01
3.668140172958374023e-01
6.446178257465362549e-02
7.990913838148117065e-02
9.833688288927078247e-02
8.765043318271636963e-02
9.765269756317138672e-01
1.233664512634277344e+00
1.685175746679306030e-01
3.605479300022125244e-01
0.000000000000000000e+00
0.000000000000000000e+00
3.553016185760498047e-01
5.926467776298522949e-01
9.835157543420791626e-02
5.885092616081237793e-01
1.830326318740844727e-01
9.285216778516769409e-02
6.487727165222167969e-02
6.720400452613830566e-01
2.939813071861863136e-03
8.327727913856506348e-01
2.333086252212524414e+00
0.000000000000000000e+00
3.537574708461761475e-01
1.008283615112304688e+00
5.127912163734436035e-01
1.735435724258422852e-01
3.280373811721801758e-01
2.622964084148406982e-01
7.720557972788810730e-03
4.715967923402786255e-03
6.434451341629028320e-01
4.136505722999572754e-02
6.121039390563964844e-02
7.496462762355804443e-02
2.656739391386508942e-02
9.227421134710311890e-02
4.729526340961456299e-01
4.497349858283996582e-01
8.833903670310974121e-01
0.000000000000000000e+00
4.046187400817871094e-01
1.206266731023788452e-01
4.254787787795066833e-02
2.586569190025329590e-01
0.000000000000000000e+00
2.869612872600555420e-01
9.145706892013549805e-01
5.264970660209655762e-01
1.772148162126541138e-01
1.607885658740997314e-01
1.540770828723907471e-01
7.324638962745666504e-01
0.000000000000000000e+00
6.992843002080917358e-02
8.665224909782409668e-01
3.008304834365844727e+00
2.529772818088531494e-01
6.338613629341125488e-01
0.000000000000000000e+00
0.000000000000000000e+00
6.846031174063682556e-04
4.200875163078308105e-01
6.722813099622726440e-02
4.495802223682403564e-01
2.040933519601821899e-01
4.046445488929748535e-01
1.611673273146152496e-02
1.468322873115539551e+00
1.516170948743820190e-01
3.283420205116271973e-02
8.455258607864379883e-02
9.702248126268386841e-02
3.382468223571777344e-01
3.792509734630584717e-01
0.000000000000000000e+00
2.302375584840774536e-01
8.159533143043518066e-02
4.486868977546691895e-01
1.881754584610462189e-02
2.699499607086181641e+00
4.067011475563049316e-01
4.581488370895385742e-01
9.077926874160766602e-01
7.113093137741088867e-02
1.501391083002090454e-02
4.154840856790542603e-02
2.869320511817932129e-01
7.960067689418792725e-02
4.662424325942993164e-02
0.000000000000000000e+00
1.255300164222717285e+00
6.885073781013488770e-01
0.000000000000000000e+00
7.134072184562683105e-01
7.063030600547790527e-01
2.086982876062393188e-01
9.376769512891769409e-02
0.000000000000000000e+00
1.232255715876817703e-02
3.059963509440422058e-02
5.018509551882743835e-02
9.714892506599426270e-02
5.955560207366943359e-01
1.878789782524108887e+00
2.224557287991046906e-02
5.739011242985725403e-02
3.107361793518066406e-01
0.000000000000000000e+00
1.938598006963729858e-01
3.739980459213256836e-01
6.648836731910705566e-01
4.512629210948944092e-01
1.036874204874038696e-01
2.624814212322235107e-01
1.374336242675781250e+00
2.119045704603195190e-01
1.275211572647094727e+00
3.766929209232330322e-01
5.049036741256713867e-01
0.000000000000000000e+00
0.000000000000000000e+00
4.538174718618392944e-02
1.435304880142211914e-01
2.805955475196242332e-03
1.107909251004457474e-03
3.271811008453369141e-01
3.936574459075927734e-01
7.142136096954345703e-01
5.342950820922851562e-01
0.000000000000000000e+00
0.000000000000000000e+00
5.029212310910224915e-02
2.520677328109741211e+00
1.164229750633239746e+00
1.607358694076538086e+00
1.052393913269042969e+00
2.636043131351470947e-01
2.137008905410766602e-01
7.004371285438537598e-02
3.487657010555267334e-01
2.922263860702514648e+00
1.066513895988464355e+00
5.979958772659301758e-01
1.216359853744506836e+00
4.006648659706115723e-01
0.000000000000000000e+00
7.381621599197387695e-01
1.183681368827819824e+00
5.539042949676513672e-01
5.083480358123779297e+00
1.142794251441955566e+00
4.760652184486389160e-01
1.277686953544616699e-01
7.140774279832839966e-02
3.692083954811096191e-01
2.686921060085296631e-01
3.474763035774230957e-02
0.000000000000000000e+00
1.957663297653198242e-01
1.079065492376685143e-03
7.006759941577911377e-02
5.759533643722534180e-01
1.606811642646789551e+00
1.522963047027587891e+00
7.212970405817031860e-02
1.828160583972930908e-01
1.628552198410034180e+00
4.035501480102539062e+00
1.420479640364646912e-02
0.000000000000000000e+00
2.895173788070678711e+00
2.129766345024108887e-01
4.456857144832611084e-01
5.754289627075195312e-01
2.372299320995807648e-02
6.353413462638854980e-01
2.173755407333374023e+00
5.048982501029968262e-01
7.841929197311401367e-01
3.431585058569908142e-02
6.326916813850402832e-02
2.914795279502868652e-01
5.765691995620727539e-01
3.534115478396415710e-02
5.051392316818237305e-02
2.605874836444854736e-01
6.527634263038635254e-01
3.134298920631408691e-01
4.491937458515167236e-01
3.397786617279052734e-01
3.662709593772888184e-01
1.600302159786224365e-01
2.030113041400909424e-01
3.108607232570648193e-02
5.620933175086975098e-01
5.104823708534240723e-01
8.875554800033569336e-01
6.962959766387939453e-01
3.013692609965801239e-02
0.000000000000000000e+00
8.698374629020690918e-01
7.270715385675430298e-02
1.307283401489257812e+00
1.940786838531494141e-01
2.391822785139083862e-01
2.027479708194732666e-01
6.867445074021816254e-03
8.012404665350914001e-03
2.261787354946136475e-01
7.158266901969909668e-01
7.710967957973480225e-02
9.385114163160324097e-02
8.486004471778869629e-01
1.573115438222885132e-01
2.923098504543304443e-01
9.421695768833160400e-02
5.792865995317697525e-03
1.087466359138488770e+00
1.668121218681335449e+00
0.000000000000000000e+00
3.274806737899780273e-01
1.711884379386901855e+00
0.000000000000000000e+00
8.082271218299865723e-01
0.000000000000000000e+00
1.183672547340393066e+00
2.888171374797821045e-01
0.000000000000000000e+00
1.099208444356918335e-01
8.288634568452835083e-02
2.892147935926914215e-02
8.908323943614959717e-03
4.410106837749481201e-01
5.024031996726989746e-01
2.686671912670135498e-01
2.144320756196975708e-01
1.623991280794143677e-01
4.543635528534650803e-03
1.133125624619424343e-03
4.327518641948699951e-01
8.395174741744995117e-01
5.898526683449745178e-02
3.659744746983051300e-03
2.645665109157562256e-01
4.112196564674377441e-01
3.549624979496002197e-01
1.740509718656539917e-01
3.074461221694946289e-01
4.482123851776123047e-01
1.793353676795959473e+00
2.289695106446743011e-02
2.687415778636932373e-01
1.542533516883850098e+00
3.527806699275970459e-01
3.902759850025177002e-01
3.367649912834167480e-01
9.464207687415182590e-04
1.269453167915344238e-01
8.728439807891845703e-01
1.067263772711157799e-03
1.422555092722177505e-02
1.299669444561004639e-01
4.884901642799377441e-02
9.651604294776916504e-02
1.733375668525695801e+00
1.014739990234375000e+00
1.871405839920043945e-01
1.115828901529312134e-01
5.351668596267700195e-01
3.706737756729125977e-01
6.063205748796463013e-02
4.968245327472686768e-02
4.196759685873985291e-02
