1.446661233901977539e+00
4.672460854053497314e-01
5.814476311206817627e-02
8.022706210613250732e-02
2.730852365493774414e-01
8.768735826015472412e-02
0.000000000000000000e+00
3.593505918979644775e-01
4.993982613086700439e-02
3.187989816069602966e-03
8.567878007888793945e-01
8.199946284294128418e-01
1.101799011230468750e-01
1.059425473213195801e-01
2.804654240608215332e-01
2.377540171146392822e-01
2.355130612850189209e-01
5.622198581695556641e-01
2.507052719593048096e-01
2.755594551563262939e-01
1.452434957027435303e-01
3.448818325996398926e-01
1.911774754524230957e+00
5.168613791465759277e-01
2.311767488718032837e-01
0.000000000000000000e+00
1.593340784311294556e-01
0.000000000000000000e+00
2.756423711776733398e+00
2.717310190200805664e-01
2.639026641845703125e-01
5.602623820304870605e-01
3.474464416503906250e-01
8.465348184108734131e-02
3.902589529752731323e-02
4.332465827465057373e-01
1.740712486207485199e-02
1.777184128761291504e+00
4.927453398704528809e-01
9.989613890647888184e-01
0.000000000000000000e+00
2.264440059661865234e-01
5.618884786963462830e-02
0.000000000000000000e+00
3.642632961273193359e-01
0.000000000000000000e+00
0.000000000000000000e+00
1.337961673736572266e+00
4.351887106895446777e-01
3.606100380420684814e-01
5.382733345031738281e-01
3.206504881381988525e-01
1.313809901475906372e-01
3.724297881126403809e-01
3.927856087684631348e-01
2.507931888103485107e-01
2.702065110206604004e-01
0.000000000000000000e+00
5.592001229524612427e-02
5.305832028388977051e-01
0.000000000000000000e+00
4.308589994907379150e-01
0.000000000000000000e+00
4.120122268795967102e-02
3.284158408641815186e-01
1.588013768196105957e-02
2.700369060039520264e-02
1.256323814392089844e+00
5.180609822273254395e-01
1.326793730258941650e-01
8.000925779342651367e-01
5.593593791127204895e-02
1.042038798332214355e+00
8.578274399042129517e-02
2.041675616055727005e-03
2.461691051721572876e-01
1.411062330007553101e-01
9.544023871421813965e-01
1.497093319892883301e+00
8.261101245880126953e-01
9.201639890670776367e-02
0.000000000000000000e+00
4.976279102265834808e-03
0.000000000000000000e+00
5.527240410447120667e-02
2.854078114032745361e-01
3.244770318269729614e-02
6.688997745513916016e-01
2.020851612091064453e+00
0.000000000000000000e+00
1.386247754096984863e+00
1.095524057745933533e-01
5.826496705412864685e-02
2.914990298449993134e-02
5.896499156951904297e-01
3.820718228816986084e-01
1.157448217272758484e-01
3.307622671127319336e-01
1.310844302177429199e+00
3.832922279834747314e-01
4.556212425231933594e-01
1.060798048973083496e+00
0.000000000000000000e+00
1.233488321304321289e+00
5.175583958625793457e-01
2.681364770978689194e-03
3.815967738628387451e-01
4.305215179920196533e-01
1.909507960081100464e-01
6.467246413230895996e-01
3.114358425140380859e+00
3.606961965560913086e-01
8.713606745004653931e-03
0.000000000000000000e+00
6.332767195999622345e-03
7.374262809753417969e-01
8.595154285430908203e-01
1.552820652723312378e-01
1.500531286001205444e-01
2.676167525351047516e-02
8.133698105812072754e-01
1.837458908557891846e-01
7.254638671875000000e-01
3.845873177051544189e-01
2.969590902328491211e+00
8.737119436264038086e-01
0.000000000000000000e+00
4.754104316234588623e-01
1.615744233131408691e-01
2.750670909881591797e-02
6.100572347640991211e-01
5.476365685462951660e-01
4.517557621002197266e-01
3.940077126026153564e-01
1.630068272352218628e-01
4.690984487533569336e-01
6.542330980300903320e-01
2.185597643256187439e-02
6.067901384085416794e-03
1.635061763226985931e-02
1.487604737281799316e+00
7.808356285095214844e-01
2.661375403404235840e-01
3.978479206562042236e-01
9.236031025648117065e-02
3.908900022506713867e-01
7.979224901646375656e-04
8.584664762020111084e-02
6.443659961223602295e-02
3.945102691650390625e-01
2.359496355056762695e+00
8.501251935958862305e-01
0.000000000000000000e+00
1.379308402538299561e-01
9.959148764610290527e-01
3.518013358116149902e-01
7.748183608055114746e-02
0.000000000000000000e+00
0.000000000000000000e+00
6.474269181489944458e-02
4.452994465827941895e-02
0.000000000000000000e+00
1.915951371192932129e-01
2.131542861461639404e-01
1.920834630727767944e-01
5.246872454881668091e-02
3.533496335148811340e-02
8.407963812351226807e-02
8.029447197914123535e-01
2.715361118316650391e-01
5.318118259310722351e-02
5.081368610262870789e-02
4.961604177951812744e-01
2.846793651580810547e+00
0.000000000000000000e+00
1.418034434318542480e+00
1.467834949493408203e+00
4.715075492858886719e-01
0.000000000000000000e+00
5.091688036918640137e-01
2.227982282638549805e-01
8.389728143811225891e-03
1.927898764610290527e+00
1.026398420333862305e+00
1.253843188285827637e+00
1.754886843264102936e-02
2.583422660827636719e-01
1.182558059692382812e+00
2.262882329523563385e-02
0.000000000000000000e+00
9.995927661657333374e-02
5.719545856118202209e-02
8.348793536424636841e-02
4.533082619309425354e-02
0.000000000000000000e+00
2.647363841533660889e-01
2.014025211334228516e+00
5.666436195373535156e+00
1.369493484497070312e+00
2.312410771846771240e-01
1.315400838851928711e+00
5.666825454682111740e-03
6.111826896667480469e-01
1.500227153301239014e-01
4.097475484013557434e-02
1.460677981376647949e-01
1.030716598033905029e-01
3.919183835387229919e-02
2.245084382593631744e-02
9.482498168945312500e-01
4.199983775615692139e-01
3.928196132183074951e-01
1.033946964889764786e-02
2.555600643157958984e+00
1.631227135658264160e-01
3.822545707225799561e-01
2.453694581985473633e+00
5.679662227630615234e-01
8.425131440162658691e-02
0.000000000000000000e+00
5.220866575837135315e-02
1.760903894901275635e-01
3.038888871669769287e-01
4.787620902061462402e-01
0.000000000000000000e+00
1.227955698966979980e+00
3.357841014862060547e+00
4.287999570369720459e-01
5.020893365144729614e-02
1.508042216300964355e+00
2.780141681432723999e-02
8.229095339775085449e-01
1.603136509656906128e-01
1.760436892509460449e-01
1.899933367967605591e-01
2.429338544607162476e-02
4.190347492694854736e-01
4.528693258762359619e-01
2.115953564643859863e-01
3.715338706970214844e-01
2.414644718170166016e+00
1.175671815872192383e-01
1.970296911895275116e-02
1.228722184896469116e-01
6.582774966955184937e-02
1.145828485488891602e+00
1.333438158035278320e+00
1.099521294236183167e-02
1.430007964372634888e-01
4.322461605072021484e+00
7.086610421538352966e-03
1.982675632461905479e-03
3.813040852546691895e-01
1.143723074346780777e-02
1.241100430488586426e+00
1.386261433362960815e-01
0.000000000000000000e+00
1.001827791333198547e-01
3.743329346179962158e-01
0.000000000000000000e+00
3.765361607074737549e-01
3.629122674465179443e-01
2.154693752527236938e-02
4.208080768585205078e-01
1.830780625343322754e+00
9.651523083448410034e-03
0.000000000000000000e+00
1.855985075235366821e-02
1.289851311594247818e-02
1.989575922489166260e-01
0.000000000000000000e+00
1.665388345718383789e+00
4.980870522558689117e-03
1.030195802450180054e-01
0.000000000000000000e+00
0.000000000000000000e+00
1.050602644681930542e-02
1.744893431663513184e+00
0.000000000000000000e+00
1.016711443662643433e-01
2.079585552215576172e+00
8.980840444564819336e-01
1.341379731893539429e-01
0.000000000000000000e+00
0.000000000000000000e+00
1.768851429224014282e-01
1.980047821998596191e-01
1.956117451190948486e-01
1.480751782655715942e-01
0.000000000000000000e+00
0.000000000000000000e+00
0.000000000000000000e+00
1.701845824718475342e-01
8.207982033491134644e-02
1.753130555152893066e-01
4.033148586750030518e-01
2.097396135330200195e+00
1.118915796279907227e+00
2.221557796001434326e-01
1.847889304161071777e+00
9.262459278106689453e-01
5.655382871627807617e-01
1.366540193557739258e+00
5.716023966670036316e-02
9.154167026281356812e-02
1.468562841415405273e+00
0.000000000000000000e+00
0.000000000000000000e+00
2.653121389448642731e-02
4.459117054939270020e-01
3.816201910376548767e-02
6.658307909965515137e-01
4.043907225131988525e-01
2.463716566562652588e-01
2.947437167167663574e-01
8.211697340011596680e-01
1.062308102846145630e-01
1.054397463798522949e+00
1.121597886085510254e-01
1.619341671466827393e-01
4.734117984771728516e-01
5.033052563667297363e-01
4.857062175869941711e-02
2.026050686836242676e-01
2.749224007129669189e-02
3.202863931655883789e-01
8.195029497146606445e-01
4.488340616226196289e-01
4.094668850302696228e-02
1.146759152412414551e+00
0.000000000000000000e+00
3.866347298026084900e-02
3.874050080776214600e-02
1.044139862060546875e+00
0.000000000000000000e+00
0.000000000000000000e+00
2.148213535547256470e-01
5.159296393394470215e-01
7.786589860916137695e-01
5.598824024200439453e-01
6.181304454803466797e-01
1.368679285049438477e+00
1.536788940429687500e-01
0.000000000000000000e+00
0.000000000000000000e+00
0.000000000000000000e+00
8.173243701457977295e-02
3.984138742089271545e-02
1.155935600399971008e-01
0.000000000000000000e+00
1.619800031185150146e-01
0.000000000000000000e+00
1.197108998894691467e-01
2.259555160999298096e-01
0.000000000000000000e+00
9.589555673301219940e-03
1.242638826370239258e+00
3.276111781597137451e-01
4.605190455913543701e-02
1.317502856254577637e-01
1.246773973107337952e-01
5.135093927383422852e-01
2.165974974632263184e-01
3.213250935077667236e-01
8.139505982398986816e-02
5.145653486251831055e-01
1.028965353965759277e+00
4.356395900249481201e-01
9.749293327331542969e-01
6.798687577247619629e-02
0.000000000000000000e+00
1.227554976940155029e-01
4.000047221779823303e-02
6.816823482513427734e-01
4.670252501964569092e-01
8.832978248596191406e+00
0.000000000000000000e+00
2.395377121865749359e-02
0.000000000000000000e+00
2.300376631319522858e-02
5.405202507972717285e-01
0.000000000000000000e+00
2.022270485758781433e-02
0.000000000000000000e+00
5.614535808563232422e-01
1.707514405250549316e+00
1.685882359743118286e-02
5.097083002328872681e-02
2.144233584403991699e-01
1.414914011955261230e+00
2.335644513368606567e-01
4.788921475410461426e-01
1.763465702533721924e-01
3.483545407652854919e-02
2.991701960563659668e-01
6.404720783233642578e+00
1.533783823251724243e-01
5.829764995723962784e-03
0.000000000000000000e+00
2.517296075820922852e-01
8.447913527488708496e-01
9.809410572052001953e-01
0.000000000000000000e+00
5.293127894401550293e-01
1.757920861244201660e+00
7.411116957664489746e-01
2.352413255721330643e-03
2.136590778827667236e-01
0.000000000000000000e+00
2.728419192135334015e-02
2.555999904870986938e-02
3.262340307235717773e+00
0.000000000000000000e+00
0.000000000000000000e+00
0.000000000000000000e+00
4.926036894321441650e-01
1.238383203744888306e-01
1.478719860315322876e-01
5.299945361912250519e-03
5.759373903274536133e-01
1.168012619018554688e-02
1.353397011756896973e+00
4.004220664501190186e-01
0.000000000000000000e+00
6.860865950584411621e-01
1.934445835649967194e-02
3.236841177567839622e-03
6.516927480697631836e-01
0.000000000000000000e+00
0.000000000000000000e+00
2.333254098892211914e+00
3.020955622196197510e-01
1.662655323743820190e-01
0.000000000000000000e+00
1.353301405906677246e+00
2.340691909193992615e-02
1.157560274004936218e-01
4.877522215247154236e-02
3.904322385787963867e-01
3.449351293966174126e-03
0.000000000000000000e+00
4.410651028156280518e-01
5.835189819335937500e-01
4.298332631587982178e-01
5.219534412026405334e-02
1.513215433806180954e-02
5.257933735847473145e-01
9.539000988006591797e-01
6.957700848579406738e-01
1.347303748130798340e+00
5.288046002388000488e-01
0.000000000000000000e+00
2.037577152252197266e+00
4.317514002323150635e-01
6.110352993011474609e+00
9.765831828117370605e-01
4.146261513233184814e-02
0.000000000000000000e+00
8.187627792358398438e-01
7.176593877375125885e-03
4.965208470821380615e-01
9.444111585617065430e-01
4.631921947002410889e-01
9.104054570198059082e-01
8.890586346387863159e-02
0.000000000000000000e+00
1.399648189544677734e+00
4.667671620845794678e-01
2.960394918918609619e-01
3.848654329776763916e-01
1.071737289428710938e+00
1.820760071277618408e-01
5.727635580115020275e-04
3.426564693450927734e+00
0.000000000000000000e+00
1.021953113377094269e-02
7.754186391830444336e-01
4.561223462224006653e-02
6.379705667495727539e-01
3.100188970565795898e-01
7.080098390579223633e-01
1.040998458862304688e+00
3.266072571277618408e-01
6.028625369071960449e-02
3.894938528537750244e-02
1.700095385313034058e-01
1.293101347982883453e-02
0.000000000000000000e+00
1.341782212257385254e+00
2.593450784683227539e+00
2.086351215839385986e-01
4.789437949657440186e-01
2.688086219131946564e-02
2.677145898342132568e-01
8.815539628267288208e-02
9.059798717498779297e-02
1.131435751914978027e+00
3.349044919013977051e-01
3.715420663356781006e-01
0.000000000000000000e+00
0.000000000000000000e+00
5.515507459640502930e-01
1.461319327354431152e+00
1.237605325877666473e-02
8.180041909217834473e-01
6.925930082798004150e-02
6.715893745422363281e-03
0.000000000000000000e+00
9.640318155288696289e-02
7.295244932174682617e-02
1.192803457379341125e-01
1.836944930255413055e-02
0.000000000000000000e+00
3.006316022947430611e-03
4.841849580407142639e-02
1.213831976056098938e-01
1.380665693432092667e-02
5.656687542796134949e-02
2.934893071651458740e-01
6.093942523002624512e-01
0.000000000000000000e+00
2.942982502281665802e-02
9.218050241470336914e-01
0.000000000000000000e+00
1.602925509214401245e-01
1.874626725912094116e-01
4.572133719921112061e-01
0.000000000000000000e+00
0.000000000000000000e+00
1.575156003236770630e-01
5.550683289766311646e-02
4.237931668758392334e-01
5.587797164916992188e-01
9.795517474412918091e-02
4.813739657402038574e-01
1.185155034065246582e+00
2.103160381317138672e+00
1.498414278030395508e-01
1.470301985740661621e+00
0.000000000000000000e+00
1.532007813453674316e+00
8.569580316543579102e-01
1.512218452990055084e-02
3.319374799728393555e+00
1.734124273061752319e-01
9.735836386680603027e-01
2.383355051279067993e-01
1.083686232566833496e+00
1.585977971553802490e-01
4.066294524818658829e-03
5.838343501091003418e-01
1.043009161949157715e+00
1.892432919703423977e-03
4.519792646169662476e-02
9.969237446784973145e-02
3.404168486595153809e-01
0.000000000000000000e+00
3.418222665786743164e-01
2.966559119522571564e-02
1.101290941238403320e+00
2.644673287868499756e-01
1.076425015926361084e-01
1.901406288146972656e+00
1.378971815109252930e+00
1.155451238155364990e-01
4.382488429546356201e-01
1.106291890144348145e+00
1.468311905860900879e+00
1.317099928855895996e-01
4.554238319396972656e-01
2.059032469987869263e-01
1.100260615348815918e+00
8.392321467399597168e-01
7.598782330751419067e-02
4.195792973041534424e-01
2.852762937545776367e-01
2.217646390199661255e-01
3.779574036598205566e-01
2.766586065292358398e+00
3.215413689613342285e-01
5.801551938056945801e-01
8.362275958061218262e-01
2.293364107608795166e-01
3.612438201904296875e+00
1.976813822984695435e-01
0.000000000000000000e+00
8.650724291801452637e-01
2.681061625480651855e-01
1.084336161613464355e+00
0.000000000000000000e+00
0.000000000000000000e+00
5.931877717375755310e-02
2.967134416103363037e-01
1.079886674880981445e+00
1.138414025306701660e+00
9.993597120046615601e-02
0.000000000000000000e+00
0.000000000000000000e+00
1.857817530632019043e+00
3.017425537109375000e-02
1.086113452911376953e+00
5.642151460051536560e-02
0.000000000000000000e+00
1.084584444761276245e-01
3.336224853992462158e-01
1.074109226465225220e-02
1.006691530346870422e-02
5.223445594310760498e-02
4.199479103088378906e+00
1.970951855182647705e-01
4.859556555747985840e-01
1.059613943099975586e+00
1.048893332481384277e+00
2.727550454437732697e-02
6.961832288652658463e-03
2.762089297175407410e-02
4.763136431574821472e-02
5.451095476746559143e-02
1.774055510759353638e-02
1.186839461326599121e+00
6.953399181365966797e-01
1.342330932617187500e+00
2.734888494014739990e-01
8.099050261080265045e-03
6.825189590454101562e-01
3.142236471176147461e+00
2.031913101673126221e-01
2.873930335044860840e-01
0.000000000000000000e+00
4.661350548267364502e-01
3.836562111973762512e-02
6.441911458969116211e-01
2.071432024240493774e-01
3.672951757907867432e-01
1.852726191282272339e-02
2.595305204391479492e+00
2.447677552700042725e-01
1.562475085258483887e+00
0.000000000000000000e+00
8.087775707244873047e-01
5.555067062377929688e-01
2.105443971231579781e-03
7.925310730934143066e-01
1.260268688201904297e-02
3.360883474349975586e+00
1.543748140335083008e+00
4.068282842636108398e-01
1.460616737604141235e-01
1.655265688896179199e-01
6.557316053658723831e-03
1.492358446121215820e+00
6.992427632212638855e-03
4.239506721496582031e-01
1.869202703237533569e-01
4.231411218643188477e-02
5.719263553619384766e-01
1.844636052846908569e-01
4.592935740947723389e-01
1.038916632533073425e-01
1.428690075874328613e+00
0.000000000000000000e+00
7.524596452713012695e-01
2.722977101802825928e-02
2.272930741310119629e-02
3.583773374557495117e-01
3.180551342666149139e-03
1.408139765262603760e-01
0.000000000000000000e+00
2.250323444604873657e-01
2.556825578212738037e-01
2.010466903448104858e-01
5.361205339431762695e-01
1.836706511676311493e-02
9.094250202178955078e-02
2.959656715393066406e-01
5.717118456959724426e-02
5.519787222146987915e-02
3.444736003875732422e-01
7.613721489906311035e-01
0.000000000000000000e+00
1.352178454399108887e-01
6.350708752870559692e-02
4.978100955486297607e-02
5.757963061332702637e-01
1.792444944381713867e+00
9.652478620409965515e-03
1.367879807949066162e-01
7.743123173713684082e-01
9.574866890907287598e-01
3.936877250671386719e-01
1.440696045756340027e-02
3.238981664180755615e-01
1.018523216247558594e+00
0.000000000000000000e+00
3.464994668960571289e+00
0.000000000000000000e+00
3.567007929086685181e-02
6.172791719436645508e-01
2.160489261150360107e-01
2.560651600360870361e-01
1.435369532555341721e-02
3.994243592023849487e-02
0.000000000000000000e+00
0.000000000000000000e+00
1.004265900701284409e-02
1.526074051856994629e+00
2.905765771865844727e+00
4.762176871299743652e-01
0.000000000000000000e+00
1.381659656763076782e-01
1.311855435371398926e+00
7.427938282489776611e-02
9.289681166410446167e-02
7.711296677589416504e-01
4.212890863418579102e-01
3.795468509197235107e-01
5.525879859924316406e-01
3.263735398650169373e-02
7.360289245843887329e-02
2.493551671504974365e-01
4.821716248989105225e-01
1.314132809638977051e-01
2.822591960430145264e-01
4.581937491893768311e-01
8.467327952384948730e-01
3.407314121723175049e-01
5.410156250000000000e-01
1.434406936168670654e-01
4.319609105587005615e-01
1.689211279153823853e-02
3.139060139656066895e-01
7.576415315270423889e-03
1.555064022541046143e-01
7.057255506515502930e-01
1.050658896565437317e-01
4.397715330123901367e-01
1.570496708154678345e-01
0.000000000000000000e+00
1.195117831230163574e-01
9.524416178464889526e-02
1.175240501761436462e-01
1.918194532394409180e+00
1.100652366876602173e-01
1.132766604423522949e-01
7.700100541114807129e-01
8.202486634254455566e-01
0.000000000000000000e+00
3.355631828308105469e-01
2.819846272468566895e-01
0.000000000000000000e+00
4.986914247274398804e-02
2.575313299894332886e-02
3.449808955192565918e-01
1.286572813987731934e+00
8.163592219352722168e-01
1.753157563507556915e-02
1.177662730216979980e+00
2.855061590671539307e-01
9.625732898712158203e-03
1.252042651176452637e-01
3.263410180807113647e-02
2.277258634567260742e-01
2.213436961174011230e-01
1.135186757892370224e-02
1.515115797519683838e-02
2.723873853683471680e-01
3.578235208988189697e-02
1.471986323595046997e-01
6.650422513484954834e-02
1.781459689140319824e+00
3.194811046123504639e-01
6.814884543418884277e-01
1.978213310241699219e+00
3.014132939279079437e-02
1.560128666460514069e-02
7.542420644313097000e-04
3.979146480560302734e-01
0.000000000000000000e+00
9.866472333669662476e-02
9.831665158271789551e-01
4.959818720817565918e-01
6.600707769393920898e-01
7.559528946876525879e-02
0.000000000000000000e+00
3.364320844411849976e-03
2.775230169296264648e+00
1.863457858562469482e-01
7.256624102592468262e-01
8.061455726623535156e+00
4.286023229360580444e-02
3.530851006507873535e-01
1.511079957708716393e-03
2.052573412656784058e-01
4.510058164596557617e-01
1.220978349447250366e-01
5.477806925773620605e-02
4.060888290405273438e-02
3.104949593544006348e-01
5.646855831146240234e-01
4.451934620738029480e-02
2.507281303405761719e-01
3.450739860534667969e+00
1.501236855983734131e-01
1.237236559391021729e-01
5.602981522679328918e-02
1.371340394020080566e+00
3.178707957267761230e-01
5.619295239448547363e-01
1.625234186649322510e-01
0.000000000000000000e+00
2.045507878065109253e-01
4.506945013999938965e-01
6.246372126042842865e-03
1.188153743743896484e+00
9.728374332189559937e-02
3.758166134357452393e-01
2.806061208248138428e-01
5.391652137041091919e-02
7.402048110961914062e-01
5.981677025556564331e-02
5.687263980507850647e-02
1.316581945866346359e-02
1.097632408142089844e+00
2.436334490776062012e-01
1.408238410949707031e+00
2.114304453134536743e-01
1.710265040397644043e+00
2.313418127596378326e-02
1.018466353416442871e+00
5.231336504220962524e-02
8.104028701782226562e-01
2.071899175643920898e+00
5.364694446325302124e-02
1.417542099952697754e+00
4.781532287597656250e-01
1.077371835708618164e-01
8.958925604820251465e-01
4.794863462448120117e-01
0.000000000000000000e+00
1.612640619277954102e-01
0.000000000000000000e+00
6.205622106790542603e-03
3.630971536040306091e-02
1.258391141891479492e+00
3.188415467739105225e-01
4.329589009284973145e-02
5.320876464247703552e-02
1.864952147006988525e-01
2.663209140300750732e-01
3.327878475189208984e+00
2.775197029113769531e-01
3.594494760036468506e-01
4.699936807155609131e-01
2.516180872917175293e-01
2.867850363254547119e-01
3.076881885528564453e+00
9.994658827781677246e-01
1.963542401790618896e-01
1.014120206236839294e-01
9.054774045944213867e-02
0.000000000000000000e+00
1.169917806982994080e-01
0.000000000000000000e+00
1.828500442206859589e-02
1.450922042131423950e-01
5.193560719490051270e-01
1.278619766235351562e-01
2.074854373931884766e+00
1.743354052305221558e-01
4.013356268405914307e-01
3.527300059795379639e-01
6.769183278083801270e-01
3.960829675197601318e-01
1.165048219263553619e-02
1.660615205764770508e-01
0.000000000000000000e+00
3.155930712819099426e-02
9.320147633552551270e-01
4.958240985870361328e+00
2.232229262590408325e-01
1.469183117151260376e-01
3.267807886004447937e-02
4.021373391151428223e-02
2.943804860115051270e-02
1.524661779403686523e+00
1.158703684806823730e+00
8.893936276435852051e-01
4.363555014133453369e-01
7.312262058258056641e-02
1.994241215288639069e-02
6.076318025588989258e-02
0.000000000000000000e+00
4.428637325763702393e-01
1.239843443036079407e-01
6.078726053237915039e-01
3.856295347213745117e-01
0.000000000000000000e+00
1.705356240272521973e+00
5.608420372009277344e-01
0.000000000000000000e+00
2.663467079401016235e-02
2.726498544216156006e-01
1.622139513492584229e-01
2.161491215229034424e-01
4.556486904621124268e-01
9.377062320709228516e-02
2.899157814681529999e-02
2.632898986339569092e-01
1.218891367316246033e-01
1.722965971566736698e-03
0.000000000000000000e+00
1.109355092048645020e+00
1.236538589000701904e-01
1.113345772027969360e-01
1.719968318939208984e-01
0.000000000000000000e+00
3.368314981460571289e+00
3.969720304012298584e-01
0.000000000000000000e+00
5.392340570688247681e-02
3.771173059940338135e-01
2.910506911575794220e-03
0.000000000000000000e+00
8.204158395528793335e-03
1.474362134933471680e+00
0.000000000000000000e+00
4.531580805778503418e-01
3.052324652671813965e-01
0.000000000000000000e+00
3.444586694240570068e-01
7.658013105392456055e-01
4.473893940448760986e-01
8.388540893793106079e-02
6.094380021095275879e-01
4.038595035672187805e-02
0.000000000000000000e+00
8.964195251464843750e-01
1.499338150024414062e+00
1.911916613578796387e+00
3.450838625431060791e-01
7.146255970001220703e-01
4.713641166687011719e+00
8.023832738399505615e-02
2.221203446388244629e-01
5.241600275039672852e-01
5.029082298278808594e-01
5.823883414268493652e-01
2.974622249603271484e-01
4.015648066997528076e-01
7.829599082469940186e-02
1.045276403427124023e+00
0.000000000000000000e+00
4.892951250076293945e-02
2.795622944831848145e-01
0.000000000000000000e+00
1.061358153820037842e-01
9.839749932289123535e-01
5.163788795471191406e-01
3.869846761226654053e-01
0.000000000000000000e+00
1.619222760200500488e-01
2.676438391208648682e-01
2.334232777357101440e-01
0.000000000000000000e+00
8.574873954057693481e-02
8.387954585487022996e-05
3.290522396564483643e-01
3.454804420471191406e-01
6.656712293624877930e-01
6.479310244321823120e-02
3.069070279598236084e-01
0.000000000000000000e+00
1.081141233444213867e-01
9.590921401977539062e-01
4.512530863285064697e-01
5.888019204139709473e-01
3.583979010581970215e-01
4.226818680763244629e-02
2.043633535504341125e-02
1.322175621986389160e+00
1.269454807043075562e-01
2.429705262184143066e-01
4.870596528053283691e-02
5.963701605796813965e-01
0.000000000000000000e+00
2.390970662236213684e-02
1.652237772941589355e-01
1.371805906295776367e+00
9.348841011524200439e-02
2.713877893984317780e-02
1.801273971796035767e-02
9.924978017807006836e-01
1.911541223526000977e-01
1.969332061707973480e-02
0.000000000000000000e+00
0.000000000000000000e+00
3.673774302005767822e-01
4.668648242950439453e-01
4.660394489765167236e-01
3.026736378669738770e-01
1.077583874575793743e-03
0.000000000000000000e+00
8.205353021621704102e-01
2.231212109327316284e-01
1.657851487398147583e-01
3.314981702715158463e-03
8.420667797327041626e-02
1.007821597158908844e-02
0.000000000000000000e+00
0.000000000000000000e+00
2.503568530082702637e-01
3.220633983612060547e+00
1.640181429684162140e-02
1.026505883783102036e-02
3.213874250650405884e-02
0.000000000000000000e+00
2.174035087227821350e-02
8.815077692270278931e-02
0.000000000000000000e+00
4.957146942615509033e-01
0.000000000000000000e+00
0.000000000000000000e+00
2.119331993162631989e-02
6.148369312286376953e-01
4.017154499888420105e-02
9.441313147544860840e-02
4.566904157400131226e-02
3.571079298853874207e-02
3.293379396200180054e-02
1.392733812332153320e+00
1.698624193668365479e-01
0.000000000000000000e+00
2.310276031494140625e-02
1.019761040806770325e-01
7.788230478763580322e-02
1.405811756849288940e-01
6.088184714317321777e-01
3.011467307806015015e-02
0.000000000000000000e+00
4.036973789334297180e-02
0.000000000000000000e+00
9.325010180473327637e-01
1.260308772325515747e-01
2.198812484741210938e+00
9.423491358757019043e-02
1.920603215694427490e-02
9.458909928798675537e-02
5.866864323616027832e-01
2.877269685268402100e-01
9.961539506912231445e-02
2.223402559757232666e-01
2.699341159313917160e-03
7.718955874443054199e-01
5.242750048637390137e-01
2.755527570843696594e-02
1.395050585269927979e-01
0.000000000000000000e+00
2.363272309303283691e-01
8.622118830680847168e-02
2.782063484191894531e-01
1.663549244403839111e-01
3.377499058842658997e-02
1.191360577940940857e-01
4.663536325097084045e-02
1.424227356910705566e+00
2.672179639339447021e-01
3.529522567987442017e-02
0.000000000000000000e+00
3.780821859836578369e-01
1.202378049492835999e-01
3.629325330257415771e-02
4.142841398715972900e-01
3.865598440170288086e-01
6.818786859512329102e-01
5.067976117134094238e-01
4.857941530644893646e-03
5.960372090339660645e-01
0.000000000000000000e+00
2.299445867538452148e-01
3.970341682434082031e-01
1.265589743852615356e-01
1.600276827812194824e-01
9.393972903490066528e-02
0.000000000000000000e+00
4.176697134971618652e-01
9.064602255821228027e-01
2.068276107311248779e-01
1.140719205141067505e-01
2.611082494258880615e-01
7.467140257358551025e-02
2.171132564544677734e-01
1.662916660308837891e+00
8.524658083915710449e-01
0.000000000000000000e+00
0.000000000000000000e+00
1.748036295175552368e-01
7.933657765388488770e-01
6.010373309254646301e-02
7.255772352218627930e-01
1.331017017364501953e+00
1.716744005680084229e-01
1.695269197225570679e-01
1.849690198898315430e+00
0.000000000000000000e+00
5.305835008621215820e-01
0.000000000000000000e+00
8.417551219463348389e-02
0.000000000000000000e+00
9.500066936016082764e-02
8.142685890197753906e-01
3.273536860942840576e-01
3.149681091308593750e-01
2.808879828080534935e-03
2.906780719757080078e+00
1.235633969306945801e+00
1.874429702758789062e+00
1.005117073655128479e-01
2.330030692974105477e-04
7.269720546901226044e-03
6.541301012039184570e-01
0.000000000000000000e+00
2.679439261555671692e-02
2.494537038728594780e-03
9.791801571846008301e-01
0.000000000000000000e+00
1.166437268257141113e-01
1.169309258460998535e+00
2.998530678451061249e-02
5.483525395393371582e-01
3.908985257148742676e-01
2.905603349208831787e-01
0.000000000000000000e+00
6.429594755172729492e-02
1.335709214210510254e+00
3.150015175342559814e-01
2.865817844867706299e-01
4.298124790191650391e+00
2.200131654739379883e+00
7.222380638122558594e-01
2.451212644577026367e+00
1.460711658000946045e-01
5.490064620971679688e-03
9.144273996353149414e-01
1.303634047508239746e+00
1.443224668502807617e+00
5.592004954814910889e-02
3.726768866181373596e-02
4.081495106220245361e-01
3.836844563484191895e-01
6.302045583724975586e-01
1.776901781558990479e-01
1.304438151419162750e-02
3.412809669971466064e-01
1.695738583803176880e-01
1.643109202384948730e+00
1.110536158084869385e-01
5.834418698213994503e-04
0.000000000000000000e+00
2.153550647199153900e-02
2.894420385360717773e+00
6.192345172166824341e-02
7.719925642013549805e-01
9.382448792457580566e-01
2.715995907783508301e-02
3.503088355064392090e-01
5.019469559192657471e-02
1.263661623001098633e+00
1.042134389281272888e-01
2.940614521503448486e-01
8.173205256462097168e-01
7.361832261085510254e-02
1.168968081474304199e+00
2.097360417246818542e-02
3.864984810352325439e-01
2.986305654048919678e-01
2.365927398204803467e-01
1.468421518802642822e-01
5.034993588924407959e-02
1.373096585273742676e+00
5.314802750945091248e-03
3.165261745452880859e-01
1.658412069082260132e-01
3.082958459854125977e-01
9.475143253803253174e-02
6.423093080520629883e-01
9.903055429458618164e-02
1.467663168907165527e+00
3.850400447845458984e-01
4.504277706146240234e-01
1.261903047561645508e-01
2.421842366456985474e-01
7.350397109985351562e-02
0.000000000000000000e+00
1.310835838317871094e+00
1.469617336988449097e-01
1.548959128558635712e-02
9.878377430140972137e-03
0.000000000000000000e+00
6.451742351055145264e-02
6.474962234497070312e-01
3.503526687622070312e+00
1.704016774892807007e-01
1.149039790034294128e-01
5.510361194610595703e-01
2.472925931215286255e-01
8.530384302139282227e-02
1.990770816802978516e+00
2.304538153111934662e-02
0.000000000000000000e+00
2.911899983882904053e-01
9.735603816807270050e-03
1.047057032585144043e+00
3.307012319564819336e-01
0.000000000000000000e+00
3.808817565441131592e-01
3.094950675964355469e+00
7.849676534533500671e-03
7.896694540977478027e-02
0.000000000000000000e+00
0.000000000000000000e+00
3.498538255691528320e+00
2.709921598434448242e+00
8.089486509561538696e-02
1.042468070983886719e+00
9.386198967695236206e-02
2.791366875171661377e-01
4.474334716796875000e-01
2.519036233425140381e-01
3.421662747859954834e-02
4.364259541034698486e-03
0.000000000000000000e+00
6.939756125211715698e-02
1.478017687797546387e+00
1.849157094955444336e+00
1.697290875017642975e-02
4.297864437103271484e-01
2.453325271606445312e+00
8.291118144989013672e-01
0.000000000000000000e+00
9.623046033084392548e-03
1.368116587400436401e-01
8.631659746170043945e-01
0.000000000000000000e+00
2.160219103097915649e-01
4.645097553730010986e-01
6.387457717210054398e-03
4.294414222240447998e-01
2.464148283004760742e+00
2.781354188919067383e-01
2.903551422059535980e-02
0.000000000000000000e+00
2.423420697450637817e-01
7.215364277362823486e-02
4.366896748542785645e-01
5.897606536746025085e-02
7.014076411724090576e-02
4.665819704532623291e-01
1.142472699284553528e-01
1.416186332702636719e+00
1.635531067848205566e+00
6.154879927635192871e-01
1.754609495401382446e-01
1.262141764163970947e-01
4.522511661052703857e-01
4.609260708093643188e-02
1.724102854728698730e+00
5.511736869812011719e-01
7.788518443703651428e-03
2.372465878725051880e-01
5.222999453544616699e-01
7.641848921775817871e-01
0.000000000000000000e+00
1.051711440086364746e-01
2.840700745582580566e-01
2.956763803958892822e-01
8.971237391233444214e-02
1.468057155609130859e+00
0.000000000000000000e+00
1.802847683429718018e-01
1.395587027072906494e-01
2.041945695877075195e+00
4.206959605216979980e-01
2.946893572807312012e-01
1.891091093420982361e-02
0.000000000000000000e+00
2.976718842983245850e-01
6.100703477859497070e-01
4.214840382337570190e-02
2.019427716732025146e-01
0.000000000000000000e+00
1.459860563278198242e+00
8.724998682737350464e-03
6.588542461395263672e-01
7.761268317699432373e-02
1.002192031592130661e-02
2.580463141202926636e-02
1.322732716798782349e-01
2.038814499974250793e-02
5.005459301173686981e-03
3.359237909317016602e-01
1.385470986366271973e+00
1.149851232767105103e-01
1.520347476005554199e+00
0.000000000000000000e+00
6.232838630676269531e-01
1.354717612266540527e-01
3.274671733379364014e-01
1.822497606277465820e+00
7.708971202373504639e-02
1.942142248153686523e-01
0.000000000000000000e+00
2.522999234497547150e-02
8.858738541603088379e-01
2.406759560108184814e-02
5.982306972146034241e-02
4.694475606083869934e-02
6.601353287696838379e-01
2.614097595214843750e-01
1.981800943613052368e-01
1.705528944730758667e-01
4.083258211612701416e-01
0.000000000000000000e+00
1.578089222311973572e-02
1.799715459346771240e-01
2.519947886466979980e-01
2.455785274505615234e-01
1.855838745832443237e-01
1.511572837829589844e+00
2.488088160753250122e-01
8.524308204650878906e-01
1.079012989997863770e+00
6.883074343204498291e-02
9.484664797782897949e-01
3.669989407062530518e-01
1.650310754776000977e-01
3.357261419296264648e-01
2.156621366739273071e-01
0.000000000000000000e+00
8.699882030487060547e-02
1.844580844044685364e-02
3.643159151077270508e+00
2.250444889068603516e-01
2.406852096319198608e-01
3.735960423946380615e-01
5.973898172378540039e-01
8.611629158258438110e-02
9.720769524574279785e-02
4.313096106052398682e-01
4.704819247126579285e-02
2.477695234119892120e-02
4.182889461517333984e-01
5.037631392478942871e-01
1.198190152645111084e-01
1.110643982887268066e+00
2.733134746551513672e+00
6.872324943542480469e-01
0.000000000000000000e+00
3.410419076681137085e-02
3.059921860694885254e-01
1.901830546557903290e-02
3.919978439807891846e-02
5.021318197250366211e-01
3.806434273719787598e-01
5.414491295814514160e-01
0.000000000000000000e+00
4.690327644348144531e-01
7.806580513715744019e-02
0.000000000000000000e+00
8.401245623826980591e-02
3.314390480518341064e-01
2.328608036041259766e-01
8.271994590759277344e-01
1.918970823287963867e+00
9.977556467056274414e-01
6.480044126510620117e-02
5.177025198936462402e-01
0.000000000000000000e+00
1.086034551262855530e-01
2.732736058533191681e-02
4.591454565525054932e-01
1.661765277385711670e-01
1.713079810142517090e+00
6.423465013504028320e-01
3.018639981746673584e-02
5.783010125160217285e-01
7.850025892257690430e-01
2.873117625713348389e-01
1.042480826377868652e+00
2.019327133893966675e-01
0.000000000000000000e+00
5.267770960927009583e-02
0.000000000000000000e+00
7.599242925643920898e-01
6.477370262145996094e-01
2.141370624303817749e-01
5.158323049545288086e-02
1.288690268993377686e-01
7.263289690017700195e-01
1.776392757892608643e-01
1.851818203926086426e+00
1.060341447591781616e-01
0.000000000000000000e+00
2.556969039142131805e-02
1.080132722854614258e-01
1.163475140929222107e-01
4.918403923511505127e-02
8.265483379364013672e-02
4.092358052730560303e-01
0.000000000000000000e+00
5.350533127784729004e-01
4.612297285348176956e-03
1.754697710275650024e-01
4.499775823205709457e-03
2.914912223815917969e+00
1.665632963180541992e+00
2.551233470439910889e-01
2.241109907627105713e-01
2.277749478816986084e-01
1.125138904899358749e-02
5.267410278320312500e-01
1.537931244820356369e-02
4.048907160758972168e-01
5.308290943503379822e-03
0.000000000000000000e+00
0.000000000000000000e+00
0.000000000000000000e+00
0.000000000000000000e+00
1.026466250419616699e+00
1.051332473754882812e+00
1.068830251693725586e+00
1.378016710281372070e+00
8.974627591669559479e-03
0.000000000000000000e+00
2.222773879766464233e-01
1.127828955650329590e+00
4.425632059574127197e-01
1.058674454689025879e+00
2.700804471969604492e-01
3.403495550155639648e-01
5.399121642112731934e-01
4.922870695590972900e-01
9.532810002565383911e-02
3.991404533386230469e+00
3.441979289054870605e-01
2.662129700183868408e-02
1.543017148971557617e+00
0.000000000000000000e+00
5.060520768165588379e-02
0.000000000000000000e+00
1.072360396385192871e+00
4.112246036529541016e-01
1.606356382369995117e+00
2.745486497879028320e-01
3.497445285320281982e-01
5.104568004608154297e-01
8.026143535971641541e-03
0.000000000000000000e+00
5.411996841430664062e-01
0.000000000000000000e+00
7.950291037559509277e-03
1.571455001831054688e-01
0.000000000000000000e+00
0.000000000000000000e+00
8.722524158656597137e-03
1.406976301223039627e-02
1.393433809280395508e-01
0.000000000000000000e+00
2.294393628835678101e-01
2.265939474105834961e+00
2.323703318834304810e-01
4.262802302837371826e-01
9.644213318824768066e-01
5.055438354611396790e-02
1.521908789873123169e-01
5.801779031753540039e-02
2.743015587329864502e-01
3.097703933715820312e+00
5.697985887527465820e-01
3.037170469760894775e-01
5.874427556991577148e-01
3.434372842311859131e-01
1.270854622125625610e-01
3.828818798065185547e-01
4.319835603237152100e-01
1.196999917738139629e-03
1.153305992484092712e-01
4.862821102142333984e-01
8.006950616836547852e-01
1.053189858794212341e-01
5.260703619569540024e-03
2.833438813686370850e-01
2.474334836006164551e-02
0.000000000000000000e+00
6.032962352037429810e-02
0.000000000000000000e+00
3.308164179325103760e-01
0.000000000000000000e+00
2.563973426818847656e+00
1.289132144302129745e-02
0.000000000000000000e+00
5.647971630096435547e-01
1.074778676033020020e+00
1.288789033889770508e+00
4.834246635437011719e-01
0.000000000000000000e+00
0.000000000000000000e+00
5.716236829757690430e-01
3.540561497211456299e-01
7.439606189727783203e-01
4.480252414941787720e-02
4.511696696281433105e-01
1.958650231361389160e+00
3.598948001861572266e+00
1.289245039224624634e-01
3.637434542179107666e-01
8.652835488319396973e-01
1.069132924079895020e+00
5.315740108489990234e-01
1.237534761428833008e+00
9.338396191596984863e-01
3.419655561447143555e+00
1.474979221820831299e-01
1.486048996448516846e-01
1.883091963827610016e-02
2.218991994857788086e+00
0.000000000000000000e+00
1.333438674919307232e-03
2.992174923419952393e-01
9.832509160041809082e-01
1.936250925064086914e-01
7.304785847663879395e-01
8.785282261669635773e-03
7.058087587356567383e-01
3.046953678131103516e-01
2.615115642547607422e-01
0.000000000000000000e+00
3.551114082336425781e+00
0.000000000000000000e+00
7.239079475402832031e-01
6.820744276046752930e-01
0.000000000000000000e+00
0.000000000000000000e+00
1.192627847194671631e-01
1.906393021345138550e-01
1.440237313508987427e-01
6.234358623623847961e-02
7.052592188119888306e-02
9.033187031745910645e-01
0.000000000000000000e+00
3.857889473438262939e-01
3.358919173479080200e-02
1.918454051017761230e+00
2.842834293842315674e-01
1.227415800094604492e-01
0.000000000000000000e+00
4.420083761215209961e-02
1.560653299093246460e-01
2.784651756286621094e+00
6.476874947547912598e-01
2.761569023132324219e-01
3.650030791759490967e-01
3.115416765213012695e+00
0.000000000000000000e+00
1.724956333637237549e-01
6.527399420738220215e-01
3.730919361114501953e-01
2.281547524034976959e-02
1.402148157358169556e-01
0.000000000000000000e+00
5.768045783042907715e-02
0.000000000000000000e+00
1.456450074911117554e-01
5.818723440170288086e-01
2.941126346588134766e+00
1.304414033889770508e+00
0.000000000000000000e+00
1.988749392330646515e-02
2.485546112060546875e+00
1.156773328781127930e+00
1.481720566749572754e+00
3.909377753734588623e-02
9.685119241476058960e-02
2.299743518233299255e-02
5.525056719779968262e-01
6.547157287597656250e+00
3.843976557254791260e-01
0.000000000000000000e+00
2.397915571928024292e-01
1.926363557577133179e-01
2.627608831971883774e-03
6.426306813955307007e-02
1.353677958250045776e-01
1.638486385345458984e-01
8.260479569435119629e-02
4.343355596065521240e-01
8.090680837631225586e-01
1.124439358711242676e+00
0.000000000000000000e+00
3.170610666275024414e-01
0.000000000000000000e+00
1.117839515209197998e-01
2.027035236358642578e+00
2.122845351696014404e-01
8.775283694267272949e-01
0.000000000000000000e+00
3.158887624740600586e-01
2.744800090789794922e+00
0.000000000000000000e+00
6.595039963722229004e-01
1.237238168716430664e+00
0.000000000000000000e+00
4.107892140746116638e-02
5.830551683902740479e-02
1.052303705364465714e-02
1.725660860538482666e-01
7.614641636610031128e-02
0.000000000000000000e+00
3.846704065799713135e-01
1.362099170684814453e+00
1.447849273681640625e-01
7.267800718545913696e-02
6.435960531234741211e-01
2.963313832879066467e-02
0.000000000000000000e+00
0.000000000000000000e+00
3.999125212430953979e-03
6.394468545913696289e-01
0.000000000000000000e+00
5.804551839828491211e-01
9.662691354751586914e-01
8.892510086297988892e-02
3.792973607778549194e-02
7.574607729911804199e-01
0.000000000000000000e+00
5.723628401756286621e-01
2.641166925430297852e+00
6.978441774845123291e-02
4.461215063929557800e-02
2.796698536258190870e-04
1.085742041468620300e-01
6.177320703864097595e-02
1.236108064651489258e+00
3.186542987823486328e-01
2.455397248268127441e-01
3.855276405811309814e-01
1.743340969085693359e+00
2.542413175106048584e-01
2.131645828485488892e-01
1.132132291793823242e+00
4.849213063716888428e-01
2.755113691091537476e-02
3.465008735656738281e-01
7.153615951538085938e-01
0.000000000000000000e+00
5.473393797874450684e-01
2.190490067005157471e-01
0.000000000000000000e+00
6.926139816641807556e-03
1.697066783905029297e+00
1.203045900911092758e-02
1.065189316868782043e-01
1.472825527191162109e+00
9.091585278511047363e-01
2.934411168098449707e-01
1.715202629566192627e-02
1.856118679046630859e+00
7.288159728050231934e-01
3.079071342945098877e-01
6.202938556671142578e-01
1.698128134012222290e-02
0.000000000000000000e+00
0.000000000000000000e+00
1.687953323125839233e-01
9.699595160782337189e-03
3.473736047744750977e-01
1.678313501179218292e-02
1.165743768215179443e-01
1.728427596390247345e-03
1.046529769897460938e+00
1.885674521327018738e-02
4.808784723281860352e-01
1.171018704771995544e-01
7.369867563247680664e-01
1.583825349807739258e-01
6.526872515678405762e-01
5.684055685997009277e-01
1.714864512905478477e-03
6.120020058006048203e-03
1.037136435508728027e+00
2.417771577835083008e+00
5.478763207793235779e-02
3.199254721403121948e-02
1.182490348815917969e+00
5.646556019783020020e-01
2.332034893333911896e-02
0.000000000000000000e+00
2.785361409187316895e-01
7.097061276435852051e-01
2.170143872499465942e-01
2.672794759273529053e-01
2.067630290985107422e+00
2.245763301849365234e+00
5.597529187798500061e-02
1.760115027427673340e+00
0.000000000000000000e+00
1.026746034622192383e+00
2.835936471819877625e-02
1.495169401168823242e+00
3.681746244430541992e+00
2.433615475893020630e-01
1.711403578519821167e-01
2.961726784706115723e-01
0.000000000000000000e+00
3.157886862754821777e-01
1.106684207916259766e+00
2.520412206649780273e-01
2.672694250941276550e-02
3.050646185874938965e-02
1.399453282356262207e-01
3.070314042270183563e-02
1.563656032085418701e-01
5.068305134773254395e-01
5.769531056284904480e-02
0.000000000000000000e+00
2.222973387688398361e-03
7.790264487266540527e-01
2.812447547912597656e-01
3.279987275600433350e-01
1.025848388671875000e+00
1.007505729794502258e-01
1.924066185951232910e+00
5.924053490161895752e-02
2.159506678581237793e-01
1.816877871751785278e-01
0.000000000000000000e+00
5.792489275336265564e-02
3.683251440525054932e-01
5.727433562278747559e-01
4.710046052932739258e-01
4.204932600259780884e-03
1.086502373218536377e-01
4.344254434108734131e-01
8.020660877227783203e-01
9.660886526107788086e-01
1.166256964206695557e-01
7.262069266289472580e-03
2.480851411819458008e-01
1.918416738510131836e+00
1.822315454483032227e-01
1.347909681499004364e-02
3.457941412925720215e-01
6.184679642319679260e-02
5.269358158111572266e-01
0.000000000000000000e+00
4.169816374778747559e-01
3.843316137790679932e-01
0.000000000000000000e+00
3.180003166198730469e-01
2.308308124542236328e+00
2.475431412458419800e-01
1.771140247583389282e-01
3.203186392784118652e-02
7.393570989370346069e-02
8.722714119357988238e-05
0.000000000000000000e+00
0.000000000000000000e+00
1.091148257255554199e+00
2.351522892713546753e-01
1.018042683601379395e+00
1.175961494445800781e-01
8.344950675964355469e-01
1.049476414918899536e-01
4.107177853584289551e-01
1.431199163198471069e-01
6.638143062591552734e-01
0.000000000000000000e+00
2.147307097911834717e-01
6.687201857566833496e-01
9.295636415481567383e-02
4.798034429550170898e-01
4.422779083251953125e-01
1.058296784758567810e-01
9.059062004089355469e-01
9.248778820037841797e-01
2.420450896024703979e-01
2.564379572868347168e-01
5.298871546983718872e-02
5.861700773239135742e-01
2.475646436214447021e-01
2.976850271224975586e+00
5.858253836631774902e-01
7.152742147445678711e-02
4.549433290958404541e-02
3.368360549211502075e-02
1.591920107603073120e-01
3.201330006122589111e-01
9.698394536972045898e-01
0.000000000000000000e+00
4.425626397132873535e-01
1.298988517373800278e-02
1.860210776329040527e+00
7.800030112266540527e-01
8.033610135316848755e-02
1.597168564796447754e+00
3.468381986021995544e-02
4.684945046901702881e-01
7.489015460014343262e-01
1.562782406806945801e+00
1.038420557975769043e+00
6.918680667877197266e-01
0.000000000000000000e+00
3.979423344135284424e-01
0.000000000000000000e+00
1.702170670032501221e-01
2.236998826265335083e-01
1.400506138801574707e+00
2.569716691970825195e+00
1.850722730159759521e-02
0.000000000000000000e+00
1.682425476610660553e-02
1.039694100618362427e-01
2.283718287944793701e-01
3.173338472843170166e-01
1.933057047426700592e-02
1.840261518955230713e-01
4.252662658691406250e-01
1.468573044985532761e-02
1.735117402859032154e-03
1.102529525756835938e+00
5.641854181885719299e-02
1.999013125896453857e-01
0.000000000000000000e+00
1.202784538269042969e+00
5.163581669330596924e-02
3.542904853820800781e-01
3.583547174930572510e-01
1.558793544769287109e+00
1.490631103515625000e+00
3.242534697055816650e-01
9.506472945213317871e-01
1.400686949491500854e-01
2.255288362503051758e+00
5.527078509330749512e-01
2.325386255979537964e-01
0.000000000000000000e+00
9.139102101325988770e-01
6.685196422040462494e-04
1.214034557342529297e+00
1.779168248176574707e-01
1.431140583008527756e-02
3.587677478790283203e-01
3.712386591359972954e-03
2.525704214349389076e-03
0.000000000000000000e+00
2.879816293716430664e-01
7.470961809158325195e-01
4.013071954250335693e-02
2.044042825698852539e+00
2.070498466491699219e+00
2.491173520684242249e-02
0.000000000000000000e+00
4.850597679615020752e-01
0.000000000000000000e+00
0.000000000000000000e+00
0.000000000000000000e+00
5.075654506683349609e+00
3.311897039413452148e+00
8.307568728923797607e-03
1.712430477142333984e+00
6.993315815925598145e-01
5.417528748512268066e-01
1.242371276021003723e-01
1.691402941942214966e-01
5.408652126789093018e-03
9.155633300542831421e-02
1.457459449768066406e+00
1.223623871803283691e+00
3.012904822826385498e-01
5.482389330863952637e-01
6.869244575500488281e-01
9.350080974400043488e-03
2.557972371578216553e-01
2.269152402877807617e-01
5.167371407151222229e-02
2.145798951387405396e-01
3.936258792877197266e+00
1.402545571327209473e+00
1.645504236221313477e-01
2.626766264438629150e-01
1.763371944427490234e+00
7.115800976753234863e-01
1.470820307731628418e-01
1.692976355552673340e+00
7.451344281435012817e-03
4.572041928768157959e-01
5.069191008806228638e-02
2.331441193819046021e-01
1.886046230792999268e-01
6.384432911872863770e-01
3.962974846363067627e-01
3.603855967521667480e-01
0.000000000000000000e+00
2.319022715091705322e-01
4.539689049124717712e-03
7.197613595053553581e-04
3.403859585523605347e-02
3.593505918979644775e-01
1.433764584362506866e-02
0.000000000000000000e+00
4.152715578675270081e-02
1.791505813598632812e-01
2.899425290524959564e-02
2.275766372680664062e+00
8.766438812017440796e-02
3.167522847652435303e-01
6.163821816444396973e-01
1.574481092393398285e-02
3.909169197082519531e+00
5.372471734881401062e-02
1.821190677583217621e-02
4.721997305750846863e-02
4.321988523006439209e-01
2.099044620990753174e-01
3.576050102710723877e-01
8.580230474472045898e-01
5.027191042900085449e-01
0.000000000000000000e+00
1.857656687498092651e-01
5.216395854949951172e-01
4.191615805029869080e-02
1.038623809814453125e+00
1.293781995773315430e+00
5.754410624504089355e-01
1.162981763482093811e-01
6.239793077111244202e-02
6.665633525699377060e-03
2.263411998748779297e+00
1.487665772438049316e-01
2.917252779006958008e+00
4.970693588256835938e-02
2.852525413036346436e-01
7.732452750205993652e-01
7.277626544237136841e-02
5.738485455513000488e-01
1.608121395111083984e-01
4.197535216808319092e-01
1.342172741889953613e+00
5.152330875396728516e+00
2.447519898414611816e-01
4.573673307895660400e-01
5.361741781234741211e-01
9.276883676648139954e-03
1.446932107210159302e-01
2.533528581261634827e-02
2.376198917627334595e-01
6.266334652900695801e-02
1.782372146844863892e-01
2.955145120620727539e+00
6.914793699979782104e-02
3.665522672235965729e-03
1.379949450492858887e-01
0.000000000000000000e+00
4.051394164562225342e-01
1.059931635856628418e+00
8.063496947288513184e-01
2.047416448593139648e+00
3.258287608623504639e-01
2.312404662370681763e-01
5.005840659141540527e-01
1.956112449988722801e-03
1.087389230728149414e+00
9.990490674972534180e-01
5.781131982803344727e-02
8.465340137481689453e-01
2.403813600540161133e-01
2.763328514993190765e-02
1.577256083488464355e+00
7.589897513389587402e-02
0.000000000000000000e+00
1.380098938941955566e+00
0.000000000000000000e+00
9.015890359878540039e-01
2.919770777225494385e-02
0.000000000000000000e+00
1.991180330514907837e-01
6.609033942222595215e-01
7.804217338562011719e-01
1.388012051582336426e+00
1.768068432807922363e+00
3.630926132202148438e+00
5.928334593772888184e-02
1.635112613439559937e-02
1.600273847579956055e-01
0.000000000000000000e+00
2.184357028454542160e-03
1.441431492567062378e-01
0.000000000000000000e+00
3.992247581481933594e-02
0.000000000000000000e+00
1.867660403251647949e+00
1.394314467906951904e-01
1.128324270248413086e-01
9.404752403497695923e-02
5.961073040962219238e-01
2.091113850474357605e-02
5.326744914054870605e-01
1.792770065367221832e-02
0.000000000000000000e+00
6.393035650253295898e-01
0.000000000000000000e+00
4.947732388973236084e-01
6.041445136070251465e-01
0.000000000000000000e+00
1.710617423057556152e+00
5.249321460723876953e-01
1.595970392227172852e-01
0.000000000000000000e+00
2.787810862064361572e-01
1.122682914137840271e-02
0.000000000000000000e+00
7.648562788963317871e-01
1.049281835556030273e+00
5.811544507741928101e-02
0.000000000000000000e+00
1.759546399116516113e+00
2.313664183020591736e-02
0.000000000000000000e+00
0.000000000000000000e+00
6.105299293994903564e-02
4.077627882361412048e-02
9.801842272281646729e-02
0.000000000000000000e+00
1.342514634132385254e+00
1.676726490259170532e-01
4.603501856327056885e-01
0.000000000000000000e+00
0.000000000000000000e+00
8.865994960069656372e-02
1.696883409749716520e-04
1.740620881319046021e-01
8.604232072830200195e-01
7.463992238044738770e-01
2.391871437430381775e-02
0.000000000000000000e+00
2.234935760498046875e-01
1.837703466415405273e+00
0.000000000000000000e+00
0.000000000000000000e+00
