1.121782422065734863e+00
1.058146595954895020e+00
3.008285760879516602e-01
1.292679905891418457e-01
1.206433251500129700e-01
1.543292105197906494e-01
1.035164808854460716e-03
4.433375317603349686e-03
0.000000000000000000e+00
1.825601421296596527e-02
1.921294808387756348e+00
1.095545053482055664e+00
4.603407979011535645e-01
8.299040794372558594e-01
1.499018430709838867e+00
1.685177445411682129e+00
4.643052220344543457e-01
6.339953541755676270e-01
8.309900760650634766e-01
1.022040367126464844e+00
3.695384562015533447e-01
1.418534815311431885e-01
1.305230021476745605e+00
2.566828727722167969e-01
6.162664666771888733e-02
8.085812442004680634e-03
1.253251433372497559e-01
2.017029374837875366e-02
1.663103252649307251e-01
4.841642677783966064e-01
4.680029153823852539e-01
5.013974905014038086e-01
1.763293445110321045e-01
4.791231453418731689e-01
2.506347894668579102e-01
2.818558216094970703e-01
1.121935129165649414e+00
2.717780828475952148e+00
2.349507063627243042e-01
1.401757717132568359e+00
1.965257152915000916e-02
5.132886394858360291e-02
1.371298581361770630e-01
0.000000000000000000e+00
5.761688947677612305e-01
6.030850410461425781e-01
2.000264972448348999e-01
1.691071689128875732e-01
3.539261817932128906e-01
3.140577077865600586e-01
7.548909187316894531e-01
7.743523921817541122e-03
1.067905500531196594e-01
5.855988264083862305e-01
5.087586045265197754e-01
2.915241755545139313e-02
8.293682932853698730e-01
0.000000000000000000e+00
0.000000000000000000e+00
1.042870879173278809e-01
3.724971041083335876e-02
2.164730727672576904e-01
9.739931672811508179e-03
9.028338789939880371e-01
4.685535430908203125e-01
1.579097509384155273e-01
0.000000000000000000e+00
4.781760871410369873e-01
1.970829665660858154e-01
1.301136761903762817e-01
1.372082471847534180e+00
2.240442484617233276e-02
4.826376140117645264e-01
3.683732450008392334e-01
2.411160618066787720e-01
1.124826669692993164e-01
3.478806912899017334e-01
1.038581579923629761e-01
1.711977005004882812e+00
9.737193584442138672e-01
3.206060230731964111e-01
2.833302617073059082e-01
2.321328371763229370e-01
6.645512580871582031e-01
4.230194985866546631e-01
0.000000000000000000e+00
1.303056627511978149e-01
8.489548414945602417e-02
3.605947017669677734e+00
1.570304930210113525e-01
9.651185870170593262e-01
1.895400583744049072e-01
3.715252503752708435e-03
1.454376876354217529e-01
6.141009926795959473e-01
2.042349100112915039e+00
1.032653748989105225e-01
1.330741882324218750e+00
9.809827804565429688e-01
3.643457889556884766e-01
3.546859920024871826e-01
1.195447325706481934e+00
3.372528124600648880e-03
3.583941459655761719e+00
4.338167980313301086e-02
2.025135904550552368e-01
1.124407291412353516e+00
1.640039533376693726e-01
3.803139030933380127e-01
6.566414833068847656e-01
3.150759935379028320e+00
6.373514533042907715e-01
1.830725520849227905e-01
0.000000000000000000e+00
3.299413248896598816e-02
7.155169844627380371e-01
3.490358889102935791e-01
1.598290801048278809e-01
6.099739670753479004e-01
0.000000000000000000e+00
6.379634141921997070e-01
1.638428866863250732e-01
6.190023422241210938e-01
7.755374312400817871e-01
3.811679363250732422e+00
2.364015579223632812e-01
4.292128980159759521e-02
1.143065571784973145e+00
5.134576559066772461e-01
9.092255495488643646e-03
3.256500363349914551e-01
4.457821846008300781e-01
8.845419436693191528e-02
6.494741439819335938e-01
2.481430955231189728e-02
1.820868849754333496e-01
7.449836283922195435e-02
1.030917689204216003e-01
1.322075724601745605e-01
2.342207431793212891e-01
1.662976145744323730e+00
9.188547730445861816e-01
1.511870920658111572e-01
9.732747077941894531e-01
2.791014015674591064e-01
8.188831806182861328e-02
1.683848723769187927e-02
3.046034872531890869e-01
3.918590769171714783e-02
3.481958806514739990e-01
1.513688325881958008e+00
5.807070732116699219e-01
0.000000000000000000e+00
8.266615122556686401e-02
8.393511772155761719e-01
1.482647657394409180e-01
7.609875798225402832e-01
1.265478879213333130e-01
7.153352349996566772e-02
8.518313616514205933e-02
1.502491086721420288e-01
9.873933345079421997e-02
1.736678481101989746e-01
2.306063473224639893e-02
9.188094139099121094e-01
1.468816846609115601e-01
4.638510048389434814e-01
8.242183364927768707e-03
6.370514035224914551e-01
2.307738810777664185e-01
1.022291183471679688e-01
0.000000000000000000e+00
3.639633059501647949e-01
4.193890988826751709e-01
1.797983348369598389e-01
1.131752058863639832e-01
1.541282653808593750e+00
7.057627439498901367e-01
0.000000000000000000e+00
1.663847118616104126e-01
3.038950860500335693e-01
1.410292387008666992e-01
2.676496028900146484e+00
3.645698130130767822e-01
2.860017418861389160e-01
6.491071581840515137e-01
1.686089783906936646e-01
3.094606697559356689e-01
2.540127038955688477e-01
0.000000000000000000e+00
0.000000000000000000e+00
1.528925746679306030e-01
6.818389296531677246e-01
1.334340218454599380e-02
0.000000000000000000e+00
1.209386140108108521e-01
1.214237451553344727e+00
4.278198719024658203e+00
1.025695204734802246e+00
2.680630683898925781e-01
1.819796919822692871e+00
2.386087179183959961e-01
3.622440397739410400e-01
1.275255322456359863e+00
2.133731096982955933e-01
2.289763279259204865e-02
2.893982529640197754e-01
3.844840219244360924e-03
2.463255524635314941e-01
1.848154306411743164e+00
6.025930643081665039e-01
4.548470377922058105e-01
1.323380619287490845e-01
2.050281047821044922e+00
8.513830252923071384e-04
9.876020550727844238e-01
3.565724492073059082e-01
5.490412190556526184e-02
2.857234477996826172e-01
0.000000000000000000e+00
1.152125652879476547e-02
4.441873356699943542e-02
3.437970578670501709e-01
2.785905003547668457e-01
3.895808756351470947e-02
5.141026154160499573e-02
2.575681686401367188e+00
5.685600042343139648e-01
2.692802548408508301e-01
1.053410768508911133e+00
2.693952061235904694e-02
2.800084054470062256e-01
2.644091285765171051e-02
7.165838032960891724e-02
1.002642869949340820e+00
7.875039428472518921e-02
1.430015563964843750e+00
1.126084923744201660e+00
1.432823855429887772e-02
1.021576225757598877e-01
9.901008009910583496e-01
1.065610870718955994e-01
2.886441536247730255e-02
6.554636359214782715e-02
9.167616814374923706e-02
1.355564713478088379e+00
3.556873202323913574e-01
3.270506858825683594e-01
2.053961455821990967e-01
1.312957286834716797e+00
6.321950554847717285e-01
7.190467715263366699e-01
3.865857124328613281e-01
5.356008410453796387e-01
5.428061485290527344e-01
1.297724992036819458e-01
6.988836824893951416e-02
3.114116191864013672e-01
1.310284733772277832e-01
8.941129781305789948e-03
3.709876537322998047e-01
8.673763275146484375e-02
1.258653006516396999e-03
1.061650812625885010e-01
5.945599079132080078e-01
3.807431552559137344e-03
1.919160969555377960e-02
7.468985766172409058e-02
2.502628862857818604e-01
5.704835988581180573e-03
1.339953839778900146e-01
1.129771709442138672e+00
2.014776319265365601e-01
9.158707410097122192e-02
2.557784616947174072e-01
1.710969358682632446e-01
2.262585461139678955e-01
2.302042484283447266e+00
1.933114379644393921e-01
3.319281339645385742e-01
2.896116495132446289e+00
6.125808358192443848e-01
1.693970561027526855e+00
9.010318666696548462e-02
2.214297652244567871e-02
2.431365996599197388e-01
1.655875705182552338e-02
1.479432880878448486e-01
1.066409945487976074e-01
0.000000000000000000e+00
2.439433932304382324e-01
0.000000000000000000e+00
0.000000000000000000e+00
5.160911679267883301e-01
1.162336692214012146e-01
0.000000000000000000e+00
1.248589634895324707e+00
8.875594139099121094e-01
1.398310810327529907e-02
2.323775589466094971e-01
2.266260862350463867e+00
9.251699596643447876e-02
7.812288999557495117e-01
5.810561776161193848e-01
2.258183658123016357e-01
7.137268781661987305e-01
1.336336880922317505e-02
4.305582121014595032e-02
2.058501690626144409e-01
9.910194277763366699e-01
2.637419402599334717e-01
7.893724441528320312e-01
8.678753674030303955e-02
6.140922904014587402e-01
2.614735662937164307e-01
1.050252243876457214e-01
3.201620280742645264e-02
2.116608470678329468e-01
2.036069035530090332e-01
5.173501372337341309e-02
8.750255405902862549e-02
3.615399301052093506e-01
2.625890374183654785e-01
2.836728692054748535e-01
7.705110311508178711e-02
9.756790846586227417e-02
1.846787184476852417e-01
1.647269725799560547e-01
3.571529090404510498e-01
4.620674252510070801e-01
8.816137164831161499e-02
5.285161081701517105e-03
3.182701766490936279e-01
5.005057454109191895e-01
7.302481215447187424e-03
1.992578953504562378e-01
1.563150249421596527e-02
0.000000000000000000e+00
5.773234963417053223e-01
1.420547068119049072e-01
2.436752617359161377e-02
1.593630313873291016e-01
9.395962953567504883e-02
3.003174439072608948e-02
8.837020955979824066e-03
0.000000000000000000e+00
4.868099689483642578e-01
0.000000000000000000e+00
1.306328922510147095e-01
4.293292760848999023e-02
5.236089229583740234e-01
3.153529018163681030e-02
8.506453596055507660e-03
1.458611637353897095e-01
0.000000000000000000e+00
0.000000000000000000e+00
1.843114197254180908e-01
7.073730230331420898e-01
1.079866662621498108e-01
1.874983012676239014e-01
2.340884506702423096e-01
4.178916513919830322e-01
2.103259086608886719e+00
5.397720634937286377e-02
7.534630298614501953e-01
7.364670038223266602e-01
6.271140575408935547e-01
7.784652709960937500e-01
9.457849264144897461e-01
1.860119551420211792e-01
2.605905383825302124e-02
4.404954612255096436e-01
3.527174890041351318e-01
1.099734425544738770e+00
6.258945912122726440e-02
4.891173362731933594e+00
1.491457521915435791e-01
4.337204620242118835e-02
0.000000000000000000e+00
4.210968315601348877e-01
2.194770872592926025e-01
0.000000000000000000e+00
7.632738947868347168e-01
0.000000000000000000e+00
1.033377528190612793e+00
4.872046470642089844e+00
3.721826970577239990e-01
1.332013458013534546e-01
0.000000000000000000e+00
8.640032410621643066e-01
2.519243061542510986e-01
1.087402462959289551e+00
3.231322392821311951e-02
7.432445138692855835e-02
4.930933713912963867e-01
5.561944961547851562e+00
0.000000000000000000e+00
4.504508525133132935e-02
1.990752518177032471e-01
3.304269313812255859e-01
2.484178543090820312e+00
1.756704688072204590e+00
4.413184896111488342e-02
2.916713654994964600e-01
1.393580555915832520e+00
6.895408034324645996e-01
2.293512821197509766e-01
1.456460803747177124e-01
6.399071216583251953e-02
7.835484743118286133e-01
0.000000000000000000e+00
3.019002199172973633e+00
0.000000000000000000e+00
2.159797102212905884e-01
0.000000000000000000e+00
0.000000000000000000e+00
1.487316012382507324e+00
2.831806242465972900e-01
8.046475052833557129e-02
1.962959170341491699e+00
2.091697603464126587e-01
1.198420763015747070e+00
4.946463406085968018e-01
4.417629539966583252e-01
1.792525500059127808e-01
1.829211041331291199e-02
3.472575843334197998e-01
5.398238450288772583e-02
1.553519368171691895e-01
8.671531453728675842e-03
1.611551046371459961e+00
6.446431875228881836e-01
5.702261328697204590e-01
1.316567540168762207e+00
1.241739988327026367e+00
1.643213927745819092e-01
1.419865489006042480e-01
4.481304809451103210e-02
2.094908617436885834e-02
5.561952292919158936e-02
1.993424259126186371e-02
6.554307937622070312e-01
8.861756324768066406e-01
4.034328758716583252e-01
1.140033379197120667e-01
8.667869120836257935e-02
6.707736253738403320e-01
7.371292710304260254e-01
3.592025339603424072e-01
2.578037500381469727e+00
3.908541798591613770e-01
7.378635462373495102e-03
2.522598981857299805e+00
3.304292857646942139e-01
4.046687602996826172e+00
1.029559373855590820e+00
1.453142613172531128e-01
0.000000000000000000e+00
8.181150555610656738e-01
7.664286345243453979e-02
1.692937314510345459e-01
8.291741013526916504e-01
7.580649107694625854e-02
8.338417410850524902e-01
3.823197633028030396e-02
2.196821123361587524e-01
3.028526669368147850e-03
5.763756632804870605e-01
2.429931163787841797e-01
1.705763638019561768e-01
6.003621220588684082e-01
5.997589230537414551e-01
2.080962620675563812e-02
1.335337162017822266e+00
0.000000000000000000e+00
1.274065524339675903e-01
1.590147167444229126e-01
1.023683473467826843e-01
7.545921206474304199e-01
2.570397257804870605e-01
2.027551651000976562e+00
7.725527137517929077e-02
1.038876533508300781e+00
0.000000000000000000e+00
1.980646103620529175e-01
2.743994444608688354e-02
3.534234464168548584e-01
0.000000000000000000e+00
6.937522888183593750e-01
6.993430256843566895e-01
9.545425176620483398e-01
2.676999382674694061e-02
2.644743919372558594e-01
4.522502422332763672e-01
6.059151291847229004e-01
1.468267440795898438e-01
1.192498803138732910e-01
4.043303430080413818e-01
2.943393588066101074e-01
3.782484680414199829e-02
3.402382135391235352e-03
2.016954421997070312e+00
1.348317384719848633e+00
7.633665204048156738e-02
6.306927204132080078e-01
6.628686096519231796e-03
3.967252001166343689e-02
5.618741735816001892e-02
9.929634630680084229e-03
6.214879155158996582e-01
2.173662930727005005e-02
4.886493980884552002e-01
2.772284448146820068e-01
8.897720836102962494e-04
2.641215687617659569e-04
3.223805725574493408e-01
9.690615534782409668e-02
4.490793943405151367e-01
1.736247986555099487e-01
4.665201008319854736e-01
7.370904786512255669e-04
1.039748117327690125e-01
6.392690539360046387e-01
0.000000000000000000e+00
6.839579343795776367e-02
3.850911259651184082e-01
2.158747799694538116e-02
1.648673228919506073e-02
4.647592008113861084e-01
4.646332263946533203e-01
8.175754919648170471e-03
4.335958659648895264e-01
8.701166510581970215e-01
2.152550220489501953e-01
4.515566229820251465e-01
1.550121307373046875e-01
5.878798961639404297e-01
1.781130023300647736e-02
1.193809583783149719e-01
2.023858390748500824e-02
8.039388060569763184e-01
3.493157923221588135e-01
1.637707501649856567e-01
1.183464884757995605e+00
1.261653192341327667e-02
2.855873666703701019e-02
3.515047207474708557e-02
2.273286819458007812e+00
1.720847189426422119e-02
1.412557363510131836e-01
3.432419896125793457e-01
2.319773882627487183e-01
2.084164172410964966e-01
4.539943300187587738e-03
2.166170030832290649e-01
9.845523238182067871e-01
3.582117642508819699e-05
3.452228903770446777e-01
5.815960764884948730e-01
3.676453530788421631e-01
3.484099507331848145e-01
1.064244098961353302e-02
6.352453827857971191e-01
2.139736175537109375e+00
3.096229396760463715e-02
1.999815404415130615e-01
2.570179998874664307e-01
1.676745533943176270e+00
2.065240144729614258e-01
9.124304056167602539e-01
4.431143701076507568e-01
5.920537710189819336e-01
3.029761612415313721e-01
6.822329759597778320e-01
1.217847466468811035e+00
5.903962254524230957e-02
4.349864646792411804e-02
4.997572898864746094e-01
1.594776391983032227e+00
4.520487785339355469e-01
1.337551325559616089e-01
2.757550477981567383e-01
1.534635424613952637e-01
1.973797559738159180e+00
9.626328349113464355e-01
5.529317259788513184e-02
6.650032401084899902e-01
7.151271104812622070e-01
6.033604145050048828e-01
3.051015734672546387e-01
0.000000000000000000e+00
1.149386614561080933e-01
1.096179261803627014e-01
2.591943144798278809e-01
9.360321760177612305e-01
1.796318590641021729e-02
1.457549352198839188e-02
2.168386578559875488e-01
1.565624624490737915e-01
7.363478839397430420e-02
9.315914511680603027e-01
6.704162359237670898e-01
0.000000000000000000e+00
5.398196727037429810e-02
2.240788936614990234e+00
1.051313802599906921e-02
7.440783977508544922e-01
7.041573524475097656e-03
1.914971232414245605e+00
2.091733515262603760e-01
2.187122404575347900e-01
9.461199045181274414e-01
1.252590399235486984e-02
3.469218015670776367e-01
4.575264453887939453e-01
4.423844814300537109e-01
2.459951862692832947e-02
8.617286384105682373e-02
4.497355967760086060e-02
6.046856641769409180e-01
7.290638685226440430e-01
3.856385946273803711e-01
4.178189337253570557e-01
2.809999696910381317e-02
5.196941494941711426e-01
4.246695339679718018e-01
6.033811569213867188e-01
3.313960134983062744e-01
2.050826400518417358e-01
4.434248805046081543e-01
1.153205893933773041e-02
1.161359310150146484e+00
7.633034586906433105e-01
2.964139580726623535e-01
9.764993190765380859e-02
9.684666991233825684e-01
5.751122236251831055e-01
5.650646090507507324e-01
6.122408509254455566e-01
1.984169185161590576e-01
9.939635992050170898e-01
6.581779569387435913e-02
1.196509480476379395e+00
4.504213035106658936e-01
2.474947214126586914e+00
1.225007295608520508e+00
1.125011324882507324e+00
1.171729434281587601e-02
3.997944295406341553e-01
2.681679427623748779e-01
3.145934939384460449e-01
0.000000000000000000e+00
4.036258459091186523e-01
1.353242844343185425e-01
2.290325164794921875e-01
3.704341948032379150e-01
6.113833189010620117e-02
3.960630893707275391e-01
6.401570141315460205e-02
2.450720071792602539e-01
8.904715627431869507e-02
2.151377677917480469e+00
1.274231374263763428e-01
0.000000000000000000e+00
4.155883938074111938e-02
5.398623761720955372e-04
5.960532650351524353e-02
8.338241837918758392e-03
7.099634408950805664e-01
1.066969871520996094e+00
7.038342952728271484e-01
6.063954234123229980e-01
1.146931722760200500e-01
2.442353367805480957e-01
4.333886876702308655e-02
2.910533249378204346e-01
5.842642784118652344e-01
4.610388576984405518e-01
3.403975069522857666e-01
3.956327736377716064e-01
0.000000000000000000e+00
6.219917442649602890e-03
2.306891232728958130e-01
1.324013590812683105e+00
1.659212350845336914e+00
0.000000000000000000e+00
0.000000000000000000e+00
1.277915358543395996e+00
9.110639691352844238e-01
1.044701784849166870e-02
0.000000000000000000e+00
3.649093508720397949e-01
2.575185298919677734e+00
0.000000000000000000e+00
1.522277235984802246e+00
1.903942413628101349e-02
9.165274910628795624e-03
5.474524945020675659e-02
5.693482235074043274e-02
1.488861083984375000e+00
2.432373538613319397e-02
1.254823446273803711e+00
9.313639998435974121e-01
0.000000000000000000e+00
0.000000000000000000e+00
1.384012222290039062e+00
6.651592731475830078e+00
4.278225898742675781e-01
1.207968369126319885e-01
4.265079647302627563e-02
2.158171415328979492e+00
1.054478064179420471e-01
4.354510903358459473e-01
2.163247585296630859e+00
3.840442597866058350e-01
1.255214929580688477e+00
2.866978757083415985e-02
0.000000000000000000e+00
7.547280937433242798e-02
0.000000000000000000e+00
1.261920213699340820e+00
4.376361891627311707e-02
0.000000000000000000e+00
9.410250931978225708e-02
5.015311241149902344e-01
2.739443257451057434e-02
1.018475741147994995e-01
3.770210221409797668e-02
4.327954947948455811e-01
1.818163320422172546e-02
2.335333585739135742e+00
1.511277556419372559e-01
1.498255180194973946e-03
1.648771315813064575e-01
1.817445307970046997e-01
4.665638804435729980e-01
3.039403855800628662e-01
5.132188647985458374e-02
4.679021239280700684e-02
1.231808066368103027e-01
3.034368753433227539e-01
1.062616944313049316e+00
4.221044108271598816e-02
4.773412272334098816e-02
2.844281196594238281e-01
6.374291330575942993e-02
0.000000000000000000e+00
2.106076717376708984e+00
2.291121706366539001e-02
5.430443584918975830e-02
2.545989155769348145e-01
5.551635101437568665e-02
1.328391909599304199e+00
1.190119743347167969e+00
1.864063978195190430e+00
7.892897352576255798e-03
7.985939383506774902e-01
3.316657543182373047e-01
1.466189324855804443e-01
1.277087926864624023e+00
1.690474897623062134e-01
1.597130656242370605e+00
1.212579756975173950e-01
0.000000000000000000e+00
4.157336056232452393e-01
1.730249375104904175e-01
5.724264383316040039e-01
6.119216233491897583e-02
0.000000000000000000e+00
6.437523961067199707e-01
5.617239046841859818e-03
2.737095057964324951e-01
8.917300105094909668e-01
1.493889689445495605e-01
5.819167010486125946e-03
0.000000000000000000e+00
6.085036396980285645e-01
1.852767169475555420e-01
3.287099003791809082e-01
1.458266854286193848e+00
0.000000000000000000e+00
9.279366135597229004e-01
3.069964945316314697e-01
6.438694545067846775e-04
0.000000000000000000e+00
5.011786818504333496e-01
1.368916779756546021e-02
1.053591370582580566e+00
4.515766620635986328e+00
0.000000000000000000e+00
6.548584904521703720e-03
3.510584235191345215e-01
2.844507992267608643e-01
4.129900932312011719e-01
4.250837862491607666e-02
1.141894608736038208e-02
1.888570934534072876e-02
0.000000000000000000e+00
7.025539875030517578e-01
4.464961886405944824e-01
3.230221271514892578e-01
4.775415420532226562e+00
7.792777568101882935e-02
1.308784484863281250e+00
4.564613103866577148e-01
3.783193111419677734e+00
1.955727487802505493e-01
5.213302969932556152e-01
1.550883203744888306e-01
6.645436286926269531e-01
1.549248993396759033e-01
8.419997692108154297e-01
8.797856979072093964e-03
3.154316186904907227e+00
1.023114621639251709e-01
1.272953003644943237e-01
3.341573476791381836e-01
1.427515268325805664e+00
3.921264410018920898e-01
1.068779587745666504e+00
8.994795382022857666e-02
0.000000000000000000e+00
6.984591484069824219e-01
7.967769354581832886e-02
3.506695032119750977e-01
1.712556183338165283e-02
6.737535595893859863e-01
1.530039072036743164e+00
8.054921627044677734e-01
7.077301740646362305e-01
3.114872574806213379e-01
7.605183124542236328e-01
1.958706378936767578e-01
2.597295939922332764e-01
1.306418180465698242e-01
4.445821046829223633e-01
3.583930134773254395e-01
6.545448899269104004e-01
6.248144060373306274e-02
1.452559083700180054e-01
2.409588396549224854e-01
2.626634836196899414e-01
2.309084534645080566e-01
1.792097449302673340e+00
2.169078290462493896e-01
6.463069468736648560e-02
2.207953691482543945e+00
4.577979147434234619e-01
7.291820049285888672e-01
4.990613758563995361e-01
1.914515742100775242e-03
7.204884886741638184e-01
3.318737074732780457e-02
2.177021279931068420e-02
1.174795389175415039e+00
2.070630073547363281e+00
8.523730933666229248e-02
3.187965229153633118e-02
7.476029396057128906e-01
1.060112658888101578e-02
4.136966541409492493e-02
3.588322997093200684e-01
5.179064814001321793e-03
3.804543986916542053e-02
7.812628149986267090e-02
2.204925417900085449e-01
5.764359980821609497e-02
3.041168451309204102e-01
5.574406590312719345e-03
3.129787743091583252e-01
7.965316772460937500e-01
6.835979968309402466e-02
2.694465816020965576e-01
0.000000000000000000e+00
3.880026042461395264e-01
3.467291295528411865e-01
0.000000000000000000e+00
2.013836622238159180e+00
3.436084032058715820e+00
2.481678500771522522e-02
1.215646713972091675e-01
8.022136241197586060e-02
2.196385115385055542e-01
1.327573088929057121e-03
6.154536604881286621e-01
2.455233335494995117e-01
5.778822898864746094e-01
6.590456366539001465e-01
3.180032372474670410e-01
5.539276078343391418e-02
4.629562497138977051e-01
1.407250110059976578e-02
7.949467897415161133e-01
0.000000000000000000e+00
3.143573924899101257e-02
7.335279136896133423e-02
4.108932241797447205e-02
1.166214942932128906e+00
5.121222138404846191e-02
0.000000000000000000e+00
4.826498627662658691e-01
9.660658240318298340e-02
1.362373232841491699e-01
8.204527199268341064e-02
4.616319239139556885e-01
1.732972413301467896e-01
1.055287718772888184e+00
3.472057282924652100e-01
1.633726787986233830e-04
0.000000000000000000e+00
7.380195856094360352e-01
5.761268734931945801e-01
3.887268006801605225e-01
6.552653759717941284e-02
2.094427943229675293e-01
6.092807278037071228e-02
1.545884370803833008e+00
2.035444676876068115e-01
3.585645230486989021e-03
6.110036745667457581e-02
3.557974696159362793e-01
0.000000000000000000e+00
0.000000000000000000e+00
0.000000000000000000e+00
8.001314997673034668e-01
1.052590459585189819e-01
1.627270281314849854e-01
1.922013051807880402e-02
6.196644902229309082e-01
2.086327224969863892e-01
3.728342950344085693e-01
1.308942884206771851e-01
9.798504412174224854e-03
5.250855088233947754e-01
5.552126169204711914e-01
1.472051441669464111e-01
1.844477206468582153e-01
2.074935734272003174e-01
1.441168904304504395e+00
6.082268357276916504e-01
1.585302829742431641e+00
1.961242556571960449e+00
1.093953475356101990e-01
3.894432187080383301e-01
8.666124343872070312e-01
1.291826367378234863e-01
9.392085075378417969e-01
6.487555801868438721e-02
1.374248322099447250e-02
0.000000000000000000e+00
8.885150551795959473e-01
1.211105138063430786e-01
2.868005037307739258e-01
4.380795359611511230e-01
0.000000000000000000e+00
7.433447241783142090e-02
7.148776650428771973e-01
1.490530520677566528e-01
3.565185368061065674e-01
0.000000000000000000e+00
2.715628743171691895e-01
2.079986780881881714e-02
0.000000000000000000e+00
1.277081575244665146e-02
1.000623335130512714e-03
7.596253156661987305e-01
1.727010965347290039e+00
9.202324785292148590e-03
2.083792984485626221e-01
5.088227242231369019e-02
1.429069936275482178e-01
1.094358414411544800e-01
7.245434820652008057e-02
1.143305063247680664e+00
1.450250446796417236e-01
1.828150391578674316e+00
3.550805449485778809e-01
0.000000000000000000e+00
4.312332570552825928e-01
3.625391721725463867e-01
2.477530390024185181e-01
2.781629860401153564e-01
1.150505393743515015e-01
1.106416732072830200e-01
0.000000000000000000e+00
4.868095740675926208e-02
9.060488343238830566e-01
0.000000000000000000e+00
1.512043774127960205e-01
1.611350476741790771e-02
9.250201284885406494e-02
5.393581986427307129e-01
3.342203497886657715e-01
1.233017444610595703e+00
0.000000000000000000e+00
8.040830492973327637e-02
8.290828764438629150e-02
8.307607173919677734e-01
1.747809797525405884e-01
9.674406051635742188e-02
1.124026030302047729e-01
4.078119527548551559e-03
1.120955795049667358e-01
2.541681006550788879e-02
1.125130988657474518e-02
7.625974714756011963e-02
1.180567026138305664e+00
7.318448275327682495e-02
1.918701976537704468e-01
8.846750482916831970e-03
7.209036946296691895e-01
9.692407846450805664e-01
3.035544455051422119e-01
6.519827842712402344e-01
2.689094841480255127e-02
0.000000000000000000e+00
6.922969967126846313e-02
4.895716439932584763e-03
2.656251490116119385e-01
1.452469825744628906e-01
2.489379197359085083e-01
2.448308467864990234e-02
1.510354876518249512e-01
1.116205811500549316e+00
1.289879679679870605e-01
7.644567489624023438e-01
2.025884948670864105e-02
1.632022559642791748e-01
4.874892160296440125e-02
2.932756245136260986e-01
1.903584599494934082e-01
2.628401219844818115e-01
2.339757084846496582e-01
8.761397600173950195e-01
3.480240702629089355e-02
1.749271154403686523e-01
3.908506929874420166e-01
1.645337492227554321e-01
0.000000000000000000e+00
0.000000000000000000e+00
0.000000000000000000e+00
4.989392161369323730e-01
0.000000000000000000e+00
5.260465741157531738e-01
1.083812415599822998e-01
1.408413350582122803e-01
1.563524156808853149e-01
1.980645768344402313e-02
5.389955639839172363e-02
3.353866636753082275e-01
3.611585795879364014e-01
0.000000000000000000e+00
3.293498158454895020e-01
2.038949966430664062e+00
3.795278966426849365e-01
2.328332066535949707e-01
0.000000000000000000e+00
2.090713679790496826e-01
5.673713088035583496e-01
9.787718057632446289e-01
1.191454172134399414e+00
2.248682498931884766e+00
7.730899751186370850e-02
4.398407787084579468e-02
4.174735546112060547e-01
4.285617917776107788e-02
2.045211791992187500e-01
0.000000000000000000e+00
9.389856457710266113e-01
1.487220823764801025e-01
2.081302180886268616e-02
3.121751360595226288e-02
1.512407898902893066e+00
0.000000000000000000e+00
5.618737637996673584e-02
1.294195652008056641e-02
1.836667209863662720e-01
3.931794464588165283e-01
0.000000000000000000e+00
4.142750799655914307e-01
1.276744753122329712e-01
1.141916960477828979e-02
8.159005045890808105e-01
1.875237002968788147e-02
2.959999255836009979e-02
9.965129494667053223e-01
0.000000000000000000e+00
9.085030108690261841e-02
1.668687105178833008e+00
9.216277599334716797e-01
1.199282333254814148e-01
5.311409831047058105e-01
5.399010181427001953e-01
8.877872675657272339e-02
6.415690481662750244e-02
0.000000000000000000e+00
2.076606512069702148e+00
0.000000000000000000e+00
2.503013312816619873e-01
1.058165550231933594e+00
0.000000000000000000e+00
2.253425568342208862e-01
2.481255292892456055e+00
0.000000000000000000e+00
3.787841796875000000e-01
2.152807265520095825e-01
5.030604600906372070e-01
0.000000000000000000e+00
5.745692253112792969e-01
6.047202348709106445e-01
9.467523545026779175e-03
3.316406011581420898e-01
1.283628195524215698e-01
1.977091550827026367e+00
5.745029449462890625e-01
1.073925375938415527e+00
0.000000000000000000e+00
7.355293631553649902e-02
0.000000000000000000e+00
3.926140964031219482e-01
4.288476705551147461e-02
2.426002025604248047e-01
1.493875309824943542e-02
1.127254724502563477e+00
2.021618932485580444e-01
1.857934117317199707e+00
1.144136786460876465e+00
1.668068170547485352e-01
1.730875223875045776e-01
8.204899728298187256e-02
1.052981019020080566e-01
9.458878636360168457e-02
6.252818554639816284e-02
6.098781824111938477e-01
7.219562772661447525e-03
2.566493153572082520e-01
1.057385683059692383e+00
6.276849508285522461e-01
6.031422019004821777e-01
2.989082098007202148e+00
8.795815706253051758e-02
1.313259154558181763e-01
1.102807596325874329e-01
1.867353439331054688e+00
3.405209302902221680e+00
3.331150114536285400e-01
5.877630040049552917e-02
2.697142586112022400e-02
1.155851483345031738e-01
1.155662178993225098e+00
8.832022547721862793e-02
3.513544797897338867e-02
1.833925098180770874e-01
1.240396738052368164e+00
6.804237961769104004e-01
7.281845808029174805e-01
1.838145107030868530e-01
2.095901370048522949e-01
0.000000000000000000e+00
2.457710266113281250e+00
2.770864963531494141e-01
1.107398033142089844e+00
1.628199696540832520e+00
8.228458464145660400e-02
9.805039167404174805e-01
5.203725695610046387e-01
2.812954425811767578e+00
9.479629807174205780e-03
5.754686594009399414e-01
6.778815388679504395e-02
1.323778152465820312e+00
3.079387843608856201e-01
2.821250259876251221e-01
7.734608054161071777e-01
1.673283815383911133e+00
6.514304280281066895e-01
1.389828175306320190e-01
2.754892110824584961e-01
1.093773007392883301e+00
1.994259096682071686e-02
1.209843531250953674e-01
5.375511827878654003e-04
7.442116141319274902e-01
2.243642359972000122e-01
4.298087060451507568e-01
0.000000000000000000e+00
2.348043955862522125e-02
4.722055047750473022e-03
2.721503674983978271e-01
7.413594052195549011e-03
0.000000000000000000e+00
1.383862733840942383e+00
5.769007802009582520e-01
8.879477977752685547e-01
1.451587438583374023e+00
2.171175777912139893e-01
3.392964601516723633e-01
3.611871972680091858e-02
0.000000000000000000e+00
2.097336947917938232e-02
2.696166992187500000e+00
1.209758818149566650e-01
8.919731527566909790e-02
3.502964079380035400e-01
1.993384584784507751e-02
7.610429823398590088e-02
9.736294150352478027e-01
1.983217447996139526e-01
1.434455625712871552e-02
6.772763133049011230e-01
4.266093373298645020e-01
2.569571435451507568e-01
1.505358815193176270e-01
6.621735095977783203e-01
5.711081624031066895e-02
9.700826406478881836e-01
0.000000000000000000e+00
5.991430580615997314e-02
2.535770833492279053e-02
3.267551586031913757e-02
1.860301852226257324e+00
7.526679039001464844e-01
0.000000000000000000e+00
4.170697927474975586e-01
4.757004231214523315e-02
3.800058960914611816e-01
5.738301277160644531e-01
2.756611108779907227e-01
3.904018104076385498e-01
2.138449251651763916e-02
0.000000000000000000e+00
3.523366898298263550e-02
5.042427182197570801e-01
9.869564771652221680e-01
4.645115137100219727e-01
2.765140235424041748e-01
8.028185367584228516e-01
2.075762271881103516e+00
5.809299647808074951e-02
8.885615319013595581e-02
6.721903383731842041e-02
2.537978887557983398e+00
2.849761582911014557e-02
8.783019781112670898e-01
8.038971424102783203e-01
5.677912011742591858e-02
2.046045362949371338e-01
9.653353095054626465e-01
6.064264103770256042e-02
6.839866936206817627e-02
0.000000000000000000e+00
1.908479034900665283e-01
5.854805186390876770e-02
6.934562325477600098e-02
4.911080002784729004e-02
1.304681971669197083e-02
4.614114761352539062e-02
0.000000000000000000e+00
2.422033250331878662e-01
2.165556430816650391e+00
1.255772829055786133e+00
2.266796678304672241e-01
1.874435842037200928e-01
4.391565918922424316e-01
0.000000000000000000e+00
0.000000000000000000e+00
2.798115611076354980e-01
4.684717953205108643e-02
2.799199521541595459e-01
5.263357609510421753e-02
1.767045557498931885e-01
3.505466580390930176e-01
5.113982036709785461e-02
2.762520313262939453e+00
9.951449632644653320e-01
0.000000000000000000e+00
3.895893990993499756e-01
2.329194732010364532e-02
2.151747941970825195e-01
1.156856492161750793e-01
5.200371146202087402e-01
1.218572139739990234e+00
2.357583343982696533e-01
2.832383215427398682e-01
2.189650237560272217e-01
4.572116769850254059e-03
1.887798458337783813e-01
0.000000000000000000e+00
5.757905840873718262e-01
0.000000000000000000e+00
1.667960286140441895e+00
0.000000000000000000e+00
1.295245647430419922e+00
3.260836377739906311e-02
5.911936983466148376e-02
5.437922477722167969e-01
3.825322911143302917e-02
0.000000000000000000e+00
6.033022701740264893e-02
2.094269543886184692e-01
7.018420100212097168e-01
1.667873263359069824e-01
1.358219265937805176e+00
3.471461236476898193e-01
1.615419387817382812e+00
1.361472308635711670e-01
2.392549663782119751e-01
2.043121576309204102e+00
4.207632839679718018e-01
1.287468910217285156e+00
1.423658132553100586e-01
5.548788309097290039e-01
9.269862771034240723e-01
1.736467331647872925e-01
1.397331431508064270e-02
1.994689851999282837e-01
3.065510690212249756e-01
1.097827553749084473e+00
3.202646970748901367e-01
4.143432527780532837e-02
8.778999000787734985e-02
1.055569052696228027e+00
1.169042289257049561e-01
2.690237760543823242e-01
2.349776476621627808e-01
1.827930957078933716e-01
3.389108479022979736e-01
1.288491249084472656e+00
2.980639338493347168e-01
3.880444467067718506e-01
3.451228141784667969e-01
1.084306240081787109e+00
1.335056871175765991e-01
7.694934010505676270e-01
5.319924354553222656e-01
1.418693363666534424e-01
7.791683673858642578e-01
6.879470497369766235e-02
9.624615311622619629e-03
0.000000000000000000e+00
2.291237592697143555e+00
6.735129356384277344e-01
5.607557296752929688e-01
3.192061930894851685e-02
1.755360960960388184e-01
1.662926003336906433e-02
3.315895497798919678e-01
5.302850529551506042e-02
1.772196292877197266e-01
3.078911006450653076e-01
3.659353554248809814e-01
2.229579687118530273e-01
9.047606587409973145e-01
8.081151247024536133e-01
1.380227327346801758e+00
1.248023867607116699e+00
3.509327024221420288e-02
1.656711287796497345e-02
2.543131709098815918e-01
3.674070835113525391e-01
1.975676864385604858e-01
1.046922653913497925e-01
6.449059247970581055e-01
2.331443727016448975e-01
1.883334107697010040e-02
6.707545518875122070e-01
8.400745689868927002e-02
6.329701840877532959e-02
1.267083138227462769e-01
1.712335497140884399e-01
9.976344704627990723e-01
6.731435656547546387e-01
7.299764156341552734e-01
2.302283048629760742e-01
5.272498726844787598e-01
1.872686386108398438e+00
2.047550864517688751e-03
4.043380618095397949e-01
3.436056971549987793e-01
3.261000514030456543e-01
5.539002418518066406e-01
1.919099807739257812e+00
4.378681480884552002e-01
4.213743656873703003e-02
3.628623783588409424e-01
3.052473962306976318e-01
6.736544370651245117e-01
9.577184915542602539e-01
5.060286521911621094e-01
3.477716445922851562e-02
2.182919718325138092e-02
4.175282716751098633e-01
7.684479355812072754e-01
4.401590824127197266e-01
7.106447815895080566e-01
8.726146221160888672e-01
6.847377121448516846e-02
9.359079599380493164e-01
0.000000000000000000e+00
1.845423817634582520e+00
8.754329085350036621e-01
0.000000000000000000e+00
2.028668075799942017e-01
0.000000000000000000e+00
1.362871192395687103e-02
4.185305442661046982e-03
1.846248656511306763e-01
4.205591380596160889e-01
1.559240221977233887e-01
5.758280754089355469e-01
9.682307019829750061e-03
0.000000000000000000e+00
8.634576946496963501e-02
2.101847171783447266e+00
2.744245767593383789e+00
7.396746277809143066e-01
1.397487670183181763e-01
4.156184196472167969e-01
4.123804345726966858e-02
1.206275701522827148e+00
3.263129889965057373e-01
3.725673854351043701e-01
0.000000000000000000e+00
8.624543994665145874e-02
3.639049530029296875e-01
3.795991186052560806e-03
0.000000000000000000e+00
8.880287408828735352e-01
3.546082675457000732e-01
8.164148330688476562e-01
1.229123353958129883e+00
1.130335107445716858e-01
5.880575627088546753e-02
1.286211252212524414e+00
4.592518210411071777e-01
1.294782198965549469e-02
8.430401235818862915e-02
1.385094672441482544e-01
2.816321793943643570e-03
7.409194707870483398e-01
3.019941449165344238e-01
2.305809259414672852e-01
3.147493124008178711e+00
2.810992114245891571e-02
7.257220894098281860e-02
1.740044504404067993e-01
3.404020667076110840e-01
3.993772268295288086e-01
1.519084442406892776e-02
3.826590299606323242e+00
5.648491382598876953e-01
7.726269960403442383e-01
1.442100554704666138e-01
1.117637380957603455e-01
1.624281257390975952e-01
6.119851768016815186e-02
1.579285264015197754e-01
5.748357772827148438e-01
0.000000000000000000e+00
0.000000000000000000e+00
8.374535292387008667e-02
0.000000000000000000e+00
1.163427066057920456e-02
0.000000000000000000e+00
7.643944118171930313e-03
2.664116956293582916e-02
8.160426467657089233e-02
1.192760944366455078e+00
1.609559059143066406e+00
5.614377856254577637e-01
6.587199866771697998e-02
1.718902438879013062e-01
0.000000000000000000e+00
6.327643990516662598e-02
6.070685982704162598e-01
9.232949465513229370e-02
1.093132376670837402e+00
7.043742537498474121e-01
3.849540650844573975e-01
4.032402038574218750e-01
4.316911399364471436e-01
5.058131814002990723e-01
3.340028524398803711e+00
3.465655148029327393e-01
3.057940304279327393e-01
4.283182322978973389e-01
9.708877801895141602e-01
1.910523027181625366e-01
5.157756805419921875e-02
1.381822377443313599e-01
6.579750180244445801e-01
8.280071616172790527e-01
2.119243703782558441e-02
6.084360554814338684e-02
1.921671070158481598e-02
5.033823102712631226e-02
8.423833549022674561e-02
2.638202667236328125e+00
4.264181479811668396e-02
1.125501692295074463e-01
4.051035642623901367e-01
1.934327006340026855e+00
4.138914346694946289e-01
1.623961806297302246e+00
1.071962993592023849e-02
5.906650051474571228e-02
2.234909832477569580e-01
2.478395123034715652e-03
2.355191707611083984e-01
5.686398148536682129e-01
1.092594191431999207e-01
1.890520095825195312e+00
2.513357162475585938e+00
1.278318185359239578e-02
1.224712133407592773e-01
1.476474642753601074e+00
1.178265213966369629e+00
6.984642148017883301e-01
1.419556736946105957e+00
1.994761109352111816e+00
2.886243343353271484e+00
0.000000000000000000e+00
2.767451666295528412e-02
2.449665963649749756e-02
1.581781953573226929e-01
1.203216239809989929e-02
1.742097437381744385e-01
2.020260393619537354e-01
7.552195340394973755e-02
1.088259220123291016e+00
3.546652197837829590e-01
8.613961189985275269e-02
9.869267791509628296e-02
3.233429789543151855e-01
1.553036570549011230e-01
8.082913160324096680e-01
3.511457443237304688e+00
9.261228889226913452e-02
2.445944249629974365e-01
6.405679881572723389e-02
0.000000000000000000e+00
0.000000000000000000e+00
3.473605215549468994e-01
7.014498114585876465e-01
6.136890649795532227e-01
3.325636684894561768e-01
0.000000000000000000e+00
1.226244926452636719e+00
1.152888685464859009e-01
1.641616821289062500e-01
1.144156157970428467e-01
1.634716153144836426e+00
5.234860181808471680e-01
0.000000000000000000e+00
0.000000000000000000e+00
1.497715860605239868e-01
0.000000000000000000e+00
1.490562558174133301e+00
4.009458795189857483e-02
8.525342494249343872e-02
2.022225856781005859e-01
1.123673558235168457e+00
0.000000000000000000e+00
1.408613920211791992e-01
1.581088304519653320e-01
6.036728024482727051e-01
5.248034000396728516e-01
9.869413077831268311e-02
2.008267790079116821e-01
2.462839603424072266e+00
1.104570999741554260e-01
8.304461836814880371e-02
1.426084712147712708e-02
3.155727386474609375e-01
6.185439229011535645e-01
1.684455573558807373e-02
1.181152611970901489e-01
8.611576557159423828e-01
7.200543284416198730e-01
1.074663758277893066e+00
5.434956550598144531e-01
4.021902568638324738e-03
7.822029590606689453e-01
6.893050670623779297e-01
4.016814231872558594e+00
1.130878105759620667e-01
2.822122275829315186e-01
4.844719767570495605e-01
5.701561570167541504e-01
1.582683473825454712e-01
9.922569990158081055e-02
4.700789153575897217e-01
6.110887043178081512e-03
1.700867116451263428e-01
4.578249156475067139e-01
4.012661874294281006e-01
4.713629186153411865e-01
0.000000000000000000e+00
1.279141157865524292e-01
0.000000000000000000e+00
5.916563272476196289e-01
1.777027696371078491e-01
4.997863620519638062e-02
4.360546171665191650e-01
0.000000000000000000e+00
4.035639762878417969e-01
2.375697135925292969e+00
3.691370785236358643e-02
5.219101905822753906e-01
5.600037574768066406e-01
3.274912238121032715e-01
9.593150615692138672e-01
2.031738124787807465e-02
9.042064845561981201e-02
7.286285609006881714e-02
4.814038053154945374e-02
8.048149198293685913e-02
0.000000000000000000e+00
1.372267246246337891e+00
3.061147592961788177e-02
7.654891610145568848e-01
9.448285214602947235e-03
2.826016023755073547e-02
1.819048523902893066e-01
4.183027520775794983e-02
2.591877710074186325e-04
1.640930622816085815e-01
0.000000000000000000e+00
1.269097208976745605e+00
7.388287186622619629e-01
8.152514100074768066e-01
1.311707049608230591e-01
1.053193435072898865e-01
1.371292211115360260e-02
5.428661704063415527e-01
3.592088222503662109e-01
6.716620922088623047e-02
6.372805684804916382e-02
1.580402068793773651e-02
3.824563324451446533e-01
9.527104347944259644e-02
1.035086289048194885e-01
3.582338988780975342e-01
2.894552946090698242e-01
8.963898569345474243e-02
1.142990231513977051e+00
9.367366433143615723e-01
2.736821174621582031e-01
5.803927183151245117e-01
1.030029356479644775e-01
2.817625403404235840e-01
2.108809202909469604e-01
1.338719874620437622e-01
2.262308076024055481e-02
5.697457194328308105e-01
1.438635587692260742e-01
7.120817899703979492e-02
0.000000000000000000e+00
1.946837782859802246e+00
3.445214629173278809e-01
1.095187291502952576e-01
5.081807971000671387e-01
2.007157057523727417e-01
1.218156814575195312e+00
3.797468170523643494e-02
1.099171519279479980e+00
2.741664886474609375e+00
3.826731145381927490e-01
2.793795168399810791e-01
1.743094623088836670e-01
1.162376761436462402e+00
9.098240733146667480e-02
8.715608716011047363e-01
3.492559492588043213e-02
7.102324068546295166e-02
5.694822072982788086e-01
5.778892040252685547e-01
4.653136730194091797e-01
3.505918681621551514e-01
8.859641849994659424e-03
1.697024852037429810e-01
1.197172850370407104e-01
9.585785865783691406e-01
1.747132092714309692e-01
1.201639976352453232e-02
3.043203830718994141e+00
3.905904479324817657e-03
1.605999916791915894e-01
1.237530350685119629e+00
7.865351438522338867e-01
3.761831612791866064e-04
2.587270140647888184e-01
2.404015779495239258e+00
2.352718114852905273e-01
1.109862685203552246e+00
1.225560605525970459e-01
5.198237299919128418e-01
3.759646415710449219e-01
4.321036934852600098e-01
3.068422377109527588e-01
2.639694929122924805e+00
2.212150335311889648e+00
7.820224761962890625e-02
2.450476884841918945e-01
6.669601798057556152e-02
4.242094755172729492e-01
6.507924795150756836e-01
2.436876296997070312e+00
1.277001738548278809e+00
3.305103480815887451e-01
6.389696896076202393e-02
4.449419677257537842e-01
1.932042241096496582e-01
4.166809320449829102e-01
6.075289845466613770e-01
8.201336264610290527e-01
0.000000000000000000e+00
4.293864071369171143e-01
1.689180135726928711e-01
2.273837849497795105e-02
2.241572141647338867e-01
6.535244584083557129e-01
1.990713328123092651e-01
1.417403519153594971e-01
2.266430556774139404e-01
4.313104450702667236e-01
3.156708776950836182e-01
1.402434825897216797e+00
3.335396200418472290e-02
1.159135550260543823e-01
7.571901679039001465e-01
9.568288326263427734e-01
3.641803562641143799e-01
7.262348383665084839e-02
5.235979557037353516e-01
1.463780365884304047e-02
0.000000000000000000e+00
5.906491279602050781e-01
1.910451769828796387e+00
6.587217003107070923e-02
7.714113593101501465e-02
3.380240499973297119e-01
1.136366605758666992e+00
8.352288007736206055e-01
3.920603170990943909e-02
0.000000000000000000e+00
1.512783020734786987e-01
1.706401228904724121e+00
2.086230181157588959e-02
1.118306890130043030e-01
8.639270067214965820e-01
1.830750107765197754e-01
4.412274658679962158e-01
3.182370364665985107e-01
4.961042702198028564e-01
2.287940233945846558e-01
1.793349683284759521e-01
1.468458175659179688e-01
1.768495321273803711e+00
0.000000000000000000e+00
4.984835088253021240e-01
5.002273917198181152e-01
7.420136332511901855e-01
2.210682779550552368e-01
1.173162162303924561e-01
1.168830692768096924e-02
1.335846781730651855e-01
4.053373634815216064e-01
2.165340185165405273e+00
3.100389428436756134e-02
1.460247486829757690e-01
1.455731093883514404e-01
4.211843013763427734e-01
1.072737455368041992e+00
1.333308666944503784e-01
1.136886700987815857e-01
2.042504772543907166e-02
1.934119760990142822e-01
1.959647685289382935e-01
1.267042309045791626e-01
9.508316218852996826e-02
0.000000000000000000e+00
1.413482189178466797e+00
5.462265610694885254e-01
5.820554215461015701e-03
0.000000000000000000e+00
4.418217577040195465e-03
4.999663829803466797e-01
1.665725260972976685e-01
1.819916605949401855e+00
8.009593486785888672e-01
4.461731314659118652e-01
5.120577812194824219e-01
8.110485225915908813e-02
2.382856607437133789e-01
1.785416156053543091e-01
1.482871890068054199e+00
1.416692584753036499e-01
7.851591706275939941e-02
3.953701257705688477e-02
5.266215324401855469e+00
1.303584694862365723e+00
1.293273717164993286e-01
6.198895573616027832e-01
4.785393774509429932e-01
2.481965422630310059e-01
3.674832582473754883e-01
4.825429022312164307e-01
4.614123106002807617e-01
4.221862852573394775e-01
5.027351379394531250e-01
3.369032740592956543e-01
4.472844302654266357e-02
6.941152215003967285e-01
1.582618653774261475e-01
1.443461775779724121e+00
1.097632884979248047e+00
1.032749712467193604e-01
1.796516822651028633e-03
3.576947143301367760e-03
4.580694437026977539e-02
2.500422477722167969e+00
3.818829357624053955e-02
3.847162052989006042e-02
3.363708406686782837e-02
1.505784243345260620e-01
0.000000000000000000e+00
7.487627863883972168e-02
7.350695729255676270e-01
2.695057094097137451e-01
3.985456228256225586e-01
5.246465206146240234e-01
3.809677362442016602e+00
2.354870922863483429e-02
8.922537788748741150e-03
9.298402070999145508e-02
1.882569909095764160e+00
3.381330728530883789e+00
1.326843202114105225e-01
8.686042428016662598e-01
0.000000000000000000e+00
2.695940017700195312e+00
6.347112059593200684e-01
3.275127708911895752e-01
9.937420487403869629e-02
6.626440286636352539e-01
5.136526003479957581e-02
3.356802165508270264e-01
1.581090390682220459e-01
0.000000000000000000e+00
3.886740207672119141e-01
3.863170370459556580e-02
1.880698949098587036e-01
0.000000000000000000e+00
8.151482790708541870e-02
1.394651651382446289e+00
3.273400962352752686e-01
7.376503348350524902e-01
5.525081157684326172e-01
3.982798457145690918e-01
0.000000000000000000e+00
1.577036529779434204e-01
4.318830966949462891e-01
0.000000000000000000e+00
1.410665959119796753e-01
1.916803598403930664e+00
1.300922274589538574e+00
7.234819233417510986e-02
5.604052543640136719e-01
2.730748057365417480e-01
3.472488224506378174e-01
6.318296771496534348e-03
2.090404182672500610e-02
2.785307466983795166e-01
1.908632814884185791e-01
1.988337188959121704e-01
1.615986824035644531e-01
6.071385741233825684e-02
1.747629165649414062e+00
1.807382702827453613e-01
1.040019750595092773e+00
3.609238564968109131e-01
8.138499855995178223e-01
3.192418515682220459e-01
7.615483552217483521e-02
9.498164057731628418e-01
9.068087935447692871e-01
8.876464515924453735e-02
1.316519528627395630e-01
2.355774164199829102e+00
4.778204485774040222e-02
1.673480272293090820e+00
1.074591517448425293e+00
6.295247077941894531e-01
1.953665018081665039e+00
0.000000000000000000e+00
4.139024019241333008e-01
3.151910752058029175e-02
4.722959697246551514e-01
5.223524570465087891e-01
5.672631859779357910e-01
2.397368103265762329e-01
5.259834527969360352e-01
6.154990196228027344e-01
1.319136619567871094e+00
6.575883924961090088e-02
2.523353099822998047e-01
1.650427728891372681e-01
0.000000000000000000e+00
8.026438951492309570e-02
1.778678447008132935e-01
3.294531255960464478e-02
1.584740728139877319e-01
2.677262723445892334e-01
8.235835283994674683e-02
4.423625469207763672e-01
6.605080515146255493e-02
1.287214636802673340e+00
0.000000000000000000e+00
1.896675303578376770e-02
6.035535335540771484e-01
2.782378904521465302e-02
4.634628295898437500e-01
1.795553863048553467e-01
1.273110806941986084e-01
4.819229245185852051e-02
0.000000000000000000e+00
3.453511297702789307e-01
4.568189010024070740e-02
2.335654199123382568e-02
8.190931081771850586e-01
6.135329604148864746e-01
6.341192126274108887e-01
0.000000000000000000e+00
3.047805745154619217e-03
5.115350335836410522e-02
9.407808184623718262e-01
2.762541472911834717e-01
1.960079908370971680e+00
4.540790617465972900e-01
5.184019207954406738e-01
5.117287635803222656e-01
0.000000000000000000e+00
6.545862555503845215e-02
1.986061036586761475e-01
7.120918631553649902e-01
8.720327615737915039e-01
3.189096212387084961e+00
2.803976833820343018e-01
5.888181328773498535e-01
7.006764411926269531e-03
2.570556290447711945e-02
3.786753714084625244e-01
5.068228840827941895e-01
2.580853402614593506e-01
8.424523472785949707e-02
5.848518610000610352e-01
1.344929933547973633e+00
1.422569751739501953e-01
1.213677406311035156e+00
1.357482820749282837e-01
1.410631462931632996e-02
2.352009564638137817e-01
2.074998021125793457e-01
8.897577524185180664e-01
1.470036864280700684e+00
2.794796228408813477e-01
2.562714815139770508e-01
1.787135563790798187e-02
3.352837860584259033e-01
4.908214211463928223e-01
1.456706523895263672e-01
0.000000000000000000e+00
6.431699991226196289e-01
1.132101640105247498e-01
7.588684558868408203e-02
1.120239138603210449e+00
9.014161676168441772e-02
3.241493701934814453e-01
2.913500368595123291e-01
8.651311397552490234e-01
2.063102006912231445e+00
1.636079251766204834e-01
5.584386736154556274e-02
7.711328268051147461e-01
1.163088202476501465e+00
4.583454430103302002e-01
6.621684432029724121e-01
3.202657997608184814e-01
1.579116344451904297e+00
1.816106587648391724e-01
2.674390971660614014e-01
4.829785823822021484e-01
2.224182933568954468e-01
8.450793474912643433e-02
1.358966231346130371e-01
1.081648655235767365e-02
4.515561461448669434e-02
3.177800774574279785e-02
2.453330457210540771e-01
1.651404649019241333e-01
5.915739759802818298e-02
2.066665701568126678e-02
3.036324381828308105e-01
1.019626021385192871e+00
1.440950203686952591e-02
2.754302024841308594e-01
0.000000000000000000e+00
5.740890502929687500e-01
5.746884271502494812e-02
5.986563116312026978e-02
3.809512257575988770e-01
1.953246071934700012e-02
3.982462286949157715e-01
8.202883005142211914e-01
2.027454853057861328e+00
0.000000000000000000e+00
4.324926063418388367e-02
4.502900540828704834e-01
1.489550232887268066e+00
4.149757325649261475e-01
7.122489809989929199e-01
5.870397388935089111e-02
2.264897152781486511e-02
5.646367073059082031e-01
2.350715696811676025e-01
2.632728591561317444e-02
0.000000000000000000e+00
1.863522268831729889e-02
4.463043510913848877e-01
2.219254076480865479e-01
1.568907313048839569e-02
3.882764279842376709e-02
6.516137123107910156e-01
1.391671299934387207e+00
0.000000000000000000e+00
0.000000000000000000e+00
1.748920679092407227e-01
1.248803511261940002e-01
1.201489865779876709e-01
3.858002722263336182e-01
1.682485044002532959e-01
6.281185895204544067e-02
8.419756889343261719e-01
4.803645908832550049e-01
2.102164030075073242e+00
1.720088720321655273e-01
3.536964058876037598e-01
