1.705162525177001953e+00
1.804001927375793457e+00
8.210271000862121582e-01
8.501177281141281128e-02
2.399402111768722534e-01
5.440364480018615723e-01
0.000000000000000000e+00
0.000000000000000000e+00
0.000000000000000000e+00
4.636263474822044373e-02
1.020912528038024902e+00
1.146706581115722656e+00
9.315261989831924438e-02
9.871094226837158203e-01
1.483647704124450684e+00
7.407693192362785339e-03
5.355412364006042480e-01
1.115249991416931152e+00
2.927486598491668701e-01
2.284562438726425171e-01
1.237751483917236328e+00
3.184426426887512207e-01
7.205212116241455078e-01
2.862229347229003906e-01
6.750030815601348877e-02
1.380612999200820923e-01
5.539174675941467285e-01
0.000000000000000000e+00
8.156335949897766113e-01
7.914739847183227539e-02
6.060822680592536926e-02
3.664408326148986816e-01
2.774699628353118896e-01
1.237046346068382263e-01
2.634972095489501953e+00
3.538050055503845215e-01
8.823359608650207520e-01
2.353442907333374023e+00
4.264426231384277344e-02
2.991232395172119141e+00
0.000000000000000000e+00
3.205124139785766602e-01
1.593842655420303345e-01
2.735497653484344482e-01
3.344570100307464600e-02
3.573531210422515869e-01
0.000000000000000000e+00
3.891170918941497803e-01
4.651708900928497314e-01
5.056690424680709839e-03
1.079144358634948730e+00
1.530688703060150146e-01
7.528226971626281738e-01
4.683241546154022217e-01
3.555540740489959717e-01
4.289532005786895752e-01
1.427029013633728027e+00
1.030004769563674927e-01
4.374678805470466614e-02
8.490533381700515747e-02
7.170657068490982056e-02
4.278882741928100586e-01
0.000000000000000000e+00
2.146247923374176025e-01
5.195189714431762695e-01
0.000000000000000000e+00
1.994477026164531708e-02
1.403177380561828613e+00
4.952317774295806885e-01
1.186693534255027771e-01
1.953750967979431152e+00
7.030897587537765503e-02
1.040505647659301758e+00
2.398117184638977051e-01
1.931255161762237549e-01
1.342453528195619583e-02
8.914551734924316406e-01
4.182317554950714111e-01
1.800387620925903320e+00
1.069298386573791504e+00
1.081846356391906738e-01
7.194176316261291504e-01
0.000000000000000000e+00
0.000000000000000000e+00
2.771307528018951416e-02
4.324918389320373535e-01
4.235125184059143066e-01
5.559034943580627441e-01
5.769206047058105469e+00
2.796523272991180420e-01
1.255909323692321777e+00
7.107300758361816406e-01
1.911970973014831543e-02
2.801496088504791260e-01
1.499810516834259033e-01
3.428567171096801758e+00
1.220513368025422096e-03
5.493484139442443848e-01
1.204688429832458496e+00
4.202235341072082520e-01
1.011304855346679688e-01
1.503698587417602539e+00
2.229363843798637390e-02
5.109798908233642578e+00
1.392231702804565430e+00
1.664215233176946640e-03
3.352639436721801758e+00
2.053352445363998413e-01
0.000000000000000000e+00
0.000000000000000000e+00
4.250875473022460938e+00
9.649397134780883789e-01
0.000000000000000000e+00
0.000000000000000000e+00
0.000000000000000000e+00
5.960149765014648438e-01
1.259503960609436035e+00
7.833859324455261230e-01
2.087873220443725586e-01
0.000000000000000000e+00
1.059304833412170410e+00
1.444987207651138306e-01
1.306992053985595703e+00
1.332287937402725220e-01
4.777499675750732422e+00
7.277452945709228516e-02
4.192539490759372711e-03
1.236587166786193848e+00
9.942825138568878174e-02
7.789735496044158936e-02
9.400358051061630249e-02
6.786915659904479980e-01
1.152578275650739670e-02
4.936713278293609619e-01
1.339891646057367325e-02
6.221577525138854980e-01
1.128146424889564514e-01
6.374938040971755981e-02
3.060649149119853973e-02
9.412957355380058289e-03
2.455408573150634766e+00
8.169620037078857422e-01
7.658376693725585938e-01
4.046803712844848633e-01
9.313792586326599121e-01
2.050680875778198242e+00
0.000000000000000000e+00
4.472545385360717773e-01
2.151627093553543091e-01
5.478019118309020996e-01
2.669290542602539062e+00
9.649065732955932617e-01
0.000000000000000000e+00
1.333848595619201660e+00
1.375826001167297363e+00
0.000000000000000000e+00
2.930701375007629395e-01
4.376528859138488770e-01
4.046368598937988281e-01
1.172946020960807800e-01
8.472871035337448120e-02
7.631817832589149475e-03
0.000000000000000000e+00
2.829098515212535858e-02
1.154083967208862305e+00
1.361497789621353149e-01
0.000000000000000000e+00
4.988886043429374695e-02
6.039538383483886719e-01
1.443494856357574463e-01
0.000000000000000000e+00
6.351222097873687744e-02
5.963748097419738770e-01
1.953187227249145508e+00
0.000000000000000000e+00
1.503518819808959961e+00
1.440515041351318359e+00
3.413958549499511719e-01
0.000000000000000000e+00
7.020877003669738770e-01
2.452287226915359497e-01
3.266456187702715397e-04
5.029813766479492188e+00
1.755394637584686279e-01
5.207789540290832520e-01
3.831834346055984497e-02
2.853584587574005127e-01
8.016228079795837402e-01
6.488200277090072632e-02
0.000000000000000000e+00
4.625581204891204834e-02
3.339811563491821289e-01
6.314035058021545410e-01
0.000000000000000000e+00
3.509179130196571350e-02
1.610528528690338135e-01
1.845184445381164551e+00
1.732986807823181152e+00
9.023119807243347168e-01
1.428049504756927490e-01
1.971732974052429199e+00
2.802968025207519531e-01
2.711480557918548584e-01
1.342463016510009766e+00
1.394344866275787354e-01
3.462243080139160156e-01
1.053881168365478516e+00
1.619454100728034973e-02
7.148747891187667847e-02
9.523083567619323730e-01
1.532560139894485474e-01
8.373893797397613525e-02
3.385317921638488770e-01
2.324887275695800781e+00
5.812672153115272522e-02
5.414337515830993652e-01
4.414220154285430908e-01
1.801530867815017700e-01
5.876073613762855530e-02
0.000000000000000000e+00
0.000000000000000000e+00
0.000000000000000000e+00
6.792624294757843018e-02
5.057265758514404297e-01
1.111539173871278763e-02
3.470790982246398926e-01
4.456191062927246094e+00
2.931636571884155273e-01
1.411290317773818970e-01
6.515963673591613770e-01
2.251206338405609131e-02
7.217333912849426270e-01
3.789157569408416748e-01
9.004126489162445068e-02
9.222702980041503906e-01
1.014983728528022766e-01
9.256830066442489624e-02
9.114219546318054199e-01
2.872209250926971436e-01
5.505427122116088867e-01
1.086783289909362793e+00
0.000000000000000000e+00
1.320322882384061813e-02
0.000000000000000000e+00
9.891537949442863464e-03
1.124414205551147461e+00
7.073831558227539062e-01
9.703295230865478516e-01
4.942841529846191406e-01
4.073678016662597656e+00
7.573218345642089844e-01
3.195745944976806641e-01
4.230822324752807617e-01
2.661600476130843163e-03
1.187329292297363281e+00
3.278265297412872314e-01
3.519856138154864311e-03
4.763735532760620117e-01
0.000000000000000000e+00
0.000000000000000000e+00
1.150851607322692871e+00
3.709621727466583252e-02
0.000000000000000000e+00
2.563880383968353271e-01
7.167058587074279785e-01
3.628027439117431641e-01
0.000000000000000000e+00
8.237644284963607788e-02
0.000000000000000000e+00
3.420250723138451576e-03
2.205759584903717041e-01
7.122825980186462402e-01
7.945204526185989380e-02
4.240288957953453064e-02
5.950580909848213196e-02
4.918735325336456299e-01
0.000000000000000000e+00
9.721823930740356445e-01
0.000000000000000000e+00
6.654359749518334866e-04
1.945786356925964355e+00
7.321940660476684570e-01
8.946250081062316895e-01
0.000000000000000000e+00
3.150362968444824219e-01
5.144701153039932251e-02
2.606426477432250977e-01
1.121109366416931152e+00
1.687063574790954590e+00
1.731184870004653931e-02
1.049585267901420593e-01
0.000000000000000000e+00
0.000000000000000000e+00
9.786781668663024902e-02
4.930342137813568115e-01
0.000000000000000000e+00
1.259363144636154175e-01
0.000000000000000000e+00
2.742304205894470215e-01
1.116926595568656921e-01
1.695345997810363770e+00
3.801831901073455811e-01
2.394608110189437866e-01
3.020459711551666260e-01
2.226283401250839233e-01
1.092333912849426270e+00
3.422811925411224365e-01
3.167042974382638931e-03
9.946335554122924805e-01
6.156529188156127930e-01
2.842634022235870361e-01
8.077627420425415039e-01
1.859776675701141357e-01
0.000000000000000000e+00
9.853348135948181152e-03
9.180402755737304688e-01
9.076120913960039616e-04
1.705346256494522095e-01
8.418943732976913452e-02
1.312690228223800659e-02
3.327516466379165649e-02
1.150539755821228027e+00
6.978594511747360229e-02
4.564946889877319336e-02
1.484507769346237183e-01
8.369665592908859253e-02
1.767507046461105347e-01
4.648358821868896484e-01
5.686929821968078613e-01
1.126013040542602539e+00
2.901151776313781738e-01
2.026479505002498627e-02
2.793811820447444916e-02
1.792876601219177246e+00
1.405469328165054321e-01
0.000000000000000000e+00
3.850399283692240715e-03
1.158616393804550171e-01
5.233545303344726562e-01
6.396565437316894531e-01
2.577222585678100586e-01
2.365493625402450562e-01
6.305426955223083496e-01
0.000000000000000000e+00
0.000000000000000000e+00
0.000000000000000000e+00
1.058488860726356506e-01
0.000000000000000000e+00
5.204123910516500473e-03
1.130700185894966125e-01
9.264115095138549805e-01
0.000000000000000000e+00
1.724656522274017334e-01
7.604838609695434570e-01
3.733584657311439514e-02
3.143503889441490173e-02
3.296759724617004395e-02
2.128599882125854492e-01
1.090867212042212486e-03
2.101365625858306885e-01
5.165339708328247070e-01
5.385077595710754395e-01
1.208506107330322266e+00
1.309888809919357300e-01
9.449421614408493042e-02
1.675519466400146484e+00
9.381068348884582520e-01
5.152505636215209961e-01
2.890905618667602539e+00
1.679281443357467651e-01
0.000000000000000000e+00
4.214094579219818115e-01
5.681356042623519897e-02
8.538165688514709473e-01
7.204606384038925171e-02
6.610154151916503906e+00
0.000000000000000000e+00
8.405355364084243774e-02
1.122383400797843933e-01
2.608505189418792725e-01
6.658378243446350098e-01
3.911524254363030195e-05
1.475675344467163086e+00
1.982579082250595093e-01
3.190747201442718506e-01
2.975737333297729492e+00
5.343669056892395020e-01
1.142188310623168945e-01
6.336832791566848755e-02
1.067273259162902832e+00
3.658955916762351990e-02
1.318972185254096985e-02
1.153445709496736526e-02
0.000000000000000000e+00
1.743284106254577637e+00
1.767416477203369141e+00
0.000000000000000000e+00
2.408307194709777832e-01
1.258126199245452881e-01
3.904941678047180176e-01
2.599337339401245117e+00
1.046758174896240234e+00
8.243283256888389587e-03
2.991764247417449951e-01
1.745901942253112793e+00
7.523235678672790527e-01
0.000000000000000000e+00
7.523795962333679199e-02
3.337746560573577881e-01
1.491029977798461914e+00
1.034294217824935913e-01
2.453192949295043945e+00
1.241888403892517090e-01
0.000000000000000000e+00
0.000000000000000000e+00
2.026578933000564575e-01
1.423477679491043091e-01
3.919464349746704102e-02
6.217190623283386230e-02
2.009518444538116455e-01
6.440234184265136719e-01
9.276697635650634766e-01
4.655718505382537842e-01
5.075412988662719727e-02
1.367316991090774536e-01
1.332282181829214096e-02
1.379919499158859253e-01
1.192393422126770020e+00
9.241061657667160034e-02
0.000000000000000000e+00
1.410506606101989746e+00
5.670116543769836426e-01
7.488808631896972656e-01
1.168751239776611328e+00
1.448073863983154297e+00
0.000000000000000000e+00
3.722714027389883995e-03
0.000000000000000000e+00
1.995833754539489746e+00
2.163925766944885254e-02
0.000000000000000000e+00
6.258134841918945312e-01
7.821245789527893066e-01
1.390681028366088867e+00
0.000000000000000000e+00
2.760145440697669983e-02
2.736805379390716553e-01
6.869112849235534668e-01
1.801624149084091187e-01
3.122606515884399414e+00
1.020422935485839844e+00
0.000000000000000000e+00
1.223507881164550781e+00
2.648305594921112061e-01
1.460749626159667969e+00
1.173526763916015625e+00
7.035478949546813965e-02
2.025382220745086670e-02
9.128562808036804199e-01
1.846226304769515991e-01
5.808773264288902283e-02
3.912745237350463867e+00
1.962346434593200684e-01
1.041328072547912598e+00
1.461311876773834229e-01
8.278495669364929199e-01
7.574550807476043701e-02
4.793392419815063477e-01
4.424119293689727783e-01
2.281095385551452637e-01
1.336226582527160645e+00
1.074296832084655762e-01
1.047136709094047546e-01
2.462377548217773438e+00
2.093673497438430786e-02
8.903000503778457642e-02
4.065217375755310059e-01
9.566116333007812500e-02
1.471041738986968994e-01
4.047925472259521484e-01
1.521321773529052734e+00
0.000000000000000000e+00
1.043787240982055664e+00
8.479130268096923828e-02
0.000000000000000000e+00
5.071815252304077148e-01
3.751318752765655518e-01
5.728656798601150513e-02
3.737600147724151611e-01
1.549541234970092773e+00
8.975759744644165039e-01
7.080232501029968262e-01
1.095510497689247131e-01
3.690545856952667236e-01
4.673208594322204590e-01
1.455385088920593262e-01
0.000000000000000000e+00
4.195594787597656250e-01
3.453310430049896240e-01
8.769585192203521729e-02
1.081671044230461121e-01
1.682278037071228027e+00
1.488480567932128906e+00
2.399705350399017334e-01
5.669163540005683899e-02
5.657149553298950195e-01
1.563038676977157593e-01
8.275778964161872864e-03
3.485217317938804626e-02
2.078592777252197266e+00
0.000000000000000000e+00
2.619546055793762207e-01
4.661009013652801514e-01
3.856177628040313721e-02
6.465183943510055542e-02
4.123273491859436035e-01
8.285383135080337524e-02
2.664217948913574219e-01
3.339130282402038574e-01
4.882896840572357178e-01
3.354952335357666016e-01
2.310035526752471924e-01
3.059378147125244141e+00
0.000000000000000000e+00
1.894574910402297974e-01
2.999930381774902344e-01
1.857433319091796875e-01
8.035051822662353516e-02
3.895595297217369080e-02
1.121111586689949036e-02
4.634496197104454041e-02
9.213699102401733398e-01
6.954469680786132812e-01
1.985222101211547852e-01
5.486846566200256348e-01
3.794682621955871582e-01
1.888214945793151855e+00
0.000000000000000000e+00
3.082585893571376801e-02
2.883069403469562531e-02
1.518739342689514160e+00
2.978427708148956299e-01
2.187745831906795502e-02
2.552870213985443115e-01
1.311728835105895996e+00
6.823766827583312988e-01
3.762495815753936768e-01
9.864487648010253906e-01
0.000000000000000000e+00
3.996012508869171143e-01
7.732940465211868286e-02
6.750932335853576660e-02
0.000000000000000000e+00
0.000000000000000000e+00
1.543307453393936157e-01
1.800784111022949219e+00
0.000000000000000000e+00
4.777030646800994873e-01
5.282803177833557129e-01
1.354219019412994385e-01
4.542727395892143250e-02
8.447697013616561890e-02
7.413876652717590332e-01
2.178930997848510742e+00
1.349962353706359863e-01
5.130839347839355469e-01
1.143579244613647461e+00
4.547050595283508301e-01
3.203034698963165283e-01
3.705882132053375244e-01
0.000000000000000000e+00
4.199549257755279541e-01
2.577403783798217773e-01
6.050115227699279785e-01
7.594157457351684570e-01
0.000000000000000000e+00
9.108799695968627930e-02
6.787524819374084473e-01
2.879274606704711914e+00
3.172792792320251465e-01
4.206809997558593750e-01
5.976702570915222168e-01
7.893807291984558105e-01
7.563435435295104980e-01
3.437055051326751709e-01
0.000000000000000000e+00
4.323410615324974060e-02
2.698108851909637451e-01
1.262727618217468262e+00
7.911005988717079163e-03
2.819526009261608124e-02
2.795846164226531982e-01
1.090033948421478271e-01
2.494657635688781738e-01
5.307778716087341309e-02
0.000000000000000000e+00
2.315694391727447510e-01
5.984243154525756836e-01
2.923436164855957031e-01
2.454805932939052582e-02
1.035366415977478027e+00
1.460224390029907227e+00
4.424514770507812500e-01
9.831798076629638672e-02
1.064489364624023438e+00
1.251627225428819656e-02
3.346365988254547119e-01
2.129953791154548526e-04
2.896105766296386719e+00
3.870551288127899170e-02
1.012177765369415283e-01
1.192076563835144043e+00
7.508099675178527832e-01
1.224952712655067444e-01
5.616193413734436035e-01
2.215008996427059174e-02
1.406103954650461674e-03
0.000000000000000000e+00
2.350831963121891022e-02
3.543024659156799316e-01
8.855175971984863281e-01
2.274499982595443726e-01
1.009783744812011719e-01
3.546849787235260010e-01
3.313663005828857422e-01
6.754712462425231934e-01
5.107675194740295410e-01
2.617157399654388428e-01
3.682053983211517334e-01
6.832882761955261230e-01
1.105768084526062012e-01
3.789035230875015259e-02
3.466658294200897217e-01
2.199558168649673462e-01
1.061617806553840637e-01
3.752363920211791992e+00
2.496767602860927582e-02
1.905922412872314453e+00
1.025244295597076416e-01
1.149227499961853027e+00
2.719342410564422607e-01
4.321191832423210144e-02
9.951700568199157715e-01
2.761230766773223877e-01
1.878700733184814453e+00
1.180080056190490723e+00
5.396914482116699219e-01
7.994315773248672485e-02
7.123444229364395142e-02
4.872755706310272217e-02
1.337864398956298828e-01
2.729796804487705231e-02
4.443121552467346191e-01
1.438363939523696899e-01
6.916978210210800171e-02
9.215250611305236816e-01
5.173474922776222229e-02
1.334463953971862793e+00
9.836350381374359131e-02
5.376989841461181641e-01
3.680151700973510742e-02
1.267020344734191895e+00
3.560032844543457031e-01
3.068008720874786377e-01
1.198403358459472656e+00
2.186048030853271484e-01
2.992819845676422119e-01
5.335790291428565979e-02
2.938729226589202881e-01
5.234830975532531738e-01
1.237732291221618652e+00
1.246346533298492432e-01
7.651714235544204712e-02
1.564884185791015625e-02
2.919951677322387695e-01
1.156299471855163574e+00
2.415654957294464111e-01
0.000000000000000000e+00
3.160927295684814453e-01
1.635358214378356934e+00
2.301297150552272797e-02
4.985870793461799622e-02
7.172571420669555664e-01
1.201233386993408203e+00
1.043486237525939941e+00
3.396132588386535645e-01
2.598930383101105690e-03
5.261826515197753906e-01
4.728881716728210449e-01
4.324706196784973145e-01
7.048374414443969727e-02
1.496759653091430664e-01
4.131391525268554688e+00
0.000000000000000000e+00
1.466551780700683594e+00
3.713932633399963379e-02
3.401945903897285461e-02
8.779205083847045898e-01
1.891642957925796509e-01
2.603687942028045654e-01
1.574055552482604980e-01
9.702453017234802246e-02
1.997035145759582520e+00
0.000000000000000000e+00
0.000000000000000000e+00
1.335079312324523926e+00
3.732203245162963867e+00
5.176687613129615784e-03
1.800820529460906982e-01
1.244121268391609192e-01
3.455907821655273438e+00
2.776148021221160889e-01
8.648563921451568604e-02
2.761500120162963867e+00
1.738591045141220093e-01
2.884873747825622559e-01
3.581034764647483826e-02
0.000000000000000000e+00
5.153407808393239975e-03
5.798538923263549805e-01
8.268072009086608887e-01
8.757030963897705078e-02
3.526404500007629395e-01
4.408971965312957764e-01
1.409073472023010254e+00
4.492188394069671631e-01
1.509168446063995361e-01
1.331002824008464813e-02
4.843933284282684326e-01
2.640787139534950256e-02
9.833554923534393311e-02
4.610443487763404846e-02
1.404298245906829834e-01
1.388740539550781250e+00
4.025628790259361267e-02
0.000000000000000000e+00
3.855035081505775452e-02
1.448019593954086304e-01
2.738679945468902588e-02
4.044346883893013000e-02
9.623277932405471802e-03
1.942219138145446777e+00
1.248131319880485535e-01
3.551494181156158447e-01
7.343348264694213867e-01
1.823201477527618408e-01
5.528624355792999268e-02
5.312715172767639160e-01
4.841825067996978760e-01
9.871644526720046997e-02
5.303678661584854126e-02
0.000000000000000000e+00
4.078276157379150391e-01
4.021515250205993652e-01
1.918208837509155273e+00
1.575427316129207611e-02
1.151328682899475098e+00
6.686203479766845703e-01
1.088680792599916458e-02
2.400958538055419922e+00
3.978019654750823975e-01
6.953925490379333496e-01
7.089569419622421265e-02
3.042226843535900116e-02
1.912264525890350342e-01
5.474148392677307129e-01
1.360036373138427734e+00
0.000000000000000000e+00
2.066747099161148071e-02
1.649165749549865723e+00
2.194316685199737549e-01
5.404630899429321289e-01
1.311151504516601562e+00
2.031859308481216431e-01
7.665329426527023315e-02
0.000000000000000000e+00
1.657932519912719727e+00
4.808869659900665283e-01
3.962609451264142990e-03
1.314070463180541992e+00
1.453935820609331131e-02
2.030741691589355469e+00
4.377507865428924561e-01
0.000000000000000000e+00
0.000000000000000000e+00
1.962451338768005371e+00
1.279573072679340839e-03
5.091423392295837402e-01
3.506340265274047852e+00
2.794909663498401642e-02
1.304571926593780518e-01
1.496059894561767578e-01
1.657171249389648438e-01
5.030292868614196777e-01
0.000000000000000000e+00
5.770549923181533813e-02
4.020839557051658630e-02
1.838100887835025787e-02
1.433992236852645874e-01
1.016235873103141785e-01
1.907054483890533447e-01
3.892781734466552734e+00
5.608352422714233398e-01
2.370032817125320435e-01
1.751137226819992065e-01
1.105830311775207520e+00
3.043912351131439209e-01
6.290649175643920898e-01
0.000000000000000000e+00
3.303386270999908447e-02
2.287183105945587158e-01
1.743516325950622559e-01
4.724203646183013916e-01
1.339560985565185547e+00
1.105112135410308838e-01
0.000000000000000000e+00
7.942255735397338867e-01
4.087080955505371094e-01
6.445834636688232422e-01
2.359017729759216309e-02
1.607391685247421265e-01
4.223585426807403564e-01
1.067524313926696777e+00
1.085464805364608765e-01
5.944811701774597168e-01
0.000000000000000000e+00
7.529607415199279785e-02
3.248828053474426270e-01
2.175893306732177734e+00
1.322939991950988770e-01
1.212455630302429199e+00
8.816210031509399414e-01
6.203587353229522705e-02
5.174686908721923828e-01
2.643456459045410156e-01
1.681141614913940430e+00
6.472002267837524414e-01
2.895251810550689697e-01
0.000000000000000000e+00
3.093266859650611877e-03
1.931760273873806000e-02
3.435709699988365173e-02
2.649603784084320068e-01
2.143562555313110352e+00
3.649398386478424072e-01
0.000000000000000000e+00
1.356583118438720703e+00
3.017036020755767822e-01
3.192390501499176025e-01
8.782226443290710449e-01
5.136372447013854980e-01
5.184269547462463379e-01
1.871417641639709473e+00
3.156002983450889587e-02
1.410375833511352539e+00
1.875393629074096680e+00
1.030699610710144043e-01
6.475833803415298462e-02
1.185797214508056641e+00
7.022193670272827148e-01
1.213336512446403503e-01
2.245220690965652466e-01
8.348721265792846680e-01
2.113137207925319672e-02
2.071295827627182007e-01
6.597208231687545776e-02
2.446852475404739380e-01
3.794488608837127686e-01
0.000000000000000000e+00
7.593827694654464722e-02
6.353507637977600098e-01
1.074823141098022461e+00
3.004775643348693848e-01
2.662367187440395355e-02
1.643820643424987793e+00
7.968620955944061279e-02
1.455046422779560089e-02
2.433044672012329102e+00
3.419561624526977539e+00
8.005031943321228027e-02
2.843477725982666016e-01
3.446930348873138428e-01
4.053841158747673035e-02
0.000000000000000000e+00
7.642059326171875000e-01
4.894343018531799316e-01
4.262242913246154785e-01
8.577387332916259766e-01
1.858368664979934692e-01
2.116857022047042847e-01
2.497233897447586060e-01
0.000000000000000000e+00
4.215934276580810547e-01
0.000000000000000000e+00
0.000000000000000000e+00
2.838578224182128906e-01
5.649728327989578247e-02
2.533978223800659180e+00
1.222220994532108307e-02
9.679845720529556274e-02
2.568528950214385986e-01
1.652733981609344482e-01
0.000000000000000000e+00
6.284765899181365967e-02
5.183265209197998047e-01
6.463001668453216553e-02
8.665759563446044922e-01
9.867668151855468750e-01
2.111863046884536743e-01
0.000000000000000000e+00
1.818387210369110107e-01
3.418807685375213623e-02
1.011204048991203308e-01
9.613348543643951416e-02
4.851341247558593750e-03
1.150821596384048462e-01
1.724747061729431152e+00
9.091246724128723145e-01
2.857476174831390381e-01
2.228388190269470215e-02
1.926428377628326416e-01
2.491137087345123291e-01
1.267430279403924942e-02
3.325209254398941994e-03
1.804458141326904297e+00
3.101188838481903076e-01
8.931994438171386719e-03
0.000000000000000000e+00
1.728177964687347412e-01
1.024852633476257324e+00
7.700412273406982422e-01
4.007597267627716064e-02
9.480264969170093536e-03
1.008329018950462341e-01
1.521649863570928574e-02
1.571816563606262207e+00
7.270350456237792969e-01
6.126087903976440430e-01
1.370935916900634766e+00
2.826897799968719482e-02
3.511727809906005859e+00
3.531961917877197266e+00
7.273893803358078003e-02
8.297960162162780762e-01
3.359525501728057861e-01
2.884554862976074219e-02
1.388269901275634766e+00
8.825414180755615234e-01
3.903885185718536377e-02
7.191134244203567505e-02
2.273016214370727539e+00
3.474540710449218750e-01
4.425659403204917908e-02
3.120960295200347900e-01
0.000000000000000000e+00
1.708219945430755615e-01
1.499449491500854492e+00
8.408799767494201660e-03
6.842398643493652344e-01
9.628556668758392334e-03
6.754959374666213989e-02
0.000000000000000000e+00
9.826631098985671997e-02
3.673469424247741699e-01
3.846690058708190918e-02
4.039990305900573730e-01
3.984927833080291748e-01
4.884566739201545715e-02
1.799075603485107422e-01
1.307917088270187378e-01
5.523351579904556274e-02
4.301363078411668539e-04
3.801676630973815918e-02
1.353681564331054688e+00
9.155062586069107056e-02
1.498930335044860840e+00
6.252266764640808105e-01
2.444465830922126770e-02
5.459948778152465820e-01
1.769150956533849239e-03
8.099967241287231445e-02
4.307457804679870605e-02
0.000000000000000000e+00
3.195664584636688232e-01
1.084568277001380920e-01
1.373587362468242645e-02
2.196506977081298828e+00
4.979740381240844727e-01
1.490052044391632080e-01
8.236020058393478394e-02
2.050199955701828003e-01
1.776818871498107910e+00
3.227381706237792969e-01
7.804637551307678223e-01
4.200721979141235352e-01
4.670585971325635910e-03
2.379882149398326874e-03
7.032852172851562500e-01
1.454750355333089828e-02
1.770105808973312378e-01
1.753344833850860596e-01
0.000000000000000000e+00
3.191972076892852783e-01
3.260472044348716736e-02
1.602999418973922729e-01
4.927990213036537170e-02
1.138793006539344788e-01
8.171135783195495605e-01
1.534359604120254517e-01
0.000000000000000000e+00
2.830722332000732422e-01
3.802398741245269775e-01
1.205111518502235413e-01
4.375021755695343018e-01
0.000000000000000000e+00
0.000000000000000000e+00
0.000000000000000000e+00
3.317853063344955444e-02
4.947616159915924072e-02
2.941658496856689453e-01
0.000000000000000000e+00
1.025155708193778992e-01
3.585374355316162109e-01
6.906023025512695312e-01
1.201271265745162964e-01
3.828864991664886475e-01
1.015582457184791565e-01
7.938042283058166504e-02
5.006800964474678040e-02
1.077862977981567383e+00
2.877478301525115967e-01
1.604710817337036133e-01
0.000000000000000000e+00
0.000000000000000000e+00
4.370520114898681641e-01
1.445734500885009766e-01
4.932302236557006836e-01
1.505347341299057007e-01
1.885556615889072418e-02
0.000000000000000000e+00
2.004093304276466370e-02
4.721830785274505615e-01
5.738378763198852539e-01
1.876221895217895508e+00
3.404829800128936768e-01
6.081720441579818726e-02
2.995319291949272156e-02
1.212357543408870697e-02
0.000000000000000000e+00
3.899697363376617432e-01
7.432337999343872070e-01
2.569711394608020782e-02
3.204410374164581299e-01
1.896708160638809204e-01
5.283348262310028076e-02
1.954136639833450317e-01
0.000000000000000000e+00
4.024529755115509033e-01
6.561533361673355103e-02
0.000000000000000000e+00
9.946451336145401001e-02
1.198396563529968262e+00
4.047729074954986572e-01
0.000000000000000000e+00
2.890662848949432373e-02
1.282229125499725342e-01
3.551788628101348877e-01
1.815367192029953003e-01
4.172902107238769531e-01
4.107309579849243164e-01
0.000000000000000000e+00
1.503553986549377441e-01
1.273970007896423340e+00
1.153973579406738281e+00
1.355041861534118652e-01
7.174871116876602173e-02
3.552898168563842773e-01
9.787386059761047363e-01
0.000000000000000000e+00
3.259468376636505127e-01
1.297292709350585938e-01
5.130916833877563477e-02
1.677600145339965820e-01
3.509708866477012634e-02
9.692102670669555664e-02
1.229145407676696777e+00
2.707562968134880066e-02
1.254287809133529663e-01
1.604875087738037109e+00
8.781927227973937988e-01
5.556458234786987305e-01
1.423299193382263184e+00
3.655419647693634033e-01
2.184959873557090759e-02
2.721960656344890594e-02
1.333496719598770142e-01
4.647679924964904785e-01
6.634655594825744629e-02
1.521447896957397461e-01
5.848045945167541504e-01
4.104161560535430908e-01
1.508032530546188354e-01
3.973127603530883789e+00
2.623420655727386475e-01
7.928367704153060913e-02
1.058651134371757507e-02
3.102152824401855469e+00
0.000000000000000000e+00
5.145014524459838867e-01
2.072218418121337891e+00
4.761740565299987793e-01
1.788105607032775879e+00
1.898660063743591309e-01
3.129666328430175781e+00
1.800940632820129395e+00
1.571589112281799316e+00
7.155654579401016235e-02
1.731547117233276367e-01
3.492172434926033020e-02
5.564829111099243164e-01
1.362159289419651031e-02
8.566237241029739380e-02
5.563709735870361328e-01
9.283894300460815430e-01
1.106169372797012329e-01
8.721210956573486328e-01
8.930106163024902344e-01
5.457460507750511169e-02
6.205809712409973145e-01
0.000000000000000000e+00
1.418863385915756226e-01
2.474934794008731842e-02
5.935073494911193848e-01
8.558962941169738770e-01
3.898862004280090332e-02
5.208601355552673340e-01
2.439896583557128906e+00
3.677370548248291016e-01
1.818949915468692780e-02
1.299715995788574219e+00
1.690034270286560059e-01
1.044288426637649536e-01
2.265748381614685059e-01
1.891180396080017090e+00
4.676533699035644531e+00
1.577738523483276367e-01
4.421337321400642395e-02
1.795035898685455322e-01
1.116787493228912354e-01
5.213006138801574707e-01
2.696642279624938965e-01
4.231965914368629456e-02
1.880441904067993164e-01
1.208686709403991699e+00
1.080664634704589844e+00
2.178451567888259888e-01
2.686499059200286865e-01
6.044324040412902832e-01
0.000000000000000000e+00
2.413781881332397461e+00
1.019137054681777954e-01
3.109132945537567139e-01
2.594589233398437500e+00
6.146289408206939697e-02
4.752228260040283203e-01
2.293599210679531097e-02
6.260876059532165527e-01
1.514856815338134766e-01
1.933652311563491821e-01
2.450312227010726929e-01
4.716763496398925781e-01
6.097567677497863770e-01
1.089660525321960449e+00
1.637970656156539917e-01
6.414641737937927246e-01
5.531124472618103027e-01
1.172720864415168762e-01
4.238841533660888672e-01
2.124468803405761719e+00
2.399031445384025574e-02
1.192848905920982361e-01
1.614763215184211731e-02
5.051940679550170898e-01
2.486369460821151733e-01
4.504017829895019531e-01
1.622659862041473389e-01
5.830543488264083862e-02
5.195802543312311172e-03
7.010632008314132690e-02
4.224152863025665283e-01
0.000000000000000000e+00
4.443251192569732666e-01
1.438980549573898315e-01
1.411342024803161621e+00
4.469460546970367432e-01
1.444832384586334229e-01
9.706538170576095581e-02
0.000000000000000000e+00
3.799316883087158203e-01
8.415234833955764771e-02
1.827396631240844727e+00
2.803524434566497803e-01
0.000000000000000000e+00
4.219163060188293457e-01
1.089524477720260620e-02
5.804930999875068665e-02
1.616108298301696777e+00
6.653232872486114502e-02
6.035830080509185791e-02
3.423755466938018799e-01
0.000000000000000000e+00
4.224422946572303772e-02
7.859066873788833618e-02
2.010100893676280975e-02
4.048041403293609619e-01
3.097172081470489502e-01
0.000000000000000000e+00
5.637842416763305664e-01
1.675364910624921322e-04
2.177230864763259888e-01
1.969471931457519531e+00
2.641870677471160889e-01
2.809136733412742615e-02
9.078707098960876465e-01
1.138229781645350158e-04
1.150672361254692078e-01
7.626347541809082031e-01
7.656534910202026367e-01
5.882452800869941711e-02
5.104018375277519226e-02
1.496500894427299500e-02
2.301221899688243866e-02
6.197485923767089844e-01
2.136357307434082031e+00
8.029263615608215332e-01
4.170960783958435059e-01
7.392835617065429688e-01
6.434921026229858398e-01
0.000000000000000000e+00
1.322293770499527454e-03
5.581970512866973877e-02
1.951408267021179199e+00
8.053080178797245026e-03
1.467004060745239258e+00
3.575673326849937439e-02
8.872763812541961670e-02
1.384021192789077759e-01
1.735996641218662262e-02
1.601514406502246857e-02
5.027872323989868164e-02
2.233867766335606575e-03
2.702905237674713135e-01
2.547480463981628418e-01
1.217383239418268204e-02
0.000000000000000000e+00
1.401933133602142334e-01
6.738880872726440430e-01
0.000000000000000000e+00
1.433369636535644531e+00
1.522309422492980957e+00
2.883294224739074707e-01
2.134861499071121216e-01
7.979229837656021118e-02
4.298371076583862305e-02
2.202360704541206360e-02
2.461798936128616333e-01
8.105891346931457520e-01
2.362906187772750854e-02
1.754774302244186401e-01
5.353330373764038086e-01
1.067357286810874939e-01
7.191897183656692505e-02
7.938763499259948730e-01
1.585389524698257446e-01
2.739060640335083008e+00
1.598183214664459229e-01
1.176416277885437012e+00
2.846529483795166016e-01
2.323804646730422974e-01
3.399018943309783936e-02
2.117022424936294556e-01
3.259910941123962402e-01
2.917560815811157227e+00
4.893822595477104187e-02
8.550291061401367188e-01
9.944027662277221680e-02
5.255014300346374512e-01
1.078648492693901062e-02
6.978942751884460449e-01
4.760025069117546082e-02
1.475135803222656250e+00
0.000000000000000000e+00
9.824218750000000000e-01
2.175918579101562500e+00
3.572560846805572510e-01
6.354921460151672363e-01
4.720804467797279358e-02
6.345064193010330200e-02
1.391889341175556183e-02
3.030192255973815918e-01
6.228126883506774902e-01
1.068720296025276184e-01
1.249210000038146973e+00
1.697612255811691284e-01
1.429150938987731934e+00
3.170373439788818359e-01
1.610288918018341064e-01
3.054175972938537598e-01
4.450013935565948486e-01
9.219442605972290039e-01
4.677968099713325500e-02
4.288088679313659668e-01
9.461799263954162598e-01
2.035227268934249878e-01
3.742679953575134277e-02
6.829971820116043091e-02
5.466225147247314453e-01
3.248501121997833252e-01
2.906807422637939453e+00
3.902755379676818848e-01
9.210493415594100952e-02
2.271050810813903809e-01
6.005063652992248535e-02
9.506303668022155762e-01
9.246678091585636139e-03
5.327695012092590332e-01
3.251516819000244141e-01
7.495484352111816406e-01
3.185222148895263672e-01
2.034816192463040352e-03
4.961845278739929199e-02
1.866283416748046875e-01
6.761179864406585693e-02
8.433874249458312988e-01
0.000000000000000000e+00
2.260721027851104736e-01
3.525508046150207520e-01
1.185323148965835571e-01
2.413053251802921295e-02
0.000000000000000000e+00
1.718177318572998047e+00
8.502424359321594238e-01
4.052322208881378174e-01
2.816877793520689011e-03
2.366182208061218262e-01
8.491720072925090790e-03
2.436165958642959595e-01
6.881605386734008789e-01
1.381553336977958679e-02
8.828230947256088257e-02
3.345293998718261719e-01
7.081967312842607498e-03
1.989189535379409790e-03
9.637566208839416504e-01
3.323792695999145508e+00
1.301083087921142578e+00
6.062589213252067566e-02
2.944544143974781036e-02
1.863089948892593384e-01
3.518885672092437744e-01
8.184303641319274902e-01
5.798772573471069336e-01
2.098591327667236328e+00
2.842256426811218262e-01
0.000000000000000000e+00
7.796945571899414062e-01
4.580411314964294434e-02
0.000000000000000000e+00
3.711684048175811768e-02
0.000000000000000000e+00
2.289604693651199341e-01
1.606428980827331543e+00
7.658780217170715332e-01
2.248546183109283447e-01
4.298867881298065186e-01
2.803377628326416016e+00
1.411507576704025269e-01
1.294618248939514160e-01
1.051192954182624817e-01
6.798005104064941406e-01
9.233140945434570312e-01
1.589505195617675781e+00
8.720791935920715332e-01
2.310535311698913574e-01
3.275774070061743259e-04
4.379109740257263184e-01
2.562672086060047150e-02
6.515254378318786621e-01
7.618996500968933105e-01
4.490170162171125412e-03
7.391043007373809814e-02
1.756958514451980591e-01
1.631365060806274414e+00
7.812952399253845215e-01
9.269350171089172363e-01
8.127173781394958496e-01
1.748735904693603516e-01
1.221320390701293945e+00
0.000000000000000000e+00
3.245490789413452148e+00
1.009210105985403061e-02
0.000000000000000000e+00
3.440448641777038574e-02
0.000000000000000000e+00
1.180717349052429199e-01
1.254567652940750122e-01
3.728899359703063965e-02
4.717721417546272278e-02
0.000000000000000000e+00
9.668236970901489258e-02
0.000000000000000000e+00
4.291102290153503418e-02
6.026220321655273438e-02
1.030542373657226562e+00
2.262893438339233398e+00
1.087994098663330078e+00
3.412027955055236816e-01
9.649517387151718140e-02
6.589558720588684082e-02
1.376522898674011230e+00
6.690029054880142212e-02
1.678954601287841797e+00
5.108612123876810074e-03
4.852068424224853516e-01
1.402961909770965576e-01
6.861342489719390869e-02
6.870832294225692749e-02
4.034143686294555664e-01
1.137449368834495544e-01
1.444002389907836914e+00
1.515604972839355469e+00
9.048887342214584351e-02
3.650326281785964966e-02
1.558361649513244629e+00
1.035319805145263672e+00
2.791545391082763672e-01
3.880505636334419250e-02
5.215080082416534424e-02
4.412068724632263184e-01
7.599561214447021484e-01
3.822064027190208435e-02
6.430477648973464966e-02
3.139508962631225586e+00
9.426262974739074707e-02
1.225131899118423462e-01
2.018886245787143707e-02
8.595000207424163818e-02
9.836829304695129395e-01
0.000000000000000000e+00
3.086197674274444580e-01
1.729131042957305908e-01
1.324580013751983643e-01
0.000000000000000000e+00
1.200504484586417675e-03
0.000000000000000000e+00
0.000000000000000000e+00
0.000000000000000000e+00
1.839959248900413513e-02
0.000000000000000000e+00
3.249044716358184814e-01
0.000000000000000000e+00
1.463954802602529526e-02
1.938873827457427979e-01
3.018968366086483002e-02
5.245419740676879883e-01
1.056587547063827515e-01
3.217084705829620361e-02
1.167163610458374023e+00
1.628394126892089844e+00
2.276210784912109375e-01
3.525465428829193115e-01
4.818575382232666016e-01
0.000000000000000000e+00
8.771183341741561890e-02
4.120322167873382568e-01
2.239889465272426605e-02
7.387744188308715820e-01
2.994352102279663086e+00
7.074865102767944336e-01
5.142768025398254395e-01
8.041785955429077148e-01
5.198226496577262878e-02
3.325524568557739258e+00
1.474829167127609253e-01
2.852424383163452148e-01
9.856704622507095337e-02
5.812192335724830627e-02
6.991848349571228027e-02
3.195940554141998291e-01
2.574450969696044922e-01
3.526373803615570068e-01
1.713844835758209229e-01
3.441932797431945801e-01
8.539828658103942871e-02
1.583360880613327026e-01
2.059254944324493408e-01
0.000000000000000000e+00
7.882435321807861328e-01
1.778983423719182611e-04
0.000000000000000000e+00
4.943329095840454102e-01
7.770591378211975098e-01
1.713932991027832031e+00
1.202398180961608887e+00
2.613364905118942261e-02
0.000000000000000000e+00
6.073197722434997559e-02
6.369915604591369629e-02
3.388861715793609619e-01
8.861753344535827637e-01
1.805038452148437500e-01
1.651734948158264160e+00
4.043817520141601562e+00
8.623979687690734863e-01
1.033588290214538574e+00
1.590026378631591797e+00
4.701090157032012939e-01
2.176759093999862671e-01
8.226234316825866699e-01
1.441858857870101929e-01
2.516182184219360352e+00
3.895245864987373352e-02
6.280690431594848633e-02
0.000000000000000000e+00
1.075865328311920166e-01
0.000000000000000000e+00
0.000000000000000000e+00
4.844937939196825027e-03
1.250478327274322510e-01
7.422901988029479980e-01
9.761982411146163940e-02
1.986068859696388245e-02
5.504972487688064575e-02
1.483796834945678711e-01
5.921092256903648376e-02
4.287855327129364014e-01
3.697501420974731445e+00
1.919473409652709961e-01
5.358715653419494629e-01
1.665771305561065674e-01
0.000000000000000000e+00
0.000000000000000000e+00
1.912326067686080933e-01
2.669751457870006561e-02
3.351281285285949707e-01
3.482011705636978149e-02
0.000000000000000000e+00
9.244643449783325195e-01
4.059452116489410400e-01
6.466275453567504883e-02
9.871932119131088257e-02
3.289234399795532227e+00
8.017601817846298218e-02
3.696938045322895050e-03
1.342599242925643921e-01
1.401185989379882812e-02
0.000000000000000000e+00
2.698976516723632812e+00
5.654709786176681519e-02
8.987220376729965210e-02
6.393823623657226562e-01
1.382037520408630371e+00
0.000000000000000000e+00
2.766046822071075439e-01
7.486895918846130371e-01
5.557118058204650879e-01
1.674742088653147221e-03
1.220673918724060059e-01
1.417403966188430786e-01
1.371764689683914185e-01
8.065352216362953186e-03
4.472994506359100342e-01
1.055193617939949036e-01
3.157185018062591553e-01
1.311377525329589844e+00
0.000000000000000000e+00
2.008115798234939575e-01
8.992818742990493774e-02
6.648810505867004395e-01
1.004611372947692871e+00
3.801077604293823242e-01
0.000000000000000000e+00
7.682839035987854004e-01
2.142386883497238159e-01
2.308675050735473633e+00
3.856490179896354675e-02
1.814814954996109009e-01
1.129924297332763672e+00
1.048004984855651855e+00
0.000000000000000000e+00
2.986675687134265900e-02
1.730442196130752563e-01
4.015028774738311768e-01
6.676822435110807419e-03
8.279132246971130371e-01
5.156147480010986328e-01
1.074997708201408386e-02
1.882364749908447266e-01
1.106530427932739258e-01
0.000000000000000000e+00
2.229448221623897552e-02
4.495476782321929932e-01
2.669688165187835693e-01
6.299566030502319336e-01
1.145658921450376511e-02
1.821613162755966187e-01
2.551521301269531250e+00
0.000000000000000000e+00
1.171926781535148621e-01
6.239048242568969727e-01
8.602497726678848267e-02
9.669449329376220703e-01
5.340367089956998825e-03
0.000000000000000000e+00
7.739376276731491089e-02
3.877428546547889709e-02
4.680177941918373108e-02
0.000000000000000000e+00
4.571953713893890381e-01
3.130425810813903809e-01
2.704833447933197021e-02
0.000000000000000000e+00
0.000000000000000000e+00
3.562957346439361572e-01
2.473686784505844116e-01
1.354400347918272018e-02
3.562432229518890381e-01
2.453234745189547539e-03
1.911457180976867676e+00
7.261306047439575195e-01
3.580259084701538086e-01
1.574109494686126709e-01
3.783122077584266663e-02
0.000000000000000000e+00
1.677980273962020874e-01
1.482795834541320801e+00
6.564396619796752930e-02
3.779649734497070312e-02
5.705313757061958313e-02
1.705576851963996887e-02
5.319521203637123108e-02
1.063641428947448730e+00
6.123670339584350586e-01
0.000000000000000000e+00
5.923221353441476822e-03
5.612611770629882812e-01
7.016847729682922363e-01
1.420888304710388184e-01
8.577002882957458496e-01
6.166313886642456055e-01
6.097703054547309875e-02
5.079806447029113770e-01
2.331004589796066284e-01
1.286599133163690567e-02
3.850071430206298828e-01
0.000000000000000000e+00
0.000000000000000000e+00
0.000000000000000000e+00
8.549916148185729980e-01
0.000000000000000000e+00
0.000000000000000000e+00
3.753023445606231689e-01
2.641251087188720703e-01
1.615415573120117188e+00
0.000000000000000000e+00
7.909072041511535645e-01
3.356135845184326172e+00
1.527714878320693970e-01
2.100060135126113892e-01
3.917873278260231018e-02
7.091738581657409668e-01
3.033230006694793701e-01
4.613568261265754700e-02
0.000000000000000000e+00
1.121189519762992859e-01
9.664319455623626709e-02
6.021025776863098145e-01
1.055941581726074219e+00
1.352561730891466141e-02
0.000000000000000000e+00
3.788003623485565186e-01
3.203054070472717285e-01
1.786881685256958008e+00
0.000000000000000000e+00
1.492882147431373596e-02
1.901083737611770630e-01
5.988336727023124695e-02
5.838757753372192383e-02
5.123537182807922363e-01
1.069960355758666992e+00
4.416018724441528320e-02
7.150465250015258789e-02
2.100861549377441406e+00
2.209399461746215820e+00
2.151129990816116333e-01
0.000000000000000000e+00
8.389419317245483398e-01
1.731052994728088379e-01
1.002130746841430664e+00
3.143408894538879395e-01
4.226902008056640625e+00
1.581083655357360840e+00
7.289234548807144165e-02
2.449771016836166382e-01
0.000000000000000000e+00
1.512302160263061523e-01
5.448946952819824219e-01
1.648861765861511230e+00
2.493559598922729492e+00
4.079677462577819824e-01
2.911989577114582062e-02
1.302900314331054688e+00
4.448392391204833984e-01
7.996050715446472168e-01
1.271782040596008301e+00
2.465267777442932129e-01
1.941414326429367065e-01
2.029195800423622131e-02
2.915311157703399658e-01
0.000000000000000000e+00
3.188972473144531250e-01
1.253196001052856445e-01
7.197097409516572952e-03
7.971044629812240601e-02
5.164739489555358887e-01
1.119424700736999512e+00
3.343487977981567383e-01
3.293463468551635742e+00
4.782920777797698975e-01
8.706868290901184082e-01
5.082191899418830872e-02
1.791967153549194336e+00
1.680499315261840820e+00
3.472182201221585274e-03
2.154230624437332153e-01
0.000000000000000000e+00
1.597777605056762695e-01
3.580108284950256348e-01
6.372035741806030273e-01
1.203696951270103455e-01
3.301626071333885193e-02
5.048965215682983398e-01
5.728220567107200623e-02
2.060573101043701172e+00
0.000000000000000000e+00
0.000000000000000000e+00
9.948575170710682869e-04
2.154069185256958008e+00
1.748285293579101562e-01
1.297990977764129639e-01
7.842224836349487305e-01
0.000000000000000000e+00
1.014183759689331055e+00
2.674729526042938232e-01
6.932581663131713867e-01
6.658270955085754395e-02
5.462211370468139648e-02
2.616040110588073730e-01
2.266705274581909180e+00
0.000000000000000000e+00
6.463916301727294922e-01
3.147537112236022949e-01
1.367439776659011841e-01
1.014033198356628418e+00
0.000000000000000000e+00
3.629394341260194778e-03
9.285229444503784180e-01
4.494240880012512207e-01
1.081603050231933594e+00
0.000000000000000000e+00
1.346270889043807983e-01
1.990950852632522583e-01
2.978599667549133301e-01
1.064120605587959290e-01
6.643786430358886719e-01
0.000000000000000000e+00
8.484983444213867188e-02
4.517034888267517090e-01
7.637102156877517700e-02
1.259349882602691650e-01
0.000000000000000000e+00
0.000000000000000000e+00
6.011312007904052734e-01
1.704789161682128906e+00
1.931714415550231934e-01
4.206851497292518616e-02
8.920329064130783081e-02
6.519627571105957031e-01
2.616964578628540039e-01
2.490062475204467773e+00
1.096370100975036621e+00
5.271634459495544434e-01
7.459223866462707520e-01
0.000000000000000000e+00
6.287710070610046387e-01
9.796413779258728027e-01
1.694893956184387207e+00
1.822382584214210510e-02
4.940191283822059631e-03
5.816370621323585510e-02
2.029874801635742188e+00
7.199428081512451172e-01
3.307558968663215637e-02
1.047606825828552246e+00
3.453000262379646301e-02
0.000000000000000000e+00
5.773633718490600586e-01
4.889274239540100098e-01
7.764577865600585938e-01
6.898095365613698959e-03
7.644808888435363770e-01
1.093159556388854980e+00
0.000000000000000000e+00
0.000000000000000000e+00
2.466673590242862701e-02
5.548753738403320312e-01
1.782008886337280273e+00
1.685538738965988159e-01
1.333699189126491547e-02
1.115129142999649048e-02
0.000000000000000000e+00
2.230104655027389526e-01
1.547752320766448975e-01
1.613725423812866211e-01
0.000000000000000000e+00
8.904688954353332520e-01
9.443634748458862305e-02
9.766957908868789673e-02
4.096910655498504639e-01
1.165893115103244781e-02
9.344167076051235199e-03
3.990813195705413818e-01
5.119923591613769531e+00
6.019440293312072754e-02
4.292263463139533997e-02
4.262811690568923950e-02
1.403802990913391113e+00
3.436606168746948242e+00
3.253907710313796997e-02
2.523858845233917236e-01
5.054371897131204605e-03
2.006502628326416016e+00
9.128432869911193848e-01
7.305912971496582031e-01
1.437541693449020386e-01
5.782220959663391113e-01
1.632230542600154877e-02
1.504242122173309326e-01
7.253599166870117188e-02
7.096514571458101273e-03
3.670923411846160889e-01
0.000000000000000000e+00
3.401280641555786133e-01
0.000000000000000000e+00
1.288688182830810547e-02
7.202994823455810547e-01
4.297616779804229736e-01
1.975869894027709961e+00
2.197050809860229492e+00
8.710560798645019531e-01
0.000000000000000000e+00
1.056612581014633179e-01
5.386735796928405762e-01
3.977813422679901123e-01
1.009338051080703735e-01
4.546811103820800781e+00
1.459624290466308594e+00
4.917069673538208008e-01
6.315872818231582642e-02
3.281377553939819336e-01
3.243233859539031982e-01
0.000000000000000000e+00
0.000000000000000000e+00
1.485435217618942261e-01
4.862024486064910889e-01
7.718631066381931305e-03
7.073878645896911621e-01
0.000000000000000000e+00
1.392005920410156250e+00
8.961570858955383301e-01
5.342605058103799820e-03
2.951935827732086182e-01
1.213845729827880859e+00
7.054143548011779785e-01
2.151686232537031174e-03
1.296198129653930664e+00
7.250247597694396973e-01
3.735107555985450745e-02
3.087522275745868683e-02
1.253560543060302734e+00
1.377826929092407227e-01
1.165515780448913574e+00
1.532097697257995605e+00
3.819330930709838867e-01
2.686897516250610352e-01
3.096349835395812988e-01
1.580403372645378113e-02
4.279220700263977051e-01
7.878964543342590332e-01
3.487414121627807617e-01
2.045750617980957031e-03
2.639724910259246826e-01
2.012203782796859741e-01
0.000000000000000000e+00
9.085340052843093872e-02
8.130685240030288696e-02
2.623477764427661896e-02
0.000000000000000000e+00
5.159414932131767273e-02
0.000000000000000000e+00
5.588599666953086853e-02
2.213508039712905884e-01
3.940049931406974792e-02
3.288474678993225098e-01
2.636723816394805908e-01
8.429469913244247437e-02
3.919818997383117676e-02
1.789589405059814453e+00
8.244417404057458043e-05
8.078679442405700684e-02
8.432283401489257812e-01
2.831881344318389893e-01
2.638128101825714111e-01
3.551046848297119141e-01
4.339279532432556152e-01
5.979327857494354248e-02
0.000000000000000000e+00
1.853963881731033325e-01
7.747486978769302368e-02
7.609494030475616455e-02
2.344813108444213867e+00
4.905578494071960449e-01
5.666364431381225586e-01
0.000000000000000000e+00
0.000000000000000000e+00
1.438813954591751099e-01
3.199077367782592773e+00
1.395345211029052734e+00
1.270922422409057617e+00
1.191303804516792297e-01
8.742078542709350586e-01
7.114825248718261719e-01
0.000000000000000000e+00
1.361399739980697632e-01
7.258620858192443848e-02
2.400436848402023315e-01
7.588832378387451172e-01
3.885751008987426758e+00
0.000000000000000000e+00
2.417170815169811249e-02
2.793454527854919434e-01
1.562460660934448242e-01
1.337550401687622070e+00
2.905858308076858521e-02
2.170033603906631470e-01
8.345180004835128784e-02
2.840203046798706055e-01
1.653953075408935547e+00
1.662200093269348145e-01
1.257051229476928711e-01
4.253647327423095703e-01
0.000000000000000000e+00
3.867173567414283752e-03
1.063099279999732971e-01
6.465804576873779297e-01
7.830525040626525879e-01
2.155280560255050659e-01
6.231925487518310547e-01
3.624126613140106201e-01
5.798755288124084473e-01
6.466031074523925781e-01
1.109435930848121643e-01
2.879703231155872345e-02
4.523297548294067383e-01
8.360913395881652832e-01
0.000000000000000000e+00
6.672668457031250000e-01
0.000000000000000000e+00
0.000000000000000000e+00
3.820418938994407654e-02
1.452107578516006470e-01
1.332721352577209473e+00
1.323523558676242828e-02
1.988005340099334717e-01
3.595299124717712402e-01
3.277063667774200439e-01
1.977240741252899170e-01
4.015796184539794922e+00
9.262517094612121582e-02
5.684632062911987305e-01
3.739820048213005066e-02
8.554009348154067993e-02
1.420017838478088379e+00
3.018114566802978516e-01
0.000000000000000000e+00
2.612149417400360107e-01
1.710920929908752441e-01
9.475508704781532288e-04
5.695528537034988403e-02
1.644247621297836304e-01
1.063774898648262024e-02
1.196437716484069824e+00
6.610179692506790161e-02
9.473088979721069336e-01
7.525666058063507080e-02
2.910858206450939178e-02
3.573662042617797852e-02
0.000000000000000000e+00
1.555034816265106201e-01
6.381640583276748657e-02
9.587153196334838867e-01
2.864193618297576904e-01
0.000000000000000000e+00
3.235369175672531128e-02
1.774126052856445312e+00
6.121716499328613281e-01
0.000000000000000000e+00
3.062663376331329346e-01
3.247596323490142822e-02
2.167518854141235352e+00
7.090330868959426880e-02
3.199058771133422852e-01
3.605796992778778076e-01
1.374263316392898560e-01
7.684372663497924805e-01
1.313328593969345093e-01
0.000000000000000000e+00
7.117442041635513306e-02
5.892005190253257751e-02
3.306883573532104492e-02
7.681687921285629272e-02
0.000000000000000000e+00
1.489076763391494751e-02
1.197889566421508789e+00
7.939791083335876465e-01
2.158294767141342163e-01
0.000000000000000000e+00
9.090003371238708496e-01
3.528829663991928101e-02
5.530683323740959167e-02
1.645104140043258667e-01
1.410519927740097046e-01
1.201623603701591492e-01
5.855611339211463928e-02
8.781430125236511230e-02
2.730918645858764648e+00
1.283925678580999374e-02
7.958541512489318848e-01
