8.479154706001281738e-01
5.881322175264358521e-02
7.159935235977172852e-01
9.875129908323287964e-03
1.753510683774948120e-01
2.243655472993850708e-01
1.036579981446266174e-01
1.151025444269180298e-01
9.043718129396438599e-02
2.675131559371948242e-01
4.123520851135253906e+00
5.749227479100227356e-02
7.577452659606933594e-01
1.345346689224243164e+00
6.200440227985382080e-03
3.064193204045295715e-02
3.234203904867172241e-03
2.080696672201156616e-01
2.229566574096679688e+00
1.022803261876106262e-01
7.234174013137817383e-01
3.682915568351745605e-01
3.269602537155151367e+00
8.716461658477783203e-01
0.000000000000000000e+00
8.102103322744369507e-02
4.022379517555236816e-01
6.386283040046691895e-01
1.520242214202880859e+00
5.146561935544013977e-02
1.573857292532920837e-02
8.361269831657409668e-01
4.043865576386451721e-02
2.467683888971805573e-02
4.302145540714263916e-01
2.461994290351867676e-01
1.438918709754943848e-01
1.340209841728210449e+00
1.322674006223678589e-01
3.212492167949676514e-02
0.000000000000000000e+00
6.008534431457519531e-01
0.000000000000000000e+00
4.485955461859703064e-02
1.743618130683898926e+00
4.503413289785385132e-02
7.638518512248992920e-02
1.274624019861221313e-01
1.485774964094161987e-01
1.241329759359359741e-01
2.449982762336730957e-01
1.121699213981628418e-01
1.530693750828504562e-02
0.000000000000000000e+00
3.185629129409790039e+00
0.000000000000000000e+00
1.405340075492858887e+00
0.000000000000000000e+00
0.000000000000000000e+00
7.102706432342529297e-01
6.211808696389198303e-02
0.000000000000000000e+00
0.000000000000000000e+00
1.643042415380477905e-01
6.162791252136230469e-01
8.168324232101440430e-01
0.000000000000000000e+00
4.966512024402618408e-01
2.885769605636596680e-01
2.270050197839736938e-01
1.077808856964111328e+00
2.748056054115295410e-01
1.138936996459960938e+00
0.000000000000000000e+00
3.683686852455139160e-01
0.000000000000000000e+00
0.000000000000000000e+00
1.581859707832336426e+00
4.817385673522949219e-01
5.465968251228332520e-01
5.047935843467712402e-01
1.220280006527900696e-01
0.000000000000000000e+00
1.713291108608245850e-01
0.000000000000000000e+00
5.335078109055757523e-03
3.246154636144638062e-02
8.255117535591125488e-01
2.119945764541625977e+00
4.178970754146575928e-01
9.860720634460449219e-01
1.678284071385860443e-02
2.483659684658050537e-01
6.962195038795471191e-02
0.000000000000000000e+00
3.555881083011627197e-01
1.846964657306671143e-01
2.649650350213050842e-02
2.008741378784179688e+00
1.155903413891792297e-01
6.075108647346496582e-01
1.131025552749633789e+00
3.086865693330764771e-02
2.990279436111450195e+00
1.176748238503932953e-02
0.000000000000000000e+00
9.916391223669052124e-02
4.406062513589859009e-02
0.000000000000000000e+00
0.000000000000000000e+00
2.384359359741210938e+00
1.528717279434204102e-01
3.180410340428352356e-02
0.000000000000000000e+00
5.109952297061681747e-03
1.612394809722900391e+00
1.330511420965194702e-01
9.936465322971343994e-02
1.213615655899047852e+00
1.738854646682739258e-01
1.731043457984924316e+00
2.653074823319911957e-02
8.772977590560913086e-01
1.717028319835662842e-01
5.191258907318115234e+00
3.791509866714477539e-01
8.022338747978210449e-01
4.657423794269561768e-01
9.793356806039810181e-02
7.537835091352462769e-02
1.088264770805835724e-02
2.151205539703369141e-01
8.395453691482543945e-01
1.238454319536685944e-02
6.685253232717514038e-02
4.557305946946144104e-02
8.401539921760559082e-02
2.869804017245769501e-02
9.290354326367378235e-03
3.006052225828170776e-02
4.486886560916900635e-01
4.233194515109062195e-02
2.769837677478790283e-01
7.327145934104919434e-01
6.287046521902084351e-02
1.312020182609558105e+00
0.000000000000000000e+00
2.351889908313751221e-01
2.060147076845169067e-01
2.598313391208648682e-01
4.472391605377197266e-01
6.270790100097656250e-01
1.088152080774307251e-02
2.323756366968154907e-01
5.127187967300415039e-01
3.423147499561309814e-01
4.613234195858240128e-03
6.517819315195083618e-02
3.601910471916198730e-01
2.957753837108612061e-01
2.675206065177917480e-01
0.000000000000000000e+00
4.985248446464538574e-01
1.751154363155364990e-01
3.557479381561279297e-01
2.964108064770698547e-02
4.046566784381866455e-02
7.307743281126022339e-02
6.925910115242004395e-01
2.251036348752677441e-04
6.509315371513366699e-01
3.415255621075630188e-02
3.760015219449996948e-02
9.192296266555786133e-01
1.120886066928505898e-03
0.000000000000000000e+00
3.812901675701141357e-01
8.856233358383178711e-01
0.000000000000000000e+00
4.669106006622314453e-01
2.786799371242523193e-01
0.000000000000000000e+00
9.905390739440917969e-01
6.608649492263793945e-01
2.355417490005493164e+00
4.548274353146553040e-02
3.082885034382343292e-02
9.550089240074157715e-01
4.579951521009206772e-03
0.000000000000000000e+00
4.971624910831451416e-01
7.739490270614624023e-02
0.000000000000000000e+00
0.000000000000000000e+00
0.000000000000000000e+00
5.730654001235961914e-01
1.625906467437744141e+00
3.123912334442138672e+00
6.217466592788696289e-01
6.522190570831298828e-01
3.387579202651977539e+00
7.497802143916487694e-04
2.232212759554386139e-02
4.063492715358734131e-01
0.000000000000000000e+00
1.837622821331024170e-01
1.632775545120239258e+00
0.000000000000000000e+00
2.178933098912239075e-02
2.023853302001953125e+00
2.592113567516207695e-03
1.502072334289550781e+00
1.569449342787265778e-02
1.982591450214385986e-01
2.448972687125205994e-02
1.337615996599197388e-01
1.572955548763275146e-01
8.145090341567993164e-01
3.085873089730739594e-02
0.000000000000000000e+00
0.000000000000000000e+00
0.000000000000000000e+00
1.095163375139236450e-01
6.269074231386184692e-02
5.566225573420524597e-02
1.988096386194229126e-01
6.444442868232727051e-01
8.786675333976745605e-01
7.196028530597686768e-02
2.792986929416656494e-01
0.000000000000000000e+00
1.523159861564636230e+00
2.851214110851287842e-01
4.394859820604324341e-02
1.619331359863281250e+00
2.955611050128936768e-01
1.786289215087890625e-01
3.693121969699859619e-01
6.841406691819429398e-03
1.508097052574157715e-01
7.836217880249023438e-01
5.412297323346138000e-02
1.543449424207210541e-02
1.139181032776832581e-01
4.810771346092224121e-02
1.312169075012207031e+00
1.616428732872009277e+00
3.228648602962493896e-01
1.974905095994472504e-02
4.133399009704589844e+00
2.419465929269790649e-01
2.641603648662567139e-01
2.786533534526824951e-02
6.206869706511497498e-02
4.161974489688873291e-01
3.103565573692321777e-01
7.523765321820974350e-03
1.397379040718078613e+00
5.320754274725914001e-02
2.732264692895114422e-05
3.794506490230560303e-01
8.004335686564445496e-03
1.294794213026762009e-02
1.130083343014121056e-03
5.788006782531738281e-01
8.196664601564407349e-02
2.226913869380950928e-01
2.773826122283935547e-01
0.000000000000000000e+00
2.167693853378295898e+00
0.000000000000000000e+00
1.556727528572082520e+00
0.000000000000000000e+00
0.000000000000000000e+00
9.116490185260772705e-02
1.724934279918670654e-01
1.859883219003677368e-02
4.090091705322265625e+00
0.000000000000000000e+00
1.217765882611274719e-01
5.631476640701293945e-01
3.108586668968200684e-01
1.706766039133071899e-01
6.848676204681396484e-01
0.000000000000000000e+00
8.804126828908920288e-02
8.703961968421936035e-01
7.643074989318847656e-01
2.921117842197418213e-01
1.674390025436878204e-02
0.000000000000000000e+00
7.573226094245910645e-02
1.946993470191955566e-01
3.190542012453079224e-02
0.000000000000000000e+00
4.843290746212005615e-01
1.644381523132324219e+00
1.085687428712844849e-01
1.117816805839538574e+00
5.910797119140625000e-01
3.260330259799957275e-01
6.347992420196533203e-01
1.932373523712158203e+00
2.881238162517547607e-01
1.531177386641502380e-02
2.968724370002746582e-01
1.905941963195800781e-02
2.410989105701446533e-01
4.860263764858245850e-01
1.464844942092895508e-01
4.493838921189308167e-02
2.852561473846435547e-01
0.000000000000000000e+00
0.000000000000000000e+00
8.373181223869323730e-01
6.644226312637329102e-01
3.744519548490643501e-03
6.136342883110046387e-01
1.530720740556716919e-01
1.370624173432588577e-02
3.944273889064788818e-01
2.337928116321563721e-02
4.114576615393161774e-03
4.233266115188598633e-01
1.857901178300380707e-02
1.280738472938537598e+00
0.000000000000000000e+00
1.835758686065673828e-01
6.130449175834655762e-01
1.060779690742492676e+00
4.125275909900665283e-01
0.000000000000000000e+00
0.000000000000000000e+00
5.609495639801025391e-01
0.000000000000000000e+00
0.000000000000000000e+00
4.131055250763893127e-02
1.532656047493219376e-02
1.536134839057922363e+00
1.002742171287536621e+00
3.337119817733764648e-01
1.041143983602523804e-01
1.278743892908096313e-02
0.000000000000000000e+00
2.006954047828912735e-03
0.000000000000000000e+00
2.137397080659866333e-01
0.000000000000000000e+00
2.255270183086395264e-01
1.694696545600891113e-01
5.961863696575164795e-02
0.000000000000000000e+00
1.187637597322463989e-01
0.000000000000000000e+00
0.000000000000000000e+00
3.168708458542823792e-02
5.768274664878845215e-01
9.418758749961853027e-01
5.645975843071937561e-02
4.043624401092529297e-01
8.173321932554244995e-02
4.082832951098680496e-03
9.099863767623901367e-01
2.498327521607279778e-03
7.212684750556945801e-01
1.192859560251235962e-01
1.834914088249206543e-01
2.598755657672882080e-01
7.038336992263793945e-01
0.000000000000000000e+00
1.001255586743354797e-02
2.143245376646518707e-02
0.000000000000000000e+00
1.778923869132995605e-01
8.887020498514175415e-02
6.643278121948242188e+00
1.006311103701591492e-01
0.000000000000000000e+00
2.718713879585266113e-02
3.885190486907958984e-01
1.740730702877044678e-01
1.605568826198577881e-02
7.959023118019104004e-03
0.000000000000000000e+00
1.722739934921264648e-01
8.053894639015197754e-01
3.357419371604919434e-02
1.122615300118923187e-02
1.525128483772277832e-01
1.597428023815155029e-01
2.432775646448135376e-01
3.935351967811584473e-01
0.000000000000000000e+00
0.000000000000000000e+00
1.845912098884582520e+00
1.601521372795104980e+00
3.660035133361816406e-02
6.519301533699035645e-01
1.646366268396377563e-01
2.025146484375000000e-01
3.874358236789703369e-01
0.000000000000000000e+00
0.000000000000000000e+00
1.997895985841751099e-01
2.806628048419952393e-01
1.796657033264636993e-02
7.687284350395202637e-01
7.791016250848770142e-02
6.247466206550598145e-01
1.706664562225341797e-01
2.308949083089828491e-02
1.275233387947082520e+00
2.266709879040718079e-02
0.000000000000000000e+00
1.260073855519294739e-03
1.038982033729553223e+00
6.178129315376281738e-01
1.023791074752807617e+00
2.342935353517532349e-01
4.880840182304382324e-01
1.096856314688920975e-02
1.373362302780151367e+00
0.000000000000000000e+00
7.102174758911132812e-01
3.367116451263427734e-01
1.316172778606414795e-01
7.420440763235092163e-02
6.301988661289215088e-02
0.000000000000000000e+00
0.000000000000000000e+00
2.701538324356079102e+00
1.035870909690856934e+00
2.117312699556350708e-01
4.251675605773925781e-01
1.187592506408691406e+00
0.000000000000000000e+00
8.606573939323425293e-02
4.355958104133605957e-02
7.364842891693115234e-01
8.247429877519607544e-02
0.000000000000000000e+00
3.086118996143341064e-01
1.001139163970947266e+00
1.160515099763870239e-02
1.051891967654228210e-01
8.895183354616165161e-02
4.685593768954277039e-02
2.559505105018615723e-01
2.186688780784606934e-01
1.890010088682174683e-01
2.550033330917358398e-01
1.267396509647369385e-01
5.209118723869323730e-01
4.763359902426600456e-04
1.980262279510498047e+00
4.197363555431365967e-01
6.666719168424606323e-02
0.000000000000000000e+00
1.006863951683044434e+00
6.994833704084157944e-03
4.410965144634246826e-01
1.619578480720520020e+00
9.014608711004257202e-02
6.954714059829711914e-01
4.088444635272026062e-02
6.047897934913635254e-01
3.100596554577350616e-02
2.002800852060317993e-01
4.011757969856262207e-01
4.981705844402313232e-01
9.265857338905334473e-01
2.363821864128112793e-01
9.500885754823684692e-02
1.357365489006042480e+00
2.405270002782344818e-02
5.446785315871238708e-02
0.000000000000000000e+00
1.986723858863115311e-03
1.388571262359619141e-01
2.461538277566432953e-02
6.580372452735900879e-01
1.354036182165145874e-01
1.343827724456787109e+00
0.000000000000000000e+00
4.206352680921554565e-02
0.000000000000000000e+00
1.471434235572814941e-01
0.000000000000000000e+00
4.838186502456665039e-01
3.827784299850463867e+00
7.485488057136535645e-01
1.365984678268432617e-01
0.000000000000000000e+00
2.717931568622589111e-01
6.947682499885559082e-01
3.048462234437465668e-02
9.646248221397399902e-01
2.859521210193634033e-01
3.470737934112548828e-01
0.000000000000000000e+00
0.000000000000000000e+00
4.346014857292175293e-01
9.006525278091430664e-01
1.773360557854175568e-02
7.259589433670043945e-01
0.000000000000000000e+00
0.000000000000000000e+00
0.000000000000000000e+00
0.000000000000000000e+00
8.525603264570236206e-02
7.761771976947784424e-02
1.853653639554977417e-01
7.522580563090741634e-04
5.742771178483963013e-02
3.668723255395889282e-02
2.711869217455387115e-02
1.750423610210418701e-01
2.314068078994750977e-01
1.354418545961380005e-01
3.412833809852600098e-01
0.000000000000000000e+00
0.000000000000000000e+00
1.901340603828430176e+00
5.795797333121299744e-03
3.261432051658630371e-01
0.000000000000000000e+00
5.937007442116737366e-02
0.000000000000000000e+00
1.092410683631896973e+00
7.744846493005752563e-02
0.000000000000000000e+00
1.118574142456054688e-01
8.555338978767395020e-01
0.000000000000000000e+00
3.428548276424407959e-01
6.828166544437408447e-02
4.090692996978759766e-01
4.931688308715820312e-02
6.481215357780456543e-01
0.000000000000000000e+00
1.219796657562255859e+00
5.840559005737304688e-01
8.721263706684112549e-02
1.461513876914978027e+00
3.171702474355697632e-02
8.537822961807250977e-02
9.111006557941436768e-02
1.426969528198242188e+00
5.365012884140014648e-01
1.601509153842926025e-01
3.584238886833190918e-01
7.849016785621643066e-01
0.000000000000000000e+00
0.000000000000000000e+00
6.937909126281738281e-02
2.324190288782119751e-01
0.000000000000000000e+00
3.509436547756195068e-02
1.788298487663269043e-01
7.285870909690856934e-01
0.000000000000000000e+00
2.025329135358333588e-02
3.568378090858459473e-01
1.190472841262817383e+00
5.853208154439926147e-02
1.745815202593803406e-02
4.039274752140045166e-01
7.893159985542297363e-01
4.174996539950370789e-02
3.043203055858612061e-01
7.445794995874166489e-03
1.774079501628875732e-01
3.358978629112243652e-01
5.195755362510681152e-01
5.402202606201171875e-01
1.504313051700592041e-01
2.511206567287445068e-01
4.473808407783508301e-01
1.436403989791870117e+00
2.288980334997177124e-01
6.151759624481201172e-01
3.487403690814971924e-01
2.205143451690673828e+00
8.941777944564819336e-01
0.000000000000000000e+00
1.712623611092567444e-02
4.669373929500579834e-01
0.000000000000000000e+00
1.161553382873535156e+00
0.000000000000000000e+00
0.000000000000000000e+00
5.438607335090637207e-01
4.222920536994934082e-02
8.828717470169067383e-02
5.986206233501434326e-02
2.608211636543273926e-01
0.000000000000000000e+00
3.641568822786211967e-03
6.545227169990539551e-01
6.119827926158905029e-02
3.452538967132568359e+00
6.485306024551391602e-01
7.788056135177612305e-02
2.448055194690823555e-03
9.522952139377593994e-02
0.000000000000000000e+00
2.414866350591182709e-02
2.852740511298179626e-02
3.287367820739746094e+00
2.335281968116760254e-01
1.565242744982242584e-02
2.467418432235717773e+00
4.297490715980529785e-01
2.671903371810913086e-01
1.807999312877655029e-01
1.164815798401832581e-01
4.060760140419006348e-02
0.000000000000000000e+00
8.299528062343597412e-02
6.806885600090026855e-01
1.060093402862548828e+00
6.798253655433654785e-01
3.559297919273376465e-01
4.570263326168060303e-01
1.034412682056427002e-01
1.099975347518920898e+00
7.566637396812438965e-01
0.000000000000000000e+00
5.149368643760681152e-01
6.288250684738159180e-01
1.284377882257103920e-03
1.069596767425537109e+00
7.738487422466278076e-02
0.000000000000000000e+00
2.259609755128622055e-03
4.100744724273681641e+00
4.821746945381164551e-01
3.189402222633361816e-01
3.997232392430305481e-02
7.214947342872619629e-01
7.689037919044494629e-01
3.144611790776252747e-02
1.906307786703109741e-01
2.195891737937927246e-01
4.659873962402343750e+00
2.067878246307373047e+00
6.440272927284240723e-01
2.907118201255798340e-01
3.583121299743652344e-01
1.044968292117118835e-01
3.538652062416076660e-01
0.000000000000000000e+00
4.467811286449432373e-01
3.193054720759391785e-02
1.057188585400581360e-01
7.338791489601135254e-01
3.451697230339050293e-01
4.674068838357925415e-02
3.051880002021789551e-01
2.621849298477172852e+00
1.014155149459838867e-01
5.590524077415466309e-01
1.075623780488967896e-01
2.259369939565658569e-01
0.000000000000000000e+00
2.422357065370306373e-04
3.598291426897048950e-02
6.230414509773254395e-01
3.949625492095947266e-01
1.931641459465026855e+00
1.928013265132904053e-01
6.661013960838317871e-01
0.000000000000000000e+00
5.880998373031616211e-01
2.404355406761169434e-01
4.708891808986663818e-01
1.818883895874023438e+00
0.000000000000000000e+00
1.564556807279586792e-01
5.958924889564514160e-01
2.953591048717498779e-01
1.652455180883407593e-01
3.012681901454925537e-01
7.506394386291503906e-01
1.913937807083129883e+00
0.000000000000000000e+00
2.167640924453735352e-01
8.151857256889343262e-01
2.226389884948730469e+00
1.470646262168884277e-01
5.964673310518264771e-02
6.727726459503173828e-01
7.985410094261169434e-01
2.724748663604259491e-02
1.697758913040161133e+00
0.000000000000000000e+00
0.000000000000000000e+00
2.742577791213989258e-01
2.093263119459152222e-01
2.032837867736816406e+00
3.034049570560455322e-01
4.916642606258392334e-01
3.228891193866729736e-01
6.477795541286468506e-02
0.000000000000000000e+00
6.322240233421325684e-01
3.348182916641235352e+00
6.679096817970275879e-01
1.021347008645534515e-02
1.779220998287200928e-01
6.465853452682495117e-01
1.635278761386871338e-01
4.190260469913482666e-01
3.105080723762512207e-01
5.461708903312683105e-01
6.766188740730285645e-01
2.845107018947601318e-01
0.000000000000000000e+00
9.029653854668140411e-03
2.283807247877120972e-01
1.216777712106704712e-01
9.681384079158306122e-03
1.635802984237670898e-01
1.559729129076004028e-01
5.500888824462890625e-01
1.024757474660873413e-01
0.000000000000000000e+00
8.588216453790664673e-02
4.241139292716979980e-01
0.000000000000000000e+00
8.623774647712707520e-01
3.204530477523803711e-01
0.000000000000000000e+00
3.333559259772300720e-02
0.000000000000000000e+00
1.293185710906982422e+00
3.989388346672058105e-01
0.000000000000000000e+00
6.605317443609237671e-02
0.000000000000000000e+00
2.424032837152481079e-01
2.015455961227416992e-01
3.897266462445259094e-02
3.066706359386444092e-01
4.980962276458740234e-01
6.966040730476379395e-01
3.830209374427795410e-02
8.616464734077453613e-01
4.344463646411895752e-01
9.000367671251296997e-02
0.000000000000000000e+00
3.092021448537707329e-03
2.519104480743408203e-01
1.025228738784790039e+00
6.973154544830322266e-01
0.000000000000000000e+00
7.330055832862854004e-01
4.807159677147865295e-02
4.379194974899291992e-02
1.023635029792785645e+00
7.661376614123582840e-03
5.455184355378150940e-02
8.901375532150268555e-02
1.427307166159152985e-02
7.952710390090942383e-01
9.173014014959335327e-02
9.822723865509033203e-01
2.966434694826602936e-02
7.593717426061630249e-02
1.093745350837707520e+00
1.301317930221557617e+00
1.145272254943847656e+00
3.264247894287109375e+00
2.778601348400115967e-01
1.794770359992980957e-02
0.000000000000000000e+00
9.677199721336364746e-01
7.614231854677200317e-02
2.055718749761581421e-01
1.397490024566650391e+00
5.740574598312377930e-01
2.377543598413467407e-01
1.520662307739257812e-01
0.000000000000000000e+00
0.000000000000000000e+00
1.215896248817443848e+00
8.748102933168411255e-02
5.715796351432800293e-01
3.289896726608276367e+00
5.005227401852607727e-02
1.872127056121826172e-01
0.000000000000000000e+00
1.140564773231744766e-02
1.652719974517822266e-01
5.074568986892700195e-01
0.000000000000000000e+00
4.095871746540069580e-02
0.000000000000000000e+00
9.349245578050613403e-02
0.000000000000000000e+00
1.131167113780975342e-01
3.471922159194946289e+00
1.942451596260070801e-01
4.466368257999420166e-02
9.821970015764236450e-04
7.977373898029327393e-02
6.314398050308227539e-01
9.219985008239746094e-01
3.602552413940429688e-02
3.188135325908660889e-01
3.683132305741310120e-02
2.820173501968383789e-01
7.553222030401229858e-02
2.976590208709239960e-02
1.063638329505920410e+00
1.089309379458427429e-01
1.582471281290054321e-01
1.230673670768737793e+00
6.096447706222534180e-01
8.308654278516769409e-02
8.642680943012237549e-03
0.000000000000000000e+00
2.888260126113891602e+00
1.562440991401672363e-01
1.227042198181152344e+00
2.355556637048721313e-01
1.930108785629272461e+00
1.136867851018905640e-01
1.021228551864624023e+00
5.378187075257301331e-02
6.451011300086975098e-01
7.546920180320739746e-01
0.000000000000000000e+00
5.191625952720642090e-01
1.448152959346771240e-01
6.288513541221618652e-01
7.386355996131896973e-01
1.305883377790451050e-01
0.000000000000000000e+00
1.990113407373428345e-01
0.000000000000000000e+00
3.069705665111541748e-01
6.402682662010192871e-01
1.929538846015930176e+00
1.698547415435314178e-02
0.000000000000000000e+00
6.191762089729309082e-01
5.519989132881164551e-01
4.522663354873657227e-02
7.784172892570495605e-01
1.037167906761169434e-01
6.703079342842102051e-01
2.274134308099746704e-01
5.393912792205810547e-01
7.088000327348709106e-02
1.466712474822998047e+00
1.133910194039344788e-01
1.130891561508178711e+00
0.000000000000000000e+00
9.753491729497909546e-02
1.678331792354583740e-01
2.320829480886459351e-01
2.061417996883392334e-01
3.068751990795135498e-01
7.500225901603698730e-01
2.690986692905426025e-01
0.000000000000000000e+00
3.397490978240966797e-01
1.888095140457153320e-01
3.030491471290588379e-01
2.029272019863128662e-01
8.255329728126525879e-01
2.878122031688690186e-01
7.888566702604293823e-03
8.582016825675964355e-01
0.000000000000000000e+00
2.289011776447296143e-01
4.155283868312835693e-01
4.221917629241943359e+00
4.464408755302429199e-02
1.566709019243717194e-02
2.708840668201446533e-01
2.408015578985214233e-01
1.769888550043106079e-01
3.568836152553558350e-01
3.308817744255065918e-01
1.678174257278442383e+00
1.531069725751876831e-01
0.000000000000000000e+00
4.281334951519966125e-02
1.462006103247404099e-02
0.000000000000000000e+00
1.239273995161056519e-01
0.000000000000000000e+00
2.950019538402557373e-01
0.000000000000000000e+00
0.000000000000000000e+00
2.294746488332748413e-01
4.239076972007751465e-01
0.000000000000000000e+00
2.634437754750251770e-02
6.136379837989807129e-01
0.000000000000000000e+00
1.113696955144405365e-02
2.070372253656387329e-01
2.182704955339431763e-01
1.946008801460266113e-01
1.571813821792602539e-01
1.110107153654098511e-01
0.000000000000000000e+00
2.273222804069519043e-02
3.601725101470947266e-01
2.920080721378326416e-02
1.896959915757179260e-02
3.252013921737670898e-01
1.481965482234954834e-01
3.124483585357666016e+00
8.962004631757736206e-02
6.934012472629547119e-02
1.295463740825653076e-01
0.000000000000000000e+00
4.537833482027053833e-02
8.175309002399444580e-02
3.474843502044677734e-01
7.767733335494995117e-01
2.898196130990982056e-02
9.236581623554229736e-02
1.737962812185287476e-01
3.792463615536689758e-02
0.000000000000000000e+00
1.422456204891204834e-01
1.402071118354797363e-01
5.052055120468139648e-01
7.225194945931434631e-03
1.389925032854080200e-01
1.893847584724426270e+00
2.496897876262664795e-01
6.427316665649414062e-01
3.549842119216918945e+00
2.652510702610015869e-01
3.724325597286224365e-01
2.664242506027221680e+00
1.608890108764171600e-02
4.528774321079254150e-01
1.832921952009201050e-01
3.820766881108283997e-02
1.167496919631958008e+00
1.711257994174957275e-01
4.984830319881439209e-02
2.531606853008270264e-01
1.553937196731567383e-01
0.000000000000000000e+00
0.000000000000000000e+00
1.923167146742343903e-02
0.000000000000000000e+00
1.914956420660018921e-01
1.773117184638977051e+00
1.068574666976928711e+00
1.734325438737869263e-01
8.005998283624649048e-02
2.856575548648834229e-01
1.154493615031242371e-01
0.000000000000000000e+00
0.000000000000000000e+00
5.725175738334655762e-01
4.041804969310760498e-01
3.200612217187881470e-02
3.330740332603454590e-01
4.939617216587066650e-01
3.504020869731903076e-01
1.529080152511596680e+00
6.122634932398796082e-02
1.387960091233253479e-02
2.107720673084259033e-01
0.000000000000000000e+00
5.255899578332901001e-02
6.988690495491027832e-01
5.424264818429946899e-02
0.000000000000000000e+00
0.000000000000000000e+00
2.081270068883895874e-01
3.196610808372497559e-01
1.617628335952758789e-01
1.218443140387535095e-01
0.000000000000000000e+00
3.791872411966323853e-02
7.129494547843933105e-01
1.012324452400207520e+00
4.136744886636734009e-03
1.805868297815322876e-01
4.880124628543853760e-01
3.600698113441467285e-01
5.318340659141540527e-01
1.616659402847290039e+00
0.000000000000000000e+00
0.000000000000000000e+00
2.441626191139221191e-01
1.770402491092681885e-01
8.009102344512939453e-01
1.320244371891021729e-01
0.000000000000000000e+00
2.656934224069118500e-02
1.837016940116882324e-01
4.029528051614761353e-02
7.641943544149398804e-02
6.529331803321838379e-01
7.958570718765258789e-01
5.930899083614349365e-02
2.334179580211639404e-01
7.695851475000381470e-02
9.993510693311691284e-02
1.407050728797912598e+00
4.847497642040252686e-01
2.012546360492706299e-01
4.358145594596862793e-02
0.000000000000000000e+00
0.000000000000000000e+00
5.241165310144424438e-02
2.153621613979339600e-02
1.522670537233352661e-01
0.000000000000000000e+00
1.131384447216987610e-02
0.000000000000000000e+00
2.887884676456451416e-01
3.487778902053833008e-01
2.303861267864704132e-02
2.501004338264465332e-01
2.745321989059448242e-01
4.341233372688293457e-01
1.876985549926757812e+00
0.000000000000000000e+00
5.230450034141540527e-01
1.453075371682643890e-02
1.855579316616058350e-01
4.078927636146545410e-02
6.297309696674346924e-02
2.579019069671630859e-01
0.000000000000000000e+00
0.000000000000000000e+00
4.411158710718154907e-02
4.742592200636863708e-02
6.977472305297851562e-01
0.000000000000000000e+00
8.226435184478759766e-01
9.201152622699737549e-02
1.748895794153213501e-01
4.354253178462386131e-04
7.872851490974426270e-01
5.809440463781356812e-02
6.943035721778869629e-01
0.000000000000000000e+00
0.000000000000000000e+00
7.292094230651855469e-01
1.158905863761901855e+00
2.056790113449096680e+00
2.661475241184234619e-01
5.911717656999826431e-03
5.409003496170043945e-01
5.528042316436767578e-01
2.511559752747416496e-03
1.460995078086853027e+00
6.104332208633422852e-02
3.898752038367092609e-04
6.290367245674133301e-02
1.036016702651977539e+00
0.000000000000000000e+00
2.360316514968872070e-01
3.804698958992958069e-02
8.112834393978118896e-02
7.633177042007446289e-01
7.100268453359603882e-02
3.635961115360260010e-01
8.407269120216369629e-01
6.300497055053710938e-01
5.139913409948348999e-02
3.178058192133903503e-02
5.692219138145446777e-01
1.337711699306964874e-02
7.020231336355209351e-02
2.899022996425628662e-01
5.679486989974975586e-01
0.000000000000000000e+00
4.770341515541076660e-01
1.149861142039299011e-02
2.757463455200195312e-01
0.000000000000000000e+00
4.454234242439270020e-02
1.539916247129440308e-01
1.177679300308227539e-01
4.673263728618621826e-01
3.849885463714599609e-01
8.906431496143341064e-02
3.448404967784881592e-01
0.000000000000000000e+00
0.000000000000000000e+00
2.054548263549804688e-01
5.744962692260742188e-01
2.982841059565544128e-02
3.252920508384704590e-01
2.182454615831375122e-01
1.000387519598007202e-01
7.285107374191284180e-01
2.074865818023681641e+00
3.135010972619056702e-02
4.516536891460418701e-01
4.585598781704902649e-02
2.450809329748153687e-01
4.461253806948661804e-02
2.782446384429931641e+00
9.204729199409484863e-01
2.231317311525344849e-01
1.200052499771118164e-01
0.000000000000000000e+00
3.422917366027832031e+00
1.385914087295532227e+00
1.993158459663391113e+00
2.358751296997070312e-01
1.056926488876342773e+00
0.000000000000000000e+00
5.624393001198768616e-02
0.000000000000000000e+00
7.778318598866462708e-03
2.254074811935424805e-01
7.909994125366210938e-01
3.576024770736694336e-01
0.000000000000000000e+00
2.792457938194274902e-01
2.894131466746330261e-02
4.105468392372131348e-01
2.701875865459442139e-01
2.393756620585918427e-02
2.849292159080505371e-01
4.360397346317768097e-03
3.297970533370971680e+00
5.029489994049072266e-01
1.032747507095336914e+00
5.003943443298339844e-01
3.922550082206726074e-01
1.255625933408737183e-01
6.550037860870361328e-01
1.003784164786338806e-01
1.476981282234191895e+00
6.524153351783752441e-01
1.796038746833801270e+00
1.358574986457824707e+00
0.000000000000000000e+00
8.243809640407562256e-02
0.000000000000000000e+00
4.612393379211425781e-01
2.816144526004791260e-01
2.050941586494445801e-01
1.007588386535644531e+00
2.470606751739978790e-02
4.141756296157836914e-01
5.032616853713989258e-01
9.031584113836288452e-02
2.533733546733856201e-01
1.373368382453918457e+00
0.000000000000000000e+00
2.936862468719482422e+00
3.679089248180389404e-02
1.369054794311523438e+00
1.815850853919982910e+00
2.461807616055011749e-02
2.935656905174255371e-02
2.982678413391113281e-01
2.658819913864135742e+00
6.519225984811782837e-02
7.829127311706542969e-01
0.000000000000000000e+00
1.950757578015327454e-02
4.706998169422149658e-01
9.011963009834289551e-01
3.698014914989471436e-01
7.021354883909225464e-02
1.719104200601577759e-01
5.474966391921043396e-02
1.338698267936706543e-01
2.547194063663482666e-01
0.000000000000000000e+00
4.048807621002197266e-01
2.749210000038146973e-01
3.324094414710998535e-01
2.985029518604278564e-01
8.579412847757339478e-02
3.767985999584197998e-01
3.035652041435241699e-01
3.408463671803474426e-02
0.000000000000000000e+00
5.071949586272239685e-02
1.348252408206462860e-02
3.653752803802490234e-01
0.000000000000000000e+00
3.362529873847961426e-01
1.000120639801025391e+00
0.000000000000000000e+00
4.995863139629364014e-02
1.990988254547119141e-01
3.938000798225402832e-01
7.820201665163040161e-02
3.225654363632202148e-01
1.054190635681152344e+00
4.412190616130828857e-02
8.519116044044494629e-02
0.000000000000000000e+00
4.350325167179107666e-01
1.447917222976684570e+00
5.466832593083381653e-02
1.574815623462200165e-02
1.303251087665557861e-01
7.414651662111282349e-02
2.396841645240783691e-01
1.342214643955230713e-01
5.351887345314025879e-01
2.394927442073822021e-01
1.066052317619323730e+00
4.949885979294776917e-02
6.422634124755859375e-01
0.000000000000000000e+00
2.149424850940704346e-01
1.108786106109619141e+00
1.227098584175109863e+00
4.171271622180938721e-02
5.802791118621826172e-01
0.000000000000000000e+00
1.801531612873077393e-01
5.782552957534790039e-01
4.466223418712615967e-01
2.266662120819091797e-01
1.086832135915756226e-01
0.000000000000000000e+00
0.000000000000000000e+00
0.000000000000000000e+00
1.691092014312744141e+00
7.958302497863769531e-01
3.769375085830688477e-01
1.219958961009979248e-01
1.410266518592834473e+00
2.249389700591564178e-02
1.392387300729751587e-01
1.232274696230888367e-01
4.053108215332031250e+00
0.000000000000000000e+00
1.243058964610099792e-02
5.635355114936828613e-01
5.657220259308815002e-03
5.836948752403259277e-01
4.553764462471008301e-01
9.172539114952087402e-01
1.368844211101531982e-01
2.754588127136230469e-01
2.357679605484008789e-01
6.844528019428253174e-03
1.240816861391067505e-01
3.096573352813720703e-01
1.158105731010437012e-01
8.124168515205383301e-01
0.000000000000000000e+00
1.189781129360198975e-01
3.924689054489135742e+00
8.358896970748901367e-01
1.537952423095703125e-01
2.692631818354129791e-02
1.245327368378639221e-01
0.000000000000000000e+00
3.660477995872497559e-01
7.360271811485290527e-01
4.968801140785217285e-02
3.552781045436859131e-02
1.361696422100067139e-01
2.657237648963928223e-02
2.215737253427505493e-01
2.017524465918540955e-02
4.945826530456542969e-01
1.045682057738304138e-01
6.574455648660659790e-02
7.932036519050598145e-01
0.000000000000000000e+00
6.187099814414978027e-01
1.136231347918510437e-01
2.659076452255249023e-01
1.561181545257568359e-01
1.081453323364257812e+00
5.231706500053405762e-01
0.000000000000000000e+00
1.714735776185989380e-01
0.000000000000000000e+00
0.000000000000000000e+00
1.395404934883117676e-01
1.379150301218032837e-01
2.926444113254547119e-01
0.000000000000000000e+00
4.380163550376892090e-02
8.926852345466613770e-01
3.655436038970947266e-01
0.000000000000000000e+00
6.626672744750976562e-01
3.380237147212028503e-02
3.936972061637789011e-04
1.091301962733268738e-01
2.065747380256652832e-01
6.396775841712951660e-01
8.334327340126037598e-01
2.506551742553710938e-01
1.262008190155029297e+00
9.705556184053421021e-02
1.896812207996845245e-02
9.779038429260253906e-01
1.427860260009765625e-01
4.053954780101776123e-01
0.000000000000000000e+00
4.157878924161195755e-03
1.024829387664794922e+00
8.994751423597335815e-02
5.267236828804016113e-01
1.059906644513830543e-04
1.933832317590713501e-01
1.773100160062313080e-02
0.000000000000000000e+00
3.417434692382812500e-01
2.292806655168533325e-01
3.448346257209777832e-02
9.226341545581817627e-02
0.000000000000000000e+00
4.952461719512939453e-01
1.249855011701583862e-01
1.108048856258392334e-01
1.088763594627380371e+00
7.525864243507385254e-01
0.000000000000000000e+00
1.989245563745498657e-01
0.000000000000000000e+00
8.684563450515270233e-03
7.199496626853942871e-01
3.151000663638114929e-02
3.556230291724205017e-02
4.602049291133880615e-01
0.000000000000000000e+00
3.686168491840362549e-01
0.000000000000000000e+00
1.589142799377441406e+00
1.212240159511566162e-01
1.231783151626586914e+00
0.000000000000000000e+00
6.823552250862121582e-01
4.201624169945716858e-02
2.578258216381072998e-01
3.014612495899200439e-01
0.000000000000000000e+00
1.323835253715515137e+00
4.621439874172210693e-01
5.183593183755874634e-02
7.632235884666442871e-01
1.273052543401718140e-01
2.092005491256713867e+00
1.084024667739868164e+00
4.609006922692060471e-03
8.034001290798187256e-02
2.292598932981491089e-01
2.741901949048042297e-02
1.145080253481864929e-01
0.000000000000000000e+00
7.813951969146728516e-01
8.782275319099426270e-01
0.000000000000000000e+00
1.674690693616867065e-01
0.000000000000000000e+00
0.000000000000000000e+00
7.294253259897232056e-02
1.189696043729782104e-01
2.314851582050323486e-01
6.526449322700500488e-01
1.361414939165115356e-01
5.301041603088378906e-01
4.216255545616149902e-01
1.705929160118103027e+00
5.279386639595031738e-01
7.808281574398279190e-03
0.000000000000000000e+00
8.611249327659606934e-01
4.950914904475212097e-02
9.548709392547607422e-01
2.190873324871063232e-01
6.372497230768203735e-02
2.662824094295501709e-02
3.814175724983215332e-02
5.734954029321670532e-02
2.503221929073333740e-01
1.456878781318664551e-01
0.000000000000000000e+00
1.278517395257949829e-02
1.576087437570095062e-02
5.705518126487731934e-01
7.855417132377624512e-01
1.176489949226379395e+00
1.487795829772949219e+00
3.520701453089714050e-02
8.642095327377319336e-01
1.455913782119750977e+00
1.977672934532165527e+00
3.157104924321174622e-02
1.594308614730834961e-01
4.616932570934295654e-02
0.000000000000000000e+00
9.549218416213989258e-02
0.000000000000000000e+00
1.218582987785339355e-01
4.045499861240386963e-02
1.517920847982168198e-02
2.733464241027832031e-01
0.000000000000000000e+00
0.000000000000000000e+00
1.764865964651107788e-02
3.142873048782348633e-01
2.138861864805221558e-01
2.430257201194763184e-01
3.177384436130523682e-01
1.764112710952758789e-01
1.215263456106185913e-02
1.325835227966308594e+00
2.359028607606887817e-01
8.203516602516174316e-01
0.000000000000000000e+00
2.305474877357482910e-02
9.095783829689025879e-01
1.190789882093667984e-02
5.865386500954627991e-02
8.407945632934570312e-01
3.395958244800567627e-01
1.073240756988525391e+00
5.216341614723205566e-01
0.000000000000000000e+00
0.000000000000000000e+00
3.687376379966735840e-01
7.502729296684265137e-01
2.791230678558349609e-01
8.290147036314010620e-02
4.711466133594512939e-01
1.453569084405899048e-01
2.024953067302703857e-01
1.769504100084304810e-01
6.657443046569824219e-01
3.943610429763793945e+00
3.184055909514427185e-02
1.920418441295623779e-02
8.755068182945251465e-01
2.882325649261474609e-02
0.000000000000000000e+00
4.513604193925857544e-02
2.178614288568496704e-01
3.388167172670364380e-02
1.328261971473693848e+00
2.438676655292510986e-01
0.000000000000000000e+00
7.441194728016853333e-03
8.150576613843441010e-03
0.000000000000000000e+00
2.670653462409973145e-01
0.000000000000000000e+00
1.286183446645736694e-01
1.900305449962615967e-01
0.000000000000000000e+00
0.000000000000000000e+00
0.000000000000000000e+00
4.943004809319972992e-03
0.000000000000000000e+00
0.000000000000000000e+00
7.272616028785705566e-02
3.186620235443115234e+00
3.144030272960662842e-02
1.760556921362876892e-02
1.893317997455596924e-01
1.808073222637176514e-01
0.000000000000000000e+00
1.759154647588729858e-01
2.275283932685852051e-01
2.082796096801757812e+00
5.812796950340270996e-01
8.739842176437377930e-01
2.141434401273727417e-01
7.439101487398147583e-02
6.430217623710632324e-02
4.728750586509704590e-01
9.929805248975753784e-02
1.837377697229385376e-01
1.056121289730072021e-01
1.689314991235733032e-01
2.078279405832290649e-01
8.893258869647979736e-03
2.053119838237762451e-01
9.698661416769027710e-02
4.443374574184417725e-01
4.828987419605255127e-01
1.065655145794153214e-02
1.153873186558485031e-02
6.180773377418518066e-01
3.269318863749504089e-02
1.253390669822692871e+00
0.000000000000000000e+00
0.000000000000000000e+00
3.419618308544158936e-02
1.062821865081787109e+00
2.003572285175323486e-01
1.023382186889648438e+00
3.168669939041137695e-01
1.583474501967430115e-02
1.637706309556961060e-01
2.748261988162994385e-01
5.462658405303955078e-01
4.645080119371414185e-02
2.446966022253036499e-01
1.337889671325683594e+00
3.593713760375976562e+00
1.249582543969154358e-01
1.440286636352539062e-01
3.996720910072326660e-01
8.106604218482971191e-02
1.333686709403991699e-01
2.339259386062622070e-01
7.895010113716125488e-01
2.888981819152832031e+00
1.217429712414741516e-02
0.000000000000000000e+00
0.000000000000000000e+00
1.113677546381950378e-01
0.000000000000000000e+00
0.000000000000000000e+00
2.577769160270690918e-01
1.642541028559207916e-02
1.652674525976181030e-01
8.709453046321868896e-02
1.334731876850128174e-01
6.899681687355041504e-02
1.582682728767395020e-01
7.242575287818908691e-02
2.971512675285339355e-01
1.387238740921020508e+00
8.673651516437530518e-02
3.164996802806854248e-01
5.144930481910705566e-01
1.098881736397743225e-01
0.000000000000000000e+00
1.506076776422560215e-03
1.147783477790653706e-03
2.554539963603019714e-02
1.986790895462036133e-01
7.248675078153610229e-02
2.580702304840087891e-01
0.000000000000000000e+00
1.251913160085678101e-01
1.488312631845474243e-01
7.761392593383789062e-01
1.455105543136596680e-01
2.841821014881134033e-01
0.000000000000000000e+00
0.000000000000000000e+00
1.001989394426345825e-01
1.470299363136291504e+00
5.800636410713195801e-01
5.570341348648071289e-01
3.687131032347679138e-02
1.752588033676147461e+00
8.948688209056854248e-02
1.782351583242416382e-01
2.105128951370716095e-03
7.224993109703063965e-01
1.735795103013515472e-02
9.312738478183746338e-02
0.000000000000000000e+00
1.128082945942878723e-01
0.000000000000000000e+00
5.161556601524353027e-02
1.701236218214035034e-01
2.002705812454223633e+00
1.015755891799926758e+00
1.302309893071651459e-02
3.282075049355626106e-03
1.021527051925659180e+00
1.001241564750671387e+00
4.742794930934906006e-01
2.292624562978744507e-01
7.992964982986450195e-02
8.938185870647430420e-03
2.843565344810485840e-01
1.946906208992004395e+00
1.691028028726577759e-01
1.753020733594894409e-01
4.125734567642211914e-01
3.359050303697586060e-02
1.174093969166278839e-02
0.000000000000000000e+00
4.997743070125579834e-01
9.413580410182476044e-03
1.272640377283096313e-02
3.927422463893890381e-01
1.957050204277038574e+00
3.978592809289693832e-03
8.991905301809310913e-02
2.140960097312927246e-01
5.347548518329858780e-03
1.011157110333442688e-01
1.019765853881835938e+00
2.000745981931686401e-01
4.430548250675201416e-01
6.936369836330413818e-02
0.000000000000000000e+00
2.911818265914916992e+00
0.000000000000000000e+00
3.028542995452880859e-01
4.416165947914123535e-01
1.169482767581939697e-01
3.474700450897216797e-01
0.000000000000000000e+00
5.253824964165687561e-02
1.280964910984039307e-02
0.000000000000000000e+00
0.000000000000000000e+00
2.221401780843734741e-02
9.841120243072509766e-01
1.685420870780944824e-01
1.459512710571289062e-01
3.332456052303314209e-01
4.281536862254142761e-02
0.000000000000000000e+00
2.257432229816913605e-02
6.510919332504272461e-02
0.000000000000000000e+00
3.704854461830109358e-04
1.971773624420166016e+00
1.994542598724365234e+00
0.000000000000000000e+00
8.452507108449935913e-02
4.591051340103149414e-01
0.000000000000000000e+00
0.000000000000000000e+00
1.012994408607482910e+00
2.222449630498886108e-01
1.557382792234420776e-01
0.000000000000000000e+00
4.398642852902412415e-02
0.000000000000000000e+00
1.780459761619567871e+00
9.564279317855834961e-01
2.114356309175491333e-01
6.711065173149108887e-01
6.708806157112121582e-01
1.820712924003601074e+00
2.710479497909545898e-01
5.497059226036071777e-01
5.120935663580894470e-02
7.760118693113327026e-03
6.427235007286071777e-01
6.232866644859313965e-01
3.419575989246368408e-01
8.709937930107116699e-01
3.408769518136978149e-02
5.961190536618232727e-02
6.985586285591125488e-01
1.304575085639953613e+00
0.000000000000000000e+00
2.890155315399169922e-01
2.014110088348388672e+00
1.592858314514160156e+00
9.507755637168884277e-01
0.000000000000000000e+00
2.096192359924316406e+00
4.652724266052246094e-01
6.763115059584379196e-03
1.020696014165878296e-01
1.545188366435468197e-03
0.000000000000000000e+00
1.501618474721908569e-01
2.370150089263916016e+00
0.000000000000000000e+00
5.810925364494323730e-02
3.846316039562225342e-01
6.518546342849731445e-01
6.567431092262268066e-01
2.313273251056671143e-01
9.124335646629333496e-02
2.759311795234680176e-01
3.607640862464904785e-01
1.438566684722900391e+00
5.341089144349098206e-02
3.896607458591461182e-01
3.323260694742202759e-02
3.120227158069610596e-02
6.443683803081512451e-02
5.456774234771728516e-01
1.014641165733337402e+00
2.848923206329345703e-01
1.810734868049621582e-01
1.444937467575073242e+00
6.629826966673135757e-03
8.524847775697708130e-02
1.725969165563583374e-01
5.832843855023384094e-02
6.922799628227949142e-03
1.343091726303100586e-01
0.000000000000000000e+00
3.699409723281860352e+00
1.675608158111572266e+00
1.472512781620025635e-01
6.169087290763854980e-01
0.000000000000000000e+00
2.327412843704223633e+00
4.755837377160787582e-03
2.448885917663574219e+00
3.048997640609741211e+00
3.109642677009105682e-02
5.126283969730138779e-03
2.116396725177764893e-01
2.737898528575897217e-01
2.493151091039180756e-02
1.994653791189193726e-01
3.714224100112915039e-01
3.655395656824111938e-02
1.414974033832550049e-01
3.771111369132995605e-02
0.000000000000000000e+00
9.766857139766216278e-03
0.000000000000000000e+00
7.176417857408523560e-02
1.263996213674545288e-01
1.010635495185852051e-01
1.046217203140258789e+00
1.309615522623062134e-01
1.950127840042114258e+00
1.163356661796569824e+00
0.000000000000000000e+00
7.190524339675903320e-01
5.825052261352539062e-01
4.719634056091308594e-01
1.472259461879730225e-01
1.561691164970397949e-01
0.000000000000000000e+00
2.236053496599197388e-01
1.412478208541870117e+00
1.134482145309448242e+00
4.478515591472387314e-03
0.000000000000000000e+00
4.084101021289825439e-01
1.140415892004966736e-01
8.688344955444335938e-01
9.646034836769104004e-01
2.394379349425435066e-03
2.591895163059234619e-01
2.003340721130371094e+00
1.526315510272979736e-01
1.659869998693466187e-01
4.843484163284301758e-01
0.000000000000000000e+00
2.669316828250885010e-01
0.000000000000000000e+00
1.623813211917877197e-01
1.006351560354232788e-01
0.000000000000000000e+00
7.939712405204772949e-01
6.386396884918212891e-01
1.579468965530395508e+00
1.212224289774894714e-01
5.023099947720766068e-03
2.826243340969085693e-01
6.961674094200134277e-01
0.000000000000000000e+00
0.000000000000000000e+00
4.731446802616119385e-01
5.979156494140625000e-01
8.862042427062988281e-01
0.000000000000000000e+00
5.482511520385742188e-01
6.164132803678512573e-02
2.069381237030029297e+00
5.255014300346374512e-01
1.017853140830993652e+00
7.654073182493448257e-03
2.286216989159584045e-02
4.296955168247222900e-01
1.030738875269889832e-01
0.000000000000000000e+00
0.000000000000000000e+00
9.010312147438526154e-03
1.401199936866760254e+00
2.734791040420532227e-01
4.410692304372787476e-02
4.133540671318769455e-03
4.728145897388458252e-02
8.213926851749420166e-02
1.257571429014205933e-01
1.533595919609069824e+00
1.231279492378234863e+00
1.014567911624908447e-01
7.546419501304626465e-01
1.371937394142150879e-01
4.834785461425781250e-01
8.455218672752380371e-01
1.136224508285522461e+00
0.000000000000000000e+00
5.981658399105072021e-02
2.199615538120269775e-01
1.573315024375915527e+00
1.854971170425415039e+00
2.438060194253921509e-01
1.532375574111938477e+00
5.757176131010055542e-02
1.484902799129486084e-01
7.123751044273376465e-01
1.869770735502243042e-01
6.029927134513854980e-01
4.135459661483764648e-01
0.000000000000000000e+00
0.000000000000000000e+00
0.000000000000000000e+00
1.359968483448028564e-01
3.807201609015464783e-02
3.717316687107086182e-01
3.369200527667999268e-01
2.071654796600341797e-02
4.994511902332305908e-01
0.000000000000000000e+00
2.493333220481872559e-01
1.204083681106567383e+00
2.219173312187194824e-01
4.985719453543424606e-03
0.000000000000000000e+00
3.874479830265045166e-01
0.000000000000000000e+00
0.000000000000000000e+00
1.066425964236259460e-01
0.000000000000000000e+00
1.829820424318313599e-01
4.057586565613746643e-02
1.590201973915100098e+00
0.000000000000000000e+00
1.025515571236610413e-01
2.113444060087203979e-01
1.853191494941711426e+00
2.142433404922485352e+00
2.069976329803466797e+00
9.678943455219268799e-02
6.236690562218427658e-03
1.567120790481567383e+00
6.513919234275817871e-01
1.175931617617607117e-01
5.168078839778900146e-02
3.695217072963714600e-01
5.734809488058090210e-02
2.225615680217742920e-01
1.897575519979000092e-02
3.958238363265991211e-01
1.543038606643676758e+00
1.132728680968284607e-01
6.561437249183654785e-02
0.000000000000000000e+00
4.640758633613586426e-01
2.753486156463623047e+00
1.727925240993499756e-02
4.096937477588653564e-01
8.921278119087219238e-01
1.749668121337890625e-01
5.613042507320642471e-03
2.707831934094429016e-02
3.435132503509521484e-01
8.219018578529357910e-02
1.178699824959039688e-02
3.147603034973144531e+00
1.032874941825866699e+00
0.000000000000000000e+00
5.377793908119201660e-01
7.458695173263549805e-01
7.716997265815734863e-01
4.399384185671806335e-02
0.000000000000000000e+00
0.000000000000000000e+00
8.254579268395900726e-03
1.362797897309064865e-02
1.939493864774703979e-01
2.223426010459661484e-03
3.425206523388624191e-03
1.816895127296447754e+00
0.000000000000000000e+00
3.886443749070167542e-02
3.932442069053649902e-01
7.296666968613862991e-03
1.340065598487854004e-01
1.102643013000488281e+00
1.744649887084960938e+00
7.051498889923095703e-01
8.669220656156539917e-02
6.219335198402404785e-01
1.116061508655548096e-01
0.000000000000000000e+00
1.640286087989807129e+00
3.471982181072235107e-01
7.470101118087768555e-01
1.762423664331436157e-02
6.048475503921508789e-01
4.024060964584350586e-01
1.305555105209350586e-01
1.518622636795043945e-01
2.575922310352325439e-01
1.309608072042465210e-01
4.884496331214904785e-02
1.931213140487670898e-01
2.455842941999435425e-01
4.075790569186210632e-02
1.192703768610954285e-01
5.157250165939331055e-01
6.582651287317276001e-02
9.492396563291549683e-02
7.755213975906372070e-01
0.000000000000000000e+00
2.728315114974975586e+00
4.470841586589813232e-01
1.888600438833236694e-01
3.448056280612945557e-01
2.959058247506618500e-02
3.446407318115234375e+00
9.492699056863784790e-02
0.000000000000000000e+00
0.000000000000000000e+00
7.568133622407913208e-02
6.820204108953475952e-02
7.110693305730819702e-02
1.002665236592292786e-02
1.229601979255676270e+00
0.000000000000000000e+00
5.894719809293746948e-02
2.467057406902313232e-01
1.680046200752258301e+00
1.211281299591064453e+00
5.188019275665283203e-01
9.412989020347595215e-02
1.177679598331451416e-01
4.545707255601882935e-02
0.000000000000000000e+00
1.985714077949523926e+00
6.089190840721130371e-01
1.144877433776855469e+00
4.491416513919830322e-01
1.517300754785537720e-01
1.785000413656234741e-01
0.000000000000000000e+00
6.239776499569416046e-03
3.347688913345336914e-02
3.278031349182128906e-01
7.316347956657409668e-01
2.765538215637207031e+00
1.012247502803802490e-01
1.729412823915481567e-01
1.073827967047691345e-01
0.000000000000000000e+00
5.501592755317687988e-01
1.807803288102149963e-02
5.018303915858268738e-02
1.656241714954376221e-02
5.260254144668579102e-01
1.434333443641662598e+00
2.661632299423217773e-01
1.253805160522460938e+00
7.162757962942123413e-02
1.817992627620697021e-01
6.582829952239990234e-01
5.811138749122619629e-01
1.935337781906127930e-01
5.668095126748085022e-02
0.000000000000000000e+00
3.565703034400939941e-01
0.000000000000000000e+00
6.403829902410507202e-02
6.821683794260025024e-02
1.165805086493492126e-01
3.675980865955352783e-01
4.518516957759857178e-01
8.045178651809692383e-01
0.000000000000000000e+00
1.174442052841186523e+00
2.500240206718444824e-01
0.000000000000000000e+00
5.225363969802856445e-01
1.703103929758071899e-01
2.253408670425415039e+00
0.000000000000000000e+00
1.194598246365785599e-02
5.849547386169433594e-01
1.259216964244842529e-01
2.925362586975097656e-01
1.965935111045837402e+00
1.173050880432128906e+00
2.505979299545288086e+00
0.000000000000000000e+00
3.918749862350523472e-04
5.453305244445800781e-01
0.000000000000000000e+00
3.950237855315208435e-02
4.477641880512237549e-01
2.800586167722940445e-03
0.000000000000000000e+00
2.308318018913269043e-02
1.076011538505554199e+00
1.560803595930337906e-02
2.980797179043292999e-02
0.000000000000000000e+00
5.157324671745300293e-02
2.671827673912048340e-01
3.395310342311859131e-01
2.093946561217308044e-03
0.000000000000000000e+00
8.258876204490661621e-01
5.376769974827766418e-02
7.771941423416137695e-01
1.932524800300598145e+00
3.374755382537841797e-02
2.385790646076202393e-02
9.778234362602233887e-01
4.565096855163574219e+00
0.000000000000000000e+00
2.046142667531967163e-01
0.000000000000000000e+00
3.073101118206977844e-02
5.353713408112525940e-02
4.933001399040222168e-01
1.647456362843513489e-02
0.000000000000000000e+00
1.245136857032775879e+00
6.474005989730358124e-03
3.092479892075061798e-02
4.362032711505889893e-01
1.136136949062347412e-01
1.530534744262695312e+00
2.674022912979125977e-01
5.437291786074638367e-02
7.658447623252868652e-01
6.284171342849731445e-02
2.973284721374511719e-01
0.000000000000000000e+00
5.859136581420898438e-05
2.528447508811950684e-01
8.271874487400054932e-02
1.167930245399475098e+00
6.630386412143707275e-02
1.739843785762786865e-01
6.040855310857295990e-03
3.344122767448425293e-01
3.995017707347869873e-02
2.562802433967590332e-01
2.144321799278259277e-02
9.214873313903808594e-01
