1.028462171554565430e+00
1.445014923810958862e-01
9.838756173849105835e-02
7.455623708665370941e-03
3.359235525131225586e-01
5.265532135963439941e-01
4.849074408411979675e-02
1.142102875746786594e-03
1.941811642609536648e-03
9.569564834237098694e-03
9.232677817344665527e-01
1.421676993370056152e+00
3.813487887382507324e-01
1.896867036819458008e+00
2.205276250839233398e+00
3.172099113464355469e+00
2.329082936048507690e-01
2.212017774581909180e+00
1.339160323143005371e+00
2.210307270288467407e-01
1.876075565814971924e-01
5.107136964797973633e-01
1.321234226226806641e+00
3.585487306118011475e-01
1.984492875635623932e-02
2.023901231586933136e-02
4.196564108133316040e-02
4.438575415406376123e-04
1.702641963958740234e+00
5.050447583198547363e-01
7.927753925323486328e-01
4.583531916141510010e-01
1.036314964294433594e+00
7.639149576425552368e-02
1.407673597335815430e+00
5.781624913215637207e-01
7.020462751388549805e-01
1.832731485366821289e+00
1.128534972667694092e-01
3.242136478424072266e+00
3.946817219257354736e-01
1.899384707212448120e-02
1.045126914978027344e+00
5.372883677482604980e-01
9.364413097500801086e-03
4.665936157107353210e-02
1.273363828659057617e-01
4.343953132629394531e-01
9.657127261161804199e-01
6.512830853462219238e-01
7.424260973930358887e-01
6.713746488094329834e-02
2.306335270404815674e-01
1.209014281630516052e-02
9.170302748680114746e-01
3.737074136734008789e-02
1.335983395576477051e+00
0.000000000000000000e+00
0.000000000000000000e+00
4.934257362037897110e-03
3.902563452720642090e-02
2.118510566651821136e-02
0.000000000000000000e+00
5.829597711563110352e-01
3.601187765598297119e-01
5.620010569691658020e-02
0.000000000000000000e+00
1.249311208724975586e+00
8.503814935684204102e-01
1.010619103908538818e-01
8.436648249626159668e-01
2.749956548213958740e-01
1.669761300086975098e+00
1.814862340688705444e-01
0.000000000000000000e+00
1.330146007239818573e-02
3.028707206249237061e-01
4.115156829357147217e-01
1.402157068252563477e+00
1.627524256706237793e+00
4.964068531990051270e-01
1.698803752660751343e-01
0.000000000000000000e+00
4.297730624675750732e-01
2.180267572402954102e-01
4.606591537594795227e-02
8.063709735870361328e-02
6.216576099395751953e-01
1.147002816200256348e+00
1.306731849908828735e-01
9.528728127479553223e-01
5.203023087233304977e-03
0.000000000000000000e+00
0.000000000000000000e+00
2.044121623039245605e-01
4.671473026275634766e+00
4.296427220106124878e-02
7.047802805900573730e-01
7.871795892715454102e-01
3.875870704650878906e-01
4.482366610318422318e-03
6.780657172203063965e-01
3.101066872477531433e-02
2.725557088851928711e+00
7.391367554664611816e-01
5.106213036924600601e-03
2.587050437927246094e+00
0.000000000000000000e+00
1.546921730041503906e-01
3.369290009140968323e-02
4.179331302642822266e+00
1.089161157608032227e+00
0.000000000000000000e+00
0.000000000000000000e+00
2.052212692797183990e-02
4.649711847305297852e-01
4.310666620731353760e-01
1.171020984649658203e+00
0.000000000000000000e+00
2.519493224099278450e-03
6.822609305381774902e-01
1.332740426063537598e+00
3.473112881183624268e-01
1.917779088020324707e+00
4.561317920684814453e+00
4.877328872680664062e-02
0.000000000000000000e+00
1.165754318237304688e+00
2.015614986419677734e+00
0.000000000000000000e+00
1.227366849780082703e-01
8.295650035142898560e-02
6.200239434838294983e-02
9.527714848518371582e-01
2.523910813033580780e-02
1.141760796308517456e-01
5.681028366088867188e-01
1.686553843319416046e-02
9.515605866909027100e-02
4.979496300220489502e-01
2.826760530471801758e+00
7.975286990404129028e-02
1.267421990633010864e-01
2.074090242385864258e-01
3.564889729022979736e-01
1.762212812900543213e-01
0.000000000000000000e+00
7.497322559356689453e-01
1.364840120077133179e-01
3.967930674552917480e-01
3.045627593994140625e+00
7.274425029754638672e-01
0.000000000000000000e+00
0.000000000000000000e+00
2.287567257881164551e-01
8.168888092041015625e-02
1.067213714122772217e-01
9.524831175804138184e-02
1.716883182525634766e-01
3.157035410404205322e-01
5.284523591399192810e-02
2.498715557157993317e-02
4.411702230572700500e-02
1.548672169446945190e-01
1.452930092811584473e+00
5.793096423149108887e-01
1.035103127360343933e-01
5.582687854766845703e-01
1.291501224040985107e-01
4.634391143918037415e-02
1.201190575957298279e-01
2.069392055273056030e-01
7.076725363731384277e-01
5.357273101806640625e+00
0.000000000000000000e+00
7.091842591762542725e-02
6.666546463966369629e-01
5.944086313247680664e-01
3.116721985861659050e-03
1.908156834542751312e-02
1.014702439308166504e+00
0.000000000000000000e+00
2.949717521667480469e+00
2.425850480794906616e-01
3.491450250148773193e-01
0.000000000000000000e+00
1.824287474155426025e-01
1.030100941658020020e+00
8.354476839303970337e-02
0.000000000000000000e+00
1.153506524860858917e-02
5.282164812088012695e-01
3.941529691219329834e-01
5.514108017086982727e-02
3.642916083335876465e-01
0.000000000000000000e+00
5.981946587562561035e-01
2.638320684432983398e+00
8.045382499694824219e-01
4.702603220939636230e-01
1.595172762870788574e+00
1.372426748275756836e-01
1.790513992309570312e-01
1.731269478797912598e+00
1.258137106895446777e+00
2.482554763555526733e-01
3.927562832832336426e-01
2.029153108596801758e-01
2.235537618398666382e-01
9.091063737869262695e-01
0.000000000000000000e+00
7.000309973955154419e-02
6.405057907104492188e-01
2.095184326171875000e+00
6.115135550498962402e-02
4.818065464496612549e-01
6.757931113243103027e-01
1.297075152397155762e-01
2.071859389543533325e-01
0.000000000000000000e+00
5.022500455379486084e-02
5.085148662328720093e-02
7.654111832380294800e-02
3.358108103275299072e-01
0.000000000000000000e+00
5.203645825386047363e-01
2.755241632461547852e+00
4.339756071567535400e-01
2.435449808835983276e-01
6.081156730651855469e-01
1.046894043684005737e-01
2.734353244304656982e-01
7.597923278808593750e-02
2.454840987920761108e-01
8.522403240203857422e-02
1.015830561518669128e-01
2.796199172735214233e-02
2.945994436740875244e-01
1.317250728607177734e-01
9.895508289337158203e-01
3.362938761711120605e-01
4.059995338320732117e-02
0.000000000000000000e+00
0.000000000000000000e+00
6.913778185844421387e-02
8.918180465698242188e-01
5.630846619606018066e-01
6.541002392768859863e-01
1.925117611885070801e+00
1.951314449310302734e+00
8.873600363731384277e-01
4.805649816989898682e-01
2.067475467920303345e-01
1.341291666030883789e-01
7.658137679100036621e-01
8.737676143646240234e-01
3.738983534276485443e-03
2.249179333448410034e-01
6.111751794815063477e-01
0.000000000000000000e+00
4.661996066570281982e-01
1.134520545601844788e-01
0.000000000000000000e+00
3.769185543060302734e-01
6.542872786521911621e-01
3.748748600482940674e-01
1.184242144227027893e-01
1.058062724769115448e-02
4.039290919899940491e-02
9.362968057394027710e-02
1.439340710639953613e-01
7.172368168830871582e-01
2.092434018850326538e-01
1.679092347621917725e-01
2.581881582736968994e-01
3.279680758714675903e-02
4.262582957744598389e-02
1.688370406627655029e-01
8.234489709138870239e-03
3.508674725890159607e-02
2.051671028137207031e+00
1.376091241836547852e-01
5.188200473785400391e-01
4.955542273819446564e-03
4.911461472511291504e-02
7.583977282047271729e-02
8.544096946716308594e-01
3.991152346134185791e-01
7.287659049034118652e-01
0.000000000000000000e+00
2.020589411258697510e-01
2.319447249174118042e-01
1.226765587925910950e-01
1.890999078750610352e-01
3.703763484954833984e-01
0.000000000000000000e+00
6.197125911712646484e-01
6.912557728355750442e-05
5.384860038757324219e-01
3.822674751281738281e-01
1.310081630945205688e-01
1.241882801055908203e+00
1.274863779544830322e-01
2.833137512207031250e-01
4.251188039779663086e-02
3.486870825290679932e-01
3.685136884450912476e-02
0.000000000000000000e+00
5.213668346405029297e-01
2.358178377151489258e+00
9.024677425622940063e-02
1.014627099037170410e+00
1.974823772907257080e-01
1.145121455192565918e+00
4.856604337692260742e-01
3.495574593544006348e-01
3.012377303093671799e-03
4.559682011604309082e-01
3.069393038749694824e-01
3.457060456275939941e-02
1.011714264750480652e-01
2.418692857027053833e-01
2.351909577846527100e-01
3.236502036452293396e-02
1.168429851531982422e-02
3.219243139028549194e-02
0.000000000000000000e+00
5.782529711723327637e-01
6.350977718830108643e-02
1.398302316665649414e+00
3.457153141498565674e-01
4.895134270191192627e-02
7.214706856757402420e-03
3.751647770404815674e-01
0.000000000000000000e+00
3.730125725269317627e-01
1.211187150329351425e-02
9.835256636142730713e-02
8.796408772468566895e-01
2.771275043487548828e-01
1.306084156036376953e+00
1.500923037528991699e-01
5.043653249740600586e-01
0.000000000000000000e+00
1.893210560083389282e-01
0.000000000000000000e+00
1.104549467563629150e-01
0.000000000000000000e+00
7.676692679524421692e-03
9.760557860136032104e-02
4.058945924043655396e-02
8.997633308172225952e-02
6.970232725143432617e-02
1.297701746225357056e-01
4.144607111811637878e-02
1.260032411664724350e-03
1.366230938583612442e-02
4.659673869609832764e-01
0.000000000000000000e+00
5.435706675052642822e-02
0.000000000000000000e+00
1.128054633736610413e-01
2.413319110870361328e+00
0.000000000000000000e+00
7.199124693870544434e-01
1.118331074714660645e+00
8.166307806968688965e-01
1.496042847633361816e+00
3.583588898181915283e-01
6.295763701200485229e-02
2.520038783550262451e-01
6.273799538612365723e-01
3.346681892871856689e-01
4.168821871280670166e-01
8.542460203170776367e-02
8.990858078002929688e+00
3.833734989166259766e-01
1.791614294052124023e-01
1.084054261445999146e-01
3.201033473014831543e-01
3.868213593959808350e-01
0.000000000000000000e+00
7.782243937253952026e-02
2.599814534187316895e-01
0.000000000000000000e+00
5.251961231231689453e+00
2.169720381498336792e-01
3.241723179817199707e-01
1.337542682886123657e-01
1.000912547111511230e+00
7.770323008298873901e-02
5.145854949951171875e-01
4.326606988906860352e-01
5.014652609825134277e-01
2.691763937473297119e-01
1.296372771263122559e+00
3.923337161540985107e-02
1.217901241034269333e-02
2.888378500938415527e-01
1.322887241840362549e-01
1.103767633438110352e+00
1.032837748527526855e+00
3.212847411632537842e-01
1.636330336332321167e-01
1.721938610076904297e+00
1.191394925117492676e+00
6.637576222419738770e-02
3.993945568799972534e-02
9.363356232643127441e-02
1.119521975517272949e+00
2.056265920400619507e-01
6.008681654930114746e-01
0.000000000000000000e+00
1.857285350561141968e-01
0.000000000000000000e+00
0.000000000000000000e+00
4.212946295738220215e-01
3.106383681297302246e-01
2.441307716071605682e-02
9.894518256187438965e-01
1.455218493938446045e-01
1.668302893638610840e+00
6.091417074203491211e-01
2.589826881885528564e-01
7.854756116867065430e-01
1.694997102022171021e-01
7.889083027839660645e-02
4.956677556037902832e-01
9.049967862665653229e-03
0.000000000000000000e+00
2.396919488906860352e+00
1.046313285827636719e+00
7.517176866531372070e-01
3.486221432685852051e-01
2.359044253826141357e-01
9.669727645814418793e-03
9.815944731235504150e-02
0.000000000000000000e+00
2.807623445987701416e-01
1.151144281029701233e-01
4.133177399635314941e-01
3.780235052108764648e-01
2.225485630333423615e-02
5.944856405258178711e-01
6.516746245324611664e-03
0.000000000000000000e+00
1.529552191495895386e-01
7.310054451227188110e-02
6.595255732536315918e-01
2.113786458969116211e+00
3.498857319355010986e-01
7.602100819349288940e-02
2.635236501693725586e+00
5.616531521081924438e-02
2.506463766098022461e+00
1.286785721778869629e+00
1.048272013664245605e+00
1.673370972275733948e-02
3.057667315006256104e-01
7.084392756223678589e-02
3.383705317974090576e-01
2.279587030410766602e+00
2.126823663711547852e-01
3.979640007019042969e-01
9.150075167417526245e-02
5.144157409667968750e-01
0.000000000000000000e+00
2.084621906280517578e+00
2.611671090126037598e-01
2.175055146217346191e-01
1.233643412590026855e+00
4.994274675846099854e-02
6.005569593980908394e-04
2.150133132934570312e+00
0.000000000000000000e+00
2.001506276428699493e-02
5.699095726013183594e-01
4.440478049218654633e-03
1.409812830388545990e-03
1.025607109069824219e+00
3.072027921676635742e+00
9.851808100938796997e-02
2.948272943496704102e+00
2.271359562873840332e-01
8.618288487195968628e-02
1.211268752813339233e-01
0.000000000000000000e+00
6.982010323554277420e-03
1.065730094909667969e+00
5.756479501724243164e-01
4.327638447284698486e-01
9.445393830537796021e-02
4.755515139549970627e-03
4.180186390876770020e-01
9.595261514186859131e-02
6.851918101310729980e-01
4.397531598806381226e-02
2.222107797861099243e-01
1.294740289449691772e-01
9.763412177562713623e-02
0.000000000000000000e+00
4.236353874206542969e+00
9.076588153839111328e-01
0.000000000000000000e+00
7.454897761344909668e-01
3.961682617664337158e-01
2.540412843227386475e-01
8.330594003200531006e-02
0.000000000000000000e+00
2.851494252681732178e-01
0.000000000000000000e+00
7.400710135698318481e-02
1.164246583357453346e-03
8.721182495355606079e-02
8.275525271892547607e-02
4.286661371588706970e-02
2.254642732441425323e-02
4.960950016975402832e-01
0.000000000000000000e+00
2.143712490797042847e-01
5.475695244967937469e-03
7.163832783699035645e-01
2.338054418563842773e+00
9.033923037350177765e-03
4.284742474555969238e-02
7.952222228050231934e-02
0.000000000000000000e+00
0.000000000000000000e+00
2.915435433387756348e-01
7.081066966056823730e-01
1.229966208338737488e-01
8.536255359649658203e-02
4.976396262645721436e-01
0.000000000000000000e+00
1.346629410982131958e-01
7.194231152534484863e-01
6.591489911079406738e-01
1.057899072766304016e-01
2.288126200437545776e-01
1.788926571607589722e-01
1.435351520776748657e-01
9.769541621208190918e-01
7.047123461961746216e-02
5.270065665245056152e-01
0.000000000000000000e+00
9.280862808227539062e-01
0.000000000000000000e+00
8.960546255111694336e-01
8.882821351289749146e-02
1.596488207578659058e-01
3.592533245682716370e-02
2.698691189289093018e-01
5.348294973373413086e-01
5.416827648878097534e-02
1.001839041709899902e-01
2.289822697639465332e-01
2.878265641629695892e-02
5.974318981170654297e-01
8.691604137420654297e-01
8.994843363761901855e-01
4.004273712635040283e-01
5.695519223809242249e-02
5.822784900665283203e-01
7.064429521560668945e-01
0.000000000000000000e+00
1.433242708444595337e-01
7.820161432027816772e-02
2.547583281993865967e-01
6.812065243721008301e-01
5.658907890319824219e-01
5.672341585159301758e-02
2.607469260692596436e-01
9.018968790769577026e-02
3.713016584515571594e-02
7.032228708267211914e-01
9.259846061468124390e-02
1.405770778656005859e-01
3.109678626060485840e-01
2.485753536224365234e+00
1.229165121912956238e-01
4.865633249282836914e-01
3.136787712574005127e-01
1.179284006357192993e-01
9.378275275230407715e-01
1.462426930665969849e-01
3.416099399328231812e-02
7.567237019538879395e-01
2.024411708116531372e-01
2.054436504840850830e-01
0.000000000000000000e+00
2.847481966018676758e-01
4.386572539806365967e-01
6.426958441734313965e-01
5.497552827000617981e-02
1.738374531269073486e-01
0.000000000000000000e+00
1.411124411970376968e-02
0.000000000000000000e+00
1.250958442687988281e+00
8.826687186956405640e-02
5.160970985889434814e-02
1.779015660285949707e-01
2.218960225582122803e-01
8.169724047183990479e-02
1.669441819190979004e+00
1.152527704834938049e-01
5.449341535568237305e-01
8.077783882617950439e-02
2.597810506820678711e+00
4.614409804344177246e-02
1.537663698196411133e+00
9.222755432128906250e-01
5.835307836532592773e-01
7.082710508257150650e-03
0.000000000000000000e+00
0.000000000000000000e+00
2.313933074474334717e-01
6.685297936201095581e-02
1.278539001941680908e-01
5.902964472770690918e-01
1.254790425300598145e+00
0.000000000000000000e+00
3.579862415790557861e-02
5.082461833953857422e-01
6.892810463905334473e-01
1.391416311264038086e+00
4.243085384368896484e-01
4.397142231464385986e-01
3.270198404788970947e-01
3.968966007232666016e-01
2.034221310168504715e-03
2.733630239963531494e-01
1.345434188842773438e-01
2.406656146049499512e-01
2.216095030307769775e-01
4.593930244445800781e+00
1.808058917522430420e-01
1.799552917480468750e+00
1.130598876625299454e-02
3.591962158679962158e-01
9.695827960968017578e-01
2.485454082489013672e-01
8.654853701591491699e-01
2.450417280197143555e-01
3.353466987609863281e+00
4.891746342182159424e-01
3.368490636348724365e-01
0.000000000000000000e+00
6.925224661827087402e-01
5.028857588768005371e-01
2.086535990238189697e-01
0.000000000000000000e+00
7.169632911682128906e-01
3.756847083568572998e-01
1.141862630844116211e+00
5.398105978965759277e-01
5.410041660070419312e-02
4.543730318546295166e-01
1.768596470355987549e-01
2.459716796875000000e+00
0.000000000000000000e+00
3.396916389465332031e-01
9.971836954355239868e-02
1.754222661256790161e-01
1.011251449584960938e+00
0.000000000000000000e+00
3.120398335158824921e-02
9.672493673861026764e-03
7.131789922714233398e-01
5.822180509567260742e-01
1.285097122192382812e+00
2.691824436187744141e-01
2.761384658515453339e-02
1.700751632452011108e-01
5.639873817563056946e-02
3.797193169593811035e-01
1.583601832389831543e-01
0.000000000000000000e+00
1.175879240036010742e-01
2.219454646110534668e-01
0.000000000000000000e+00
1.922302365303039551e+00
3.550875484943389893e-01
1.168299198150634766e+00
2.234698772430419922e+00
4.221075400710105896e-02
3.741498291492462158e-02
1.056582570075988770e+00
2.671243548393249512e-01
5.089623332023620605e-01
5.458928272128105164e-02
8.835352659225463867e-01
1.773180246353149414e+00
0.000000000000000000e+00
8.090180158615112305e-01
5.621729884296655655e-03
9.976875968277454376e-03
1.800038069486618042e-01
1.904881894588470459e-01
5.310596432536840439e-03
0.000000000000000000e+00
5.998407602310180664e-01
1.936027526855468750e+00
0.000000000000000000e+00
0.000000000000000000e+00
1.077839255332946777e+00
2.783411502838134766e+00
1.191833242774009705e-01
0.000000000000000000e+00
2.074408084154129028e-01
3.647903680801391602e+00
7.331682834774255753e-03
6.883701682090759277e-01
1.327066570520401001e-01
3.002559840679168701e-01
7.883119583129882812e-01
0.000000000000000000e+00
2.052465081214904785e-02
1.190719008445739746e-01
2.328473627567291260e-01
7.572854757308959961e-01
1.536074876785278320e-01
1.717248708009719849e-01
1.962822824716567993e-01
6.403542160987854004e-01
3.146273493766784668e-01
1.929299086332321167e-01
2.162261866033077240e-03
5.536302328109741211e-01
0.000000000000000000e+00
1.056454420089721680e+00
6.528564728796482086e-03
3.162430226802825928e-02
9.516409039497375488e-01
0.000000000000000000e+00
6.676313281059265137e-01
1.862095445394515991e-01
4.314545169472694397e-02
4.498891532421112061e-02
0.000000000000000000e+00
6.283801631070673466e-04
1.147184371948242188e+00
0.000000000000000000e+00
2.999403476715087891e-01
4.704637229442596436e-01
1.479750778526067734e-02
1.609576046466827393e-01
1.216948032379150391e+00
2.539146900177001953e+00
1.323738247156143188e-01
2.610895782709121704e-02
0.000000000000000000e+00
6.747260093688964844e-01
4.687400460243225098e-01
9.055572152137756348e-01
1.619507968425750732e-01
6.532040834426879883e-01
7.922263741493225098e-01
4.461210966110229492e-02
4.417274594306945801e-01
4.232267849147319794e-03
8.222264647483825684e-01
1.963615864515304565e-01
0.000000000000000000e+00
2.474480420351028442e-01
3.171812295913696289e-01
9.157962203025817871e-01
0.000000000000000000e+00
6.652713567018508911e-02
7.775372266769409180e-01
0.000000000000000000e+00
2.732173502445220947e-01
1.577419400215148926e+00
6.432629376649856567e-02
1.935909390449523926e-01
3.654464706778526306e-02
1.181360840797424316e+00
3.657970130443572998e-01
9.643255919218063354e-02
1.618928462266921997e-01
0.000000000000000000e+00
7.212784290313720703e-01
0.000000000000000000e+00
0.000000000000000000e+00
0.000000000000000000e+00
1.546971201896667480e+00
4.473496228456497192e-03
3.518177866935729980e-01
3.201125860214233398e+00
5.610890686511993408e-03
4.752079397439956665e-02
6.532245278358459473e-01
2.692755758762359619e-01
7.625470757484436035e-01
0.000000000000000000e+00
7.833150215446949005e-03
1.709033548831939697e-01
5.723302066326141357e-02
0.000000000000000000e+00
8.996379375457763672e-02
4.089059531688690186e-01
4.077681064605712891e+00
5.718966722488403320e-01
6.529724597930908203e-02
1.978946626186370850e-01
4.346218109130859375e+00
2.652863860130310059e-01
3.014072589576244354e-02
2.225819975137710571e-02
8.412107825279235840e-02
1.647146642208099365e-01
7.116597145795822144e-02
0.000000000000000000e+00
2.175486564636230469e+00
8.832723833620548248e-03
2.521485686302185059e-01
3.473354578018188477e-01
1.406666934490203857e-01
0.000000000000000000e+00
6.918547302484512329e-02
6.277303695678710938e-01
1.105877280235290527e+00
8.636711239814758301e-01
1.444221735000610352e-01
2.044415235519409180e+00
0.000000000000000000e+00
2.361349314451217651e-01
2.512374520301818848e-01
6.667929887771606445e-01
1.342437267303466797e-01
5.398131012916564941e-01
7.442149519920349121e-01
5.001290887594223022e-02
1.069729566574096680e+00
3.054673373699188232e-01
1.211413502693176270e+00
9.377155900001525879e-01
1.261019229888916016e+00
4.496967494487762451e-01
2.055837512016296387e-01
1.498291920870542526e-02
1.230014488101005554e-01
7.896801829338073730e-01
1.949812889099121094e+00
3.524810373783111572e-01
0.000000000000000000e+00
2.856497287750244141e+00
4.766412079334259033e-01
3.340009152889251709e-01
5.149241089820861816e-01
7.938982546329498291e-02
5.175331234931945801e-01
2.175800502300262451e-01
2.082732617855072021e-01
1.299408912658691406e+00
1.940583705902099609e+00
2.188427150249481201e-01
1.047801971435546875e-01
2.017032146453857422e+00
2.715235650539398193e-01
0.000000000000000000e+00
6.002993583679199219e-01
5.027735978364944458e-02
0.000000000000000000e+00
3.696597218513488770e-01
1.799105666577816010e-02
3.304882347583770752e-01
4.825866818428039551e-01
5.223506595939397812e-03
6.165838241577148438e-02
2.802360951900482178e-01
3.197155892848968506e-01
1.341640710830688477e+00
5.348364822566509247e-03
5.599602460861206055e-01
0.000000000000000000e+00
3.305627778172492981e-02
2.745571613311767578e+00
2.782614231109619141e+00
0.000000000000000000e+00
1.855325549840927124e-01
3.074869513511657715e-01
1.527535915374755859e-01
1.274842768907546997e-01
3.451861441135406494e-01
3.151555657386779785e-01
8.596728444099426270e-01
2.206439524888992310e-01
5.408220738172531128e-02
0.000000000000000000e+00
1.316254734992980957e-01
0.000000000000000000e+00
7.044944167137145996e-01
0.000000000000000000e+00
1.774741262197494507e-01
9.879713058471679688e-01
9.212061017751693726e-02
2.190163880586624146e-01
7.858527898788452148e-01
1.331714093685150146e-01
1.678944468498229980e+00
1.510488092899322510e-01
1.780784805305302143e-03
6.915225833654403687e-02
6.844703853130340576e-02
5.737472698092460632e-02
5.813043713569641113e-01
2.857943177223205566e-01
3.039027191698551178e-02
0.000000000000000000e+00
8.565610647201538086e-01
9.696083664894104004e-01
3.899394571781158447e-01
0.000000000000000000e+00
3.900524079799652100e-01
0.000000000000000000e+00
1.952065467834472656e+00
1.725789159536361694e-01
3.360022008419036865e-01
4.173067584633827209e-02
8.993998765945434570e-01
7.626942545175552368e-02
2.038162387907505035e-02
0.000000000000000000e+00
1.438502430915832520e+00
1.215836480259895325e-01
1.302558481693267822e-01
5.606762319803237915e-02
3.911453485488891602e-02
6.852411627769470215e-01
6.160662770271301270e-01
1.910997152328491211e+00
0.000000000000000000e+00
1.536391854286193848e+00
1.948038041591644287e-01
1.554577708244323730e+00
0.000000000000000000e+00
8.183718919754028320e-01
1.053765773773193359e+00
2.237174361944198608e-01
3.817954778671264648e+00
4.248947620391845703e+00
1.526838447898626328e-02
6.519637107849121094e-01
1.497860550880432129e-01
1.775907576084136963e-01
1.239483475685119629e+00
8.766520023345947266e-01
1.151432245969772339e-01
0.000000000000000000e+00
5.399754643440246582e-01
6.595891714096069336e-02
7.416504025459289551e-01
3.411459624767303467e-01
0.000000000000000000e+00
8.172687143087387085e-03
1.214101552963256836e+00
7.915624976158142090e-02
8.339942432940006256e-03
0.000000000000000000e+00
2.807770669460296631e-02
1.542868763208389282e-01
8.667825162410736084e-02
1.777508407831192017e-01
8.393698185682296753e-02
4.070461392402648926e-01
2.889572351705282927e-04
4.488719999790191650e-01
2.866438627243041992e-01
0.000000000000000000e+00
3.198789358139038086e-01
1.833581775426864624e-01
9.188587963581085205e-02
4.944313168525695801e-01
1.357837170362472534e-01
3.878403425216674805e+00
2.436527311801910400e-01
1.248163878917694092e-01
1.314996242523193359e+00
2.829720973968505859e-01
4.823190346360206604e-02
7.808960229158401489e-02
3.345085382461547852e-01
8.629471063613891602e-02
0.000000000000000000e+00
0.000000000000000000e+00
1.788231134414672852e-01
7.139056324958801270e-01
7.934978008270263672e-01
0.000000000000000000e+00
3.095174208283424377e-03
2.419682502746582031e+00
4.786696657538414001e-02
2.585258007049560547e+00
0.000000000000000000e+00
0.000000000000000000e+00
0.000000000000000000e+00
4.055681526660919189e-01
3.757094144821166992e-01
4.428253695368766785e-02
3.208458423614501953e-03
0.000000000000000000e+00
5.051932111382484436e-02
1.068377122282981873e-02
0.000000000000000000e+00
0.000000000000000000e+00
2.297871708869934082e-01
2.792938053607940674e-01
7.936338335275650024e-02
1.080352440476417542e-02
3.876324653625488281e+00
1.801345944404602051e+00
6.882476806640625000e-01
2.000190783292055130e-03
1.291012018918991089e-02
1.540834084153175354e-02
5.447500571608543396e-02
2.741113305091857910e-01
2.040627971291542053e-02
2.253626286983489990e-01
1.601727306842803955e-01
1.427366882562637329e-01
1.441687345504760742e-01
8.920521736145019531e-01
2.243199050426483154e-01
5.386980175971984863e-01
2.465944439172744751e-01
1.766525506973266602e-01
1.773262023925781250e-01
1.789448380470275879e+00
0.000000000000000000e+00
5.607737898826599121e-01
0.000000000000000000e+00
1.274369508028030396e-01
1.025387883186340332e+00
4.915226623415946960e-02
6.976151838898658752e-03
8.956591784954071045e-02
5.545436963438987732e-02
4.781174287199974060e-02
8.374392241239547729e-02
7.427743673324584961e-01
5.132391676306724548e-02
2.799566268920898438e+00
1.468278169631958008e-01
3.221122324466705322e-01
0.000000000000000000e+00
3.046695142984390259e-02
1.866708099842071533e-01
5.333916097879409790e-02
1.611635923385620117e+00
5.829295516014099121e-02
7.033512592315673828e-01
1.258515238761901855e+00
2.389361858367919922e-01
6.000895798206329346e-02
0.000000000000000000e+00
3.062114417552947998e-01
2.026352435350418091e-01
1.431555867195129395e+00
0.000000000000000000e+00
2.209103852510452271e-02
7.755015790462493896e-02
0.000000000000000000e+00
1.120637804269790649e-01
1.532296687364578247e-01
1.550551056861877441e-01
0.000000000000000000e+00
2.711808383464813232e-01
6.329057812690734863e-01
1.914126053452491760e-02
3.312914371490478516e-01
6.346001625061035156e-01
0.000000000000000000e+00
0.000000000000000000e+00
3.647463023662567139e-02
3.423146903514862061e-01
1.022729992866516113e+00
4.432417452335357666e-01
6.255041360855102539e-01
1.703322678804397583e-01
0.000000000000000000e+00
2.020763307809829712e-01
0.000000000000000000e+00
1.124372705817222595e-01
1.091794252395629883e+00
2.068733870983123779e-01
5.061317980289459229e-02
1.242561340332031250e-01
3.547767996788024902e-01
1.072306931018829346e-01
1.441472887992858887e+00
4.331587255001068115e-01
5.130264442414045334e-03
3.068939596414566040e-02
6.552893668413162231e-02
8.201119303703308105e-01
0.000000000000000000e+00
7.250509411096572876e-02
1.422273159027099609e+00
1.077056974172592163e-01
3.749692440032958984e-01
2.476154565811157227e+00
8.444778621196746826e-02
1.022833734750747681e-01
0.000000000000000000e+00
9.839684367179870605e-01
5.488780885934829712e-02
1.648377329111099243e-01
1.073658108711242676e+00
5.476202964782714844e-01
1.961504071950912476e-01
4.384822547435760498e-01
1.458687782287597656e+00
8.852895498275756836e-01
1.104922652244567871e+00
0.000000000000000000e+00
5.330986902117729187e-02
0.000000000000000000e+00
2.408908158540725708e-01
3.351664543151855469e-02
2.640719525516033173e-02
6.605858355760574341e-02
7.730502486228942871e-01
4.016024526208639145e-03
5.300900936126708984e-01
5.701602101325988770e-01
4.742687344551086426e-01
1.159208536148071289e+00
4.189339280128479004e-02
7.052940130233764648e-02
0.000000000000000000e+00
3.735469877719879150e-01
2.821978330612182617e-01
7.226495742797851562e-01
3.171713054180145264e-01
1.141306400299072266e+00
3.067865371704101562e-01
8.801407814025878906e-01
2.099494695663452148e+00
2.257274091243743896e-01
1.104855258017778397e-02
0.000000000000000000e+00
1.905754923820495605e+00
7.013046741485595703e+00
1.175793334841728210e-01
6.243347004055976868e-02
5.445913672447204590e-01
1.037160754203796387e-01
7.065498828887939453e-01
2.501487433910369873e-01
1.800453960895538330e-01
1.043406594544649124e-02
4.049843251705169678e-01
1.228148460388183594e+00
1.780783981084823608e-01
2.135934680700302124e-01
5.809249281883239746e-01
8.404254168272018433e-02
1.717685937881469727e+00
1.749092154204845428e-02
2.971408665180206299e-01
7.866192609071731567e-02
8.793910592794418335e-02
2.763525545597076416e-01
1.167989015579223633e+00
1.627009153366088867e+00
3.524849116802215576e-01
7.971435189247131348e-01
7.521128654479980469e-01
2.257789950817823410e-03
3.887479305267333984e-01
1.406729221343994141e-01
3.503811359405517578e-01
2.168348312377929688e+00
3.181560635566711426e-01
8.344007283449172974e-02
0.000000000000000000e+00
2.303749024868011475e-01
5.153408646583557129e-02
3.259509429335594177e-02
7.074745297431945801e-01
8.865159749984741211e-01
1.055109221488237381e-02
9.133860468864440918e-02
1.761369407176971436e-02
6.962204575538635254e-01
8.529148250818252563e-02
3.545385599136352539e-01
6.998018622398376465e-01
1.544430945068597794e-02
4.561428427696228027e-01
6.885915994644165039e-02
9.266275912523269653e-02
0.000000000000000000e+00
4.351781308650970459e-01
3.579199910163879395e-01
1.118717063218355179e-02
1.140880286693572998e-01
6.012532114982604980e-01
2.039546966552734375e+00
1.239294745028018951e-02
1.006897166371345520e-02
6.084936112165451050e-02
1.469951719045639038e-01
2.714170217514038086e-01
2.148950576782226562e+00
8.864004164934158325e-03
2.864845693111419678e-01
6.564269065856933594e-01
1.430093795061111450e-01
2.646089196205139160e-01
2.417124994099140167e-02
2.787347137928009033e-01
1.463669985532760620e-01
1.432582288980484009e-01
2.667773962020874023e-01
4.934861361980438232e-01
0.000000000000000000e+00
1.363981515169143677e-02
2.050179243087768555e+00
2.023899316787719727e+00
1.916838735342025757e-01
1.535011082887649536e-01
0.000000000000000000e+00
7.277215719223022461e-01
1.131816625595092773e+00
2.094679884612560272e-02
1.284554041922092438e-02
6.917473673820495605e-02
0.000000000000000000e+00
1.041587516665458679e-01
1.466233968734741211e+00
1.575732827186584473e+00
2.043684422969818115e-01
7.570838928222656250e-01
3.415164232254028320e+00
9.138036966323852539e-01
3.564572334289550781e-01
8.486428856849670410e-02
3.322221711277961731e-02
8.956449031829833984e-01
3.614784479141235352e-01
1.267134070396423340e+00
3.567864373326301575e-02
5.261772125959396362e-02
1.934830844402313232e-01
1.006142377853393555e+00
1.079895719885826111e-01
4.053057432174682617e-01
0.000000000000000000e+00
1.725363880395889282e-01
6.406234949827194214e-02
4.110810458660125732e-01
4.996978119015693665e-02
5.009436234831809998e-02
2.334904223680496216e-01
4.782189056277275085e-02
3.605158627033233643e-01
5.660965442657470703e-01
4.257826507091522217e-01
8.497441560029983521e-02
8.489269763231277466e-02
5.600388050079345703e-01
8.648789674043655396e-02
3.509033322334289551e-01
8.975316286087036133e-01
1.268955320119857788e-01
6.302744150161743164e-02
1.457047164440155029e-01
2.137743234634399414e-01
0.000000000000000000e+00
2.108322642743587494e-02
6.525936603546142578e+00
2.415039300918579102e+00
2.027910053730010986e-01
2.228402048349380493e-01
0.000000000000000000e+00
3.824413567781448364e-02
3.294835090637207031e-01
9.877825528383255005e-02
8.670836687088012695e-01
1.167784810066223145e+00
1.676220744848251343e-01
4.840373992919921875e-01
2.069266736507415771e-01
1.138618439435958862e-01
0.000000000000000000e+00
9.458145499229431152e-01
6.435097660869359970e-03
9.086161851882934570e-01
0.000000000000000000e+00
1.664203524589538574e+00
2.462391406297683716e-01
0.000000000000000000e+00
4.288698360323905945e-02
6.201290711760520935e-02
1.226894408464431763e-01
1.105775460600852966e-01
8.126712590456008911e-02
7.680150866508483887e-01
0.000000000000000000e+00
7.248368263244628906e-01
2.208353020250797272e-02
2.847852930426597595e-02
2.154384106397628784e-01
4.382446408271789551e-01
2.568351984024047852e+00
4.255712032318115234e-01
3.639112114906311035e-01
8.657835423946380615e-03
1.812681108713150024e-01
3.563757538795471191e-01
7.857090979814529419e-02
0.000000000000000000e+00
6.156160235404968262e-01
0.000000000000000000e+00
2.865125425159931183e-02
1.637032151222229004e+00
1.470353901386260986e-01
1.874783784151077271e-01
1.510797441005706787e-01
2.542182058095932007e-02
6.980520486831665039e-01
2.040016651153564453e-01
4.808153808116912842e-01
1.503105759620666504e-01
4.663878977298736572e-01
0.000000000000000000e+00
3.302931785583496094e-02
1.001675844192504883e+00
6.657947897911071777e-01
3.913622498512268066e-01
7.143714427947998047e-01
2.147819846868515015e-02
1.880251765251159668e-01
2.033407688140869141e-01
1.179347466677427292e-02
1.669474989175796509e-01
2.195672318339347839e-02
2.631345987319946289e+00
1.517201811075210571e-01
1.288201510906219482e-01
3.149797394871711731e-02
1.180572748184204102e+00
1.640130132436752319e-01
0.000000000000000000e+00
5.156786441802978516e-01
0.000000000000000000e+00
0.000000000000000000e+00
2.183087021112442017e-01
1.897968053817749023e-01
1.909810453653335571e-01
2.661556720733642578e+00
1.773702621459960938e+00
3.515702784061431885e-01
0.000000000000000000e+00
1.785663664340972900e-01
8.520027250051498413e-02
0.000000000000000000e+00
1.901280879974365234e-01
6.958222389221191406e-01
9.548293352127075195e-01
2.596422843635082245e-02
0.000000000000000000e+00
1.662362098693847656e+00
5.718729272484779358e-02
2.437247782945632935e-01
1.045483723282814026e-02
0.000000000000000000e+00
1.202846050262451172e+00
1.114278078079223633e+00
5.184763669967651367e-01
2.047545909881591797e-01
6.648844480514526367e-01
5.690677165985107422e-01
0.000000000000000000e+00
1.496011018753051758e-01
8.257646113634109497e-02
4.856424927711486816e-01
5.309466123580932617e-01
2.273078680038452148e+00
1.361656069755554199e+00
0.000000000000000000e+00
5.520663037896156311e-02
6.971268057823181152e-01
5.408517643809318542e-02
4.541911184787750244e-01
1.150452047586441040e-01
0.000000000000000000e+00
7.872162759304046631e-02
3.052895665168762207e-01
2.186342477798461914e+00
3.823306858539581299e-01
6.932113766670227051e-01
9.321048110723495483e-02
0.000000000000000000e+00
6.961835026741027832e-01
0.000000000000000000e+00
1.084762454032897949e+00
1.435093760490417480e+00
4.279940575361251831e-02
1.016940698027610779e-01
0.000000000000000000e+00
0.000000000000000000e+00
3.784792125225067139e-02
2.306742221117019653e-01
3.473917543888092041e-01
0.000000000000000000e+00
5.996682867407798767e-02
0.000000000000000000e+00
2.409664988517761230e-01
0.000000000000000000e+00
5.348351597785949707e-01
2.728630542755126953e+00
3.275931179523468018e-01
8.031806945800781250e-01
5.049936175346374512e-01
1.248075044713914394e-03
4.659619629383087158e-01
2.833623588085174561e-01
8.602858781814575195e-01
2.744540385901927948e-02
0.000000000000000000e+00
2.055922597646713257e-01
0.000000000000000000e+00
5.296274647116661072e-02
7.437013834714889526e-02
0.000000000000000000e+00
3.762220740318298340e-01
8.568146824836730957e-02
1.289947032928466797e-01
7.713343203067779541e-02
1.842499971389770508e+00
2.942824661731719971e-01
2.763981521129608154e-01
6.042916178703308105e-01
0.000000000000000000e+00
1.032305974513292313e-02
1.873800158500671387e-01
9.483997523784637451e-02
5.828881636261940002e-02
3.728941679000854492e+00
3.235791996121406555e-02
1.788879930973052979e-01
8.869599103927612305e-01
0.000000000000000000e+00
3.150263428688049316e-01
1.199584454298019409e-02
2.014729261398315430e+00
6.308973580598831177e-02
9.277278184890747070e-01
1.171138286590576172e+00
5.408816933631896973e-01
4.028658270835876465e-01
3.539076745510101318e-01
1.277683377265930176e-01
3.839029669761657715e-01
0.000000000000000000e+00
4.701401591300964355e-01
0.000000000000000000e+00
0.000000000000000000e+00
3.304926455020904541e-01
1.494815945625305176e-01
2.637851983308792114e-02
2.706808410584926605e-02
5.254203081130981445e-01
3.792490363121032715e-01
1.676754832267761230e+00
1.668903976678848267e-01
0.000000000000000000e+00
5.017536878585815430e-01
5.045499652624130249e-02
8.667752891778945923e-02
4.424668252468109131e-01
3.031251430511474609e-01
3.030096888542175293e-01
8.098515272140502930e-01
2.655533850193023682e-01
7.336283922195434570e-01
1.104932427406311035e-01
2.342118509113788605e-02
3.546196699142456055e+00
1.970962435007095337e-01
2.302450835704803467e-01
3.610529378056526184e-02
4.529762566089630127e-01
4.095743224024772644e-02
4.506136849522590637e-02
4.352507293224334717e-01
1.182904958724975586e+00
3.629736304283142090e-01
0.000000000000000000e+00
1.584738865494728088e-02
5.162339285016059875e-02
1.608269214630126953e-01
4.895273968577384949e-02
1.027086824178695679e-01
6.686807423830032349e-02
2.076536715030670166e-01
3.110488876700401306e-02
1.125679090619087219e-01
1.845578104257583618e-01
9.379591941833496094e-01
4.504862055182456970e-02
1.973244175314903259e-02
1.130503773689270020e+00
4.014673456549644470e-02
7.088125348091125488e-01
8.050446510314941406e-01
3.673758730292320251e-02
1.746612906455993652e+00
1.358386158943176270e+00
1.597325690090656281e-02
4.332299530506134033e-01
1.841316342353820801e+00
5.149517655372619629e-01
8.472033659927546978e-04
1.274832725524902344e+00
1.051299214363098145e+00
7.215177416801452637e-01
2.797915339469909668e-01
8.698669075965881348e-02
1.064264699816703796e-01
5.447593331336975098e-01
0.000000000000000000e+00
0.000000000000000000e+00
2.240322977304458618e-01
6.653787940740585327e-02
1.569744497537612915e-01
3.295637294650077820e-02
0.000000000000000000e+00
6.599471569061279297e-01
2.077454328536987305e-01
6.890097856521606445e-01
5.951897054910659790e-02
2.629389524459838867e+00
6.381390690803527832e-01
3.723165690898895264e-01
1.110399007797241211e+00
0.000000000000000000e+00
9.600295126438140869e-02
1.524746119976043701e-01
2.362520806491374969e-02
2.998837530612945557e-01
1.419688910245895386e-01
1.633622124791145325e-02
1.629138588905334473e+00
8.955449610948562622e-02
6.029218435287475586e-02
0.000000000000000000e+00
1.510385513305664062e+00
4.081065207719802856e-02
0.000000000000000000e+00
2.380689606070518494e-02
8.567280136048793793e-03
0.000000000000000000e+00
1.333940982818603516e+00
0.000000000000000000e+00
3.753231465816497803e-01
6.484870910644531250e-01
4.176255226135253906e+00
0.000000000000000000e+00
7.567565143108367920e-02
1.105617731809616089e-01
1.972745954990386963e-01
6.011504679918289185e-02
7.548587862402200699e-03
3.059603739529848099e-03
2.067819118499755859e+00
9.602200984954833984e-02
1.891831755638122559e-01
1.116355601698160172e-02
7.730932235717773438e-01
5.363792181015014648e-01
0.000000000000000000e+00
0.000000000000000000e+00
9.935020208358764648e-01
4.702992439270019531e-01
1.501272916793823242e-01
1.545163691043853760e-01
4.196202456951141357e-01
0.000000000000000000e+00
0.000000000000000000e+00
3.470731735229492188e+00
3.375121951103210449e-02
1.942416548728942871e+00
7.050437331199645996e-01
7.428499460220336914e-01
2.112653702497482300e-01
6.373581886291503906e-01
8.498454093933105469e-01
6.930708885192871094e-01
1.501657664775848389e-01
5.514948368072509766e-01
1.383723616600036621e-01
1.696881651878356934e-01
8.686404675245285034e-02
2.396781183779239655e-02
1.213922277092933655e-01
3.117714524269104004e-01
6.693531870841979980e-01
3.133838772773742676e-01
1.291231065988540649e-01
3.880462795495986938e-02
1.250732541084289551e+00
2.181102752685546875e+00
7.725770026445388794e-02
8.150562644004821777e-01
3.264208436012268066e-01
7.008039392530918121e-03
2.055850923061370850e-01
9.465125389397144318e-03
2.300327867269515991e-01
8.377954363822937012e-03
2.339759171009063721e-01
1.697297021746635437e-02
5.514218006283044815e-03
2.548208534717559814e-01
3.793501257896423340e-01
1.117846369743347168e+00
9.140845388174057007e-02
7.577504497021436691e-03
0.000000000000000000e+00
0.000000000000000000e+00
0.000000000000000000e+00
1.618505001068115234e+00
0.000000000000000000e+00
9.916042685508728027e-01
1.557958126068115234e+00
0.000000000000000000e+00
1.669240295886993408e-01
2.140967100858688354e-01
9.089788794517517090e-02
1.482576847076416016e+00
1.526999950408935547e+00
4.219206050038337708e-02
2.934067249298095703e-01
3.508708775043487549e-01
4.265024662017822266e-01
2.518369555473327637e-01
9.808050394058227539e-01
3.693901002407073975e-01
1.744381487369537354e-01
8.928161859512329102e-01
6.689352989196777344e-01
4.947400093078613281e-01
1.511445760726928711e+00
1.451656937599182129e+00
8.888059109449386597e-02
3.044581413269042969e-01
2.855185568332672119e-01
2.327152937650680542e-01
0.000000000000000000e+00
1.376973152160644531e+00
5.032151192426681519e-02
1.710837706923484802e-02
0.000000000000000000e+00
7.644878029823303223e-01
9.721431136131286621e-02
0.000000000000000000e+00
9.663361310958862305e-01
9.683318734169006348e-01
4.175476431846618652e-01
0.000000000000000000e+00
1.268238186836242676e+00
2.708399772644042969e+00
2.990851998329162598e-01
1.546759065240621567e-02
5.017016530036926270e-01
1.354133486747741699e-01
3.387822508811950684e-01
4.909385442733764648e-01
0.000000000000000000e+00
1.478189378976821899e-01
8.974572271108627319e-02
1.214404478669166565e-01
1.207158327102661133e+00
0.000000000000000000e+00
2.375136315822601318e-02
6.030000448226928711e-01
5.388034135103225708e-02
2.785080194473266602e+00
7.336522340774536133e-01
2.555197477340698242e-01
9.369980692863464355e-01
3.408485557883977890e-03
2.912301756441593170e-02
3.830482363700866699e-01
1.454349875450134277e+00
0.000000000000000000e+00
4.395269751548767090e-01
2.464385271072387695e+00
1.363623887300491333e-01
6.316657066345214844e-01
6.369106769561767578e-01
3.439520597457885742e-01
2.017798647284507751e-02
9.376748800277709961e-01
5.761270523071289062e-01
3.119789838790893555e+00
2.197298049926757812e+00
3.770818114280700684e-01
2.159596532583236694e-01
8.763524293899536133e-01
3.884136676788330078e-01
1.353130489587783813e-01
2.665874242782592773e+00
2.466879129409790039e+00
1.062276601791381836e+00
7.449165582656860352e-01
3.149553060531616211e+00
2.446827664971351624e-02
1.685928255319595337e-01
1.621087312698364258e+00
2.165982723236083984e-01
0.000000000000000000e+00
1.219030171632766724e-01
6.692092120647430420e-02
3.846436738967895508e-01
2.746896818280220032e-02
1.021643757820129395e+00
5.449901223182678223e-01
9.213730692863464355e-02
7.720839232206344604e-02
1.839384785853326321e-03
4.908528923988342285e-01
1.240792751312255859e+00
3.134467005729675293e-01
2.773422002792358398e-01
6.603479385375976562e-01
3.610848903656005859e+00
2.821523845195770264e-01
1.114401742815971375e-01
3.965482115745544434e-01
1.947055384516716003e-02
1.412555128335952759e-01
1.508694738149642944e-01
8.514413833618164062e-01
0.000000000000000000e+00
1.141670793294906616e-01
1.521429140120744705e-02
6.442845463752746582e-01
3.758777976036071777e-01
1.044654473662376404e-01
1.430454105138778687e-02
5.032091140747070312e-01
1.452003002166748047e+00
1.739281974732875824e-02
0.000000000000000000e+00
4.391340613365173340e-01
5.562826991081237793e-01
8.669019490480422974e-02
3.374087214469909668e-01
0.000000000000000000e+00
1.896220296621322632e-01
0.000000000000000000e+00
3.108134269714355469e-01
5.046200752258300781e-01
8.575221151113510132e-02
9.604578614234924316e-01
7.637837529182434082e-01
9.385803937911987305e-01
1.124755978584289551e+00
0.000000000000000000e+00
0.000000000000000000e+00
5.311453938484191895e-01
2.096355259418487549e-01
9.556006789207458496e-01
2.699427306652069092e-02
2.445499300956726074e-01
5.430852770805358887e-01
6.279274225234985352e-01
5.111131072044372559e-01
5.564970970153808594e-01
0.000000000000000000e+00
9.661661088466644287e-02
3.971552103757858276e-02
6.904536485671997070e-01
3.623306006193161011e-02
3.868531202897429466e-03
0.000000000000000000e+00
4.823715388774871826e-01
8.145146369934082031e-01
1.560001373291015625e-01
1.043254807591438293e-01
1.826357543468475342e-01
0.000000000000000000e+00
7.778463512659072876e-02
9.646422863006591797e-01
1.055690169334411621e+00
3.914921879768371582e-01
6.694733351469039917e-02
1.489995867013931274e-01
0.000000000000000000e+00
6.885632872581481934e-01
1.879019260406494141e+00
5.822688341140747070e-02
3.759059607982635498e-01
1.607082337141036987e-01
1.872149467468261719e+00
7.018951177597045898e-01
1.295205056667327881e-01
1.074858307838439941e+00
3.013275563716888428e-01
0.000000000000000000e+00
3.608232736587524414e-01
2.462992221117019653e-01
6.980356574058532715e-01
4.356971979141235352e-01
2.882035672664642334e-01
3.443724215030670166e-01
7.542721927165985107e-03
8.333032727241516113e-01
2.283068746328353882e-01
1.031689405441284180e+00
1.409256339073181152e+00
0.000000000000000000e+00
0.000000000000000000e+00
3.055000901222229004e-01
6.095042228698730469e-01
1.037640094757080078e+00
1.276890486478805542e-01
7.987309247255325317e-02
1.015647351741790771e-01
1.313481092453002930e+00
5.836906656622886658e-02
2.976622283458709717e-01
2.732176184654235840e-01
6.518373489379882812e-01
5.291924476623535156e-01
1.869696937501430511e-02
1.704543232917785645e+00
0.000000000000000000e+00
7.498984225094318390e-03
1.246166154742240906e-01
1.850885987281799316e+00
3.045381784439086914e+00
1.446679234504699707e-01
3.527485728263854980e-01
0.000000000000000000e+00
3.661929368972778320e+00
5.366855263710021973e-01
0.000000000000000000e+00
2.465944737195968628e-01
3.288009762763977051e-01
1.675145933404564857e-03
1.047091484069824219e-01
1.142830774188041687e-01
1.351877450942993164e-01
4.997781217098236084e-01
3.406905755400657654e-02
8.213122934103012085e-02
1.393704768270254135e-02
9.022996574640274048e-02
4.641575813293457031e-01
1.393024623394012451e-01
2.872882485389709473e-01
1.172008872032165527e+00
3.784969449043273926e-01
0.000000000000000000e+00
1.101210042834281921e-01
1.345480084419250488e-01
9.229376912117004395e-02
0.000000000000000000e+00
2.062777042388916016e+00
7.157440781593322754e-01
3.116355538368225098e-01
7.503085136413574219e-01
1.052846312522888184e-01
5.095540881156921387e-01
1.952628721483051777e-03
2.177266962826251984e-02
1.001636311411857605e-02
5.597750470042228699e-02
8.914201855659484863e-01
4.685458913445472717e-02
1.853509694337844849e-01
6.107140183448791504e-01
8.992069959640502930e-01
7.727960944175720215e-01
1.208270713686943054e-01
7.295687496662139893e-02
7.084296345710754395e-01
0.000000000000000000e+00
9.982785582542419434e-01
1.397581934928894043e+00
1.846932023763656616e-01
3.728133141994476318e-01
3.943385839462280273e+00
1.548351794481277466e-01
6.656875610351562500e-01
1.604347705841064453e+00
3.135947883129119873e-01
1.240573048591613770e+00
2.142519056797027588e-01
1.516642928123474121e+00
2.616799771785736084e-01
1.237168550491333008e+00
5.979130864143371582e-01
1.913542598485946655e-01
5.564995408058166504e-01
0.000000000000000000e+00
1.329310834407806396e-01
1.855498313903808594e+00
1.330558061599731445e-01
4.215760231018066406e-01
2.070459537208080292e-02
7.737791538238525391e-02
0.000000000000000000e+00
0.000000000000000000e+00
4.647979885339736938e-02
2.162985086441040039e+00
0.000000000000000000e+00
8.612450212240219116e-03
1.775874644517898560e-01
2.067283689975738525e-01
6.661884784698486328e-01
2.000766433775424957e-02
1.216311845928430557e-02
4.103662073612213135e-01
1.299378834664821625e-02
2.396715730428695679e-01
6.778030097484588623e-02
3.703961893916130066e-02
3.122867941856384277e-01
0.000000000000000000e+00
2.467075586318969727e+00
1.151499897241592407e-02
2.537175640463829041e-02
2.549611628055572510e-01
7.745264172554016113e-01
5.776273012161254883e-01
6.993197649717330933e-02
6.047037313692271709e-04
0.000000000000000000e+00
2.231871604919433594e+00
3.296020254492759705e-02
1.154167532920837402e+00
1.937148272991180420e-01
7.514706254005432129e-01
7.827895283699035645e-01
0.000000000000000000e+00
1.912748962640762329e-01
0.000000000000000000e+00
0.000000000000000000e+00
4.529456198215484619e-01
4.671645641326904297e+00
1.682423949241638184e-01
0.000000000000000000e+00
7.029177993535995483e-02
5.741938948631286621e-02
5.126671865582466125e-02
4.174032807350158691e-01
7.869536876678466797e-01
2.427109703421592712e-02
2.200044095516204834e-01
9.189087152481079102e-01
2.075869292020797729e-01
4.739060699939727783e-01
1.751064509153366089e-01
0.000000000000000000e+00
4.359479546546936035e-01
3.665954768657684326e-01
7.036458253860473633e-01
2.476671934127807617e-01
1.726900041103363037e-01
8.382814526557922363e-01
0.000000000000000000e+00
9.015193581581115723e-02
1.275487899780273438e+00
2.108782380819320679e-01
2.752604708075523376e-02
3.360001370310783386e-03
9.458380937576293945e-01
2.333167344331741333e-01
7.281476855278015137e-01
2.075270749628543854e-02
9.971371293067932129e-02
1.165032863616943359e+00
2.669413685798645020e-01
5.436554551124572754e-01
1.226995438337326050e-01
7.252542302012443542e-03
8.176232129335403442e-02
8.916950970888137817e-02
2.091188281774520874e-01
1.903148412704467773e+00
5.141567587852478027e-01
1.217114925384521484e+00
1.107132211327552795e-01
3.508113324642181396e-02
6.256961226463317871e-01
1.882001459598541260e-01
2.172529511153697968e-02
4.931814372539520264e-01
1.050204620696604252e-03
1.276671141386032104e-02
2.258165329694747925e-01
2.144410461187362671e-01
7.977163791656494141e-02
2.466541230678558350e-01
5.554874986410140991e-02
1.890205860137939453e+00
5.847535133361816406e-01
1.669995039701461792e-01
2.871771454811096191e-01
0.000000000000000000e+00
1.168183088302612305e-01
1.532968413084745407e-02
4.430126249790191650e-01
1.483550518751144409e-01
0.000000000000000000e+00
2.702926844358444214e-02
9.618026018142700195e-01
1.317413926124572754e+00
3.094667755067348480e-02
4.925637319684028625e-02
3.259221315383911133e-01
9.994005560874938965e-01
0.000000000000000000e+00
8.620597422122955322e-03
8.534915745258331299e-02
0.000000000000000000e+00
1.051020145416259766e+00
1.542080193758010864e-01
0.000000000000000000e+00
1.832139492034912109e-02
0.000000000000000000e+00
4.666831791400909424e-01
4.756535887718200684e-01
0.000000000000000000e+00
2.232758253812789917e-01
1.327626556158065796e-01
1.978687167167663574e+00
5.255749821662902832e-01
2.536059916019439697e-02
2.374170124530792236e-01
1.299992203712463379e-01
0.000000000000000000e+00
6.867658495903015137e-01
7.987714409828186035e-01
1.969938278198242188e-01
3.894755244255065918e-01
1.955299526453018188e-01
6.200790405273437500e-01
2.559171319007873535e-01
2.477221935987472534e-01
