1.021238803863525391e+00
1.145933151245117188e+00
1.767418086528778076e-01
0.000000000000000000e+00
7.035651803016662598e-01
2.784865163266658783e-02
2.454846166074275970e-02
1.731646358966827393e-01
1.283454149961471558e-02
0.000000000000000000e+00
3.656384348869323730e-01
1.073281407356262207e+00
7.106064558029174805e-01
1.466796696186065674e-01
6.925097703933715820e-01
1.091707706451416016e+00
5.222415551543235779e-03
4.602329432964324951e-01
6.806282401084899902e-01
2.874463796615600586e-01
3.398829996585845947e-01
4.610964357852935791e-01
4.964284598827362061e-01
4.593688845634460449e-01
0.000000000000000000e+00
1.113076284527778625e-01
7.485563158988952637e-01
0.000000000000000000e+00
2.034504652023315430e+00
1.114369481801986694e-01
1.083456426858901978e-01
1.415721327066421509e-01
1.803335174918174744e-02
5.731376260519027710e-02
8.108761906623840332e-01
5.422093868255615234e-01
3.469732105731964111e-01
3.036255121231079102e+00
0.000000000000000000e+00
3.866216242313385010e-01
0.000000000000000000e+00
1.110753342509269714e-01
2.476817183196544647e-02
0.000000000000000000e+00
2.291651517152786255e-01
2.590159773826599121e-01
2.190998569130897522e-02
1.313951134681701660e+00
2.628601789474487305e-01
3.807843625545501709e-01
5.856174826622009277e-01
2.539505958557128906e-01
1.812597811222076416e-01
5.360084120184183121e-03
9.761677980422973633e-01
1.622368395328521729e-02
3.407431542873382568e-01
5.499382503330707550e-03
0.000000000000000000e+00
5.467794463038444519e-02
1.013034489005804062e-02
1.048007309436798096e-01
0.000000000000000000e+00
5.725101232528686523e-01
4.903983175754547119e-01
2.539205737411975861e-02
0.000000000000000000e+00
3.598669543862342834e-02
2.179342135787010193e-02
1.884530782699584961e-01
9.948793053627014160e-02
8.291704952716827393e-02
6.847159862518310547e-01
1.189061850309371948e-01
5.590617656707763672e-01
0.000000000000000000e+00
1.003076076507568359e+00
2.699541747570037842e-01
3.437011837959289551e-01
1.206561028957366943e-01
1.391756981611251831e-01
2.186766386032104492e+00
1.685049571096897125e-02
2.018500417470932007e-01
0.000000000000000000e+00
1.922762691974639893e-01
0.000000000000000000e+00
1.218915581703186035e-01
8.793241381645202637e-01
1.158327102661132812e+00
2.246161222457885742e+00
2.105201929807662964e-01
1.043547093868255615e-01
0.000000000000000000e+00
2.384103238582611084e-01
9.054771810770034790e-02
1.054064631462097168e-01
1.068477751687169075e-03
9.155411720275878906e-01
4.919334352016448975e-01
1.021519899368286133e+00
6.593348383903503418e-01
0.000000000000000000e+00
2.843481779098510742e+00
7.499443292617797852e-01
0.000000000000000000e+00
1.723580241203308105e+00
4.026268124580383301e-01
2.929257750511169434e-01
0.000000000000000000e+00
2.650326490402221680e+00
1.509178280830383301e+00
4.973676204681396484e-01
0.000000000000000000e+00
6.885761022567749023e-02
3.226778507232666016e-01
7.682594060897827148e-01
1.916897296905517578e-01
2.224946469068527222e-01
0.000000000000000000e+00
1.522783279418945312e+00
2.543959394097328186e-02
1.227591276168823242e+00
1.503466367721557617e+00
3.786076545715332031e+00
3.544016480445861816e-01
0.000000000000000000e+00
5.563515424728393555e-01
2.980371117591857910e-01
1.277565956115722656e-02
1.407068967819213867e-01
1.492188274860382080e-01
3.270403146743774414e-01
2.911676838994026184e-02
2.982334233820438385e-02
2.053683400154113770e-01
4.069072604179382324e-01
0.000000000000000000e+00
2.168697677552700043e-02
1.214068010449409485e-02
1.550854682922363281e+00
1.243532657623291016e+00
2.235151380300521851e-01
1.914506912231445312e+00
6.513641476631164551e-01
5.930377244949340820e-01
5.431138277053833008e-01
6.640735664404928684e-04
4.634967446327209473e-02
3.665843605995178223e-01
2.074156999588012695e+00
6.046611666679382324e-01
7.247559842653572559e-04
6.149906516075134277e-01
1.004921436309814453e+00
1.135505008278414607e-04
9.982410073280334473e-01
3.700489997863769531e-01
3.966233134269714355e-01
8.182162791490554810e-02
1.366102933883666992e+00
1.040509785525500774e-03
1.736678928136825562e-02
1.046276167035102844e-01
6.315616965293884277e-01
1.378122903406620026e-02
2.930683195590972900e-01
1.542419940233230591e-01
6.709378361701965332e-01
3.133995831012725830e-01
1.888889074325561523e-02
0.000000000000000000e+00
9.629397988319396973e-01
1.137492179870605469e+00
0.000000000000000000e+00
3.587938845157623291e-02
3.841400146484375000e-01
1.327547311782836914e+00
7.470429688692092896e-02
3.357049226760864258e+00
7.476850152015686035e-01
1.054819952696561813e-02
4.789761900901794434e-01
3.560908138751983643e-01
1.721123218536376953e+00
1.800852082669734955e-02
8.176339417695999146e-02
1.303335189819335938e+00
1.813357137143611908e-02
0.000000000000000000e+00
0.000000000000000000e+00
7.402152568101882935e-02
8.821821212768554688e-02
3.584375083446502686e-01
0.000000000000000000e+00
9.652049839496612549e-02
7.821009755134582520e-01
2.521860122680664062e+00
1.470832228660583496e+00
4.148231148719787598e-01
5.980510115623474121e-01
0.000000000000000000e+00
9.005281925201416016e-01
5.117592811584472656e-01
8.212840557098388672e-01
1.587128150276839733e-03
2.979260444641113281e+00
0.000000000000000000e+00
1.410830467939376831e-01
3.004604339599609375e+00
1.650296002626419067e-01
0.000000000000000000e+00
1.471051126718521118e-01
8.523902297019958496e-01
1.547344177961349487e-01
1.386672854423522949e-01
1.440026760101318359e-01
0.000000000000000000e+00
0.000000000000000000e+00
0.000000000000000000e+00
0.000000000000000000e+00
1.946400552988052368e-01
7.982277125120162964e-02
1.908157020807266235e-02
0.000000000000000000e+00
4.357158243656158447e-01
9.460648298263549805e-01
2.492469698190689087e-01
0.000000000000000000e+00
2.847880423069000244e-01
0.000000000000000000e+00
1.209725141525268555e-01
1.964717805385589600e-01
1.733179092407226562e-01
2.557539343833923340e-01
3.677216470241546631e-01
3.746664822101593018e-01
1.627121567726135254e+00
2.034362405538558960e-02
5.212121009826660156e-01
2.319049835205078125e-01
1.960392296314239502e-02
0.000000000000000000e+00
7.951495237648487091e-03
2.366184489801526070e-03
3.518506586551666260e-01
1.194631457328796387e+00
5.202310681343078613e-01
4.244973659515380859e-01
3.244201660156250000e+00
0.000000000000000000e+00
3.766855970025062561e-02
1.135268583893775940e-01
0.000000000000000000e+00
1.402482628822326660e+00
5.375340580940246582e-01
7.724372553639113903e-04
6.591562032699584961e-01
0.000000000000000000e+00
0.000000000000000000e+00
7.486042976379394531e-01
1.916023902595043182e-02
0.000000000000000000e+00
1.447887867689132690e-01
1.209486961364746094e+00
1.627570763230323792e-02
6.164288148283958435e-02
3.990095108747482300e-02
0.000000000000000000e+00
3.572899382561445236e-03
0.000000000000000000e+00
2.775497198104858398e+00
1.435181796550750732e-01
0.000000000000000000e+00
1.468815095722675323e-02
1.567385904490947723e-02
1.526831984519958496e-01
1.799765080213546753e-01
9.435246139764785767e-02
6.769251823425292969e-02
2.000920534133911133e+00
2.068774998188018799e-01
2.179793566465377808e-01
0.000000000000000000e+00
9.498412907123565674e-02
1.559849977493286133e-01
5.421153306961059570e-01
1.131155848503112793e+00
5.451742410659790039e-01
6.794184911996126175e-03
2.914527356624603271e-01
5.774379149079322815e-02
1.462779790163040161e-01
9.782345965504646301e-03
5.604244768619537354e-02
6.932370364665985107e-02
1.069062352180480957e+00
1.155193988233804703e-02
3.344280719757080078e-01
5.739679932594299316e-01
3.130162358283996582e-01
1.046754606068134308e-02
4.206698238849639893e-01
8.961333334445953369e-02
3.220517560839653015e-02
4.879878163337707520e-01
2.293690294027328491e-01
0.000000000000000000e+00
4.623931646347045898e-01
1.755684733390808105e+00
5.471250787377357483e-02
1.387376308441162109e+00
0.000000000000000000e+00
1.564215183258056641e+00
1.898572295904159546e-01
1.405770897865295410e+00
0.000000000000000000e+00
1.375230848789215088e-01
1.324342156294733286e-04
0.000000000000000000e+00
5.906029939651489258e-01
2.700339257717132568e-01
2.573237717151641846e-01
3.349856436252593994e-01
3.015968250110745430e-03
0.000000000000000000e+00
4.794691130518913269e-02
6.501197814941406250e-03
1.449675485491752625e-02
1.428408265113830566e+00
1.232941299676895142e-01
1.251285970211029053e-01
1.687800139188766479e-01
1.385798811912536621e+00
0.000000000000000000e+00
3.153862059116363525e-01
4.723836481571197510e-02
0.000000000000000000e+00
5.313271284103393555e-01
4.643965661525726318e-01
9.978156685829162598e-01
0.000000000000000000e+00
8.746337890625000000e-02
1.309158373624086380e-02
0.000000000000000000e+00
0.000000000000000000e+00
1.227435469627380371e-01
3.048488125205039978e-02
1.415492296218872070e-01
2.819376289844512939e-01
3.070794919040054083e-04
0.000000000000000000e+00
1.021312773227691650e-01
0.000000000000000000e+00
0.000000000000000000e+00
2.306903600692749023e-01
1.344683647155761719e+00
4.907170832157135010e-01
2.985599339008331299e-01
2.163032628595829010e-02
1.401420682668685913e-01
1.234734803438186646e-01
2.688734233379364014e-01
2.320846170186996460e-02
0.000000000000000000e+00
7.341082692146301270e-01
5.935165882110595703e-01
4.797462373971939087e-03
9.101697206497192383e-01
3.088855184614658356e-02
1.620388627052307129e-01
2.517887018620967865e-02
0.000000000000000000e+00
6.503799557685852051e-01
9.554242342710494995e-02
9.125708580017089844e+00
2.749955467879772186e-02
1.230280548334121704e-01
0.000000000000000000e+00
1.181380629539489746e+00
9.871763736009597778e-02
8.397440426051616669e-03
8.338543772697448730e-01
0.000000000000000000e+00
0.000000000000000000e+00
1.377572298049926758e+00
1.184625271707773209e-02
5.950554609298706055e-01
6.532667279243469238e-01
2.638044595718383789e+00
8.002471178770065308e-03
6.850590109825134277e-01
2.730915509164333344e-02
0.000000000000000000e+00
9.652518630027770996e-01
1.925349950790405273e+00
0.000000000000000000e+00
5.278465747833251953e-01
1.971199214458465576e-01
1.050032377243041992e-01
1.132790446281433105e+00
2.228334426879882812e+00
5.299835279583930969e-02
5.442565679550170898e-02
2.802718162536621094e+00
4.120154976844787598e-01
1.016855612397193909e-01
0.000000000000000000e+00
7.571774721145629883e-02
4.346752464771270752e-01
2.736682295799255371e-01
7.520369887351989746e-01
6.949482113122940063e-02
6.018643081188201904e-02
5.774811841547489166e-03
1.086855232715606689e-01
1.057402566075325012e-01
8.238313347101211548e-02
5.857810843735933304e-03
5.430807471275329590e-01
3.422832116484642029e-03
9.641304612159729004e-02
2.775884233415126801e-02
1.393211930990219116e-01
2.627717889845371246e-02
0.000000000000000000e+00
2.040226757526397705e-02
6.756082773208618164e-01
1.298202574253082275e-01
0.000000000000000000e+00
2.018643379211425781e+00
1.145235374569892883e-01
1.811911165714263916e-01
5.913727730512619019e-02
1.495280623435974121e+00
2.623135782778263092e-02
4.351319968700408936e-01
0.000000000000000000e+00
2.097407728433609009e-02
9.457590430974960327e-02
0.000000000000000000e+00
2.814414501190185547e-01
8.667920529842376709e-02
1.235865712165832520e+00
0.000000000000000000e+00
4.620024263858795166e-01
8.109199404716491699e-01
5.735060572624206543e-01
5.858845263719558716e-02
3.592931851744651794e-02
3.637823760509490967e-01
2.271122187376022339e-01
2.959564208984375000e+00
0.000000000000000000e+00
2.470895051956176758e+00
8.693848252296447754e-01
2.815881511196494102e-03
0.000000000000000000e+00
9.200907945632934570e-01
2.402780950069427490e-02
1.244583606719970703e+00
1.706547021865844727e+00
2.742327153682708740e-01
2.646408379077911377e-01
7.693029642105102539e-01
9.875311851501464844e-01
3.914240002632141113e-02
9.509719908237457275e-02
1.075643822550773621e-01
1.785567998886108398e-01
1.512496948242187500e+00
6.430645585060119629e-01
7.150150090456008911e-02
5.515708923339843750e-01
0.000000000000000000e+00
7.026898674666881561e-03
2.038077116012573242e-01
9.229757636785507202e-02
9.746334552764892578e-01
8.227374553680419922e-01
6.596328020095825195e-01
2.127391248941421509e-01
6.977295875549316406e-01
1.652725189924240112e-01
5.529361367225646973e-01
1.404406279325485229e-01
0.000000000000000000e+00
1.998923346400260925e-02
1.117978572845458984e+00
5.554133653640747070e-01
3.789361417293548584e-01
1.132347464561462402e+00
1.192770749330520630e-01
8.538427203893661499e-02
2.591125071048736572e-01
2.103969454765319824e-02
7.678309082984924316e-01
2.547866106033325195e-01
6.360380053520202637e-01
4.893023055046796799e-03
1.578598767518997192e-01
1.929310262203216553e-01
2.071506738662719727e+00
0.000000000000000000e+00
1.120784878730773926e+00
5.647734738886356354e-03
9.452681988477706909e-02
0.000000000000000000e+00
1.033298224210739136e-01
3.945719599723815918e-01
0.000000000000000000e+00
1.480514109134674072e-01
1.218968909233808517e-02
9.992818534374237061e-02
1.507508158683776855e-01
3.026094138622283936e-01
7.282932102680206299e-02
1.766433358192443848e+00
1.072740275412797928e-02
1.607517451047897339e-01
1.915441751480102539e-01
7.609147578477859497e-02
1.921067357063293457e+00
2.586219273507595062e-02
1.102035120129585266e-01
2.793735563755035400e-01
6.709470599889755249e-02
3.790417453274130821e-03
6.603904962539672852e-01
2.334845662117004395e-01
5.063356161117553711e-01
9.510921314358711243e-03
4.395010769367218018e-01
0.000000000000000000e+00
1.625738590955734253e-01
3.362859487533569336e-01
5.364014506340026855e-01
3.354736045002937317e-02
1.354071497917175293e+00
0.000000000000000000e+00
8.243837952613830566e-01
3.560354560613632202e-02
0.000000000000000000e+00
5.032790303230285645e-01
4.899926781654357910e-01
7.112464904785156250e-01
1.694346219301223755e-01
1.585809230804443359e+00
0.000000000000000000e+00
9.382909536361694336e-02
3.983967006206512451e-01
7.055748105049133301e-01
0.000000000000000000e+00
2.467344701290130615e-02
0.000000000000000000e+00
2.037518098950386047e-02
7.460798369720578194e-04
4.374273121356964111e-01
3.088181018829345703e-01
3.844788968563079834e-01
3.808652162551879883e-01
1.420172452926635742e-01
2.936368584632873535e-01
1.122055351734161377e-01
8.184120804071426392e-02
1.325555741786956787e-01
1.358189821243286133e+00
3.126493990421295166e-01
3.911019265651702881e-01
1.683330349624156952e-02
0.000000000000000000e+00
3.627836406230926514e-01
2.676705420017242432e-01
1.451724052429199219e+00
7.974385023117065430e-01
1.639567911624908447e-01
2.303583547472953796e-02
7.688624262809753418e-01
4.860312938690185547e+00
2.213884294033050537e-01
1.129943802952766418e-01
0.000000000000000000e+00
3.895151312462985516e-04
1.552125692367553711e+00
6.019515991210937500e-01
0.000000000000000000e+00
6.100156307220458984e-01
1.725412905216217041e-01
4.076471030712127686e-01
2.346439659595489502e-02
5.406773998402059078e-04
1.814499348402023315e-01
1.514816433191299438e-01
1.619512557983398438e+00
3.069944083690643311e-01
2.570574581623077393e-01
1.712424494326114655e-02
1.524555087089538574e-01
2.266176044940948486e-01
6.952868402004241943e-02
1.548236608505249023e+00
1.026628613471984863e-01
0.000000000000000000e+00
0.000000000000000000e+00
5.893767625093460083e-02
1.183211207389831543e-01
9.227422066032886505e-03
1.661632508039474487e-01
3.645407438278198242e+00
2.553222775459289551e-01
3.121214509010314941e-01
1.857036709785461426e+00
3.446089625358581543e-01
2.841289713978767395e-02
0.000000000000000000e+00
0.000000000000000000e+00
8.725842833518981934e-02
1.713968962430953979e-01
2.172442339360713959e-02
1.248223185539245605e+00
3.868221044540405273e-01
7.473498582839965820e-02
0.000000000000000000e+00
8.643479347229003906e-01
8.552859425544738770e-01
1.884629845619201660e+00
1.530414819717407227e-01
9.455496072769165039e-01
0.000000000000000000e+00
8.470225930213928223e-01
8.739140629768371582e-02
1.631620407104492188e+00
1.538335829973220825e-01
4.395510554313659668e-01
0.000000000000000000e+00
1.301767468452453613e+00
3.251906111836433411e-02
7.391550391912460327e-02
0.000000000000000000e+00
2.866058647632598877e-01
2.038135528564453125e-01
2.547636628150939941e-02
1.382061958312988281e+00
2.332448959350585938e-01
3.651669263839721680e+00
1.585825681686401367e+00
2.557100057601928711e+00
6.501369178295135498e-03
1.025889292359352112e-01
1.766119734384119511e-03
3.950397670269012451e-01
0.000000000000000000e+00
6.294952034950256348e-01
1.793129742145538330e-01
5.995026975870132446e-02
1.252660393714904785e+00
0.000000000000000000e+00
2.024904489517211914e+00
1.336312144994735718e-01
1.316580295562744141e+00
6.096217036247253418e-02
2.023639231920242310e-01
1.733730137348175049e-01
2.072372883558273315e-01
0.000000000000000000e+00
3.069577217102050781e-01
1.577684432268142700e-01
0.000000000000000000e+00
6.005150675773620605e-01
1.049711108207702637e+00
4.499104022979736328e-01
2.992402613162994385e-01
1.829351647756993771e-03
1.010979264974594116e-01
6.495330948382616043e-03
7.418479323387145996e-01
5.566841363906860352e-01
2.924541532993316650e-01
3.025222420692443848e-01
1.904027722775936127e-02
1.338719576597213745e-02
6.983698811382055283e-03
1.224856674671173096e-01
2.966935396194458008e+00
1.128313422203063965e+00
0.000000000000000000e+00
6.435895711183547974e-02
4.130946844816207886e-02
4.995329678058624268e-01
6.257686018943786621e-02
1.252009570598602295e-01
2.058349847793579102e-01
4.251060485839843750e-01
5.327436607331037521e-03
1.377536535263061523e+00
2.840067446231842041e-02
0.000000000000000000e+00
0.000000000000000000e+00
4.212813079357147217e-01
5.395585894584655762e-01
1.392341963946819305e-02
1.287243813276290894e-01
1.471528768539428711e+00
0.000000000000000000e+00
0.000000000000000000e+00
1.006054878234863281e+00
3.456303119659423828e+00
1.694052219390869141e-01
0.000000000000000000e+00
2.542665600776672363e-02
1.910247802734375000e+00
2.556787431240081787e-01
4.575996473431587219e-02
1.755700588226318359e+00
8.429623842239379883e-01
5.110679268836975098e-01
5.409173965454101562e-01
3.153557702898979187e-02
0.000000000000000000e+00
2.129084467887878418e-01
3.669472634792327881e-01
1.281499862670898438e-04
1.090083420276641846e-01
3.059656918048858643e-01
5.779365301132202148e-01
2.759489119052886963e-01
1.435072422027587891e+00
3.898804783821105957e-01
5.964420363306999207e-02
5.877447128295898438e-02
4.838440194725990295e-02
5.962189286947250366e-02
1.798514127731323242e-01
5.088549852371215820e-01
1.069872989319264889e-03
0.000000000000000000e+00
3.711622953414916992e-01
0.000000000000000000e+00
3.848426640033721924e-01
2.039226237684488297e-03
0.000000000000000000e+00
1.007357835769653320e+00
5.283417180180549622e-02
2.904270291328430176e-01
2.673643827438354492e-01
3.346820771694183350e-01
0.000000000000000000e+00
1.459668517112731934e+00
9.216788411140441895e-01
1.623634248971939087e-01
3.240734040737152100e-01
1.722038090229034424e-01
1.049812197685241699e+00
1.088092923164367676e+00
4.268358647823333740e-02
1.125736609101295471e-01
1.277364969253540039e+00
1.439158320426940918e-01
0.000000000000000000e+00
6.725246906280517578e-01
0.000000000000000000e+00
3.320589661598205566e-01
1.963963061571121216e-01
6.534569710493087769e-02
6.679885983467102051e-01
1.116050183773040771e-01
5.706672072410583496e-01
0.000000000000000000e+00
5.922218561172485352e-01
1.231766462326049805e+00
7.771197706460952759e-02
9.281941652297973633e-01
1.050494909286499023e+00
5.542329549789428711e-01
3.513679504394531250e-01
1.754367165267467499e-02
8.011994361877441406e-01
7.034569978713989258e-02
5.679550766944885254e-01
1.023386716842651367e+00
2.086992934346199036e-02
6.427146792411804199e-01
1.413566246628761292e-02
2.972543798387050629e-02
0.000000000000000000e+00
1.580415844917297363e+00
0.000000000000000000e+00
9.549094438552856445e-01
6.709374904632568359e+00
0.000000000000000000e+00
2.407359927892684937e-01
7.921984791755676270e-02
8.576933294534683228e-02
2.042519092559814453e+00
2.097517102956771851e-01
5.951242521405220032e-02
7.421240443363785744e-04
1.037976220250129700e-01
2.152402251958847046e-01
8.838122487068176270e-01
2.235844135284423828e-01
2.860976219177246094e+00
1.658426821231842041e-01
8.172208070755004883e-02
2.122104614973068237e-01
8.669365048408508301e-01
2.407427877187728882e-01
4.441227912902832031e-01
5.771209299564361572e-02
2.455700039863586426e-01
0.000000000000000000e+00
3.687925934791564941e-01
1.156520843505859375e-01
8.760361671447753906e-01
9.229977428913116455e-02
4.052335917949676514e-01
2.799953818321228027e-01
2.316347658634185791e-01
5.378771424293518066e-01
1.741038709878921509e-01
1.609735637903213501e-01
1.109959930181503296e-01
8.756713867187500000e-01
7.402664422988891602e-02
1.636899232864379883e+00
0.000000000000000000e+00
7.761795818805694580e-02
3.819558620452880859e-01
1.663164854049682617e+00
9.686673432588577271e-02
4.558863341808319092e-01
2.470238953828811646e-01
1.828122884035110474e-01
4.825932383537292480e-01
1.116342663764953613e+00
4.795651510357856750e-02
1.047375679016113281e+00
1.169013381004333496e+00
2.884336188435554504e-02
7.786725461483001709e-02
3.841228038072586060e-02
1.758535802364349365e-01
8.249216526746749878e-02
2.000331163406372070e+00
7.390964031219482422e-02
1.483925734646618366e-03
2.269695997238159180e-01
2.222178280353546143e-01
7.145981490612030029e-02
1.574870824813842773e+00
7.417136430740356445e-02
5.682514905929565430e-01
2.667958259582519531e+00
4.684980809688568115e-01
5.782181620597839355e-01
6.221094131469726562e-01
3.239529579877853394e-02
3.238905370235443115e-01
2.184935361146926880e-01
1.098780989646911621e+00
1.613382250070571899e-02
2.257706820964813232e-01
2.445205114781856537e-02
1.165671041235327721e-03
1.008690953254699707e+00
2.735398709774017334e-01
2.388720633462071419e-03
2.002712726593017578e+00
1.284176390618085861e-02
7.348723709583282471e-03
4.241510033607482910e-01
5.305268764495849609e-01
4.901310205459594727e-01
0.000000000000000000e+00
4.655685424804687500e-01
1.256106048822402954e-01
1.122020632028579712e-01
1.669296324253082275e-01
5.185177326202392578e+00
0.000000000000000000e+00
9.738238900899887085e-02
6.142117548733949661e-03
2.716508693993091583e-02
2.112171612679958344e-02
1.138197183609008789e+00
6.964297890663146973e-01
1.777778983116149902e+00
2.856856286525726318e-01
0.000000000000000000e+00
0.000000000000000000e+00
1.423742651939392090e+00
0.000000000000000000e+00
4.177333414554595947e-01
1.896546746138483286e-04
2.183403819799423218e-02
3.368262201547622681e-02
0.000000000000000000e+00
9.137921333312988281e-01
8.928927183151245117e-01
7.358836941421031952e-03
1.187369823455810547e+00
5.383765101432800293e-01
4.090487584471702576e-02
2.151416987180709839e-02
2.803622186183929443e-02
9.298789501190185547e-01
0.000000000000000000e+00
1.315838545560836792e-01
0.000000000000000000e+00
0.000000000000000000e+00
4.093683883547782898e-02
6.722648739814758301e-01
1.271747350692749023e-01
3.959606960415840149e-02
5.961828306317329407e-02
0.000000000000000000e+00
2.460544109344482422e+00
1.690742373466491699e-01
2.759940922260284424e-01
0.000000000000000000e+00
6.544195413589477539e-01
1.224461849778890610e-02
8.436343073844909668e-02
0.000000000000000000e+00
5.417816162109375000e+00
1.390940845012664795e-01
0.000000000000000000e+00
1.747064851224422455e-02
1.253106165677309036e-03
3.908209502696990967e-01
4.367119967937469482e-01
2.466685175895690918e-01
6.618798971176147461e-01
6.337794065475463867e-01
2.096033655107021332e-02
9.424711763858795166e-02
1.023459136486053467e-01
6.222707629203796387e-01
1.128454685211181641e+00
2.111423760652542114e-02
7.395672798156738281e-01
4.167988777160644531e+00
7.571484148502349854e-02
2.574047148227691650e-01
2.264631390571594238e-01
2.458127290010452271e-01
1.120132923126220703e+00
1.507703959941864014e-01
3.609514534473419189e-01
3.872220814228057861e-01
5.943787097930908203e-01
1.830336898565292358e-01
0.000000000000000000e+00
1.136712804436683655e-01
0.000000000000000000e+00
3.530015796422958374e-02
6.138605475425720215e-01
2.112693339586257935e-01
2.229200154542922974e-01
5.513476207852363586e-02
1.817938536405563354e-01
8.557631820440292358e-02
4.190448671579360962e-02
8.752425760030746460e-02
1.127867028117179871e-02
4.186039417982101440e-02
9.253986179828643799e-02
0.000000000000000000e+00
1.567555069923400879e-01
2.522692317143082619e-03
1.539256423711776733e-01
3.705957159399986267e-02
3.655118346214294434e-01
1.367898941040039062e+00
9.692344814538955688e-02
1.246277809143066406e+00
3.888673484325408936e-01
0.000000000000000000e+00
7.442632690072059631e-03
4.748563468456268311e-01
3.100233376026153564e-01
0.000000000000000000e+00
8.341502398252487183e-03
6.124417185783386230e-01
1.899147033691406250e-01
1.893205642700195312e-01
7.473219037055969238e-01
2.278675079345703125e+00
4.104860126972198486e-01
0.000000000000000000e+00
2.646901607513427734e-01
1.881830692291259766e+00
2.093844115734100342e-02
1.255013942718505859e-01
6.699790805578231812e-02
0.000000000000000000e+00
4.210562407970428467e-01
1.689148694276809692e-01
5.129607394337654114e-02
3.505509812384843826e-03
0.000000000000000000e+00
0.000000000000000000e+00
1.575150966644287109e+00
2.639467716217041016e-01
4.409048333764076233e-02
7.736094295978546143e-03
1.318892240524291992e+00
1.804901361465454102e-01
2.428076565265655518e-01
0.000000000000000000e+00
2.219108581542968750e+00
1.013168096542358398e+00
0.000000000000000000e+00
7.604269981384277344e-01
4.673449695110321045e-02
0.000000000000000000e+00
2.788956090807914734e-02
2.913008630275726318e-01
0.000000000000000000e+00
1.934870928525924683e-01
8.897286653518676758e-02
1.771910935640335083e-01
0.000000000000000000e+00
1.198225736618041992e+00
1.266773343086242676e-01
5.518485307693481445e-01
4.049354195594787598e-01
7.265322655439376831e-02
1.809070408344268799e-01
2.943062543869018555e+00
2.092299610376358032e-01
0.000000000000000000e+00
1.768098585307598114e-02
0.000000000000000000e+00
3.838354349136352539e-02
7.141850590705871582e-01
9.357407093048095703e-01
2.626272737979888916e-01
4.294427484273910522e-02
3.153681457042694092e-01
2.195612639188766479e-01
1.094553619623184204e-01
4.736115932464599609e-01
1.957943677902221680e+00
1.043960005044937134e-01
6.887924671173095703e-01
7.839831709861755371e-02
6.210495159029960632e-02
3.590586781501770020e-01
6.870098412036895752e-02
8.047782182693481445e-01
1.132503747940063477e-01
7.930061817169189453e-01
9.485303163528442383e-01
2.299899458885192871e-01
3.167849481105804443e-01
0.000000000000000000e+00
8.092552423477172852e-01
1.253822445869445801e-01
5.601392388343811035e-01
3.489754721522331238e-02
2.900335239246487617e-03
1.019029840826988220e-01
9.904625825583934784e-03
9.869529008865356445e-01
1.118053346872329712e-01
1.274360567331314087e-01
1.106172129511833191e-01
1.021799072623252869e-01
4.872456789016723633e-01
0.000000000000000000e+00
7.355999946594238281e-01
5.376378893852233887e-01
2.664636969566345215e-01
2.583195567131042480e-01
1.189987212419509888e-01
3.378907144069671631e-01
5.863256454467773438e-01
7.721409201622009277e-02
4.175959229469299316e-01
6.143640279769897461e-01
0.000000000000000000e+00
6.206603646278381348e-01
1.141374185681343079e-01
1.045089811086654663e-01
1.065096616744995117e+00
6.145011633634567261e-02
0.000000000000000000e+00
1.011421322822570801e+00
7.798003405332565308e-02
1.991736739873886108e-01
3.144223988056182861e-01
4.427919089794158936e-01
1.117532141506671906e-02
3.855203976854681969e-04
4.057618081569671631e-01
8.530479073524475098e-01
6.132653914391994476e-03
1.548760533332824707e-01
9.299348592758178711e-01
4.813487641513347626e-03
3.162319362163543701e-01
4.694379568099975586e-01
1.321943402290344238e-01
5.608316510915756226e-02
4.150843014940619469e-04
2.029740065336227417e-01
2.599154133349657059e-03
2.840814366936683655e-02
1.118650317192077637e+00
0.000000000000000000e+00
1.555293649435043335e-01
3.776164650917053223e-01
3.712674856185913086e+00
1.374246597290039062e+00
5.249018669128417969e-01
0.000000000000000000e+00
3.944062888622283936e-01
1.083501987159252167e-02
4.200043976306915283e-01
0.000000000000000000e+00
0.000000000000000000e+00
8.149235844612121582e-01
9.787663221359252930e-01
2.807482145726680756e-03
3.074352145195007324e-01
9.289304614067077637e-01
1.019503921270370483e-01
6.720741093158721924e-02
4.263008013367652893e-02
2.919516712427139282e-02
0.000000000000000000e+00
5.569478273391723633e-01
7.529121637344360352e-01
6.550636887550354004e-01
3.253846466541290283e-01
4.341975688934326172e+00
8.616026043891906738e-01
6.977551579475402832e-01
2.692149639129638672e+00
5.106393620371818542e-02
6.687457859516143799e-02
3.516333401203155518e-01
1.088072299957275391e+00
3.988095045089721680e+00
0.000000000000000000e+00
0.000000000000000000e+00
1.317825466394424438e-01
6.001467108726501465e-01
1.561835765838623047e+00
7.537130266427993774e-02
5.140541493892669678e-02
1.353878974914550781e+00
1.684263467788696289e+00
6.430277228355407715e-01
2.177704334259033203e+00
7.288120985031127930e-01
1.370677590370178223e+00
2.280668355524539948e-02
2.190153121948242188e+00
1.723210141062736511e-02
1.570614427328109741e-01
1.805081009864807129e+00
0.000000000000000000e+00
2.357470840215682983e-01
3.715011477470397949e-01
9.444246888160705566e-01
1.155993044376373291e-01
5.885716080665588379e-01
1.840103268623352051e-01
3.366139829158782959e-01
2.072184681892395020e-01
2.231140136718750000e-01
1.064376831054687500e+00
8.335173726081848145e-01
0.000000000000000000e+00
3.954556211829185486e-02
6.476697325706481934e-02
1.340740561485290527e+00
1.367036402225494385e-01
3.771367017179727554e-03
1.096637845039367676e-01
2.013691514730453491e-01
2.232974916696548462e-01
6.831054687500000000e-01
1.032755598425865173e-01
3.793655037879943848e-01
1.436311155557632446e-01
1.746769696474075317e-01
3.232544753700494766e-03
1.968942582607269287e-02
1.010792016983032227e+00
8.076933771371841431e-02
1.173573255538940430e+00
1.043537482619285583e-01
6.269684433937072754e-02
2.410840243101119995e-01
4.227111637592315674e-01
0.000000000000000000e+00
0.000000000000000000e+00
1.870981216430664062e+00
1.886719912290573120e-01
9.590717963874340057e-03
7.355391979217529297e-01
1.604671329259872437e-01
1.982265617698431015e-03
2.621799111366271973e-01
0.000000000000000000e+00
6.246570497751235962e-02
1.778037399053573608e-01
0.000000000000000000e+00
4.718855917453765869e-01
0.000000000000000000e+00
3.648573160171508789e-02
1.482452392578125000e+00
1.595140695571899414e+00
8.749074488878250122e-02
7.219373583793640137e-01
0.000000000000000000e+00
1.139304712414741516e-01
1.364542484283447266e+00
1.379645347595214844e+00
0.000000000000000000e+00
3.137345314025878906e-01
0.000000000000000000e+00
7.244887351989746094e-01
3.694969117641448975e-01
0.000000000000000000e+00
7.316231727600097656e-02
5.846774205565452576e-02
0.000000000000000000e+00
5.072530359029769897e-03
5.038453340530395508e-01
1.396235823631286621e+00
4.361771047115325928e-01
4.026004672050476074e-01
2.073259115219116211e+00
6.451418399810791016e-01
5.611561238765716553e-02
5.801413580775260925e-02
8.936962485313415527e-02
1.314070701599121094e+00
8.244747668504714966e-02
8.406172990798950195e-01
3.227757662534713745e-02
0.000000000000000000e+00
1.912382543087005615e-01
5.589446425437927246e-01
3.569121062755584717e-01
1.130862534046173096e-01
0.000000000000000000e+00
2.177282869815826416e-01
6.753592938184738159e-02
7.812494039535522461e-01
1.879362165927886963e-01
4.419916123151779175e-02
6.271489262580871582e-01
5.219871550798416138e-02
6.098859310150146484e-01
4.947624504566192627e-01
6.797478999942541122e-03
2.406803667545318604e-01
1.705163270235061646e-01
5.492075085639953613e-01
2.568023838102817535e-02
1.227710843086242676e-01
1.035798341035842896e-01
5.051480606198310852e-02
1.797767877578735352e-01
6.163874641060829163e-03
3.075861372053623199e-02
6.126092746853828430e-02
3.706192597746849060e-02
4.508300721645355225e-01
1.091164797544479370e-01
5.359762813895940781e-03
3.863949537277221680e+00
0.000000000000000000e+00
4.243664443492889404e-02
1.462904270738363266e-02
4.764075875282287598e-01
1.253297179937362671e-01
6.283138394355773926e-01
5.573019385337829590e-02
1.648220792412757874e-02
2.893753945827484131e-01
2.428279817104339600e-02
9.894347786903381348e-01
3.128940761089324951e-01
4.680093005299568176e-02
8.071072101593017578e-01
1.544263213872909546e-02
4.869550094008445740e-02
2.313388586044311523e+00
2.568679675459861755e-02
1.010208204388618469e-02
0.000000000000000000e+00
2.852285653352737427e-02
5.741855502128601074e-02
1.975289136171340942e-01
2.327468246221542358e-01
2.627998776733875275e-02
2.130745887756347656e+00
1.026758402585983276e-01
1.276984065771102905e-01
6.687436103820800781e-01
6.870993971824645996e-01
3.368687629699707031e-01
1.618035137653350830e-01
3.277302980422973633e-01
3.174870014190673828e-01
2.672447562217712402e-01
4.004778265953063965e-01
1.988263987004756927e-02
4.903823435306549072e-01
4.623379707336425781e-01
2.764259576797485352e-01
4.424066245555877686e-01
2.354936003684997559e-01
1.334325671195983887e+00
4.168008267879486084e-01
9.729920886456966400e-03
1.575870066881179810e-01
9.029892086982727051e-01
1.011263858526945114e-02
4.848304986953735352e-01
4.965165257453918457e-02
5.038715004920959473e-01
1.193866208195686340e-01
3.160516731441020966e-03
8.565102219581604004e-01
2.187048196792602539e-01
4.504255056381225586e-01
1.561200618743896484e-01
8.295589089393615723e-01
5.077544599771499634e-03
2.649991512298583984e-01
2.919239178299903870e-02
2.055252343416213989e-02
7.969179004430770874e-02
7.589864730834960938e-01
5.720459818840026855e-01
2.592880427837371826e-01
5.014804005622863770e-02
1.767989039421081543e+00
3.119032643735408783e-02
9.751668572425842285e-02
3.669619560241699219e-01
2.036984823644161224e-02
0.000000000000000000e+00
3.610542416572570801e-01
6.368035078048706055e-01
1.156569004058837891e+00
7.654116749763488770e-01
2.623236894607543945e+00
2.090969830751419067e-01
0.000000000000000000e+00
3.316173795610666275e-03
2.231360077857971191e-01
1.093380004167556763e-01
1.284379810094833374e-01
2.789509296417236328e-01
5.777401328086853027e-01
2.877011895179748535e-01
0.000000000000000000e+00
2.621316350996494293e-02
0.000000000000000000e+00
0.000000000000000000e+00
0.000000000000000000e+00
3.672653436660766602e-02
5.623984932899475098e-01
9.729924201965332031e-01
1.128031685948371887e-01
7.689154744148254395e-01
4.520909786224365234e-01
1.062604427337646484e+00
8.321710862219333649e-03
4.316138029098510742e-01
5.642676725983619690e-02
6.117853522300720215e-01
2.761562466621398926e-01
8.379935622215270996e-01
4.459816813468933105e-01
5.761491879820823669e-02
1.167823433876037598e+00
3.583484590053558350e-01
1.257409453392028809e-01
5.746257305145263672e-01
2.141251415014266968e-01
5.182988825254142284e-04
1.612109132111072540e-02
0.000000000000000000e+00
9.221472740173339844e-01
3.181702643632888794e-02
3.645228967070579529e-02
1.174495927989482880e-02
1.532045193016529083e-02
2.953200042247772217e-01
2.676602080464363098e-02
1.296880483627319336e+00
9.721865653991699219e-01
7.149533927440643311e-02
0.000000000000000000e+00
0.000000000000000000e+00
3.637060895562171936e-02
0.000000000000000000e+00
0.000000000000000000e+00
5.461884662508964539e-02
0.000000000000000000e+00
5.157280564308166504e-01
1.188242714852094650e-02
5.131805315613746643e-03
5.221407115459442139e-02
4.089074432849884033e-01
2.287454605102539062e+00
5.435538291931152344e-01
3.429525196552276611e-01
1.263088081032037735e-03
4.707612842321395874e-02
6.228906512260437012e-01
3.781662285327911377e-01
6.185218691825866699e-01
2.072550356388092041e-02
0.000000000000000000e+00
9.028370678424835205e-02
1.148321703076362610e-01
1.236129701137542725e-01
1.257017135620117188e+00
6.170045211911201477e-02
1.031485915184020996e+00
3.694701790809631348e-01
2.284809947013854980e-02
5.922042205929756165e-02
7.463523745536804199e-01
4.844942986965179443e-01
5.924764871597290039e-01
8.041793107986450195e-01
2.548880577087402344e-01
9.746140241622924805e-02
9.596942067146301270e-01
4.571935236454010010e-01
4.819612205028533936e-01
5.238748550415039062e+00
3.489874675869941711e-02
4.361705854535102844e-02
4.639430046081542969e-01
1.043480932712554932e-01
2.818464636802673340e-01
1.096923649311065674e-02
4.906349480152130127e-01
7.134622335433959961e-02
7.271679639816284180e-01
9.037469327449798584e-02
1.622906327247619629e+00
4.180919006466865540e-02
1.471576630137860775e-03
0.000000000000000000e+00
4.185724556446075439e-01
0.000000000000000000e+00
7.930171675980091095e-03
0.000000000000000000e+00
0.000000000000000000e+00
5.252856016159057617e-02
5.854650400578975677e-03
5.438401922583580017e-02
2.892946004867553711e-01
1.187417656183242798e-02
2.037502288818359375e+00
2.426928520202636719e+00
1.721850782632827759e-02
0.000000000000000000e+00
1.172964334487915039e+00
7.849487662315368652e-02
7.707116007804870605e-02
2.125757932662963867e-01
3.701911568641662598e-01
1.666827201843261719e+00
4.477740824222564697e-01
1.948755048215389252e-02
4.104854166507720947e-01
4.025811851024627686e-01
7.743208110332489014e-02
7.010657787322998047e-01
0.000000000000000000e+00
1.603163182735443115e-01
0.000000000000000000e+00
5.963077023625373840e-02
3.285503089427947998e-01
1.307102572172880173e-02
2.164888568222522736e-02
2.665064334869384766e-01
5.966029763221740723e-01
0.000000000000000000e+00
2.181702293455600739e-02
1.530068665742874146e-01
7.163215428590774536e-02
0.000000000000000000e+00
3.597943782806396484e-01
0.000000000000000000e+00
0.000000000000000000e+00
3.657687425613403320e+00
8.414245843887329102e-01
1.134318709373474121e+00
6.984207034111022949e-01
1.840835362672805786e-01
2.542522922158241272e-02
1.070306673645973206e-01
3.051510155200958252e-01
8.596947193145751953e-01
3.835704624652862549e-01
7.559028267860412598e-02
2.813185691833496094e+00
2.356912612915039062e+00
1.828229427337646484e-01
5.563235282897949219e-01
1.308113932609558105e+00
3.249688446521759033e-01
3.053830862045288086e-01
1.837737083435058594e+00
6.894804239273071289e-01
2.577750980854034424e-01
4.149956703186035156e-01
0.000000000000000000e+00
1.194645240902900696e-01
2.297780513763427734e-01
2.742209658026695251e-02
2.207693830132484436e-02
8.241859823465347290e-02
7.502372860908508301e-01
2.254999130964279175e-01
0.000000000000000000e+00
0.000000000000000000e+00
3.931686878204345703e-01
6.401565670967102051e-01
8.145459741353988647e-02
6.458928585052490234e-01
3.246738910675048828e+00
5.638740584254264832e-02
1.021429300308227539e+00
5.474350452423095703e-01
3.090437315404415131e-02
0.000000000000000000e+00
7.500604391098022461e-01
0.000000000000000000e+00
5.826656147837638855e-02
0.000000000000000000e+00
1.914784610271453857e-01
7.279991507530212402e-01
7.590862363576889038e-02
0.000000000000000000e+00
2.392818331718444824e-01
1.276531338691711426e+00
1.486285775899887085e-01
2.492160648107528687e-01
5.873163938522338867e-01
0.000000000000000000e+00
6.157196476124227047e-04
2.518532514572143555e+00
7.524247169494628906e-01
6.679100394248962402e-01
5.011763796210289001e-02
2.615662574768066406e+00
0.000000000000000000e+00
4.038012772798538208e-02
3.348745778203010559e-02
3.837790191173553467e-01
1.479707192629575729e-02
9.875129163265228271e-02
3.990820609033107758e-03
2.589664757251739502e-01
0.000000000000000000e+00
3.608865439891815186e-01
0.000000000000000000e+00
7.841220498085021973e-01
2.165489345788955688e-01
9.139231406152248383e-03
7.238078862428665161e-03
1.379846692085266113e+00
8.672284483909606934e-01
3.769046962261199951e-01
1.820087432861328125e-01
8.486539125442504883e-02
1.795806884765625000e-01
0.000000000000000000e+00
2.311451911926269531e+00
2.132254093885421753e-01
1.893466114997863770e-01
5.171783268451690674e-02
7.268201708793640137e-01
3.257205784320831299e-01
1.903123855590820312e-01
3.688859045505523682e-01
8.301587700843811035e-01
0.000000000000000000e+00
3.049594163894653320e-01
2.797715961933135986e-01
4.528622925281524658e-01
3.534773588180541992e-01
6.915237009525299072e-02
6.368839181959629059e-03
1.632788181304931641e-01
8.922858238220214844e-01
0.000000000000000000e+00
7.437281608581542969e-01
5.778662115335464478e-02
4.326730966567993164e-01
3.625554561614990234e+00
4.027390107512474060e-02
1.558796688914299011e-02
6.987043619155883789e-01
0.000000000000000000e+00
3.017487525939941406e-01
3.389581106603145599e-03
9.152495302259922028e-03
0.000000000000000000e+00
1.216657608747482300e-01
0.000000000000000000e+00
5.181890726089477539e-02
1.108597731217741966e-03
1.739206433296203613e+00
1.501739621162414551e+00
0.000000000000000000e+00
2.717949450016021729e-01
0.000000000000000000e+00
1.123989000916481018e-02
9.336251765489578247e-03
4.111624658107757568e-01
7.968348264694213867e-02
7.700406908988952637e-01
4.059568047523498535e-02
1.691127382218837738e-02
2.230936288833618164e-01
5.103221163153648376e-02
0.000000000000000000e+00
1.277419447898864746e+00
1.927606344223022461e+00
1.674938201904296875e-01
0.000000000000000000e+00
9.723290801048278809e-03
0.000000000000000000e+00
1.503597944974899292e-02
9.030067324638366699e-01
0.000000000000000000e+00
9.057159721851348877e-02
1.227862853556871414e-02
8.975802659988403320e-01
1.064522042870521545e-01
2.710052728652954102e-01
8.592444658279418945e-01
4.092639982700347900e-01
1.564288884401321411e-01
2.865462899208068848e-01
2.893583774566650391e-01
0.000000000000000000e+00
1.694270968437194824e-01
1.943279206752777100e-01
0.000000000000000000e+00
0.000000000000000000e+00
0.000000000000000000e+00
1.776204630732536316e-02
0.000000000000000000e+00
6.018353700637817383e-01
6.900783181190490723e-01
1.857766032218933105e+00
0.000000000000000000e+00
2.376354217529296875e+00
1.484393358230590820e+00
3.838522732257843018e-01
3.064143061637878418e-01
0.000000000000000000e+00
0.000000000000000000e+00
2.985479533672332764e-01
4.512281715869903564e-02
0.000000000000000000e+00
4.273877665400505066e-02
2.061916142702102661e-01
4.477171599864959717e-01
3.764807283878326416e-01
3.403855562210083008e-01
1.105506271123886108e-01
5.499166250228881836e-01
1.950695216655731201e-01
8.282814621925354004e-01
4.360995069146156311e-02
4.226167500019073486e-01
2.426671832799911499e-01
0.000000000000000000e+00
2.481025755405426025e-01
3.535347878932952881e-01
6.310694813728332520e-01
1.085962206125259399e-01
9.125217795372009277e-02
7.713269591331481934e-01
1.156602501869201660e+00
4.093487560749053955e-02
0.000000000000000000e+00
5.202875733375549316e-01
2.281313985586166382e-01
4.118163138628005981e-02
0.000000000000000000e+00
3.458504199981689453e+00
1.053952693939208984e+00
1.509861648082733154e-01
7.763735651969909668e-01
0.000000000000000000e+00
2.667138338088989258e+00
2.846398651599884033e-01
2.881168127059936523e-01
1.632284641265869141e+00
3.419182300567626953e-01
0.000000000000000000e+00
2.105667829513549805e+00
2.625569934025406837e-03
1.262674480676651001e-02
3.092977046966552734e+00
2.104375809431076050e-01
0.000000000000000000e+00
9.954440407454967499e-03
1.015467122197151184e-01
1.028834432363510132e-01
2.406213730573654175e-01
3.607078790664672852e-01
1.476232558488845825e-01
6.241941824555397034e-02
7.358965277671813965e-02
2.235545516014099121e-01
3.621776401996612549e-02
6.570566296577453613e-01
6.539412736892700195e-01
2.263874113559722900e-01
5.154954791069030762e-01
1.980780214071273804e-01
6.995275020599365234e-01
1.636894419789314270e-02
9.734806418418884277e-02
1.022752076387405396e-01
3.439543843269348145e-01
1.688606142997741699e+00
1.800930976867675781e+00
0.000000000000000000e+00
0.000000000000000000e+00
3.162921220064163208e-02
1.938903182744979858e-01
6.800341010093688965e-01
4.798767343163490295e-02
0.000000000000000000e+00
1.158965844660997391e-02
1.152794122695922852e+00
1.730736345052719116e-01
4.396924376487731934e-01
1.009978055953979492e-01
1.620338261127471924e-01
3.105702996253967285e-02
0.000000000000000000e+00
5.916239023208618164e-01
3.493826091289520264e-02
6.962748765945434570e-01
2.746031284332275391e-01
8.567298650741577148e-01
6.501548290252685547e-01
6.491209566593170166e-02
6.556559354066848755e-02
8.670485615730285645e-01
5.861271172761917114e-02
2.965280087664723396e-03
1.092027500271797180e-02
5.088073015213012695e-01
3.544086813926696777e-01
5.334844589233398438e-01
1.924724318087100983e-02
5.699041485786437988e-01
5.777715444564819336e-01
1.848721861839294434e+00
5.670595765113830566e-01
1.077021509408950806e-01
0.000000000000000000e+00
4.038759320974349976e-02
2.227085679769515991e-01
9.819643944501876831e-02
3.169423043727874756e-01
4.414747282862663269e-02
2.566698491573333740e-01
1.444274485111236572e-01
7.544415593147277832e-01
0.000000000000000000e+00
2.461911737918853760e-02
3.653464019298553467e-01
4.231885373592376709e-01
2.071627229452133179e-01
2.933942317962646484e+00
1.019164562225341797e+00
8.391404524445533752e-03
3.526216372847557068e-02
0.000000000000000000e+00
9.550057002343237400e-04
1.590408802032470703e+00
1.906589388847351074e+00
1.673336029052734375e-01
0.000000000000000000e+00
1.754852980375289917e-01
1.728528887033462524e-01
3.079276978969573975e-01
1.731676608324050903e-01
8.220647573471069336e-01
3.215268254280090332e-01
3.709042444825172424e-02
4.359388649463653564e-01
1.118790149688720703e+00
1.235107183456420898e-01
4.624004662036895752e-02
1.438449621200561523e-01
7.422377914190292358e-02
1.785083673894405365e-02
3.200647830963134766e-01
2.646827995777130127e-01
1.310162901878356934e+00
4.405095279216766357e-01
2.459598034620285034e-01
7.584353536367416382e-02
0.000000000000000000e+00
1.365496218204498291e-02
1.099908947944641113e-01
3.051188886165618896e-01
6.469665467739105225e-02
0.000000000000000000e+00
5.759168267250061035e-01
0.000000000000000000e+00
1.032106652855873108e-01
2.267362028360366821e-01
2.909215092658996582e-01
0.000000000000000000e+00
6.922708749771118164e-01
3.092325687408447266e+00
0.000000000000000000e+00
3.345366567373275757e-02
2.508137822151184082e-01
1.954556703567504883e+00
1.626416921615600586e+00
2.099187485873699188e-02
1.676656901836395264e-01
0.000000000000000000e+00
4.065223693847656250e+00
7.471109628677368164e-01
0.000000000000000000e+00
1.959378644824028015e-02
4.721140265464782715e-01
1.211202907143160701e-04
3.489173650741577148e-01
7.195689529180526733e-02
4.722250998020172119e-01
4.936224520206451416e-01
0.000000000000000000e+00
0.000000000000000000e+00
0.000000000000000000e+00
5.833935737609863281e-01
1.105502963066101074e+00
1.705432385206222534e-01
1.008316636085510254e+00
9.810617566108703613e-01
2.696102261543273926e-01
2.247660048305988312e-02
6.611380577087402344e-01
1.365211904048919678e-01
0.000000000000000000e+00
1.985400542616844177e-02
1.950185775756835938e+00
8.268318772315979004e-01
2.143341600894927979e-01
2.864708304405212402e-01
1.716373413801193237e-01
2.656663179397583008e+00
0.000000000000000000e+00
0.000000000000000000e+00
0.000000000000000000e+00
8.863584697246551514e-02
1.943956613540649414e-01
1.932390779256820679e-02
2.123274281620979309e-02
5.550233125686645508e-01
7.961631417274475098e-01
3.199280053377151489e-02
5.490072369575500488e-01
1.945263594388961792e-01
6.896029412746429443e-02
4.733192920684814453e-01
2.910304069519042969e+00
1.939206838607788086e+00
2.858472466468811035e-01
1.684175617992877960e-02
1.512338161468505859e+00
2.048543244600296021e-01
7.031007669866085052e-03
2.578920125961303711e+00
0.000000000000000000e+00
4.835196137428283691e-01
9.423450380563735962e-02
1.224845528602600098e+00
4.285963475704193115e-01
6.621081233024597168e-01
1.039785370230674744e-01
2.682021856307983398e-01
0.000000000000000000e+00
1.817295551300048828e-01
3.517350181937217712e-02
4.573356509208679199e-01
1.270944029092788696e-01
9.232848137617111206e-02
0.000000000000000000e+00
0.000000000000000000e+00
3.836514949798583984e-01
1.487406939268112183e-01
3.764477968215942383e-01
2.405387163162231445e-01
1.017569229006767273e-01
2.611152827739715576e-01
3.479671180248260498e-01
7.988191395998001099e-02
1.522613883018493652e+00
1.237040758132934570e-01
1.254445612430572510e-01
7.983279824256896973e-01
0.000000000000000000e+00
1.182235628366470337e-01
4.393227994441986084e-01
1.158811151981353760e-01
5.533151626586914062e-01
7.361602038145065308e-02
3.473784923553466797e-01
2.212725766003131866e-02
0.000000000000000000e+00
7.189478874206542969e-01
8.695076107978820801e-01
8.462854474782943726e-02
9.550225734710693359e-02
3.440585732460021973e-02
2.400912158191204071e-02
2.452567815780639648e+00
3.054351313039660454e-03
1.651080965995788574e+00
3.428234159946441650e-02
0.000000000000000000e+00
8.155518174171447754e-01
0.000000000000000000e+00
8.163313381373882294e-03
3.044942393898963928e-02
2.147038578987121582e-01
1.483115792274475098e+00
3.999884366989135742e+00
8.471611887216567993e-02
5.624333024024963379e-02
0.000000000000000000e+00
6.340799480676651001e-02
0.000000000000000000e+00
3.265589773654937744e-01
1.154585257172584534e-01
1.869164854288101196e-01
1.506990343332290649e-01
9.810037612915039062e-01
1.591023951768875122e-01
5.078791454434394836e-02
2.538625299930572510e-01
8.709208108484745026e-03
6.710728406906127930e-01
4.675662517547607422e-01
9.952108263969421387e-01
2.273711919784545898e+00
7.731803692877292633e-03
3.303664922714233398e-01
7.885850034654140472e-03
2.569962143898010254e-01
1.417116075754165649e-01
1.016220092773437500e+00
0.000000000000000000e+00
3.475392460823059082e-01
7.562276124954223633e-01
3.993355855345726013e-02
4.088158905506134033e-01
8.950807452201843262e-01
2.868602797389030457e-02
4.573340415954589844e-01
4.358001053333282471e-03
8.951029777526855469e-01
0.000000000000000000e+00
4.506098851561546326e-02
5.796324014663696289e-01
9.337572008371353149e-02
1.661621332168579102e-01
2.667895317077636719e+00
1.170015573501586914e+00
9.579511880874633789e-01
2.740606665611267090e-01
1.945914328098297119e-02
5.786231160163879395e-01
0.000000000000000000e+00
2.186051160097122192e-01
2.015500143170356750e-02
0.000000000000000000e+00
0.000000000000000000e+00
0.000000000000000000e+00
8.780013322830200195e-01
1.861882060766220093e-01
1.274137645959854126e-01
0.000000000000000000e+00
9.532615542411804199e-01
1.934498995542526245e-01
3.009206056594848633e-01
3.955729603767395020e-01
0.000000000000000000e+00
8.662024140357971191e-02
3.301943093538284302e-02
4.559996426105499268e-01
9.213271737098693848e-01
0.000000000000000000e+00
8.210790157318115234e-01
3.705316185951232910e-01
7.479802370071411133e-01
0.000000000000000000e+00
8.378073573112487793e-02
0.000000000000000000e+00
0.000000000000000000e+00
2.829557061195373535e-01
3.971884548664093018e-01
7.976361364126205444e-02
0.000000000000000000e+00
6.335543990135192871e-01
3.431200683116912842e-01
7.409116253256797791e-03
2.370992675423622131e-02
2.037820778787136078e-02
9.430087357759475708e-02
1.944895833730697632e-01
0.000000000000000000e+00
0.000000000000000000e+00
1.227186679840087891e+00
0.000000000000000000e+00
7.317766547203063965e-02
0.000000000000000000e+00
2.368355989456176758e-01
4.091243259608745575e-03
5.276662111282348633e-01
5.449764728546142578e-01
5.272408127784729004e-01
2.490587346255779266e-02
3.015876002609729767e-02
1.428515017032623291e-01
1.809237003326416016e+00
7.590578403323888779e-03
0.000000000000000000e+00
