4.380432069301605225e-01
1.081381797790527344e+00
5.809206366539001465e-01
1.106221321970224380e-02
2.039232254028320312e+00
1.662080138921737671e-01
0.000000000000000000e+00
9.225572943687438965e-01
9.206612110137939453e-01
1.675419658422470093e-01
9.881780743598937988e-01
4.658221006393432617e-01
1.411819934844970703e+00
8.613271713256835938e-01
3.342717289924621582e-01
2.013312578201293945e-01
0.000000000000000000e+00
1.586604565382003784e-01
3.233922243118286133e+00
1.131588518619537354e-01
3.910377979278564453e+00
5.058147311210632324e-01
1.484107375144958496e+00
3.962665200233459473e-01
3.386984467506408691e-01
3.847703039646148682e-01
7.042139768600463867e-01
2.138984203338623047e+00
1.097092747688293457e+00
1.074741315096616745e-02
1.279036164283752441e+00
4.906009733676910400e-01
6.283850669860839844e-01
2.133294343948364258e+00
1.767538487911224365e-02
4.725310802459716797e-01
9.128095954656600952e-02
2.100463151931762695e+00
7.063634991645812988e-01
1.140119433403015137e-01
9.576627612113952637e-01
1.005478948354721069e-01
9.434914588928222656e-01
1.207180380821228027e+00
1.899550914764404297e+00
3.013679385185241699e-01
2.542511463165283203e+00
2.083394289016723633e+00
1.216829299926757812e+00
4.528761804103851318e-01
1.546211600303649902e+00
8.018721938133239746e-01
5.805844068527221680e-01
2.743830680847167969e-01
1.100066781044006348e+00
1.795517921447753906e+00
2.068634986877441406e+00
3.066909909248352051e-01
1.059759020805358887e+00
0.000000000000000000e+00
2.958060503005981445e-01
5.489349365234375000e-03
2.114472687244415283e-01
8.321668505668640137e-01
2.113925457000732422e+00
7.402049005031585693e-02
1.142438173294067383e+00
1.459939479827880859e+00
7.438362240791320801e-01
7.024657726287841797e-02
1.795685291290283203e+00
1.714759320020675659e-01
6.484442949295043945e-01
1.285924196243286133e+00
5.500338077545166016e+00
0.000000000000000000e+00
1.077179670333862305e+00
4.457712471485137939e-01
2.031181156635284424e-01
1.494174361228942871e+00
6.238576397299766541e-02
5.328318595886230469e+00
8.780668377876281738e-01
3.542105555534362793e-01
2.481451258063316345e-02
5.645200610160827637e-01
1.521957278251647949e+00
1.993940919637680054e-01
1.775946617126464844e+00
4.350742399692535400e-01
4.483808279037475586e-01
2.377658843994140625e+00
1.378462672233581543e+00
1.462276697158813477e+00
2.551519870758056641e-01
8.544909209012985229e-02
1.119229048490524292e-01
3.583614230155944824e-01
9.818922281265258789e-01
1.817482948303222656e+00
8.003612160682678223e-01
1.743279099464416504e-01
2.328360974788665771e-01
3.832539796829223633e+00
6.059521436691284180e-01
5.133497342467308044e-02
2.128536105155944824e-01
1.807369112968444824e+00
4.332976415753364563e-02
2.571650445461273193e-01
1.028473451733589172e-01
1.532244801521301270e+00
6.546526551246643066e-01
0.000000000000000000e+00
8.522389531135559082e-01
1.649006083607673645e-02
2.250539958477020264e-01
1.171862363815307617e+00
3.975951433181762695e+00
3.802666962146759033e-01
0.000000000000000000e+00
2.255267053842544556e-01
0.000000000000000000e+00
2.926213145256042480e-01
7.641416072845458984e+00
2.328376919031143188e-01
1.301065236330032349e-01
1.546617507934570312e+00
2.115872502326965332e-01
1.081213951110839844e-01
2.484894514083862305e+00
4.541940391063690186e-01
1.099305391311645508e+00
8.843044191598892212e-02
3.945711553096771240e-01
8.037543296813964844e-01
4.999884068965911865e-01
7.983231544494628906e-01
6.548312306404113770e-01
5.762540698051452637e-01
1.172331124544143677e-01
5.427093505859375000e-01
6.978165507316589355e-01
8.938276171684265137e-01
7.195419073104858398e-02
3.206842243671417236e-01
2.783867120742797852e-01
5.823833942413330078e+00
1.521197676658630371e+00
5.060091018676757812e-01
1.717499971389770508e+00
1.383712887763977051e-01
1.637762486934661865e-01
7.254241108894348145e-01
3.509980142116546631e-01
1.421975731849670410e+00
1.518816113471984863e+00
8.113225698471069336e-01
1.362344771623611450e-01
1.817727565765380859e+00
4.724403843283653259e-03
1.044979616999626160e-01
1.393534392118453979e-01
1.263740360736846924e-01
4.380566254258155823e-02
2.526048898696899414e+00
4.104589298367500305e-02
1.137030590325593948e-02
1.207042634487152100e-01
6.464472413063049316e-02
9.954516291618347168e-01
1.771687716245651245e-01
1.786044836044311523e-01
1.031960964202880859e+00
5.493446439504623413e-02
2.376012951135635376e-01
0.000000000000000000e+00
1.559743136167526245e-01
2.956992983818054199e-01
2.650025367736816406e+00
5.122464150190353394e-02
5.608720779418945312e-01
2.721910178661346436e-02
9.480348229408264160e-02
2.000991404056549072e-01
0.000000000000000000e+00
7.574123144149780273e-02
2.215269953012466431e-02
2.576413750648498535e-01
1.731957435607910156e+00
6.988584995269775391e-02
3.982432484626770020e-01
1.560941487550735474e-01
1.996852308511734009e-01
3.203386813402175903e-02
0.000000000000000000e+00
2.111633062362670898e+00
0.000000000000000000e+00
4.183620810508728027e-01
4.315134882926940918e-01
7.019615769386291504e-01
4.527295827865600586e-01
9.179931879043579102e-01
7.131212353706359863e-01
2.126202881336212158e-01
1.850472018122673035e-02
1.325413346290588379e+00
3.609547853469848633e+00
2.996437251567840576e-02
1.284188508987426758e+00
1.427734494209289551e-01
1.091591477394104004e+00
2.394000291824340820e-01
1.865808852016925812e-02
5.452530384063720703e-01
2.384060621261596680e+00
1.880663484334945679e-01
2.447719499468803406e-02
3.755331337451934814e-01
1.332597017288208008e+00
4.385657310485839844e-01
9.500070810317993164e-01
1.583140692673623562e-03
1.001825034618377686e-01
3.383855223655700684e-01
8.780013322830200195e-01
2.842288278043270111e-02
1.098364964127540588e-02
7.646191716194152832e-01
2.511701583862304688e+00
1.705100238323211670e-01
9.869221597909927368e-02
3.008695840835571289e+00
2.794876880943775177e-02
6.419941782951354980e-01
2.082071065902709961e+00
3.332653343677520752e-01
5.404911637306213379e-01
6.673136353492736816e-02
2.144756793975830078e+00
1.221160218119621277e-02
6.247579455375671387e-01
7.835468649864196777e-02
3.448606655001640320e-02
2.655596137046813965e-01
8.952891230583190918e-01
8.482125997543334961e-01
5.595099925994873047e-01
3.404920339584350586e+00
6.220082752406597137e-03
5.527321100234985352e-01
0.000000000000000000e+00
2.552134394645690918e-01
0.000000000000000000e+00
1.661905795335769653e-01
1.020173192024230957e+00
1.695105433464050293e+00
2.084528654813766479e-01
1.543735414743423462e-01
4.140008240938186646e-02
1.232233345508575439e-01
1.317000687122344971e-01
1.314628869295120239e-01
9.670332074165344238e-01
6.095118075609207153e-02
0.000000000000000000e+00
1.060478091239929199e-01
6.333872675895690918e-01
5.646467208862304688e-03
7.942550778388977051e-01
1.735709786415100098e+00
4.434248805046081543e-01
1.483098566532135010e-01
1.218530014157295227e-01
0.000000000000000000e+00
1.876263380050659180e+00
8.194027841091156006e-02
6.780896782875061035e-01
1.323096394538879395e+00
1.917706251144409180e+00
1.024533156305551529e-02
2.274868041276931763e-01
9.761174023151397705e-02
1.133633255958557129e-01
2.954454123973846436e-01
6.947794556617736816e-02
3.099071383476257324e-01
1.731283545494079590e+00
1.612715482711791992e+00
9.115108847618103027e-02
5.904360115528106689e-02
2.993045151233673096e-01
4.411221947520971298e-03
4.359730184078216553e-01
7.863284349441528320e-01
2.401160150766372681e-01
7.169504165649414062e-01
5.439277738332748413e-02
1.028297375887632370e-02
2.809764742851257324e-01
9.175877571105957031e-01
4.435657262802124023e-01
8.922348618507385254e-01
9.980463385581970215e-01
2.360477685928344727e+00
1.363679021596908569e-01
0.000000000000000000e+00
5.679915547370910645e-01
1.264644265174865723e+00
1.614682197570800781e+00
2.857597112655639648e+00
1.337067008018493652e+00
8.937169313430786133e-01
8.821509480476379395e-01
2.596236579120159149e-02
7.094976305961608887e-01
2.343746088445186615e-02
1.738933444023132324e+00
5.205893516540527344e-01
2.405063435435295105e-02
2.390091568231582642e-01
2.539799511432647705e-01
1.175405904650688171e-01
8.104008436203002930e-01
1.997952908277511597e-01
1.824571728706359863e+00
2.157279662787914276e-02
1.262198567390441895e+00
9.607358574867248535e-01
1.398352384567260742e+00
4.549594968557357788e-02
4.889059811830520630e-03
1.114567995071411133e+00
4.581893682479858398e-01
1.143364161252975464e-01
1.332658380270004272e-01
9.992541670799255371e-01
3.720796480774879456e-02
3.225416243076324463e-01
1.197636872529983521e-01
2.019545733928680420e-01
1.087372675538063049e-01
5.509155988693237305e-01
4.799839854240417480e-02
3.340754508972167969e-01
1.441869139671325684e+00
4.343984127044677734e-01
4.852569401264190674e-01
7.171290367841720581e-02
9.197992086410522461e-01
4.437615871429443359e+00
9.392579644918441772e-02
7.742121070623397827e-02
4.522961005568504333e-02
0.000000000000000000e+00
2.809514045715332031e+00
0.000000000000000000e+00
4.450244426727294922e+00
1.511039853096008301e+00
1.881138682365417480e+00
1.894749402999877930e+00
1.481774330139160156e+00
2.785909362137317657e-02
4.111102223396301270e-02
3.331797361373901367e+00
0.000000000000000000e+00
7.833434641361236572e-02
3.374277651309967041e-01
7.366430163383483887e-01
5.719614028930664062e-02
6.346137523651123047e-01
0.000000000000000000e+00
5.083871260285377502e-02
6.137646436691284180e-01
0.000000000000000000e+00
7.734461426734924316e-01
3.224598169326782227e+00
4.244349598884582520e-01
4.470898304134607315e-03
0.000000000000000000e+00
1.584465801715850830e-01
1.279450535774230957e+00
7.335889339447021484e-01
1.678013682365417480e+00
1.452378183603286743e-01
1.966960877180099487e-01
1.819716334342956543e+00
1.161711692810058594e+00
6.157206371426582336e-02
1.627667307853698730e+00
3.352043628692626953e-01
4.983458220958709717e-01
1.056209802627563477e-01
6.809649616479873657e-02
3.907204151153564453e+00
4.488344490528106689e-01
1.261483669281005859e+00
1.822690725326538086e+00
6.144975125789642334e-02
5.861868616193532944e-03
1.254969984292984009e-01
2.118005007505416870e-01
0.000000000000000000e+00
3.550074696540832520e-01
1.015267014503479004e+00
5.112328529357910156e-01
4.665218591690063477e-01
7.190694659948348999e-02
1.222601890563964844e+00
3.444784641265869141e+00
3.894630670547485352e-01
5.229130387306213379e-01
1.024798750877380371e+00
3.482134044170379639e-01
5.836964249610900879e-01
1.999147415161132812e+00
5.244662761688232422e-01
9.421707391738891602e-01
4.340411126613616943e-01
9.364756941795349121e-02
2.403600327670574188e-02
1.715060949325561523e+00
1.214549660682678223e+00
9.577443003654479980e-01
2.560651600360870361e-01
0.000000000000000000e+00
3.647568225860595703e-01
1.156848788261413574e+00
4.436119198799133301e-01
4.403432369232177734e+00
6.025922894477844238e-01
5.862928628921508789e-01
6.930614113807678223e-01
1.781923294067382812e+00
2.383020818233489990e-01
2.149581432342529297e+00
8.205708861351013184e-01
1.187741756439208984e+00
1.417696237564086914e+00
3.260138258337974548e-02
0.000000000000000000e+00
2.487171627581119537e-02
1.985318958759307861e-01
1.346839070320129395e+00
5.059708952903747559e-01
9.305481910705566406e-01
8.316965103149414062e-01
9.743107557296752930e-01
0.000000000000000000e+00
2.944101579487323761e-03
8.571810126304626465e-01
5.101510137319564819e-02
8.863560557365417480e-01
3.425957560539245605e-01
6.967586278915405273e-02
1.248773336410522461e+00
3.516691625118255615e-01
2.084360122680664062e+00
4.934135675430297852e-01
6.138451769948005676e-02
4.639284610748291016e-01
6.629872322082519531e-01
1.248787343502044678e-01
3.355545103549957275e-01
4.064259827136993408e-01
3.221968710422515869e-01
4.529964625835418701e-01
1.389389395713806152e+00
3.446291983127593994e-01
7.411667704582214355e-01
3.491451740264892578e-01
1.305315613746643066e+00
2.075541317462921143e-01
1.038048043847084045e-01
1.232572913169860840e+00
9.200085699558258057e-02
1.287698745727539062e+00
7.786568254232406616e-02
3.527537286281585693e-01
9.497529864311218262e-01
2.565191388130187988e-01
1.615021377801895142e-01
3.793125629425048828e+00
7.352914810180664062e-01
3.306556344032287598e-01
5.624186396598815918e-01
2.898659467697143555e+00
3.097937405109405518e-01
2.919157445430755615e-01
6.756698340177536011e-02
1.177512109279632568e-02
1.086228966712951660e+00
9.669077396392822266e-02
8.669213950634002686e-02
1.920957922935485840e+00
1.751229763031005859e+00
1.070761680603027344e+00
6.460372358560562134e-02
3.620294332504272461e-01
1.521189212799072266e+00
4.064237773418426514e-01
1.188319325447082520e-01
2.621873319149017334e-01
3.876659274101257324e-01
5.857717394828796387e-01
8.292954415082931519e-02
4.949438199400901794e-02
6.638105511665344238e-01
1.263575404882431030e-01
7.635208964347839355e-01
1.883665844798088074e-02
2.337448000907897949e-01
4.305708408355712891e-01
0.000000000000000000e+00
6.216179132461547852e-01
5.398056507110595703e-01
7.180698215961456299e-03
4.320756494998931885e-01
1.126911416649818420e-01
1.296555697917938232e-01
2.883676886558532715e-01
9.574299454689025879e-01
1.939708366990089417e-02
5.000767111778259277e-02
5.820292234420776367e-02
3.010633885860443115e-01
2.941453218460083008e+00
4.834753870964050293e-01
5.524897575378417969e-01
6.280129551887512207e-01
1.009452819824218750e+00
9.394585341215133667e-02
4.558208286762237549e-01
1.440751075744628906e+00
1.246830344200134277e+00
3.169429488480091095e-03
1.176400296390056610e-02
6.320718526840209961e-01
8.592096567153930664e-01
0.000000000000000000e+00
1.758350253105163574e+00
9.110307693481445312e-02
1.506523966789245605e+00
8.443104624748229980e-01
0.000000000000000000e+00
1.333169192075729370e-01
4.966890811920166016e-01
1.055841207504272461e+00
7.255315780639648438e-01
1.678875386714935303e-01
4.634516835212707520e-01
1.398282200098037720e-01
4.807389527559280396e-02
4.414499700069427490e-01
2.316706329584121704e-01
6.078653812408447266e+00
0.000000000000000000e+00
6.753439903259277344e-01
6.105996668338775635e-02
1.285336136817932129e+00
7.554722577333450317e-02
1.226654052734375000e-01
1.752460241317749023e+00
1.309551745653152466e-01
1.550858616828918457e+00
2.409636229276657104e-02
8.660849183797836304e-03
1.372919231653213501e-01
7.702969759702682495e-02
3.829983621835708618e-02
1.353854537010192871e-01
4.832512736320495605e-01
3.523023624438792467e-04
0.000000000000000000e+00
6.563006900250911713e-04
9.536179304122924805e-01
2.732722997665405273e+00
1.457059681415557861e-01
6.207382306456565857e-02
8.506393432617187500e-01
1.894811093807220459e-01
1.246992588043212891e+00
1.632846742868423462e-01
4.173318445682525635e-01
1.331115722656250000e+00
4.491274058818817139e-02
8.555963635444641113e-01
1.355378031730651855e-01
1.594666957855224609e+00
7.363830804824829102e-01
3.591696172952651978e-02
8.885474801063537598e-01
4.621475040912628174e-01
2.176139205694198608e-01
5.127683281898498535e-02
1.361975789070129395e+00
1.419154927134513855e-02
1.064656376838684082e-01
2.381607890129089355e-02
9.547333233058452606e-03
3.992180347442626953e+00
1.869270950555801392e-01
7.351373136043548584e-02
2.488535270094871521e-02
2.349115461111068726e-01
0.000000000000000000e+00
6.200218796730041504e-01
9.773432612419128418e-01
8.127073049545288086e-01
0.000000000000000000e+00
8.074164390563964844e-01
1.008889317512512207e+00
3.975366055965423584e-02
1.021737217903137207e+00
7.226952165365219116e-02
3.359230458736419678e-01
2.802813053131103516e-01
1.393389552831649780e-01
8.225095868110656738e-01
4.394173249602317810e-02
1.998653411865234375e-01
1.873119920492172241e-02
1.009666323661804199e+00
1.885623097419738770e+00
1.056456491351127625e-01
2.453090697526931763e-01
1.309587121009826660e+00
5.988430976867675781e-01
1.448272585868835449e+00
5.659341812133789062e-02
4.133561551570892334e-01
1.682534098625183105e+00
0.000000000000000000e+00
1.944543361663818359e+00
2.492606639862060547e-01
2.031087726354598999e-01
0.000000000000000000e+00
3.033236265182495117e-01
7.582195997238159180e-01
1.440406739711761475e-01
1.343496799468994141e+00
5.793149024248123169e-02
3.912404552102088928e-02
2.601178288459777832e-01
2.142255008220672607e-01
2.533784866333007812e+00
2.713789224624633789e+00
1.886117905378341675e-01
1.490170359611511230e-01
1.420596148818731308e-02
0.000000000000000000e+00
1.620191454887390137e+00
7.102367933839559555e-03
1.047569960355758667e-01
3.316045045852661133e+00
5.145571008324623108e-02
6.075816750526428223e-01
1.170265197753906250e+00
2.816640377044677734e+00
4.600926637649536133e-01
3.800339996814727783e-01
3.555070161819458008e+00
5.754445791244506836e-01
8.022901415824890137e-01
4.223449528217315674e-01
7.839182764291763306e-02
5.776694416999816895e-01
2.824356257915496826e-01
9.175132513046264648e-01
1.056659102439880371e+00
6.330101191997528076e-02
1.654722571372985840e+00
1.788398176431655884e-01
6.052621454000473022e-02
1.324656605720520020e+00
2.871186256408691406e+00
1.451891660690307617e+00
1.271093845367431641e+00
1.189464211463928223e+00
2.792710661888122559e-01
3.652388811111450195e+00
1.600839257240295410e+00
6.342233624309301376e-03
3.417176306247711182e-01
8.418301343917846680e-01
1.179885625839233398e+00
2.363217622041702271e-01
2.363984823226928711e+00
4.767214059829711914e-01
2.282274216413497925e-01
1.752016663551330566e+00
9.588617682456970215e-01
1.016641139984130859e+00
2.888454914093017578e+00
5.632349848747253418e-02
1.599987387657165527e+00
4.151359200477600098e-01
6.322224140167236328e-01
1.607110977172851562e+00
5.581627041101455688e-02
1.051269292831420898e+00
3.227066397666931152e-01
7.565286755561828613e-01
1.690098643302917480e+00
2.577005147933959961e+00
5.531591773033142090e-01
1.122069478034973145e+00
1.106680870056152344e+00
3.961521089076995850e-01
4.649743735790252686e-01
7.230181097984313965e-01
8.071886748075485229e-02
3.168920427560806274e-02
1.064420957118272781e-02
1.111094594001770020e+00
4.922324657440185547e+00
7.650716304779052734e-01
1.967238336801528931e-01
2.544016949832439423e-02
5.539821982383728027e-01
1.116873100399971008e-01
9.594489336013793945e-01
5.948982238769531250e-01
5.039529800415039062e-01
6.549408286809921265e-02
1.676369190216064453e+00
6.211112141609191895e-01
2.568523406982421875e+00
6.836774349212646484e-01
1.910354018211364746e+00
4.263622164726257324e-01
5.008253455162048340e-02
1.620914936065673828e-01
1.403641819953918457e+00
0.000000000000000000e+00
1.922912746667861938e-01
2.690690755844116211e+00
3.963329493999481201e-01
4.308572039008140564e-02
1.864695996046066284e-01
1.820309400558471680e+00
3.195176124572753906e-01
5.710466504096984863e-01
3.189441934227943420e-02
3.293339535593986511e-02
2.494631290435791016e+00
5.537351593375205994e-03
0.000000000000000000e+00
7.050222158432006836e-01
5.748275518417358398e-01
1.608565449714660645e+00
5.113083124160766602e-01
3.012843132019042969e-01
1.873213499784469604e-01
5.736466646194458008e-01
6.601675413548946381e-03
2.514803707599639893e-01
2.612045109272003174e-01
7.950271368026733398e-01
2.594563961029052734e-01
3.390143513679504395e-01
1.912354491651058197e-02
3.943871706724166870e-02
3.421520590782165527e-01
1.202299594879150391e+00
4.508424103260040283e-01
2.773962728679180145e-02
2.886030375957489014e-01
6.359678506851196289e-01
1.874534487724304199e-01
2.317764461040496826e-01
5.462455749511718750e-01
3.132073581218719482e-01
5.885114669799804688e-01
6.011768803000450134e-02
2.966999530792236328e+00
4.913150787353515625e+00
1.067900061607360840e+00
1.918648183345794678e-02
9.578222036361694336e-01
9.094755351543426514e-02
2.416695356369018555e-01
6.002004146575927734e-01
8.399822711944580078e-01
7.208153605461120605e-01
3.176697492599487305e-01
1.489620804786682129e-01
4.652798771858215332e-01
6.844673156738281250e-01
1.711647510528564453e-01
0.000000000000000000e+00
3.240639269351959229e-01
1.657022595405578613e+00
3.611077368259429932e-01
1.020205140113830566e+00
3.766819834709167480e-01
7.091077566146850586e-01
1.224564909934997559e+00
6.570512652397155762e-01
2.343335933983325958e-02
1.389619469642639160e+00
4.000040054321289062e+00
8.339452147483825684e-01
2.243733406066894531e+00
2.562411129474639893e-01
6.926663219928741455e-03
1.369110465049743652e+00
9.508764147758483887e-01
7.416142616420984268e-03
0.000000000000000000e+00
1.185848861932754517e-01
5.200604349374771118e-02
3.029031038284301758e+00
2.432189881801605225e-02
1.893933862447738647e-02
4.202859699726104736e-01
8.566309511661529541e-02
5.203907489776611328e-01
9.121420234441757202e-02
9.179401397705078125e-02
2.766922235488891602e+00
3.291852474212646484e-01
2.663411617279052734e+00
2.372435927391052246e-01
6.282258033752441406e-01
2.645928040146827698e-02
5.706198811531066895e-01
3.128080070018768311e-01
5.623281374573707581e-02
7.790226340293884277e-01
1.656222105026245117e+00
2.842434048652648926e-01
2.265363372862339020e-02
1.004136502742767334e-01
7.395229488611221313e-02
2.160315364599227905e-01
2.510906755924224854e-02
4.266387522220611572e-01
6.136265397071838379e-02
4.735720902681350708e-02
1.283722043037414551e+00
3.623665496706962585e-02
2.107401937246322632e-01
5.758129991590976715e-03
7.481834292411804199e-01
4.486370980739593506e-01
7.283767461776733398e-01
1.450413107872009277e+00
1.744286268949508667e-01
8.226557374000549316e-01
1.908303648233413696e-01
7.366788387298583984e-01
7.292622327804565430e-02
4.099668189883232117e-02
5.756148695945739746e-01
1.113352298736572266e+00
4.418493807315826416e-02
2.650550603866577148e-01
6.920445710420608521e-02
3.977908194065093994e-01
1.960733890533447266e+00
7.485152482986450195e-01
8.045199327170848846e-03
8.208677172660827637e-01
5.818921327590942383e-01
2.061752796173095703e+00
2.322731733322143555e+00
1.017697572708129883e+00
4.959942102432250977e-01
9.859858155250549316e-01
4.859137535095214844e+00
2.071842193603515625e+00
1.799304187297821045e-01
0.000000000000000000e+00
1.267474293708801270e+00
1.865656018257141113e+00
6.293622255325317383e-01
3.715247809886932373e-01
2.588892877101898193e-01
1.049024939537048340e+00
2.337372899055480957e-01
2.119483798742294312e-02
9.800247550010681152e-01
1.331690996885299683e-01
1.744569651782512665e-02
5.434900522232055664e-01
1.371312886476516724e-01
7.417183518409729004e-01
2.997642159461975098e-01
1.125877946615219116e-01
4.119327068328857422e-01
0.000000000000000000e+00
1.341069221496582031e+00
3.470120951533317566e-02
5.318292975425720215e-01
4.008719921112060547e-01
1.032856404781341553e-01
6.831406801939010620e-02
3.177083730697631836e-01
6.792473196983337402e-01
1.462013423442840576e-01
1.148283243179321289e+00
5.127194523811340332e-02
0.000000000000000000e+00
4.162677526473999023e-01
1.171716213226318359e+00
1.212628781795501709e-01
7.372919321060180664e-01
5.668296944350004196e-03
1.991613507270812988e-01
3.109779357910156250e-01
5.168329924345016479e-02
4.614106714725494385e-01
2.010028660297393799e-01
4.140784963965415955e-02
5.207968950271606445e-01
1.060583829879760742e+00
1.487015962600708008e+00
1.752731949090957642e-01
8.620986938476562500e-01
1.188043117523193359e+00
7.202153801918029785e-01
1.540613889694213867e+00
3.742551505565643311e-01
7.095962762832641602e-01
1.155815348029136658e-01
1.231726035475730896e-01
3.491536900401115417e-02
3.984228670597076416e-01
2.487914562225341797e-01
6.390956789255142212e-02
8.934655189514160156e-01
4.076699912548065186e-01
1.380509495735168457e+00
3.113776445388793945e-01
4.863588809967041016e+00
1.781648844480514526e-01
1.583137065172195435e-01
2.114392042160034180e+00
6.114807724952697754e-01
7.497863173484802246e-01
5.372019410133361816e-01
1.221194028854370117e+00
4.683608710765838623e-01
9.155312180519104004e-02
8.613778948783874512e-01
8.324344456195831299e-02
0.000000000000000000e+00
4.107459068298339844e+00
1.455141305923461914e-01
1.155649900436401367e+00
0.000000000000000000e+00
1.644062757492065430e+00
1.408844947814941406e+00
2.533734738826751709e-01
2.284780025482177734e+00
1.006672143936157227e+00
6.286868453025817871e-01
2.424549341201782227e+00
8.576547503471374512e-01
1.220442414283752441e+00
0.000000000000000000e+00
0.000000000000000000e+00
3.835009336471557617e-01
6.687276065349578857e-03
3.266024589538574219e-01
1.168231591582298279e-01
2.697319909930229187e-02
7.929399609565734863e-01
2.713410258293151855e-01
5.543836355209350586e-01
1.697430461645126343e-01
1.167834043502807617e+00
5.591975450515747070e-01
1.142881065607070923e-02
2.847562134265899658e-01
8.257888555526733398e-01
8.150638937950134277e-01
6.960335373878479004e-01
3.406239906325936317e-03
3.964414298534393311e-01
6.572197079658508301e-01
1.419684439897537231e-01
2.563213109970092773e-01
4.345882311463356018e-02
1.074233889579772949e+00
5.827099084854125977e-02
5.685847401618957520e-01
2.515041828155517578e-01
1.498876094818115234e+00
4.587224721908569336e-01
7.049316763877868652e-01
3.956431388854980469e+00
1.016672104597091675e-01
0.000000000000000000e+00
1.470468163490295410e+00
0.000000000000000000e+00
8.942281007766723633e-01
3.217287659645080566e-01
1.277543067932128906e+00
2.553150355815887451e-01
8.632174134254455566e-01
1.262399792671203613e+00
0.000000000000000000e+00
2.203838109970092773e+00
1.090589631348848343e-02
6.219035387039184570e-01
1.260538697242736816e-01
2.036414623260498047e+00
6.843233704566955566e-01
0.000000000000000000e+00
2.398815006017684937e-02
2.351045608520507812e+00
1.127747535705566406e+00
4.297713339328765869e-01
2.790641307830810547e+00
8.057575178099796176e-05
6.331247091293334961e-02
1.753029346466064453e+00
6.752071976661682129e-01
3.175347447395324707e-01
1.992279142141342163e-01
1.781814545392990112e-01
3.067664623260498047e+00
5.128896608948707581e-02
5.803932547569274902e-01
1.665063574910163879e-02
3.404762148857116699e-01
3.273047134280204773e-02
0.000000000000000000e+00
3.229823708534240723e-01
9.299698472023010254e-02
9.912118315696716309e-03
1.118496894836425781e+00
6.702873110771179199e-01
1.617593169212341309e-01
2.003157377243041992e+00
9.198105335235595703e-01
4.229824244976043701e-01
1.069424867630004883e+00
2.832073569297790527e-01
1.525283932685852051e+00
3.560090065002441406e-01
3.595946133136749268e-01
2.156856656074523926e-02
7.064026355743408203e+00
4.902133941650390625e-01
2.754825055599212646e-01
6.002477407455444336e-01
4.166419617831707001e-03
9.632988572120666504e-01
4.651262462139129639e-01
3.326235339045524597e-02
1.745513379573822021e-01
4.952564537525177002e-01
6.110427435487508774e-03
3.137910664081573486e-01
1.638732105493545532e-02
3.264776468276977539e-01
1.255439501255750656e-02
3.754214942455291748e-01
2.741793870925903320e+00
4.114378616213798523e-02
1.803077340126037598e+00
2.517429590225219727e-01
1.440348029136657715e-01
0.000000000000000000e+00
8.148341178894042969e-01
2.029967784881591797e+00
1.498510360717773438e+00
1.033417135477066040e-01
4.799125194549560547e-01
1.934587955474853516e-01
3.542902767658233643e-01
2.100332260131835938e+00
5.442894697189331055e-01
1.840421110391616821e-01
6.902756690979003906e-01
9.538942016661167145e-03
7.284186314791440964e-03
5.375828146934509277e-01
2.313329279422760010e-02
5.929579734802246094e-01
2.849562764167785645e-01
2.609460353851318359e+00
2.415706589818000793e-02
4.127324223518371582e-01
8.129689097404479980e-01
0.000000000000000000e+00
1.592647433280944824e+00
4.964224100112915039e-01
1.822915226221084595e-01
1.188801527023315430e-01
4.971710145473480225e-01
0.000000000000000000e+00
3.343193531036376953e-01
6.847317218780517578e-01
0.000000000000000000e+00
7.552475482225418091e-02
2.591598927974700928e-01
1.598480343818664551e+00
2.255989313125610352e-01
2.750295639038085938e+00
3.025348782539367676e-01
5.332763195037841797e-01
5.323376655578613281e-01
2.222385406494140625e-01
0.000000000000000000e+00
3.868353068828582764e-01
0.000000000000000000e+00
4.868367612361907959e-01
1.063107132911682129e+00
5.667328834533691406e-01
1.447709500789642334e-01
1.059447675943374634e-01
7.504175901412963867e-01
1.554105162620544434e+00
4.340034723281860352e-02
1.993789523839950562e-01
2.221374362707138062e-01
1.300756186246871948e-01
7.711018919944763184e-01
7.683972716331481934e-01
3.592352941632270813e-02
3.003950119018554688e+00
9.988565444946289062e-01
1.086093559861183167e-01
1.017182350158691406e+00
3.107109963893890381e-01
1.558995127677917480e+00
4.000540673732757568e-01
6.389852762222290039e-01
0.000000000000000000e+00
4.889221191406250000e-01
8.096033334732055664e-02
6.028428301215171814e-02
5.469854548573493958e-02
2.623906359076499939e-02
1.625370740890502930e+00
1.017762541770935059e+00
4.493582248687744141e-01
9.355791211128234863e-01
1.808538287878036499e-01
5.530335903167724609e-01
6.538068056106567383e-01
1.849271059036254883e-01
9.720125198364257812e-01
2.170011758804321289e+00
6.925609111785888672e-01
5.482540726661682129e-01
1.423048377037048340e+00
6.060655117034912109e-01
8.201410174369812012e-01
1.169699072837829590e+00
5.651631951332092285e-01
7.532940506935119629e-01
2.140602350234985352e+00
6.595820784568786621e-01
3.522903323173522949e-01
3.010386787354946136e-02
1.001296281814575195e+00
6.275759220123291016e+00
1.987285017967224121e+00
1.349730882793664932e-02
6.065849661827087402e-01
9.751620888710021973e-01
1.492235660552978516e+00
3.070523142814636230e-01
4.257768988609313965e-01
2.076131343841552734e+00
0.000000000000000000e+00
1.728069067001342773e+00
2.811483144760131836e-01
4.404497742652893066e-01
8.301556855440139771e-02
4.612851738929748535e-01
8.731102347373962402e-01
2.506756186485290527e-01
5.076864734292030334e-02
1.039004564285278320e+00
0.000000000000000000e+00
1.180022716522216797e+00
7.029465585947036743e-02
4.336358308792114258e-01
2.572847763076424599e-03
1.070565342903137207e+00
7.353375554084777832e-01
2.065979242324829102e-01
1.056687012314796448e-01
1.106816679239273071e-01
2.107990384101867676e-01
2.815570533275604248e-01
2.197833955287933350e-01
0.000000000000000000e+00
1.932503432035446167e-01
1.412955641746520996e+00
0.000000000000000000e+00
1.483985304832458496e+00
2.500921964645385742e+00
2.964030019938945770e-02
4.502480626106262207e-01
5.625485181808471680e-01
1.673942059278488159e-01
4.732133075594902039e-02
2.013674825429916382e-01
4.515105187892913818e-01
6.513800621032714844e-01
1.343818545341491699e+00
3.911490201950073242e+00
1.465097188949584961e+00
1.175790727138519287e-01
4.186909794807434082e-01
2.083800077438354492e+00
0.000000000000000000e+00
7.551032900810241699e-01
3.664660453796386719e+00
5.390894412994384766e-01
9.790585041046142578e-01
3.444216027855873108e-02
4.193782508373260498e-01
0.000000000000000000e+00
4.120996296405792236e-01
2.031984090805053711e+00
0.000000000000000000e+00
1.982771635055541992e+00
9.359234571456909180e-01
1.472851037979125977e-01
7.713345885276794434e-01
7.908002138137817383e-01
1.239310860633850098e+00
0.000000000000000000e+00
1.118887543678283691e+00
1.563361659646034241e-02
5.998230576515197754e-01
4.867103099822998047e-01
1.997201889753341675e-01
4.660296812653541565e-02
9.357587695121765137e-01
2.756478823721408844e-02
1.249533414840698242e+00
0.000000000000000000e+00
1.549199342727661133e+00
4.496842324733734131e-01
7.469594478607177734e-01
1.330828905105590820e+00
5.323969572782516479e-02
9.442014098167419434e-01
1.942310333251953125e-01
0.000000000000000000e+00
0.000000000000000000e+00
6.081957817077636719e-01
0.000000000000000000e+00
1.163745284080505371e+00
3.411930054426193237e-02
7.677472233772277832e-01
7.372230887413024902e-01
6.163401603698730469e-01
1.291897594928741455e-01
1.064504623413085938e+00
1.734977245330810547e+00
4.351992130279541016e+00
0.000000000000000000e+00
8.892481327056884766e-01
2.058193206787109375e+00
4.412147402763366699e-01
1.475359201431274414e+00
1.185037009418010712e-02
2.934924960136413574e-01
1.139927148818969727e+00
9.951716065406799316e-01
1.473598927259445190e-01
2.715517997741699219e+00
2.352402359247207642e-01
4.474371969699859619e-01
3.034045696258544922e+00
0.000000000000000000e+00
1.043285615742206573e-02
1.419756375253200531e-02
5.020791888236999512e-01
1.808810234069824219e+00
0.000000000000000000e+00
2.431584358215332031e+00
2.581912994384765625e+00
3.294283151626586914e-01
9.042457491159439087e-02
2.215278334915637970e-02
2.191112637519836426e-01
4.378811269998550415e-02
8.181367814540863037e-02
2.237907648086547852e+00
1.486490964889526367e-01
1.914587765932083130e-01
1.753787547349929810e-01
6.319020390510559082e-01
2.468637943267822266e+00
5.532105565071105957e-01
3.480410099029541016e+00
1.155133172869682312e-01
3.882127106189727783e-01
1.050168514251708984e+00
1.038379549980163574e+00
7.539781928062438965e-01
2.519972920417785645e-01
3.954542577266693115e-01
2.321781873703002930e+00
3.182483911514282227e-01
8.469826579093933105e-01
4.083261787891387939e-01
0.000000000000000000e+00
5.656315758824348450e-02
9.505998492240905762e-01
4.947651550173759460e-02
9.402815252542495728e-02
3.990073919296264648e+00
6.063741445541381836e-01
9.797169566154479980e-01
7.682328671216964722e-02
5.350963771343231201e-02
9.999494068324565887e-03
2.027061767876148224e-02
3.215967416763305664e-01
2.397099584341049194e-01
9.191741701215505600e-04
3.899862766265869141e-01
2.217287570238113403e-01
1.068915575742721558e-01
2.376548200845718384e-01
8.103721141815185547e-01
1.988963633775711060e-01
4.445715993642807007e-02
8.128719776868820190e-02
3.253256902098655701e-02
1.281593441963195801e+00
7.369247078895568848e-01
1.145836114883422852e+00
4.539654850959777832e-01
9.331937432289123535e-01
2.696205079555511475e-01
1.593038141727447510e-01
1.706902384757995605e-01
4.457585215568542480e-01
7.791550159454345703e-01
7.125930786132812500e-01
2.416598051786422729e-01
4.159656167030334473e-01
2.370254881680011749e-02
2.120149731636047363e-01
8.421801924705505371e-01
5.682051181793212891e-01
1.015801906585693359e+00
7.436529397964477539e-01
5.847900509834289551e-01
4.227830886840820312e+00
7.743618637323379517e-02
2.216788053512573242e+00
0.000000000000000000e+00
8.566841483116149902e-01
2.271311283111572266e+00
3.281399488449096680e+00
1.221419334411621094e+00
4.820066452026367188e+00
0.000000000000000000e+00
1.862048171460628510e-02
4.838917776942253113e-02
1.492985635995864868e-01
3.800198733806610107e-01
3.704954981803894043e-01
1.311813443899154663e-01
1.283304214477539062e+00
2.274016886949539185e-01
2.797317504882812500e-01
2.216330170631408691e-02
4.355508387088775635e-01
1.536698639392852783e-01
2.981462180614471436e-01
4.113249480724334717e-01
8.309265375137329102e-01
6.019270047545433044e-02
1.222338676452636719e+00
3.647167682647705078e-01
3.746775686740875244e-01
1.263718366622924805e+00
1.397117506712675095e-02
6.065886616706848145e-01
1.401360392570495605e+00
2.760083079338073730e-01
4.122523784637451172e+00
4.639880955219268799e-01
9.864091873168945312e-02
4.604460205882787704e-03
1.277288049459457397e-01
5.214053988456726074e-01
3.629302605986595154e-02
1.887706816196441650e-01
7.460579276084899902e-01
4.051141738891601562e+00
5.191868171095848083e-02
5.766068100929260254e-01
9.258037805557250977e-02
4.991701602935791016e+00
8.262781500816345215e-01
6.552147269248962402e-01
3.934721648693084717e-01
5.939760208129882812e-01
0.000000000000000000e+00
3.328061699867248535e-01
1.133327856659889221e-01
6.793507933616638184e-01
9.272748231887817383e-01
2.545317709445953369e-01
5.025275349617004395e-01
2.384753227233886719e+00
1.405986428260803223e+00
1.657526195049285889e-01
5.036411881446838379e-01
1.401615142822265625e-02
2.248125314712524414e+00
5.329980980604887009e-03
1.478111296892166138e-01
1.165893197059631348e+00
1.434982102364301682e-02
1.109637379646301270e+00
1.166578195989131927e-02
2.773530721664428711e+00
1.031937837600708008e+00
1.149342432618141174e-01
9.276558160781860352e-01
2.723002195358276367e+00
9.120414257049560547e-01
2.054776191711425781e+00
3.237304687500000000e+00
2.124978303909301758e+00
1.912909746170043945e-01
1.721412837505340576e-01
1.148185804486274719e-01
1.096089780330657959e-01
2.062648981809616089e-01
8.581028580665588379e-01
1.731462925672531128e-01
1.466420650482177734e+00
8.312814831733703613e-01
1.491936564445495605e+00
1.639705061912536621e+00
9.112813472747802734e-01
1.316982060670852661e-01
1.042423367500305176e+00
1.468084573745727539e+00
6.030921638011932373e-02
1.020817518234252930e+00
1.741575635969638824e-02
6.147512197494506836e-01
4.197894632816314697e-01
1.058730483055114746e-01
3.781970739364624023e-01
1.548704504966735840e-01
3.558967113494873047e-01
1.693443208932876587e-02
5.397211909294128418e-01
1.144591122865676880e-01
2.411342114210128784e-01
1.597354769706726074e+00
1.859324052929878235e-02
4.588961601257324219e-01
2.871444821357727051e-01
1.002544760704040527e-01
2.078970074653625488e-01
1.053428173065185547e+00
7.827460020780563354e-02
1.334238052368164062e+00
6.321941018104553223e-01
3.002505004405975342e-01
4.341509938240051270e-01
1.248516798019409180e+00
1.967699080705642700e-01
2.456368058919906616e-01
5.603432655334472656e-01
2.250015974044799805e+00
1.109341621398925781e+00
5.100813508033752441e-01
2.841098010540008545e-01
1.628060579299926758e+00
9.821704030036926270e-02
3.931762576103210449e-01
0.000000000000000000e+00
3.612285554409027100e-01
5.084582567214965820e-01
1.027233958244323730e+00
7.381501197814941406e-01
3.927387297153472900e-01
2.986910820007324219e+00
9.942102432250976562e-01
1.067640185356140137e-01
7.313085794448852539e-01
1.821855783462524414e+00
6.801940202713012695e-01
3.429378271102905273e-01
8.939062356948852539e-01
2.563190460205078125e-02
3.735983967781066895e-01
7.450696080923080444e-02
1.011367201805114746e+00
1.228532269597053528e-01
1.992415934801101685e-01
1.295122385025024414e+00
1.512670040130615234e+00
3.845738768577575684e-01
2.980969905853271484e+00
6.641818326897919178e-04
6.770676374435424805e-01
0.000000000000000000e+00
5.255350470542907715e-02
2.236760139465332031e+00
3.387052059173583984e+00
3.274497091770172119e-01
5.928093940019607544e-02
6.635503768920898438e-01
1.923498988151550293e+00
3.746328875422477722e-02
1.001047194004058838e-01
3.612041473388671875e-03
1.443621754646301270e+00
9.454061388969421387e-01
9.043020009994506836e-02
4.628899693489074707e-02
1.458323597908020020e+00
1.062931492924690247e-01
3.307487368583679199e-01
4.144636392593383789e-01
3.588221594691276550e-02
1.210669875144958496e+00
8.320141583681106567e-02
8.341364264488220215e-01
0.000000000000000000e+00
3.741869926452636719e-01
3.358214395120739937e-03
9.859310984611511230e-01
3.474993109703063965e-01
6.503334641456604004e-02
8.434115648269653320e-01
4.932803660631179810e-02
3.232209682464599609e-01
1.374302744865417480e+00
8.380972146987915039e-01
8.001365661621093750e-01
7.865373790264129639e-02
1.629137843847274780e-01
6.465340033173561096e-03
6.435543894767761230e-01
0.000000000000000000e+00
7.096549272537231445e-01
1.004915595054626465e+00
2.367758899927139282e-01
1.614001512527465820e+00
3.690979480743408203e-01
0.000000000000000000e+00
2.733910083770751953e-02
6.992217898368835449e-01
1.270906209945678711e+00
1.893382906913757324e+00
7.959862351417541504e-01
1.084803193807601929e-01
0.000000000000000000e+00
0.000000000000000000e+00
9.128382056951522827e-02
1.952566385269165039e+00
8.976969718933105469e-01
3.189403563737869263e-02
5.463819503784179688e-01
4.087752401828765869e-01
5.467595458030700684e-01
1.032816410064697266e+00
1.861763303168118000e-05
6.633224487304687500e-01
1.650366663932800293e+00
4.293866157531738281e+00
0.000000000000000000e+00
1.851409114897251129e-02
1.899930089712142944e-01
3.596164882183074951e-01
1.152855232357978821e-01
4.967975914478302002e-01
0.000000000000000000e+00
4.964627325534820557e-01
3.692149743437767029e-02
3.579635545611381531e-02
6.780730187892913818e-02
4.333181083202362061e-01
2.636214159429073334e-02
6.248271465301513672e-01
5.575433969497680664e-01
0.000000000000000000e+00
1.903095364570617676e+00
1.207359790802001953e+00
2.059545069932937622e-01
1.786390393972396851e-01
4.779921472072601318e-01
4.999115169048309326e-01
3.098678886890411377e-01
1.232089161872863770e+00
4.280697554349899292e-02
1.635941863059997559e-02
3.876999020576477051e-01
1.269148230552673340e+00
7.928191423416137695e-01
2.161981463432312012e-01
0.000000000000000000e+00
9.967204332351684570e-01
3.314957916736602783e-01
5.736881494522094727e-02
0.000000000000000000e+00
3.458204865455627441e-01
7.232071757316589355e-01
1.122130453586578369e-02
2.282844781875610352e-01
8.968816995620727539e-01
7.595210075378417969e-01
4.201159179210662842e-01
3.830201923847198486e-01
2.441428452730178833e-01
9.213677048683166504e-01
7.456166297197341919e-02
0.000000000000000000e+00
2.159842014312744141e+00
5.817093849182128906e-01
2.536737918853759766e-01
0.000000000000000000e+00
2.286922693252563477e+00
3.594603538513183594e-01
7.372116670012474060e-03
2.529394865036010742e+00
2.270438671112060547e+00
2.327186763286590576e-01
2.755721285939216614e-02
2.068025618791580200e-01
9.377200156450271606e-02
4.383752822875976562e+00
3.811083436012268066e-01
2.667349278926849365e-01
1.975483745336532593e-01
3.621076345443725586e+00
2.356981039047241211e-01
2.109925031661987305e+00
2.307544708251953125e+00
0.000000000000000000e+00
1.236731931567192078e-01
3.666255995631217957e-02
1.034470200538635254e+00
1.697320789098739624e-01
5.775898229330778122e-03
1.876759827136993408e-01
0.000000000000000000e+00
2.397800385951995850e-01
1.212083816528320312e+00
1.870059408247470856e-02
1.760405898094177246e+00
5.441720783710479736e-02
1.593571752309799194e-01
2.762963771820068359e-01
2.782457828521728516e+00
3.404276794753968716e-04
2.399952113628387451e-01
3.125133991241455078e+00
0.000000000000000000e+00
3.984397649765014648e-01
9.351532161235809326e-02
6.393593549728393555e-01
5.330862998962402344e-01
2.103818766772747040e-02
9.320187568664550781e-01
6.691594608128070831e-03
9.571172595024108887e-01
1.500778459012508392e-02
9.614370018243789673e-02
7.634073030203580856e-03
5.892239212989807129e-01
1.293281435966491699e+00
2.951936006546020508e+00
2.564162969589233398e+00
9.299567900598049164e-03
9.024899452924728394e-03
2.017169445753097534e-01
6.057689189910888672e-01
1.811952516436576843e-02
3.074562549591064453e-01
4.305388331413269043e-01
5.549529194831848145e-02
1.314814686775207520e+00
1.345390528440475464e-01
1.175707504153251648e-01
2.886297006625682116e-04
1.736467778682708740e-01
1.154926896095275879e+00
3.939279019832611084e-01
0.000000000000000000e+00
2.586607933044433594e-01
1.334494948387145996e+00
4.222216606140136719e-01
1.046816408634185791e-01
8.354444056749343872e-02
0.000000000000000000e+00
1.700274050235748291e-01
1.375467419624328613e+00
2.033407986164093018e-01
1.800390243530273438e+00
0.000000000000000000e+00
1.160852313041687012e+00
7.484830617904663086e-01
1.276647567749023438e+00
1.356956839561462402e+00
6.018139421939849854e-02
5.166831493377685547e+00
7.961207628250122070e-01
2.003106117248535156e+00
2.736181207001209259e-02
2.579654455184936523e-01
1.013146489858627319e-01
2.794657051563262939e-01
5.221298933029174805e-01
3.031908869743347168e-01
1.641340851783752441e-01
2.763480506837368011e-02
1.269467733800411224e-02
5.179222822189331055e-01
3.451255857944488525e-01
1.481031656265258789e+00
1.421020925045013428e-01
1.355846524238586426e+00
1.081413477659225464e-01
2.538871288299560547e+00
2.373658306896686554e-02
5.330276116728782654e-02
4.156872034072875977e-01
3.535339534282684326e-01
1.818568468093872070e+00
3.256216049194335938e+00
3.757116496562957764e-01
3.664050698280334473e-01
4.356332421302795410e-01
2.886606693267822266e+00
6.892858147621154785e-01
2.392803430557250977e-01
2.365255355834960938e+00
5.038440227508544922e-01
4.670570194721221924e-01
9.948776364326477051e-01
0.000000000000000000e+00
6.524452567100524902e-02
2.587493896484375000e+00
3.565508723258972168e-01
2.141655534505844116e-01
2.635142505168914795e-01
4.580564796924591064e-01
2.715092182159423828e+00
5.890111923217773438e-01
4.086310863494873047e-01
6.113988757133483887e-01
4.465782046318054199e-01
1.382768750190734863e+00
6.215904280543327332e-02
4.429787099361419678e-01
9.531579911708831787e-02
1.196085363626480103e-01
1.154446840286254883e+00
8.105996996164321899e-02
2.009475827217102051e-01
1.787007451057434082e-01
2.852292358875274658e-02
2.306062877178192139e-01
8.703346550464630127e-02
1.148778557777404785e+00
8.117099404335021973e-01
0.000000000000000000e+00
1.240721121430397034e-01
3.471917212009429932e-01
1.347628831863403320e+00
8.281695097684860229e-02
3.930778503417968750e-01
5.374167561531066895e-01
4.169526100158691406e-01
0.000000000000000000e+00
3.547676652669906616e-02
2.554672658443450928e-01
0.000000000000000000e+00
4.389182031154632568e-01
1.071701198816299438e-02
1.019259467720985413e-01
2.776926159858703613e-01
1.888420581817626953e-01
2.820342183113098145e-01
5.019716024398803711e-01
7.019426822662353516e-01
1.655628561973571777e+00
1.558445811271667480e+00
4.904710501432418823e-02
3.706473410129547119e-01
3.830911636352539062e+00
1.317002475261688232e-01
9.122882783412933350e-02
7.736625075340270996e-01
4.436425864696502686e-01
6.422693729400634766e-01
2.737406268715858459e-02
4.898232519626617432e-01
4.536750614643096924e-01
5.493597984313964844e-01
2.216724157333374023e+00
5.599124431610107422e-01
2.104868926107883453e-02
7.058344036340713501e-02
8.835143595933914185e-02
1.373918652534484863e+00
7.597391009330749512e-01
6.757739186286926270e-02
2.014414072036743164e+00
7.040067575871944427e-03
7.485479116439819336e-01
9.008999913930892944e-03
6.795284152030944824e-02
3.768739998340606689e-01
1.329584419727325439e-01
2.002401113510131836e+00
3.992645263671875000e+00
3.887920081615447998e-01
5.321485549211502075e-02
5.311208963394165039e-01
8.740167617797851562e-01
2.454308271408081055e+00
3.573457524180412292e-02
1.326887607574462891e+00
1.360112130641937256e-01
0.000000000000000000e+00
2.830540537834167480e-01
4.511865228414535522e-02
5.915848910808563232e-02
1.736182905733585358e-02
3.174532949924468994e-01
1.511571407318115234e+00
1.089929699897766113e+00
2.583878040313720703e+00
1.158614754676818848e+00
1.577998995780944824e-01
5.799903273582458496e-01
3.239845857024192810e-02
1.615268468856811523e+00
4.522637464106082916e-03
1.361733525991439819e-01
0.000000000000000000e+00
2.513400316238403320e-01
0.000000000000000000e+00
3.190551996231079102e-01
7.198055088520050049e-02
1.267930567264556885e-01
6.444817036390304565e-02
3.751167058944702148e-01
0.000000000000000000e+00
2.394893467426300049e-01
1.158435940742492676e+00
8.882022649049758911e-02
2.533803582191467285e-01
6.298906207084655762e-01
5.959501862525939941e-01
6.795546412467956543e-02
3.886786103248596191e-01
8.234952092170715332e-01
2.350252270698547363e-01
5.742300748825073242e-01
4.006115794181823730e-01
1.224235892295837402e-01
8.168467283248901367e-01
1.031512856483459473e+00
8.478451520204544067e-02
3.947230875492095947e-01
1.863532215356826782e-01
8.866522461175918579e-02
0.000000000000000000e+00
4.338090121746063232e-01
8.139488697052001953e-01
0.000000000000000000e+00
1.443713605403900146e-01
3.155406475067138672e+00
3.882293775677680969e-02
4.118162691593170166e-01
1.164683341979980469e+00
2.432926177978515625e+00
8.675259351730346680e-01
4.556984305381774902e-01
8.881770372390747070e-01
1.385618448257446289e+00
1.273453712463378906e+00
4.684375226497650146e-02
1.756167650222778320e+00
3.921979665756225586e-01
1.274341464042663574e+00
1.044944882392883301e+00
2.204369455575942993e-01
1.322537809610366821e-01
1.659463793039321899e-01
1.954946517944335938e-01
6.781910657882690430e-01
2.236096262931823730e-01
7.208991050720214844e-01
1.572778940200805664e+00
1.597028613090515137e+00
1.418334603309631348e+00
1.065616831183433533e-01
1.064973101019859314e-01
1.391517758369445801e+00
3.517502844333648682e-01
1.221843481063842773e+00
1.337382912635803223e+00
1.883906960487365723e+00
8.605746030807495117e-01
3.306539356708526611e-02
1.174275755882263184e+00
7.267556190490722656e-01
9.897672533988952637e-01
6.968203783035278320e-01
2.750150918960571289e+00
8.417147397994995117e-01
4.613942503929138184e-01
7.035610731691122055e-03
1.170045852661132812e+00
1.292444467544555664e+00
1.657744795083999634e-01
3.683226406574249268e-01
1.635115444660186768e-01
5.397026985883712769e-02
1.119186282157897949e-01
4.989027380943298340e-01
2.745246589183807373e-01
9.473932385444641113e-01
0.000000000000000000e+00
1.767243146896362305e-01
1.081100463867187500e+00
9.735152721405029297e-01
1.263404369354248047e+00
1.786670535802841187e-01
1.506461650133132935e-01
2.085071988403797150e-02
4.019615054130554199e-01
2.592017054557800293e-01
4.798661172389984131e-01
7.808184018358588219e-04
9.854791760444641113e-01
6.533066183328628540e-02
6.650283932685852051e-01
6.579303741455078125e-02
1.385728955268859863e+00
6.934101581573486328e-01
9.503486156463623047e-01
0.000000000000000000e+00
2.679604053497314453e+00
5.605812549591064453e+00
2.875976562500000000e-01
1.398314476013183594e+00
1.624335050582885742e-01
4.657716676592826843e-02
5.820834636688232422e-01
1.309587061405181885e-01
4.184665679931640625e-01
3.473129987716674805e+00
2.862037122249603271e-01
5.282689929008483887e-01
3.141518533229827881e-01
5.283891201019287109e+00
9.294757246971130371e-02
1.061491250991821289e+00
7.152645289897918701e-02
1.312675029039382935e-01
8.792064189910888672e-01
2.233809679746627808e-01
1.248964309692382812e+00
3.012257814407348633e-01
2.271530628204345703e+00
3.914858698844909668e-01
2.676041796803474426e-02
8.444179892539978027e-01
1.040446519851684570e+00
8.101300001144409180e-01
1.225853711366653442e-02
2.219293832778930664e+00
7.347292304039001465e-01
3.474157750606536865e-01
5.577412843704223633e-01
9.261238574981689453e-02
1.530986875295639038e-01
9.782471060752868652e-01
1.002891547977924347e-02
2.229822576045989990e-01
9.910339862108230591e-02
1.332216113805770874e-01
9.262336492538452148e-01
5.944828987121582031e-01
7.100307941436767578e-01
1.081647351384162903e-01
1.386403143405914307e-01
2.279294878244400024e-01
1.317620575428009033e-01
6.628457903861999512e-01
1.620145082473754883e+00
4.976506158709526062e-02
5.321171600371599197e-03
0.000000000000000000e+00
2.086640745401382446e-01
1.669565916061401367e+00
2.445651590824127197e-02
6.733902730047702789e-03
4.938123226165771484e-01
3.795315921306610107e-01
1.087415337562561035e+00
4.082217440009117126e-02
1.324320793151855469e+00
1.101508387364447117e-03
8.855168819427490234e-01
1.312850952148437500e+00
5.253955125808715820e-01
0.000000000000000000e+00
2.485710196197032928e-02
3.456766307353973389e-01
2.087165415287017822e-01
1.454909518361091614e-02
2.019156962633132935e-01
0.000000000000000000e+00
1.984399259090423584e-01
1.577225565910339355e+00
0.000000000000000000e+00
1.090722680091857910e+00
1.013103246688842773e+00
1.726675033569335938e+00
7.872307300567626953e-01
1.425717115402221680e+00
0.000000000000000000e+00
1.860296428203582764e-01
2.033454775810241699e-01
2.945443093776702881e-01
3.709895303472876549e-03
2.499270141124725342e-01
1.293842494487762451e-01
0.000000000000000000e+00
2.088836729526519775e-01
4.816516116261482239e-02
8.672786355018615723e-01
0.000000000000000000e+00
4.195030629634857178e-01
1.208829879760742188e-01
1.473371684551239014e-01
1.782200455665588379e+00
4.264700710773468018e-01
