1.670290231704711914e+00
7.542513310909271240e-02
3.642706573009490967e-01
3.931743502616882324e-01
1.305518746376037598e+00
3.624346852302551270e-01
1.050777547061443329e-02
0.000000000000000000e+00
2.188654392957687378e-01
4.846082255244255066e-02
4.918131232261657715e-01
4.358873069286346436e-01
1.491715013980865479e-01
2.056007832288742065e-01
2.944886870682239532e-02
2.220295518636703491e-01
0.000000000000000000e+00
1.557215452194213867e-01
8.816073536872863770e-01
3.325094878673553467e-01
8.027179539203643799e-02
3.147388100624084473e-01
1.164344176650047302e-01
5.446743965148925781e-01
1.174366939812898636e-02
3.240595757961273193e-01
1.136585921049118042e-01
5.374842882156372070e-01
3.309694528579711914e+00
1.362312793731689453e+00
1.295041292905807495e-02
1.878376752138137817e-01
0.000000000000000000e+00
0.000000000000000000e+00
6.634616255760192871e-01
4.514912962913513184e-01
2.373898178339004517e-01
1.315506339073181152e+00
1.570381224155426025e-01
6.011006236076354980e-01
3.722997754812240601e-02
1.612279191613197327e-02
1.074500083923339844e+00
5.071818456053733826e-02
1.048057913780212402e+00
8.092444539070129395e-01
1.384842276573181152e+00
3.819352686405181885e-01
7.498955130577087402e-01
3.215777575969696045e-01
8.288808465003967285e-01
0.000000000000000000e+00
4.282690957188606262e-02
9.805050492286682129e-02
2.477704882621765137e-01
6.234796717762947083e-02
7.425638437271118164e-01
7.810688763856887817e-02
2.431102842092514038e-02
7.235136032104492188e-01
3.316536312922835350e-04
4.954766482114791870e-03
0.000000000000000000e+00
3.323038816452026367e-01
4.591923058032989502e-01
4.446942359209060669e-02
1.437179148197174072e-01
0.000000000000000000e+00
1.174691095948219299e-01
1.628520488739013672e-01
4.127203822135925293e-01
1.349713802337646484e-01
4.774667024612426758e-01
4.759005270898342133e-03
3.355502784252166748e-01
2.129750996828079224e-01
1.690547913312911987e-01
5.597649812698364258e-01
1.249393224716186523e+00
9.087536334991455078e-01
9.494592547416687012e-01
6.917768120765686035e-01
4.238639473915100098e-01
1.117574214935302734e+00
2.040641568601131439e-02
3.324474096298217773e-01
1.158997267484664917e-01
7.720218300819396973e-01
8.088633418083190918e-01
4.422986805438995361e-01
2.745526313781738281e+00
4.307498931884765625e-01
7.321765422821044922e-01
0.000000000000000000e+00
2.429956644773483276e-01
1.835527658462524414e+00
6.014601141214370728e-02
0.000000000000000000e+00
3.103340864181518555e-01
7.380023598670959473e-02
0.000000000000000000e+00
1.034895256161689758e-01
1.321304291486740112e-01
2.823159694671630859e-01
0.000000000000000000e+00
0.000000000000000000e+00
2.100005149841308594e+00
4.407641887664794922e-01
7.927988767623901367e-01
0.000000000000000000e+00
1.277855992317199707e+00
1.046623110771179199e+00
1.065384864807128906e+00
1.689187884330749512e-01
0.000000000000000000e+00
4.330321252346038818e-01
2.695453166961669922e-01
1.715653240680694580e-01
1.768455147743225098e+00
0.000000000000000000e+00
2.316572427749633789e+00
2.619850635528564453e-01
1.520635128021240234e+00
3.974496424198150635e-01
3.913134813308715820e+00
8.122765421867370605e-01
9.233332425355911255e-02
6.347944140434265137e-01
0.000000000000000000e+00
1.432029604911804199e-01
6.511867046356201172e-02
2.759468555450439453e-01
2.117512941360473633e+00
2.485560923814773560e-01
1.985914818942546844e-02
3.721237480640411377e-01
4.855071604251861572e-01
6.928706765174865723e-01
3.299606218934059143e-02
0.000000000000000000e+00
2.059255361557006836e+00
4.370132088661193848e-01
4.220305476337671280e-03
6.078682541847229004e-01
1.449038833379745483e-01
2.226059198379516602e+00
0.000000000000000000e+00
5.082610845565795898e-01
2.481103241443634033e-01
9.389682412147521973e-01
1.943941831588745117e+00
6.139528751373291016e-01
3.982633724808692932e-02
4.371925294399261475e-01
5.842754840850830078e-01
7.645459175109863281e-01
4.099031537771224976e-02
7.502507567405700684e-01
2.017861753702163696e-01
5.866215229034423828e-01
6.237671971321105957e-01
3.714908286929130554e-02
8.382354974746704102e-01
2.057662755250930786e-01
5.624687671661376953e-01
1.582389324903488159e-01
1.939023435115814209e-01
3.567922115325927734e-01
7.643312215805053711e-01
7.338616997003555298e-02
8.170811343006789684e-04
0.000000000000000000e+00
7.756774425506591797e-01
1.569240689277648926e-01
0.000000000000000000e+00
5.943452715873718262e-01
1.806631445884704590e+00
1.291327238082885742e+00
3.260690271854400635e-01
2.283149510622024536e-01
3.002297282218933105e-01
0.000000000000000000e+00
2.362377941608428955e-02
1.623948574066162109e+00
1.469510436058044434e+00
1.678070127964019775e-01
0.000000000000000000e+00
6.845211982727050781e-01
9.373839199542999268e-02
0.000000000000000000e+00
3.974351286888122559e-01
6.200824975967407227e-01
0.000000000000000000e+00
6.324139237403869629e-01
0.000000000000000000e+00
1.107036620378494263e-01
1.424200892448425293e+00
2.698552370071411133e+00
8.343344926834106445e-01
5.146706104278564453e-01
9.979906678199768066e-01
2.945528626441955566e-01
8.697197437286376953e-01
5.502552390098571777e-01
5.727992057800292969e-01
2.892236225306987762e-04
1.129133105278015137e+00
0.000000000000000000e+00
9.189364910125732422e-01
2.566840648651123047e+00
1.861093007028102875e-02
7.149255834519863129e-03
1.706691831350326538e-01
1.485000133514404297e+00
1.980874240398406982e-01
3.505345582962036133e-01
2.121072262525558472e-01
4.070618748664855957e-02
1.847850084304809570e-01
1.781811565160751343e-01
0.000000000000000000e+00
9.213193058967590332e-01
1.655832082033157349e-01
2.078034728765487671e-01
9.428039938211441040e-02
1.006404906511306763e-01
7.966465950012207031e-01
2.425048947334289551e-01
8.781573176383972168e-02
4.324584081768989563e-02
0.000000000000000000e+00
6.215157508850097656e-01
7.056844234466552734e-02
6.891027837991714478e-02
2.691208422183990479e-01
9.693335741758346558e-02
1.622635573148727417e-01
6.145840883255004883e-01
7.467679679393768311e-02
1.552361398935317993e-01
9.957481622695922852e-01
5.337477922439575195e-01
3.456462547183036804e-02
6.845469772815704346e-02
5.195346102118492126e-02
1.415542244911193848e+00
1.298274993896484375e+00
4.376565515995025635e-01
3.247220516204833984e-01
1.875876545906066895e+00
0.000000000000000000e+00
0.000000000000000000e+00
5.151441097259521484e-01
4.145085215568542480e-01
5.521874427795410156e-01
4.545347690582275391e-01
0.000000000000000000e+00
3.557593226432800293e-01
3.600020408630371094e-01
0.000000000000000000e+00
7.808098196983337402e-01
3.396189585328102112e-02
0.000000000000000000e+00
1.772436797618865967e-01
7.813202142715454102e-01
2.478293329477310181e-01
1.480255834758281708e-02
1.302313655614852905e-01
0.000000000000000000e+00
1.577388346195220947e-01
2.035748679190874100e-03
1.737424373626708984e+00
2.512574195861816406e-01
6.656604260206222534e-02
7.479852437973022461e-02
2.253974042832851410e-02
4.592293500900268555e-02
3.772336989641189575e-02
0.000000000000000000e+00
1.854910701513290405e-01
8.764432668685913086e-01
4.657015204429626465e-01
2.149655520915985107e-01
1.335303336381912231e-01
4.698073863983154297e-01
2.286341190338134766e-01
2.295740842819213867e-01
2.743649780750274658e-01
6.327412128448486328e-01
0.000000000000000000e+00
3.719585388898849487e-02
1.673165149986743927e-02
2.807413637638092041e-01
7.796204090118408203e-01
6.343791633844375610e-02
5.544720292091369629e-01
6.546841263771057129e-01
2.024392597377300262e-03
4.167177677154541016e-01
3.676156103610992432e-01
1.150108650326728821e-01
5.324243307113647461e-01
1.139541938900947571e-01
8.311544358730316162e-02
1.682260036468505859e-01
1.823630332946777344e+00
0.000000000000000000e+00
4.798556864261627197e-02
3.541663289070129395e-02
1.152798056602478027e+00
5.838001891970634460e-02
2.710058391094207764e-01
9.965596199035644531e-01
1.314944863319396973e+00
6.994211673736572266e-02
9.790308475494384766e-01
2.666320800781250000e-01
3.219917118549346924e-01
7.410334050655364990e-02
4.701549559831619263e-02
2.181835025548934937e-01
3.503864258527755737e-02
2.103887498378753662e-02
7.386758923530578613e-02
0.000000000000000000e+00
0.000000000000000000e+00
2.093664854764938354e-01
6.907087564468383789e-02
2.761694416403770447e-02
1.453579902648925781e+00
3.051810860633850098e-01
1.361352354288101196e-01
4.783774316310882568e-01
1.361621737480163574e+00
0.000000000000000000e+00
4.416473209857940674e-01
9.532718919217586517e-03
0.000000000000000000e+00
4.597329199314117432e-01
0.000000000000000000e+00
2.683480024337768555e+00
2.686161398887634277e-01
1.299524456262588501e-01
0.000000000000000000e+00
1.279952004551887512e-02
0.000000000000000000e+00
5.875144526362419128e-02
3.501051962375640869e-01
3.344028070569038391e-02
1.710179001092910767e-01
2.367185056209564209e-01
6.119499355554580688e-02
4.657018184661865234e-01
1.553529947996139526e-01
3.831756114959716797e-02
3.529786691069602966e-02
1.510537147521972656e+00
3.166176676750183105e-01
9.917494654655456543e-02
2.453650906682014465e-02
2.456855215132236481e-02
5.061401724815368652e-01
5.335395783185958862e-02
5.243734121322631836e-01
6.535365581512451172e-01
6.223818659782409668e-01
8.932204246520996094e-01
2.558902278542518616e-02
3.103839457035064697e-01
4.352256283164024353e-02
2.659026533365249634e-03
0.000000000000000000e+00
2.483402788639068604e-01
5.282737687230110168e-02
1.869312822818756104e-01
7.804323673248291016e+00
5.845738574862480164e-02
7.101438939571380615e-02
0.000000000000000000e+00
8.000313639640808105e-01
2.756810979917645454e-03
0.000000000000000000e+00
2.121454030275344849e-01
2.026276886463165283e-01
5.460543558001518250e-02
2.465925455093383789e+00
5.283358320593833923e-02
1.437076926231384277e+00
1.569171547889709473e-01
1.417992591857910156e+00
5.014784932136535645e-01
4.296785891056060791e-01
2.258733958005905151e-01
0.000000000000000000e+00
1.880557656288146973e+00
2.500294208526611328e+00
1.169179938733577728e-02
5.473043322563171387e-01
5.994268655776977539e-01
6.190625578165054321e-02
3.250463724136352539e+00
2.128972530364990234e+00
1.179911136627197266e+00
5.582256317138671875e-01
1.124486029148101807e-01
1.734072446823120117e+00
5.955027937889099121e-01
7.828861474990844727e-02
3.835989534854888916e-02
4.245875477790832520e-01
4.860084354877471924e-01
7.585176229476928711e-01
0.000000000000000000e+00
0.000000000000000000e+00
1.436606701463460922e-02
3.783293068408966064e-01
5.451523512601852417e-02
5.927240252494812012e-01
1.752821058034896851e-01
2.903708815574645996e-01
9.506633132696151733e-02
1.034639000892639160e+00
0.000000000000000000e+00
1.282288193702697754e+00
4.794808849692344666e-02
5.039155483245849609e-03
2.247301787137985229e-01
2.249254882335662842e-01
5.549374222755432129e-02
0.000000000000000000e+00
2.318023443222045898e+00
2.735269963741302490e-01
6.105757877230644226e-02
3.223261237144470215e-02
2.156595885753631592e-01
5.038159433752298355e-03
5.749066472053527832e-01
6.736177206039428711e-02
6.782394647598266602e-02
5.986050143837928772e-02
1.499910801649093628e-01
8.259915709495544434e-01
2.232110127806663513e-03
1.439910054206848145e+00
6.576722115278244019e-02
2.697610110044479370e-02
1.827478408813476562e+00
1.518752694129943848e+00
3.435241878032684326e-01
7.567831873893737793e-02
9.566714167594909668e-01
3.213783958926796913e-03
2.292029857635498047e+00
5.031749978661537170e-02
2.278590679168701172e+00
8.481565117835998535e-02
9.338579177856445312e-01
0.000000000000000000e+00
1.981781572103500366e-01
1.319998800754547119e-01
2.004928350448608398e+00
4.279903471469879150e-01
5.852827429771423340e-01
2.336105346679687500e+00
1.357731521129608154e-01
1.357732713222503662e-01
7.373778820037841797e-01
1.105545639991760254e+00
2.642509043216705322e-01
3.740463405847549438e-02
3.496798992156982422e+00
3.575631678104400635e-01
9.718640148639678955e-02
7.708653807640075684e-01
0.000000000000000000e+00
1.426158100366592407e-01
1.322355419397354126e-01
1.805024035274982452e-02
3.387995362281799316e-01
1.908640027046203613e+00
3.030220270156860352e-01
7.865486145019531250e-01
2.246016502380371094e+00
1.509923487901687622e-01
5.574446171522140503e-02
4.064388275146484375e-01
6.264511346817016602e-01
7.897542673163115978e-04
1.397665739059448242e+00
8.577410578727722168e-01
2.673371732234954834e-01
2.942501008510589600e-01
2.422358691692352295e-01
1.473259925842285156e-01
5.888205170631408691e-01
5.171871557831764221e-02
1.831062883138656616e-02
2.836872339248657227e-01
3.380222022533416748e-01
0.000000000000000000e+00
1.212100312113761902e-02
4.532036837190389633e-03
2.079671382904052734e+00
3.875226480886340141e-03
8.456391096115112305e-01
7.861538976430892944e-02
2.963089644908905029e-01
4.649787843227386475e-01
2.209800481796264648e-01
3.757574260234832764e-01
0.000000000000000000e+00
1.903866231441497803e-02
1.192898154258728027e-01
0.000000000000000000e+00
7.059556245803833008e-02
1.361724883317947388e-01
1.745490282773971558e-01
4.212674200534820557e-01
0.000000000000000000e+00
7.918494343757629395e-01
1.294900663197040558e-02
6.365475058555603027e-01
1.407777786254882812e+00
0.000000000000000000e+00
0.000000000000000000e+00
6.445883959531784058e-02
1.889154314994812012e-01
5.978497117757797241e-02
3.186310231685638428e-01
2.032211422920227051e-01
5.437454953789710999e-02
3.024226725101470947e-01
7.220414876937866211e-01
0.000000000000000000e+00
2.070161402225494385e-01
1.065434068441390991e-01
1.003296017646789551e+00
4.129703044891357422e-01
3.115965723991394043e-01
2.385610044002532959e-01
2.217922955751419067e-01
2.861331403255462646e-01
7.668105885386466980e-03
1.861262440681457520e+00
1.827964782714843750e-01
7.873961701989173889e-03
1.138219237327575684e-01
3.882087767124176025e-01
6.333491206169128418e-01
2.089161425828933716e-01
4.450585544109344482e-01
2.007210552692413330e-01
2.799894101917743683e-02
4.713157191872596741e-02
5.995684769004583359e-03
1.158267334103584290e-01
1.592563465237617493e-02
1.015301585197448730e+00
5.836429595947265625e-01
1.389467477798461914e+00
6.691610813140869141e-02
1.324861198663711548e-01
1.262780904769897461e+00
2.034057378768920898e+00
7.346504330635070801e-01
1.268903970718383789e+00
5.668278336524963379e-01
6.121094226837158203e-01
8.868072032928466797e-01
5.511813759803771973e-01
0.000000000000000000e+00
3.730848729610443115e-01
2.044957578182220459e-01
3.101793825626373291e-01
0.000000000000000000e+00
1.640946976840496063e-02
6.710168719291687012e-02
4.049825370311737061e-01
2.994849920272827148e+00
4.081190526485443115e-01
1.292925238609313965e+00
2.690106630325317383e-01
0.000000000000000000e+00
8.025892376899719238e-01
2.110759913921356201e-01
0.000000000000000000e+00
6.904171705245971680e-01
3.651375174522399902e-01
8.912626653909683228e-02
0.000000000000000000e+00
4.571460187435150146e-02
3.080337345600128174e-01
1.719305217266082764e-01
8.109844923019409180e-01
1.037632822990417480e+00
1.336580216884613037e-01
2.572607398033142090e-01
4.411260783672332764e-01
1.098410487174987793e+00
9.652497619390487671e-02
5.782641768455505371e-01
3.970747888088226318e-01
0.000000000000000000e+00
2.012278437614440918e-01
3.594473302364349365e-01
8.657515645027160645e-01
3.065071702003479004e-01
1.803813219070434570e+00
5.417191386222839355e-01
1.256889402866363525e-01
1.818622499704360962e-01
2.131354808807373047e+00
3.216145634651184082e-01
7.413332164287567139e-02
0.000000000000000000e+00
0.000000000000000000e+00
2.155037671327590942e-01
1.267157047986984253e-01
2.033237367868423462e-03
2.448345124721527100e-01
4.497969448566436768e-01
1.403372436761856079e-01
2.371960692107677460e-02
2.847359180450439453e-01
1.428265720605850220e-01
1.168694019317626953e+00
4.396511912345886230e-01
4.317397773265838623e-01
2.845750004053115845e-02
7.599464654922485352e-01
8.652890473604202271e-02
4.507501795887947083e-02
8.100184202194213867e-01
3.953100740909576416e-01
0.000000000000000000e+00
3.478281974792480469e+00
2.644305229187011719e-01
6.840209960937500000e-01
0.000000000000000000e+00
7.380480170249938965e-01
3.485206663608551025e-01
4.289333708584308624e-03
4.107298552989959717e-01
9.362720698118209839e-02
4.652720928192138672e+00
2.725111722946166992e+00
1.927488446235656738e-01
1.442867051810026169e-02
1.237227544188499451e-01
0.000000000000000000e+00
9.123929738998413086e-01
1.244580596685409546e-01
1.187985658645629883e+00
1.379190832376480103e-01
1.273788809776306152e-01
2.092192888259887695e+00
4.294355213642120361e-02
2.932376265525817871e-01
1.174691505730152130e-02
2.546123981475830078e+00
6.844887882471084595e-02
7.636779546737670898e-01
2.977740466594696045e-01
4.190501943230628967e-02
1.576413959264755249e-02
1.064564809203147888e-01
4.218358919024467468e-02
7.985340058803558350e-02
1.689677000045776367e+00
5.826573371887207031e-01
4.871606528759002686e-01
1.972939223051071167e-01
2.957409806549549103e-02
2.831809818744659424e-01
4.801724571734666824e-03
2.979944944381713867e-01
3.294880688190460205e-02
1.241162419319152832e-01
0.000000000000000000e+00
8.813598155975341797e-01
6.518112421035766602e-01
5.359375476837158203e-01
4.685558676719665527e-01
1.549891829490661621e+00
6.355577707290649414e-01
9.166653268039226532e-03
0.000000000000000000e+00
1.952551752328872681e-01
1.235785603523254395e+00
9.346943348646163940e-02
2.219868898391723633e-01
3.148517012596130371e-01
1.669994592666625977e+00
8.905133232474327087e-03
1.570451855659484863e+00
5.372592434287071228e-02
0.000000000000000000e+00
7.684604823589324951e-02
3.314018249511718750e-01
1.197439193725585938e+00
2.561748586595058441e-02
1.984410136938095093e-01
2.133733510971069336e+00
0.000000000000000000e+00
0.000000000000000000e+00
7.153980731964111328e-01
1.752398252487182617e+00
7.289912700653076172e-01
4.562358930706977844e-02
0.000000000000000000e+00
9.839116334915161133e-01
2.698148488998413086e-01
8.111172914505004883e-01
1.952455043792724609e-01
2.699031531810760498e-01
8.354602456092834473e-01
7.018374204635620117e-01
6.637244671583175659e-02
0.000000000000000000e+00
3.830515146255493164e-01
5.122278928756713867e-01
1.645372062921524048e-02
4.547584652900695801e-01
8.950292468070983887e-01
1.190598726272583008e+00
7.497173547744750977e-02
1.013839319348335266e-01
1.211115252226591110e-02
5.787431076169013977e-02
1.970324367284774780e-01
7.292804121971130371e-01
7.204556604847311974e-04
1.502564251422882080e-01
2.463758923113346100e-02
1.844528168439865112e-01
3.880558967590332031e+00
3.089437447488307953e-02
5.068539455533027649e-02
1.029683649539947510e-01
7.743459939956665039e-02
7.193285226821899414e-02
6.288968324661254883e-01
0.000000000000000000e+00
6.423164159059524536e-02
8.478930592536926270e-01
6.266534328460693359e-01
0.000000000000000000e+00
5.315064191818237305e-01
2.203729152679443359e+00
2.740821242332458496e-01
7.279141247272491455e-02
0.000000000000000000e+00
9.982960820198059082e-01
6.737612932920455933e-02
1.208667039871215820e+00
7.012237906455993652e-01
1.300302267074584961e+00
1.466377228498458862e-01
3.341113626956939697e-01
1.018652133643627167e-02
4.435714334249496460e-02
2.432519495487213135e-01
1.799622317776083946e-03
0.000000000000000000e+00
6.157818436622619629e-01
1.788515225052833557e-02
4.053387641906738281e-01
7.154919672757387161e-03
4.138479530811309814e-01
1.589930534362792969e+00
1.056563615798950195e+00
2.587844431400299072e-01
9.835469722747802734e-01
5.425454378128051758e-01
4.756570234894752502e-02
3.384448885917663574e-01
5.485153794288635254e-01
2.552308440208435059e-01
6.714243441820144653e-02
4.127970039844512939e-01
3.543477356433868408e-01
0.000000000000000000e+00
5.221961140632629395e-01
8.045707363635301590e-04
1.290373038500547409e-02
2.988638162612915039e+00
3.294029971584677696e-03
3.401339054107666016e-01
3.796631813049316406e+00
4.701953008770942688e-02
9.161388874053955078e-02
2.618018537759780884e-03
1.439515352249145508e-01
1.776278734207153320e+00
1.848886460065841675e-01
2.925872802734375000e-03
2.621586322784423828e-01
8.884890675544738770e-01
4.758026003837585449e-01
1.147657632827758789e-01
1.873103901743888855e-02
2.177097320556640625e+00
5.248380079865455627e-02
2.238950133323669434e-01
7.364699840545654297e-01
1.123393297195434570e+00
1.824827075004577637e+00
1.499584615230560303e-01
2.635440044105052948e-02
8.000714778900146484e-01
2.581224078312516212e-03
4.352681040763854980e-01
4.564480856060981750e-02
5.921649336814880371e-01
1.273238778114318848e+00
3.376477956771850586e-01
4.077270925045013428e-01
5.221638679504394531e-01
2.240899801254272461e+00
8.107352256774902344e-01
4.002740383148193359e-01
4.958955347537994385e-01
4.405667483806610107e-01
4.559481889009475708e-02
7.836685180664062500e-01
0.000000000000000000e+00
3.120330274105072021e-01
2.802791595458984375e+00
6.159514188766479492e-01
2.939915098249912262e-02
8.128173649311065674e-02
2.663057744503021240e-01
1.145804747939109802e-01
1.309174537658691406e+00
1.587909758090972900e-01
7.126126885414123535e-01
9.819422960281372070e-01
2.963973045349121094e+00
2.890363335609436035e-01
2.844228036701679230e-02
0.000000000000000000e+00
1.429993867874145508e+00
3.742125630378723145e-02
2.182383298873901367e+00
9.034816920757293701e-02
6.882270425558090210e-02
8.115867972373962402e-01
6.376476585865020752e-02
6.883183717727661133e-01
9.362777322530746460e-02
1.457338780164718628e-01
2.540890693664550781e+00
5.924343466758728027e-01
2.411138713359832764e-01
9.969496726989746094e-01
1.378257393836975098e+00
7.469366192817687988e-01
1.416515409946441650e-01
1.552006788551807404e-02
7.956864684820175171e-02
8.913845755159854889e-03
3.675436675548553467e-01
4.530894383788108826e-02
3.797087445855140686e-02
5.142068862915039062e-01
6.432132720947265625e-01
0.000000000000000000e+00
8.794242143630981445e-01
9.807930886745452881e-02
1.494358181953430176e-01
8.740661144256591797e-01
6.233028769493103027e-01
8.336321711540222168e-01
8.279599249362945557e-03
6.477109789848327637e-01
2.434185938909649849e-03
3.311352804303169250e-02
7.516715675592422485e-02
6.107415199279785156e+00
4.802796174772083759e-04
1.643460988998413086e-01
0.000000000000000000e+00
5.437290295958518982e-02
1.356757283210754395e-01
8.821228742599487305e-01
6.299005746841430664e-01
9.677795767784118652e-01
2.563394010066986084e-01
5.076266452670097351e-02
3.184407949447631836e-01
6.968120485544204712e-02
0.000000000000000000e+00
2.755977213382720947e-01
0.000000000000000000e+00
1.285759806632995605e-01
6.820704936981201172e-01
6.890154629945755005e-02
3.373907506465911865e-01
1.970208436250686646e-01
0.000000000000000000e+00
2.136456489562988281e+00
6.567518115043640137e-01
7.991154789924621582e-01
5.726588144898414612e-02
6.750822067260742188e-01
2.384997457265853882e-01
0.000000000000000000e+00
9.906334429979324341e-02
0.000000000000000000e+00
0.000000000000000000e+00
5.681928396224975586e-01
1.598898172378540039e+00
4.795273840427398682e-01
0.000000000000000000e+00
2.331758290529251099e-02
1.341675221920013428e-01
1.709512829780578613e+00
4.219715297222137451e-01
7.298650145530700684e-01
1.163567826151847839e-01
8.173719644546508789e-01
2.403708174824714661e-02
2.307190746068954468e-02
0.000000000000000000e+00
3.638932943344116211e+00
1.472288966178894043e-01
1.156102120876312256e-01
0.000000000000000000e+00
0.000000000000000000e+00
1.083036899566650391e+00
2.498493343591690063e-01
7.780456542968750000e-01
1.642157733440399170e-01
6.774396169930696487e-04
0.000000000000000000e+00
9.572528302669525146e-02
8.685903549194335938e-01
5.577750205993652344e-01
2.767557144165039062e+00
8.320640772581100464e-02
1.820637583732604980e+00
4.031884193420410156e+00
0.000000000000000000e+00
4.475370645523071289e-01
8.264102339744567871e-01
7.091298103332519531e-01
1.185756087303161621e+00
1.131190299987792969e+00
1.883963197469711304e-01
3.509020432829856873e-02
1.662856712937355042e-02
1.062377020716667175e-01
4.924425855278968811e-02
1.860233992338180542e-01
0.000000000000000000e+00
7.236029952764511108e-02
2.846346497535705566e-01
9.782356768846511841e-02
3.248824477195739746e-01
1.311977952718734741e-01
2.155593186616897583e-01
2.480085343122482300e-01
0.000000000000000000e+00
1.736061125993728638e-01
1.090851500630378723e-01
2.188987582921981812e-01
3.159444034099578857e-01
6.538974046707153320e-01
7.377238571643829346e-02
2.064982503652572632e-01
3.921277523040771484e-01
2.072110921144485474e-01
6.615518331527709961e-01
5.898546576499938965e-01
6.461191922426223755e-02
1.381671279668807983e-01
7.878488302230834961e-02
8.985760062932968140e-02
1.479211002588272095e-01
1.855112314224243164e-01
3.871120139956474304e-02
1.079811751842498779e-01
6.469463696703314781e-04
1.298811882734298706e-01
0.000000000000000000e+00
2.746454253792762756e-02
5.607625842094421387e-01
6.760351061820983887e-01
2.662796020507812500e+00
0.000000000000000000e+00
1.272036731243133545e-01
1.019221425056457520e+00
1.786718517541885376e-01
3.854447603225708008e-01
1.126202754676342010e-02
3.889533504843711853e-02
7.054020762443542480e-01
8.559045791625976562e-01
2.585555016994476318e-01
2.316476218402385712e-02
0.000000000000000000e+00
2.924239933490753174e-01
3.253501951694488525e-01
5.314730405807495117e-01
1.846273988485336304e-01
0.000000000000000000e+00
9.467502236366271973e-01
1.046336814761161804e-01
2.422748506069183350e-01
1.883184723556041718e-02
0.000000000000000000e+00
1.880446195602416992e+00
2.674032934010028839e-02
7.161194086074829102e-02
7.846036925911903381e-03
0.000000000000000000e+00
5.008831620216369629e-02
2.184410691261291504e-01
1.973628401756286621e-01
1.920332610607147217e-01
4.243367612361907959e-01
1.926297545433044434e-01
8.522288501262664795e-02
4.437344670295715332e-01
3.264662623405456543e-01
2.206681013107299805e+00
7.044408470392227173e-02
1.848882436752319336e-01
0.000000000000000000e+00
8.536338806152343750e-01
3.244269266724586487e-02
3.480728343129158020e-02
1.704952493309974670e-02
1.379197537899017334e-01
1.256825923919677734e+00
1.782218962907791138e-01
1.136602520942687988e+00
9.940719008445739746e-01
1.636225879192352295e-01
7.398419082164764404e-03
1.493628025054931641e+00
7.799880504608154297e-01
1.163280755281448364e-02
1.060267686843872070e+00
6.034750342369079590e-01
9.429747005924582481e-04
1.190826296806335449e-01
5.617541074752807617e-01
6.859542131423950195e-01
2.528823167085647583e-02
2.054741382598876953e+00
1.203623712062835693e-01
5.738236308097839355e-01
2.262297868728637695e-01
1.097052022814750671e-01
1.509825587272644043e+00
1.495611947029829025e-02
4.162091314792633057e-01
6.130239367485046387e-01
0.000000000000000000e+00
3.762519359588623047e-02
5.922156572341918945e-01
6.175290346145629883e-01
1.165103446692228317e-02
5.716582536697387695e-01
7.179608345031738281e-01
7.612569928169250488e-01
0.000000000000000000e+00
5.579642653465270996e-01
8.177751898765563965e-01
0.000000000000000000e+00
1.201695799827575684e+00
7.811136841773986816e-01
0.000000000000000000e+00
2.191103696823120117e-01
2.671266794204711914e-01
5.585083961486816406e-01
8.505943231284618378e-03
0.000000000000000000e+00
3.111638128757476807e-01
1.180250290781259537e-02
1.492161601781845093e-01
2.812391519546508789e-01
2.172599080950021744e-03
2.254726290702819824e-01
9.622843265533447266e-01
0.000000000000000000e+00
4.902276098728179932e-01
4.634525477886199951e-01
9.944438338279724121e-01
2.598088700324296951e-03
1.056892722845077515e-01
1.097109094262123108e-01
2.498612701892852783e-01
9.032519906759262085e-02
5.215570330619812012e-01
2.152229785919189453e+00
5.513847470283508301e-01
1.408935189247131348e-01
2.231960296630859375e+00
0.000000000000000000e+00
3.234703540802001953e-01
1.183437705039978027e+00
1.013225410133600235e-03
1.850836873054504395e+00
6.624046564102172852e-01
2.645318210124969482e-01
4.720483347773551941e-02
1.793022990226745605e+00
2.282298088073730469e+00
6.561754345893859863e-01
9.773600846529006958e-02
2.574481070041656494e-01
3.446134567260742188e+00
1.431709766387939453e+00
4.851390421390533447e-01
4.564110934734344482e-02
7.560352236032485962e-02
4.876869916915893555e-02
4.185278713703155518e-01
0.000000000000000000e+00
1.364542096853256226e-01
1.049531921744346619e-01
1.201744914054870605e+00
0.000000000000000000e+00
2.600176930427551270e-01
4.549876973032951355e-02
1.530905514955520630e-01
3.928057551383972168e-01
1.982693225145339966e-01
1.682430207729339600e-01
0.000000000000000000e+00
0.000000000000000000e+00
1.366511344909667969e+00
8.869398236274719238e-01
5.985549688339233398e-01
7.893066406250000000e-01
6.354495286941528320e-01
4.316970705986022949e-01
1.139673948287963867e+00
5.126703977584838867e-01
2.117837369441986084e-01
6.911376714706420898e-01
2.593033552169799805e+00
3.440574407577514648e+00
4.290078952908515930e-02
0.000000000000000000e+00
1.248647794127464294e-01
1.609912812709808350e-01
1.445862770080566406e+00
3.903856873512268066e-01
3.560088276863098145e-01
2.895271480083465576e-01
3.496631383895874023e-01
2.303320884704589844e+00
1.675355434417724609e-01
1.668969988822937012e-01
1.384515404701232910e+00
5.323119089007377625e-02
1.124217391014099121e+00
6.805279850959777832e-02
1.589813679456710815e-01
3.410806059837341309e-01
2.183839380741119385e-01
3.130364418029785156e-01
2.464276365935802460e-02
2.233206033706665039e+00
1.256562620401382446e-01
3.158151149749755859e+00
1.766438841819763184e+00
2.610741257667541504e-01
1.098790407180786133e+00
4.416724666953086853e-02
5.242533683776855469e-01
3.724079579114913940e-02
1.308721423149108887e+00
4.384845960885286331e-03
1.326287388801574707e-01
6.480364799499511719e-01
5.735198408365249634e-02
1.875165700912475586e-01
2.381749898195266724e-01
5.727678537368774414e-01
1.392126083374023438e+00
4.930875599384307861e-01
1.292216032743453979e-01
1.074737071990966797e+00
2.722570896148681641e-01
1.447253376245498657e-01
2.386076599359512329e-01
1.750055849552154541e-01
5.923970788717269897e-02
9.661871194839477539e-02
6.661183238029479980e-01
3.892269432544708252e-01
1.494063138961791992e-01
1.522486954927444458e-01
1.081656575202941895e+00
2.340474426746368408e-01
0.000000000000000000e+00
9.008601307868957520e-01
1.881466060876846313e-01
4.067376255989074707e-02
7.241259515285491943e-02
7.026943564414978027e-02
5.667566657066345215e-01
7.341168522834777832e-01
3.932525217533111572e-02
3.133197873830795288e-02
4.767828285694122314e-01
3.566124010831117630e-03
8.950769305229187012e-01
4.107525348663330078e-01
2.951512932777404785e-01
3.621110022068023682e-01
1.224584698677062988e+00
0.000000000000000000e+00
2.089119106531143188e-01
0.000000000000000000e+00
0.000000000000000000e+00
9.208108782768249512e-01
4.735755622386932373e-01
8.994618430733680725e-03
6.002069115638732910e-01
6.763553619384765625e-02
3.723630309104919434e-01
3.167667388916015625e-01
0.000000000000000000e+00
1.503729354590177536e-02
4.749285578727722168e-01
4.371232539415359497e-02
8.125598728656768799e-02
4.258930385112762451e-01
1.875609755516052246e+00
2.013699151575565338e-03
9.669782519340515137e-01
2.529890060424804688e+00
1.002603769302368164e+00
1.598346047103404999e-02
9.921219199895858765e-02
5.835098028182983398e-02
3.919758200645446777e-01
1.783666014671325684e-01
5.296839475631713867e-01
1.088675670325756073e-02
0.000000000000000000e+00
0.000000000000000000e+00
5.827905535697937012e-01
1.288857311010360718e-01
1.186281517148017883e-01
0.000000000000000000e+00
1.106972336769104004e+00
5.167775750160217285e-01
1.635436415672302246e-01
3.210420906543731689e-01
1.191519759595394135e-02
1.800994515419006348e+00
2.678295597434043884e-02
1.181762933731079102e+00
4.130088686943054199e-01
9.880856871604919434e-01
0.000000000000000000e+00
1.703858226537704468e-01
2.806603014469146729e-01
9.667387232184410095e-03
1.234439015388488770e+00
4.951454699039459229e-02
2.127414196729660034e-01
2.690800428390502930e-01
4.065333399921655655e-03
1.186508834362030029e-01
1.759753376245498657e-02
3.362855613231658936e-01
5.169689282774925232e-02
7.532385736703872681e-02
9.780078530311584473e-01
2.332173347473144531e+00
0.000000000000000000e+00
3.330548852682113647e-02
0.000000000000000000e+00
1.032846450805664062e+00
4.275274574756622314e-01
1.066344022750854492e+00
5.303009152412414551e-01
2.967402935028076172e-01
2.360382527112960815e-01
1.362743735313415527e+00
0.000000000000000000e+00
6.466048359870910645e-01
7.243090774863958359e-03
1.191457152366638184e+00
1.028761547058820724e-02
0.000000000000000000e+00
1.640425175428390503e-01
5.788763239979743958e-02
2.750292718410491943e-01
7.528904825448989868e-02
4.154832859057933092e-04
2.461749687790870667e-02
3.265690803527832031e-01
6.424345970153808594e-01
0.000000000000000000e+00
1.349800705909729004e+00
2.295394390821456909e-01
5.506711453199386597e-02
1.942030787467956543e-01
3.817390203475952148e-01
2.959288835525512695e+00
0.000000000000000000e+00
7.089105844497680664e-01
7.308342307806015015e-02
9.046639502048492432e-02
5.309602618217468262e-01
7.618352770805358887e-02
1.093187108635902405e-01
3.143337965011596680e-01
1.405817363411188126e-02
9.709205478429794312e-02
1.620869487524032593e-01
6.157232522964477539e-01
3.458532989025115967e-01
0.000000000000000000e+00
1.541409641504287720e-01
2.024796247482299805e+00
1.276462972164154053e-01
1.157669186592102051e+00
3.965687379240989685e-02
8.811663389205932617e-01
2.720827758312225342e-01
1.667965762317180634e-02
8.393291831016540527e-01
3.951585590839385986e-01
5.555511713027954102e-01
1.985507905483245850e-01
1.350017428398132324e+00
1.737401634454727173e-02
2.374420613050460815e-01
7.282826583832502365e-03
4.429022967815399170e-02
0.000000000000000000e+00
3.562245368957519531e+00
3.827266395092010498e-01
2.067182064056396484e-01
2.489901185035705566e-01
2.445452928543090820e+00
0.000000000000000000e+00
3.264963924884796143e-01
9.054804593324661255e-02
1.102403402328491211e-01
0.000000000000000000e+00
1.832324415445327759e-01
1.118611216545104980e+00
4.485349059104919434e-01
1.299839373677968979e-02
2.178079128265380859e+00
0.000000000000000000e+00
2.302111685276031494e-02
2.976033985614776611e-01
1.445971578359603882e-01
2.589537203311920166e-01
7.862516045570373535e-01
6.932190060615539551e-02
1.217994809150695801e+00
2.019861936569213867e-01
2.538692206144332886e-02
1.393007040023803711e+00
5.755110085010528564e-02
2.050291001796722412e-01
2.860588394105434418e-02
0.000000000000000000e+00
7.996877431869506836e-01
1.492787599563598633e+00
6.488289237022399902e-01
5.266358256340026855e-01
5.328911542892456055e-01
8.488690257072448730e-01
0.000000000000000000e+00
1.318833082914352417e-01
3.938913345336914062e-02
1.861182749271392822e-01
5.946992635726928711e-01
1.387974143028259277e+00
2.095308542251586914e+00
8.967832662165164948e-03
1.860841661691665649e-01
1.053223982453346252e-01
3.293417990207672119e-01
7.549222707748413086e-01
3.574835136532783508e-02
1.163111650384962559e-03
0.000000000000000000e+00
6.491628289222717285e-02
1.410812020301818848e+00
2.220509760081768036e-02
2.982095628976821899e-02
1.743018478155136108e-01
4.492565244436264038e-02
9.980893731117248535e-01
4.317091405391693115e-02
3.182925224304199219e+00
9.832185506820678711e-01
3.393934667110443115e-02
0.000000000000000000e+00
1.928854733705520630e-02
7.840842008590698242e-02
0.000000000000000000e+00
1.960271745920181274e-01
4.656762629747390747e-02
2.555113732814788818e-01
2.031002789735794067e-01
4.174921289086341858e-02
3.266118764877319336e-01
1.730781793594360352e-01
1.086219549179077148e+00
1.333464980125427246e+00
3.525315597653388977e-02
9.749591350555419922e-02
4.544648826122283936e-01
6.362264044582843781e-03
6.424769163131713867e-01
5.250702500343322754e-01
1.264050364494323730e+00
0.000000000000000000e+00
0.000000000000000000e+00
2.724487483501434326e-01
4.210095480084419250e-02
1.169284582138061523e-01
1.287375837564468384e-01
4.570541381835937500e-01
1.507934927940368652e+00
7.855927348136901855e-01
0.000000000000000000e+00
0.000000000000000000e+00
4.545658528804779053e-01
7.167665958404541016e-01
1.175203248858451843e-01
1.880217432975769043e+00
1.821455359458923340e+00
2.932587862014770508e-01
9.068382382392883301e-01
8.838710188865661621e-02
1.029003977775573730e+00
4.076587200164794922e+00
6.098715588450431824e-02
2.169781737029552460e-02
1.302106380462646484e+00
4.796100556850433350e-01
7.840015739202499390e-02
7.421445101499557495e-03
0.000000000000000000e+00
2.527338266372680664e-01
2.802449703216552734e+00
0.000000000000000000e+00
0.000000000000000000e+00
6.673892140388488770e-01
8.958174288272857666e-02
8.683943003416061401e-02
5.338583141565322876e-02
0.000000000000000000e+00
1.274808645248413086e-01
0.000000000000000000e+00
0.000000000000000000e+00
5.540400743484497070e-01
7.908532768487930298e-02
2.475379258394241333e-01
1.711463183164596558e-02
1.052017435431480408e-01
1.610660552978515625e-01
1.966548323631286621e+00
9.733498096466064453e-02
9.114681743085384369e-04
5.367808938026428223e-01
3.827003389596939087e-02
5.812064930796623230e-02
7.736343145370483398e-02
8.144581317901611328e-01
1.425399899482727051e+00
3.522886037826538086e-01
1.844599545001983643e-01
7.570868730545043945e-02
2.549443840980529785e-01
2.093110233545303345e-01
2.249325513839721680e-01
2.229269146919250488e-01
2.628772556781768799e-01
4.868542551994323730e-01
8.925151824951171875e-02
2.555010467767715454e-02
4.160325825214385986e-01
0.000000000000000000e+00
0.000000000000000000e+00
1.657161116600036621e-01
3.944564610719680786e-03
4.296444728970527649e-02
3.242519795894622803e-01
1.820039600133895874e-01
0.000000000000000000e+00
2.829791605472564697e-01
0.000000000000000000e+00
1.318886578083038330e-01
6.170468330383300781e-01
6.847144365310668945e-01
1.049362897872924805e+00
1.963268637657165527e+00
1.133984252810478210e-01
1.833880096673965454e-01
1.605291217565536499e-01
1.453756839036941528e-01
5.711546540260314941e-01
1.691552549600601196e-01
3.324336528778076172e+00
2.056877136230468750e+00
8.038764595985412598e-01
1.444279402494430542e-02
7.096989452838897705e-02
2.412164926528930664e+00
1.023454964160919189e-01
2.433172017335891724e-01
2.889596521854400635e-01
4.883626401424407959e-01
9.939999133348464966e-02
6.427025794982910156e-02
0.000000000000000000e+00
0.000000000000000000e+00
1.198429703712463379e+00
7.357415556907653809e-02
0.000000000000000000e+00
7.596690058708190918e-01
1.273516118526458740e-01
0.000000000000000000e+00
3.397249877452850342e-01
3.889963030815124512e-02
1.015467882156372070e+00
3.267555236816406250e-01
1.933650821447372437e-01
6.219064816832542419e-02
3.461669206619262695e+00
1.697467565536499023e-01
5.170354843139648438e-01
1.038595080375671387e+00
7.626363076269626617e-03
0.000000000000000000e+00
1.012389138340950012e-01
8.762483485043048859e-03
4.335104227066040039e-01
1.028103351593017578e+00
0.000000000000000000e+00
1.192021250724792480e+00
0.000000000000000000e+00
5.019364953041076660e-01
0.000000000000000000e+00
6.268852949142456055e-01
1.016108226031064987e-02
4.087009653449058533e-02
5.009517818689346313e-02
0.000000000000000000e+00
0.000000000000000000e+00
1.517072677612304688e+00
5.660719871520996094e-01
9.058924019336700439e-02
6.286200135946273804e-03
2.862654447555541992e+00
1.608098149299621582e-01
0.000000000000000000e+00
0.000000000000000000e+00
4.957802593708038330e-02
0.000000000000000000e+00
1.109962090849876404e-01
1.145244017243385315e-01
8.000610768795013428e-02
1.065072119235992432e-01
1.265049874782562256e-01
5.777371115982532501e-03
9.318761825561523438e-01
7.276392579078674316e-01
3.722726553678512573e-02
0.000000000000000000e+00
3.174355626106262207e-01
1.071014285087585449e+00
2.557286739349365234e+00
3.237419575452804565e-02
4.019675031304359436e-02
0.000000000000000000e+00
2.950211055576801300e-03
3.151312589645385742e+00
1.470813006162643433e-01
2.071824371814727783e-01
5.603857040405273438e-01
3.100329339504241943e-01
1.083643674850463867e+00
2.582640051841735840e-01
3.402289450168609619e-01
1.881550550460815430e+00
4.572485685348510742e-01
5.433627367019653320e-01
2.747346758842468262e-01
6.065472364425659180e-01
1.017656698822975159e-01
8.118072897195816040e-02
1.017047539353370667e-01
1.784686446189880371e-01
1.911913633346557617e+00
2.411003589630126953e+00
8.847457170486450195e-02
1.226621642708778381e-01
2.071701049804687500e+00
3.693143367767333984e+00
4.240928888320922852e-01
1.319469571113586426e+00
8.520166873931884766e-01
4.025552272796630859e-01
4.962277412414550781e-01
1.604173891246318817e-02
2.098123580217361450e-01
1.807969063520431519e-02
8.811102062463760376e-02
0.000000000000000000e+00
6.969248503446578979e-02
6.218926906585693359e-01
3.138022124767303467e-01
3.061996102333068848e-01
2.134449779987335205e-01
5.226857960224151611e-03
0.000000000000000000e+00
6.973593682050704956e-02
0.000000000000000000e+00
1.227690219879150391e+00
1.528603136539459229e-01
1.025023937225341797e+00
1.327769279479980469e+00
5.839907526969909668e-01
1.740139722824096680e-01
2.475250512361526489e-02
1.779673397541046143e-01
6.818989515304565430e-01
2.079656600952148438e+00
1.072647929191589355e+00
3.199087455868721008e-02
0.000000000000000000e+00
3.305934071540832520e-01
1.171189546585083008e-01
2.878524780273437500e+00
6.984372735023498535e-01
2.531282007694244385e-01
4.310186803340911865e-01
1.063112735748291016e+00
5.042401552200317383e-01
0.000000000000000000e+00
1.830485701560974121e+00
2.008699625730514526e-01
2.439376264810562134e-01
0.000000000000000000e+00
5.988492369651794434e-01
0.000000000000000000e+00
2.172745943069458008e+00
0.000000000000000000e+00
8.317434787750244141e-02
3.844936192035675049e-01
6.165280938148498535e-01
9.943895041942596436e-03
0.000000000000000000e+00
1.383998751640319824e+00
1.525130867958068848e+00
9.596431255340576172e-01
2.261669337749481201e-01
1.692703604698181152e+00
3.495821952819824219e-01
1.102645874023437500e+00
1.642240770161151886e-02
9.157003462314605713e-02
4.538299143314361572e-01
3.342891931533813477e-01
1.457702755928039551e+00
0.000000000000000000e+00
0.000000000000000000e+00
1.972658336162567139e-01
2.994192950427532196e-02
9.564926624298095703e-01
2.871713414788246155e-02
6.074020266532897949e-02
6.649339795112609863e-01
6.968738883733749390e-02
1.747316271066665649e-01
7.072907686233520508e-02
5.898392200469970703e-01
5.325575470924377441e-01
2.394012548029422760e-02
3.249204903841018677e-02
4.839716553688049316e-01
1.577748179435729980e+00
1.979650743305683136e-02
4.696580469608306885e-01
2.541192531585693359e+00
9.487530589103698730e-01
0.000000000000000000e+00
1.344048827886581421e-01
5.426424145698547363e-01
4.521411657333374023e-01
0.000000000000000000e+00
1.112413778901100159e-01
3.612781763076782227e+00
2.016037702560424805e+00
4.909117519855499268e-01
1.598930656909942627e-01
0.000000000000000000e+00
7.988862991333007812e-01
2.935671210289001465e-01
5.623234510421752930e-01
2.096621036529541016e+00
7.464037090539932251e-02
3.711784258484840393e-02
1.820832848548889160e+00
3.419112041592597961e-02
2.123736143112182617e-01
1.464579820632934570e+00
2.420355528593063354e-01
5.295594930648803711e-01
1.901809871196746826e-02
2.061080012936145067e-04
7.903896272182464600e-02
1.396022271364927292e-03
7.483197003602981567e-02
4.306189417839050293e-01
5.330028012394905090e-02
4.190783575177192688e-02
9.440192952752113342e-03
4.277720451354980469e-01
4.353753477334976196e-02
6.876999735832214355e-01
3.881264626979827881e-01
6.210408210754394531e-01
1.280239701271057129e+00
1.032641008496284485e-01
5.889174994081258774e-03
4.364974051713943481e-02
7.417751103639602661e-02
2.810999453067779541e-01
0.000000000000000000e+00
1.231960415840148926e+00
4.572701454162597656e-02
8.558642864227294922e-02
2.876106500625610352e-01
9.559450745582580566e-01
7.604080438613891602e-01
9.326115846633911133e-01
3.961447253823280334e-02
2.598370015621185303e-01
9.889805316925048828e-01
8.123177289962768555e-02
1.309720799326896667e-02
6.000603437423706055e-01
5.339574217796325684e-01
1.354779005050659180e-01
3.838306069374084473e-01
5.190543532371520996e-01
3.137762248516082764e-01
0.000000000000000000e+00
2.390670329332351685e-01
5.511093139648437500e-01
1.217514052987098694e-01
9.981089085340499878e-02
1.095480993390083313e-01
2.878822386264801025e-01
3.269536048173904419e-02
0.000000000000000000e+00
1.238749083131551743e-02
5.253232121467590332e-01
0.000000000000000000e+00
4.903387725353240967e-01
2.616354636847972870e-02
9.699738025665283203e-01
6.460632383823394775e-02
1.032913446426391602e+00
7.229492664337158203e-01
7.692305743694305420e-02
0.000000000000000000e+00
6.128990054130554199e-01
5.949606895446777344e-01
6.343112885951995850e-02
1.293347775936126709e-02
2.996287867426872253e-02
2.736721932888031006e-01
1.275790691375732422e+00
7.549127340316772461e-01
0.000000000000000000e+00
3.710174858570098877e-01
7.256586849689483643e-02
0.000000000000000000e+00
5.525416228920221329e-03
4.786652922630310059e-01
8.065500110387802124e-02
2.997500635683536530e-02
6.306249499320983887e-01
1.080236434936523438e-01
3.245184719562530518e-01
9.272572398185729980e-01
6.709437370300292969e-01
4.317518696188926697e-02
7.999972999095916748e-02
1.452550888061523438e-01
2.293024808168411255e-01
1.681260019540786743e-01
9.795252233743667603e-02
1.317748665809631348e+00
0.000000000000000000e+00
2.092409878969192505e-02
2.531322717666625977e+00
3.441904544830322266e+00
4.789497852325439453e-01
3.861378729343414307e-01
3.771635591983795166e-01
1.798600107431411743e-01
6.970848189666867256e-04
1.009568795561790466e-01
4.264056980609893799e-01
1.246724367141723633e+00
5.691147446632385254e-01
6.079883575439453125e-01
0.000000000000000000e+00
3.574725240468978882e-02
1.980969905853271484e-01
3.713376522064208984e-01
1.222464535385370255e-02
4.389801323413848877e-01
2.842128276824951172e-01
6.316764354705810547e-01
1.271995715796947479e-02
6.857395917177200317e-02
2.855921685695648193e-01
1.695069819688796997e-01
2.570433616638183594e-01
4.257544875144958496e-02
2.979797124862670898e+00
1.914830356836318970e-01
2.780200242996215820e+00
2.119715958833694458e-01
9.775236248970031738e-01
1.146369814872741699e+00
9.759294986724853516e-02
3.732599914073944092e-01
1.084500923752784729e-01
5.823254108428955078e+00
7.773638367652893066e-01
1.241946686059236526e-02
3.069656789302825928e-01
3.037608265876770020e-01
1.099556908011436462e-01
1.526279449462890625e-01
0.000000000000000000e+00
5.410267710685729980e-01
1.397864460945129395e+00
0.000000000000000000e+00
0.000000000000000000e+00
0.000000000000000000e+00
1.745763868093490601e-01
4.473961293697357178e-01
3.068658113479614258e-01
1.324687451124191284e-01
1.654256343841552734e+00
4.372728243470191956e-02
0.000000000000000000e+00
5.755556821823120117e-01
1.067080572247505188e-01
9.755004942417144775e-02
3.650151938199996948e-02
2.454288721084594727e+00
2.123824119567871094e+00
1.808989793062210083e-02
3.778654932975769043e-01
1.695004254579544067e-01
8.075177073478698730e-01
9.946555644273757935e-02
5.724998656660318375e-03
7.405207306146621704e-02
2.032576352357864380e-01
6.439667344093322754e-01
1.207822322845458984e+00
1.306906249374151230e-02
2.012410461902618408e-01
4.401577115058898926e-01
5.780867934226989746e-01
0.000000000000000000e+00
1.760140061378479004e-01
1.117946028709411621e+00
8.683605790138244629e-01
2.157717943191528320e+00
2.222809076309204102e+00
7.217261791229248047e-01
2.112002223730087280e-01
1.661451458930969238e-01
3.339422047138214111e-01
1.659654825925827026e-01
1.089862465858459473e+00
1.744248438626527786e-03
9.294703602790832520e-01
3.271656334400177002e-01
3.964362740516662598e-01
4.106456339359283447e-01
8.085818886756896973e-01
1.611638426780700684e+00
1.943168997764587402e+00
4.565740823745727539e-01
1.732639819383621216e-01
6.261237859725952148e-01
4.392500519752502441e-01
4.138835072517395020e-01
1.946996599435806274e-01
4.302007728256285191e-04
1.049257442355155945e-02
2.541054971516132355e-02
6.103557348251342773e-02
1.471959054470062256e-01
3.010575056076049805e+00
2.750743366777896881e-02
2.225797772407531738e-01
2.456837706267833710e-02
1.698465943336486816e-01
2.108123779296875000e+00
7.433214187622070312e-01
7.059636712074279785e-02
5.330945849418640137e-01
0.000000000000000000e+00
5.042843818664550781e-01
1.233199954032897949e+00
7.159559056162834167e-03
1.081209182739257812e+00
3.550632297992706299e-02
2.529918216168880463e-02
1.354164332151412964e-01
3.967206478118896484e-01
4.188365638256072998e-01
2.332094162702560425e-01
4.243173897266387939e-01
3.777940571308135986e-01
0.000000000000000000e+00
5.618378985673189163e-03
5.372549295425415039e-01
0.000000000000000000e+00
3.421875000000000000e+00
5.043738335371017456e-02
6.284426897764205933e-02
1.882490873336791992e+00
0.000000000000000000e+00
3.217748105525970459e-01
1.072535514831542969e-01
0.000000000000000000e+00
1.074285030364990234e+00
4.840245246887207031e+00
3.035226464271545410e-01
1.291669130325317383e+00
1.872405968606472015e-02
2.814447879791259766e-01
4.243614077568054199e-01
5.489625334739685059e-01
6.940624862909317017e-02
4.388609156012535095e-02
2.859555780887603760e-01
4.939649105072021484e-01
4.044415652751922607e-01
5.778238773345947266e-01
2.729596793651580811e-01
0.000000000000000000e+00
1.924652419984340668e-02
1.644141197204589844e+00
8.653680682182312012e-01
7.733502984046936035e-01
8.256402611732482910e-02
3.991394042968750000e-01
4.279379919171333313e-02
4.621463418006896973e-01
3.459543734788894653e-02
5.616503953933715820e-01
2.003055252134799957e-02
1.903952807188034058e-01
4.458842277526855469e-01
1.567260175943374634e-02
1.029417753219604492e+00
9.890805184841156006e-02
1.681949049234390259e-01
8.855183124542236328e-01
9.887158125638961792e-02
1.917490601539611816e+00
0.000000000000000000e+00
1.775360554456710815e-01
4.637919738888740540e-02
2.449175529181957245e-02
6.469148397445678711e-01
8.117499351501464844e-01
7.503870725631713867e-01
1.740722775459289551e+00
3.358744829893112183e-02
0.000000000000000000e+00
2.483128011226654053e-02
2.973823808133602142e-02
1.479768514633178711e+00
3.146609365940093994e-01
5.017320811748504639e-02
2.233354933559894562e-02
0.000000000000000000e+00
1.677325844764709473e+00
1.508127301931381226e-01
1.145897984504699707e+00
1.068470403552055359e-01
3.402373552322387695e+00
0.000000000000000000e+00
1.157370924949645996e+00
1.545914262533187866e-01
0.000000000000000000e+00
2.499075978994369507e-02
3.731141332536935806e-03
5.552771687507629395e-01
1.427527219057083130e-01
1.873946040868759155e-01
8.338665217161178589e-02
2.635571658611297607e-01
1.853941321372985840e+00
0.000000000000000000e+00
1.840981096029281616e-01
9.907621890306472778e-03
1.659436076879501343e-01
5.190171003341674805e-01
9.448565244674682617e-01
4.179805982857942581e-03
0.000000000000000000e+00
3.084883391857147217e-01
2.112295851111412048e-02
5.630999058485031128e-02
0.000000000000000000e+00
0.000000000000000000e+00
6.918127834796905518e-02
1.452673822641372681e-01
0.000000000000000000e+00
4.472823739051818848e-01
6.288347244262695312e-01
4.211119711399078369e-01
8.162302523851394653e-02
4.817593842744827271e-03
6.146678328514099121e-01
0.000000000000000000e+00
4.628359079360961914e-01
2.188837081193923950e-01
4.958760440349578857e-01
0.000000000000000000e+00
3.754550516605377197e-01
3.509569764137268066e-01
3.300671100616455078e+00
3.065934181213378906e-01
0.000000000000000000e+00
