5.354613661766052246e-01
2.543173730373382568e-01
3.975245356559753418e-01
5.181102082133293152e-03
5.310318470001220703e-01
2.392006367444992065e-01
3.894382715225219727e-02
9.891498088836669922e-02
1.886264383792877197e-01
9.399305284023284912e-02
1.443329453468322754e+00
4.071340858936309814e-01
4.048663675785064697e-01
2.712685167789459229e-01
3.855271637439727783e-02
6.585606336593627930e-01
0.000000000000000000e+00
0.000000000000000000e+00
5.188676118850708008e-01
7.891447842121124268e-02
4.094919562339782715e-01
4.675799310207366943e-01
3.805252790451049805e+00
8.756045699119567871e-01
0.000000000000000000e+00
7.335402816534042358e-02
4.331760108470916748e-01
2.433616202324628830e-03
6.698927879333496094e-01
5.575742125511169434e-01
1.136774495244026184e-01
3.679320812225341797e-01
6.161368489265441895e-01
0.000000000000000000e+00
2.529559731483459473e-01
4.419545829296112061e-01
1.070170760154724121e+00
2.227590560913085938e+00
0.000000000000000000e+00
8.760415948927402496e-03
0.000000000000000000e+00
0.000000000000000000e+00
5.056644082069396973e-01
0.000000000000000000e+00
5.824303030967712402e-01
0.000000000000000000e+00
4.581268131732940674e-01
3.214851915836334229e-01
1.104970369488000870e-02
3.234058246016502380e-02
4.190862178802490234e-01
1.009814515709877014e-01
9.960360080003738403e-02
4.028159659355878830e-03
2.091753959655761719e+00
3.399711549282073975e-01
5.761974453926086426e-01
0.000000000000000000e+00
8.053217083215713501e-02
1.725963711738586426e+00
2.325500734150409698e-02
1.143362838774919510e-02
0.000000000000000000e+00
2.204197924584150314e-03
6.059765815734863281e-01
1.611831784248352051e-02
0.000000000000000000e+00
4.404002130031585693e-01
5.395897030830383301e-01
1.934728473424911499e-01
7.908700704574584961e-01
8.643971383571624756e-02
1.797847509384155273e+00
0.000000000000000000e+00
1.043878868222236633e-01
1.898949407041072845e-02
1.546063661575317383e+00
4.872427135705947876e-02
6.674571037292480469e-01
7.558612227439880371e-01
1.643651843070983887e+00
1.631997823715209961e-01
2.204958200454711914e-01
6.318925619125366211e-01
1.834168583154678345e-01
0.000000000000000000e+00
3.452207520604133606e-02
2.610379755496978760e-01
1.324179768562316895e+00
7.834251224994659424e-02
1.226151466369628906e+00
1.959210075438022614e-02
0.000000000000000000e+00
7.125824093818664551e-01
2.855012193322181702e-02
1.112734898924827576e-01
1.581998616456985474e-01
4.051181375980377197e-01
1.482592344284057617e+00
3.882956504821777344e-02
4.173105061054229736e-01
8.098874092102050781e-01
0.000000000000000000e+00
3.032183647155761719e+00
3.431627154350280762e-02
6.837548222392797470e-03
3.998740315437316895e-01
8.315870910882949829e-02
8.205237984657287598e-02
0.000000000000000000e+00
3.676374435424804688e+00
8.859265446662902832e-01
5.241997423581779003e-04
0.000000000000000000e+00
0.000000000000000000e+00
3.931523561477661133e-01
3.782495856285095215e-01
7.415769249200820923e-02
2.822604179382324219e-01
0.000000000000000000e+00
1.846923470497131348e+00
1.160385012626647949e-01
1.096207141876220703e+00
1.218660920858383179e-01
4.449534893035888672e+00
4.283808469772338867e-01
0.000000000000000000e+00
3.059259653091430664e-01
2.138736471533775330e-02
3.517668843269348145e-01
1.613271981477737427e-02
9.764999747276306152e-01
1.593937158584594727e+00
0.000000000000000000e+00
0.000000000000000000e+00
1.548520177602767944e-01
1.511390879750251770e-02
2.161466479301452637e-01
1.608179062604904175e-01
1.928086131811141968e-01
6.032624840736389160e-01
1.052730917930603027e+00
6.141514182090759277e-01
1.848873376846313477e+00
2.188825160264968872e-01
2.154538631439208984e+00
3.906969726085662842e-02
1.138153553009033203e+00
2.117125838994979858e-01
9.544627368450164795e-02
1.874045491218566895e+00
1.027005910873413086e+00
5.076152458786964417e-02
2.385432422161102295e-01
7.942918539047241211e-01
1.217977255582809448e-01
2.181808352470397949e-01
1.200065240263938904e-01
4.656065404415130615e-01
4.872332215309143066e-01
7.750340551137924194e-02
0.000000000000000000e+00
2.918520569801330566e-01
7.684183120727539062e-02
9.981493353843688965e-01
1.189865231513977051e+00
1.252334117889404297e-01
1.809275746345520020e-01
1.209082603454589844e+00
1.721243113279342651e-01
2.991645336151123047e-01
0.000000000000000000e+00
3.534699678421020508e-01
2.354104630649089813e-02
2.373084872961044312e-01
6.591770797967910767e-02
6.861169934272766113e-01
5.605516433715820312e-01
2.182473242282867432e-02
8.481969833374023438e-01
2.807891368865966797e-01
1.322381850332021713e-02
8.226022720336914062e-01
2.263500243425369263e-01
1.848386049270629883e+00
3.371456265449523926e-01
9.205195307731628418e-02
4.820756316184997559e-01
8.506949990987777710e-02
0.000000000000000000e+00
3.243269920349121094e-01
2.522349059581756592e-01
3.588807210326194763e-02
5.365159735083580017e-02
0.000000000000000000e+00
4.702349305152893066e-01
1.187235593795776367e+00
4.605764389038085938e+00
6.325243115425109863e-01
1.486971974372863770e-01
2.298969507217407227e+00
0.000000000000000000e+00
1.578463077545166016e+00
5.005195736885070801e-01
1.516466960310935974e-02
4.227450191974639893e-01
1.153661251068115234e+00
1.841593766584992409e-03
4.892250150442123413e-02
2.552033185958862305e+00
2.750502340495586395e-02
6.413453072309494019e-02
3.303110226988792419e-02
2.505485057830810547e+00
2.602815069258213043e-02
7.232708334922790527e-01
1.218609452247619629e+00
1.621434986591339111e-01
1.624827086925506592e-02
0.000000000000000000e+00
0.000000000000000000e+00
6.259874207898974419e-04
1.319986283779144287e-01
3.255161345005035400e-01
1.879821270704269409e-01
2.966927886009216309e-01
1.229339718818664551e+00
8.194044977426528931e-02
0.000000000000000000e+00
2.114425413310527802e-03
1.896528750658035278e-01
6.503128409385681152e-01
0.000000000000000000e+00
6.731830537319183350e-02
1.152195930480957031e+00
6.238653063774108887e-01
8.110632188618183136e-03
3.218040466308593750e-01
1.582174003124237061e-02
0.000000000000000000e+00
1.940919518470764160e+00
1.735776104032993317e-02
1.434787642210721970e-02
0.000000000000000000e+00
8.275467902421951294e-03
9.715260267257690430e-01
2.414866685867309570e+00
1.180106639862060547e+00
0.000000000000000000e+00
4.255434989929199219e+00
1.412260811775922775e-02
7.134681195020675659e-02
7.370191216468811035e-01
1.720691919326782227e-01
1.087004542350769043e+00
2.445169687271118164e-01
5.622373893857002258e-02
0.000000000000000000e+00
2.058713436126708984e-01
6.180744618177413940e-03
1.776513218879699707e+00
3.030312247574329376e-02
3.286720486357808113e-03
7.020912170410156250e-01
9.372973442077636719e-01
0.000000000000000000e+00
6.083371583372354507e-03
3.156919032335281372e-02
0.000000000000000000e+00
6.451327353715896606e-02
0.000000000000000000e+00
1.228935718536376953e+00
3.598715644329786301e-03
2.567432355135679245e-03
0.000000000000000000e+00
8.566881716251373291e-02
1.829144731163978577e-02
1.246450185775756836e+00
2.568527124822139740e-02
1.451475024223327637e-01
5.439613461494445801e-01
4.362857341766357422e-01
1.336688548326492310e-01
2.052493840456008911e-01
0.000000000000000000e+00
5.996017158031463623e-02
8.806210160255432129e-01
8.776894211769104004e-01
1.002098917961120605e+00
2.020649984478950500e-02
1.184243056923151016e-02
3.857704624533653259e-02
1.561857759952545166e-01
2.607811987400054932e-01
1.231851354241371155e-01
1.205714821815490723e+00
1.087933897972106934e+00
6.683829426765441895e-02
9.509101510047912598e-01
1.752482801675796509e-01
1.760389089584350586e+00
1.523804962635040283e-01
8.083657026290893555e-01
3.482742607593536377e-01
2.888112328946590424e-02
7.007225155830383301e-01
4.601392149925231934e-02
4.530067741870880127e-01
1.578375399112701416e-01
3.404092192649841309e-01
3.361205011606216431e-02
5.603668689727783203e-01
5.659291744232177734e-01
8.752229809761047363e-01
5.827873349189758301e-01
1.158527255058288574e+00
4.784965887665748596e-03
4.494426548480987549e-01
6.335304975509643555e-01
0.000000000000000000e+00
1.510835736989974976e-01
9.610493779182434082e-01
3.031791746616363525e-02
1.065878391265869141e+00
7.701691985130310059e-02
6.044312380254268646e-03
2.427012622356414795e-01
3.098401725292205811e-01
6.611268222332000732e-02
1.159680247306823730e+00
2.976375259459018707e-02
0.000000000000000000e+00
7.719873636960983276e-02
1.722254514694213867e+00
5.463675595819950104e-03
0.000000000000000000e+00
2.326861619949340820e-01
3.961083590984344482e-01
4.081925451755523682e-01
7.504238486289978027e-01
1.402487307786941528e-01
1.653387695550918579e-01
1.034246921539306641e+00
2.993099624291062355e-03
7.958018220961093903e-03
1.025791838765144348e-01
1.143487095832824707e+00
0.000000000000000000e+00
7.177915424108505249e-02
0.000000000000000000e+00
3.125260472297668457e-01
0.000000000000000000e+00
1.170051619410514832e-01
0.000000000000000000e+00
5.780677383881993592e-05
1.376944035291671753e-01
6.886403560638427734e-01
8.842452764511108398e-01
3.101380467414855957e-01
1.270760446786880493e-01
9.611698240041732788e-02
8.778470009565353394e-02
2.249467819929122925e-01
0.000000000000000000e+00
1.282667964696884155e-01
1.106165945529937744e-01
7.371548414230346680e-01
2.198497802019119263e-01
8.933927416801452637e-01
0.000000000000000000e+00
6.936399266123771667e-03
0.000000000000000000e+00
2.706338837742805481e-02
3.767639398574829102e-02
1.373670399188995361e-01
4.822965145111083984e+00
3.677167370915412903e-02
2.050718218088150024e-01
9.609229862689971924e-02
1.100600883364677429e-01
1.530207097530364990e-01
9.673170000314712524e-02
1.042012810707092285e+00
0.000000000000000000e+00
4.060434997081756592e-01
2.800624370574951172e-01
7.523449137806892395e-03
0.000000000000000000e+00
2.068718522787094116e-01
3.655239939689636230e-01
7.414446771144866943e-02
4.218532145023345947e-01
2.483374252915382385e-02
0.000000000000000000e+00
8.532340526580810547e-01
1.142102241516113281e+00
6.219209637492895126e-03
5.469570755958557129e-01
2.713074684143066406e-01
4.542585909366607666e-01
8.728178143501281738e-01
3.674932122230529785e-01
0.000000000000000000e+00
2.738476097583770752e-01
4.099567234516143799e-01
3.715756163001060486e-02
0.000000000000000000e+00
1.196260377764701843e-02
3.137772679328918457e-01
1.655803471803665161e-01
1.347116567194461823e-02
8.935883045196533203e-01
8.017729222774505615e-02
1.687837578356266022e-02
7.522822171449661255e-02
2.649789452552795410e-01
9.279536083340644836e-03
7.942434400320053101e-02
4.842112585902214050e-02
0.000000000000000000e+00
2.191144414246082306e-02
2.953442931175231934e-01
1.524877548217773438e-01
1.006956338882446289e+00
1.893149018287658691e-01
0.000000000000000000e+00
1.843991428613662720e-01
3.740891814231872559e-01
0.000000000000000000e+00
0.000000000000000000e+00
2.184000015258789062e+00
2.391179949045181274e-01
5.578284263610839844e-01
8.831300586462020874e-02
1.737383604049682617e+00
1.070138290524482727e-01
1.031792908906936646e-02
1.954783797264099121e-01
1.410964429378509521e-01
7.160777598619461060e-02
2.024733461439609528e-02
1.221261546015739441e-01
1.593718975782394409e-01
2.037390917539596558e-01
6.330810487270355225e-02
1.120558455586433411e-01
0.000000000000000000e+00
4.877055287361145020e-01
1.756931096315383911e-01
3.730134665966033936e-01
8.898558616638183594e-01
9.285094588994979858e-02
2.970629215240478516e+00
3.563462570309638977e-02
4.229858875274658203e+00
4.041350185871124268e-01
0.000000000000000000e+00
0.000000000000000000e+00
5.441014170646667480e-01
2.910909429192543030e-02
7.035426050424575806e-02
1.812231540679931641e+00
8.693434298038482666e-02
5.737577080726623535e-01
3.495251759886741638e-03
9.395151864737272263e-04
1.670057922601699829e-01
7.860071063041687012e-01
4.432155191898345947e-02
5.802835226058959961e-01
1.964033581316471100e-02
1.310703039169311523e+00
3.205620497465133667e-02
2.661649703979492188e+00
3.661469519138336182e-01
5.952551588416099548e-02
1.893726363778114319e-02
4.249031841754913330e-02
2.300449460744857788e-01
9.650389850139617920e-02
7.292534708976745605e-01
1.624709248542785645e+00
1.515125513076782227e+00
1.028084289282560349e-02
0.000000000000000000e+00
1.219152063131332397e-01
0.000000000000000000e+00
0.000000000000000000e+00
8.401030898094177246e-01
2.471889257431030273e+00
9.886972904205322266e-01
1.437811970710754395e+00
1.619409322738647461e-01
1.381678730249404907e-01
7.468420267105102539e-01
1.064112707972526550e-01
1.019325032830238342e-01
2.562919855117797852e-01
2.614347040653228760e-01
0.000000000000000000e+00
0.000000000000000000e+00
7.182095646858215332e-01
8.988693356513977051e-01
1.668582409620285034e-01
3.769226074218750000e-01
4.986947029829025269e-02
5.128281712532043457e-01
5.850176215171813965e-01
1.424968615174293518e-02
1.283368319272994995e-01
5.405041575431823730e-02
5.452868714928627014e-02
1.086124181747436523e-01
2.472255229949951172e-01
4.434614907950162888e-03
4.077808558940887451e-02
1.941705239005386829e-03
1.128408670425415039e+00
0.000000000000000000e+00
5.060707926750183105e-01
0.000000000000000000e+00
4.468114078044891357e-01
1.714558601379394531e+00
0.000000000000000000e+00
1.298465281724929810e-01
2.633681297302246094e-01
1.008020788431167603e-01
0.000000000000000000e+00
6.012223362922668457e-01
7.437354326248168945e-02
1.033585891127586365e-02
5.427657961845397949e-01
1.330496668815612793e+00
1.340171974152326584e-02
5.720842480659484863e-01
1.068588439375162125e-02
9.534282088279724121e-01
1.754398345947265625e-01
1.112296223640441895e+00
1.644090662011876702e-04
2.291650772094726562e-01
7.743195295333862305e-01
1.252963840961456299e-01
1.343581795692443848e+00
5.866715312004089355e-02
1.255802065134048462e-01
3.633528649806976318e-01
1.060074329376220703e+00
1.171436086297035217e-01
1.402738154865801334e-03
3.773068487644195557e-01
6.441462635993957520e-01
0.000000000000000000e+00
0.000000000000000000e+00
2.675701379776000977e-01
2.719127340242266655e-03
0.000000000000000000e+00
3.189815282821655273e-01
2.303778827190399170e-01
2.714212238788604736e-01
2.134993225336074829e-01
2.240880131721496582e-01
7.892694473266601562e-01
1.261459589004516602e+00
7.483204826712608337e-04
1.802538484334945679e-01
8.329332470893859863e-01
1.804984927177429199e+00
0.000000000000000000e+00
7.544675469398498535e-01
1.379094552248716354e-02
3.003764152526855469e-01
1.255411028861999512e+00
8.443371206521987915e-02
4.156498014926910400e-01
1.874746233224868774e-01
4.271912388503551483e-03
3.678848743438720703e-01
2.533151388168334961e+00
3.211524784564971924e-01
6.222566962242126465e-01
3.607651218771934509e-02
0.000000000000000000e+00
1.404418587684631348e+00
1.382984668016433716e-01
0.000000000000000000e+00
1.602504998445510864e-01
0.000000000000000000e+00
6.955192685127258301e-01
0.000000000000000000e+00
0.000000000000000000e+00
7.267168164253234863e-01
0.000000000000000000e+00
8.090358376502990723e-01
2.303166091442108154e-01
1.442325413227081299e-01
1.630209833383560181e-01
3.205526247620582581e-02
2.603826820850372314e-01
0.000000000000000000e+00
2.546560287475585938e+00
5.966822504997253418e-01
0.000000000000000000e+00
0.000000000000000000e+00
2.394342273473739624e-01
8.808956742286682129e-01
7.450016736984252930e-01
8.564180135726928711e-01
4.216645717620849609e+00
2.648931741714477539e-01
0.000000000000000000e+00
2.508467912673950195e+00
2.244651913642883301e-01
8.726964890956878662e-02
0.000000000000000000e+00
1.321003865450620651e-02
9.378669410943984985e-02
2.914895117282867432e-01
0.000000000000000000e+00
5.706819295883178711e-01
6.271636486053466797e-01
9.567644596099853516e-01
0.000000000000000000e+00
2.846121490001678467e-01
2.740401923656463623e-01
1.287872314453125000e+00
1.151155382394790649e-01
1.696866899728775024e-01
1.185450628399848938e-01
4.747495055198669434e-01
2.922485396265983582e-02
2.995420098304748535e-01
4.630652368068695068e-01
5.425181984901428223e-01
0.000000000000000000e+00
1.575763463973999023e+00
8.734141588211059570e-01
1.197412967681884766e+00
9.135802090167999268e-02
1.357995253056287766e-02
7.680182456970214844e-01
8.643344789743423462e-02
7.238641977310180664e-01
7.137607038021087646e-02
3.506188869476318359e+00
1.487692952156066895e+00
9.131294488906860352e-01
3.293852806091308594e-01
1.494503468275070190e-01
1.221055164933204651e-02
6.821768879890441895e-01
7.576777786016464233e-02
1.138248816132545471e-01
5.803916137665510178e-03
1.402278691530227661e-01
2.353125095367431641e+00
5.324112996459007263e-02
5.882679820060729980e-01
4.923709481954574585e-02
2.259834766387939453e+00
0.000000000000000000e+00
2.495712041854858398e+00
6.274804472923278809e-02
9.245662391185760498e-02
4.595205560326576233e-02
2.625826895236968994e-01
9.762111306190490723e-01
1.003670692443847656e-01
4.620466846972703934e-03
9.150663614273071289e-01
1.110583543777465820e+00
2.495297789573669434e-01
4.809103161096572876e-02
2.181870639324188232e-01
4.415385127067565918e-01
5.729511976242065430e-01
1.496332883834838867e+00
0.000000000000000000e+00
6.449866890907287598e-01
2.631146311759948730e-01
1.975995674729347229e-02
0.000000000000000000e+00
1.550737172365188599e-01
4.625136256217956543e-01
8.983047008514404297e-01
3.681461093947291374e-03
7.184226810932159424e-02
0.000000000000000000e+00
1.271021962165832520e+00
5.498674511909484863e-02
4.101667553186416626e-02
3.384069353342056274e-02
2.715474180877208710e-02
0.000000000000000000e+00
2.372089147567749023e+00
3.814216554164886475e-01
0.000000000000000000e+00
3.044246463105082512e-03
2.220699489116668701e-01
5.767316222190856934e-01
1.745910197496414185e-02
8.918911963701248169e-02
4.176524281501770020e-01
0.000000000000000000e+00
0.000000000000000000e+00
6.389726400375366211e-01
2.931926488876342773e+00
1.435737490653991699e+00
2.326522767543792725e-02
1.442261189222335815e-01
1.798649430274963379e+00
4.212714731693267822e-01
1.281099200248718262e+00
9.347351267933845520e-03
2.155224531888961792e-01
8.607541322708129883e-01
1.532068967819213867e+00
3.127699717879295349e-02
0.000000000000000000e+00
7.228555679321289062e-01
0.000000000000000000e+00
1.413001865148544312e-01
5.435462594032287598e-01
4.937899112701416016e-01
1.027339696884155273e+00
2.500447444617748260e-02
2.010711729526519775e-01
8.371127396821975708e-02
0.000000000000000000e+00
9.681547060608863831e-03
7.116696238517761230e-01
2.361360490322113037e-01
6.926576606929302216e-03
1.994143873453140259e-01
6.677924096584320068e-02
1.859491914510726929e-01
1.092943400144577026e-01
1.010649092495441437e-02
5.386715382337570190e-02
0.000000000000000000e+00
1.455341428518295288e-01
1.401673316955566406e+00
0.000000000000000000e+00
4.260022640228271484e-01
6.053000092506408691e-01
8.219389915466308594e-01
7.296437770128250122e-02
1.262536168098449707e+00
4.427182674407958984e-01
7.668877243995666504e-01
2.662747539579868317e-02
8.196888864040374756e-02
8.261345028877258301e-01
4.125030040740966797e-01
8.064442276954650879e-01
4.820465669035911560e-02
9.629228711128234863e-01
5.297286510467529297e-01
4.633290320634841919e-02
6.039953231811523438e-01
1.876757144927978516e-01
1.503275632858276367e-01
2.633458673954010010e-01
0.000000000000000000e+00
1.045418381690979004e+00
2.377499192953109741e-01
1.547450423240661621e-01
1.943473219871520996e-01
1.882299929857254028e-01
1.940496683120727539e+00
1.077878713607788086e+00
2.175328016281127930e+00
1.786445617675781250e+00
5.405379533767700195e-01
3.528094384819269180e-03
0.000000000000000000e+00
1.852845430374145508e+00
1.544792205095291138e-01
6.607938408851623535e-01
1.510219931602478027e+00
6.603876501321792603e-02
3.248322904109954834e-01
2.080713063478469849e-01
0.000000000000000000e+00
0.000000000000000000e+00
1.675935029983520508e+00
3.881655260920524597e-02
4.353373870253562927e-02
4.361609935760498047e+00
5.460280925035476685e-02
3.587979972362518311e-01
1.709220707416534424e-01
1.832822114229202271e-01
9.007541835308074951e-02
2.893599271774291992e-01
2.306410344317555428e-03
4.228645469993352890e-03
2.776548266410827637e-02
4.284848570823669434e-01
2.097449749708175659e-01
0.000000000000000000e+00
3.004233121871948242e+00
3.802678585052490234e-01
0.000000000000000000e+00
2.889889776706695557e-01
7.288055419921875000e-01
1.441309094429016113e+00
4.680708348751068115e-01
8.904203027486801147e-02
1.359100341796875000e+00
0.000000000000000000e+00
3.717862069606781006e-01
2.684424519538879395e-01
1.055830836296081543e+00
4.105017781257629395e-01
1.500919647514820099e-02
1.987435668706893921e-01
2.369380295276641846e-01
1.057407021522521973e+00
5.035467147827148438e-01
0.000000000000000000e+00
0.000000000000000000e+00
2.703985929489135742e+00
0.000000000000000000e+00
7.874376177787780762e-01
4.920577108860015869e-01
2.820548772811889648e+00
4.316801726818084717e-01
1.485751867294311523e+00
6.681505441665649414e-01
6.046807169914245605e-01
2.201972484588623047e+00
2.326598763465881348e-02
9.023229479789733887e-01
4.043878316879272461e-01
5.105205178260803223e-01
6.925316452980041504e-01
1.265530705451965332e+00
0.000000000000000000e+00
7.183768600225448608e-02
3.181632608175277710e-02
3.176826238632202148e-01
7.464749272912740707e-03
1.365945577621459961e+00
1.878226995468139648e-01
0.000000000000000000e+00
1.110460281372070312e+00
3.602273762226104736e-01
2.669675648212432861e-01
2.305220067501068115e-01
2.673216760158538818e-01
9.857248067855834961e-01
8.832459449768066406e-01
7.882931083440780640e-02
1.207052916288375854e-01
9.466598629951477051e-01
0.000000000000000000e+00
2.188276201486587524e-01
0.000000000000000000e+00
5.632097721099853516e-01
1.824413426220417023e-02
7.187224924564361572e-02
2.760029137134552002e-01
2.772934362292289734e-02
9.732552617788314819e-02
3.344292044639587402e-01
1.678737998008728027e-02
1.006325244903564453e+00
7.991855591535568237e-02
5.468282848596572876e-02
4.296679049730300903e-02
4.226558506488800049e-01
2.260241471230983734e-02
0.000000000000000000e+00
5.801104903221130371e-01
7.419847697019577026e-02
1.027853460982441902e-03
2.793737053871154785e-01
3.857727766036987305e+00
1.215083291754126549e-03
6.327208131551742554e-03
0.000000000000000000e+00
2.936221063137054443e-01
2.244801446795463562e-02
1.110898375511169434e+00
1.812244653701782227e-01
2.447982549667358398e+00
5.982592701911926270e-01
1.695109880529344082e-03
1.459585130214691162e-02
3.614631593227386475e-01
0.000000000000000000e+00
2.486071884632110596e-01
0.000000000000000000e+00
3.227568268775939941e-01
5.446147322654724121e-01
1.335148932412266731e-03
1.417471468448638916e-01
2.527041435241699219e-01
0.000000000000000000e+00
8.914619684219360352e-01
1.691768020391464233e-01
2.930791117250919342e-02
0.000000000000000000e+00
8.467668294906616211e-02
3.947806358337402344e-01
3.024713695049285889e-02
6.780896186828613281e-01
8.650278300046920776e-02
0.000000000000000000e+00
3.098872303962707520e-01
1.518566370010375977e+00
9.552029967308044434e-01
9.907718747854232788e-02
0.000000000000000000e+00
5.044499635696411133e-01
2.113507032394409180e+00
1.868447512388229370e-01
4.929305613040924072e-01
3.244658410549163818e-01
6.942799687385559082e-02
1.326658297330141068e-03
0.000000000000000000e+00
2.378753153607249260e-03
3.773190975189208984e+00
1.177857667207717896e-01
8.660978078842163086e-02
3.010637462139129639e-01
0.000000000000000000e+00
7.896128892898559570e-01
6.691871881484985352e-01
4.967305660247802734e-01
3.887882232666015625e-01
2.978518009185791016e-01
2.150389365851879120e-02
1.120834708213806152e+00
1.210139513015747070e+00
6.779200434684753418e-01
3.748534917831420898e-01
4.506155550479888916e-01
5.601359605789184570e-01
3.603677511215209961e+00
8.491621911525726318e-02
3.819727897644042969e-01
1.435944437980651855e+00
4.668933153152465820e-02
6.511147022247314453e-01
2.341593503952026367e-01
2.455900162458419800e-01
2.146375775337219238e-01
9.615280479192733765e-02
1.291950643062591553e-01
1.275352574884891510e-02
1.950004100799560547e-01
0.000000000000000000e+00
3.667838573455810547e-01
8.747040033340454102e-01
3.503182530403137207e-02
1.137695312500000000e-01
1.529357582330703735e-01
4.936870187520980835e-02
1.715535670518875122e-01
0.000000000000000000e+00
6.106682121753692627e-02
2.780949473381042480e-01
2.368908375501632690e-01
0.000000000000000000e+00
1.429767757654190063e-01
3.150324821472167969e-01
8.940114825963973999e-02
3.051155507564544678e-01
1.509956121444702148e-01
4.243570566177368164e-02
3.462113440036773682e-01
3.996400907635688782e-02
2.279368937015533447e-01
3.317889869213104248e-01
0.000000000000000000e+00
0.000000000000000000e+00
9.073115587234497070e-01
4.354718625545501709e-01
2.314682751893997192e-01
1.116930507123470306e-02
3.340667486190795898e-01
1.810062378644943237e-01
0.000000000000000000e+00
1.706522330641746521e-02
1.837484598159790039e+00
9.797343015670776367e-01
0.000000000000000000e+00
1.266527026891708374e-01
6.413662433624267578e-01
3.028667271137237549e-01
1.091960191726684570e+00
9.527233429253101349e-03
0.000000000000000000e+00
1.138275742530822754e+00
3.022209107875823975e-01
2.912503182888031006e-01
1.327269524335861206e-01
0.000000000000000000e+00
3.430768847465515137e-02
9.842587709426879883e-01
1.762134134769439697e-01
7.846361994743347168e-01
0.000000000000000000e+00
1.202391386032104492e+00
4.138798713684082031e-01
1.362611413002014160e+00
1.693865954875946045e-01
2.531508505344390869e-01
1.856442213058471680e+00
0.000000000000000000e+00
1.254779994487762451e-01
1.154314950108528137e-01
0.000000000000000000e+00
0.000000000000000000e+00
2.023113369941711426e-01
3.739216029644012451e-01
0.000000000000000000e+00
7.019659280776977539e-01
2.584439218044281006e-01
2.554580383002758026e-02
1.096504926681518555e+00
2.414140105247497559e-01
1.019831418991088867e+00
7.309238612651824951e-02
3.731194138526916504e-02
1.770107820630073547e-02
1.102625250816345215e+00
6.198172457516193390e-03
3.684540160975302570e-06
6.941094994544982910e-02
2.855212688446044922e-01
1.998890489339828491e-01
2.142338007688522339e-01
4.755498468875885010e-01
3.581215813755989075e-02
6.859050691127777100e-02
5.353579670190811157e-02
1.951795443892478943e-02
3.766575083136558533e-02
1.612532287836074829e-01
2.398200035095214844e+00
3.763639181852340698e-02
6.886421237140893936e-03
2.535610198974609375e-01
3.519563376903533936e-01
9.574650973081588745e-02
5.250406265258789062e-01
4.132399708032608032e-02
0.000000000000000000e+00
6.533174514770507812e-01
1.195819258689880371e+00
1.046018376946449280e-01
1.372654736042022705e-01
4.023133311420679092e-03
2.109205126762390137e-01
1.020334288477897644e-01
5.432051047682762146e-02
5.089203715324401855e-01
4.307777285575866699e-01
2.050267606973648071e-01
2.063987776637077332e-02
6.219699382781982422e-01
1.283729672431945801e-01
5.905904248356819153e-02
3.616110086441040039e-01
0.000000000000000000e+00
4.867126345634460449e-01
1.692355871200561523e-01
3.014388978481292725e-01
7.311709523200988770e-01
1.538343787193298340e+00
6.562076508998870850e-02
1.341080069541931152e-01
1.882391571998596191e-01
7.078021168708801270e-01
4.824893176555633545e-02
6.957845091819763184e-01
1.369374096393585205e-01
2.650962583720684052e-02
2.190194875001907349e-01
1.689328104257583618e-01
1.571153849363327026e-01
1.167684197425842285e-01
1.922621764242649078e-02
1.410622596740722656e-01
1.452474594116210938e+00
1.837302207946777344e+00
1.523540914058685303e-02
3.246524333953857422e-01
3.515344858169555664e-01
0.000000000000000000e+00
0.000000000000000000e+00
8.465694785118103027e-01
1.530520439147949219e+00
5.147381685674190521e-03
1.171219572424888611e-01
7.227790355682373047e-02
3.574892133474349976e-02
1.244753241539001465e+00
1.013769626617431641e+00
1.951086334884166718e-02
5.470774769783020020e-01
2.225324213504791260e-01
1.596921682357788086e-01
1.533278916031122208e-02
1.680616855621337891e+00
1.168816566467285156e+00
4.009023308753967285e-01
3.193477392196655273e-01
0.000000000000000000e+00
1.690120816230773926e+00
1.378378391265869141e+00
1.814867019653320312e+00
9.646505117416381836e-02
9.258427023887634277e-01
0.000000000000000000e+00
6.247360110282897949e-01
0.000000000000000000e+00
0.000000000000000000e+00
4.000158607959747314e-01
7.503652572631835938e-01
4.353602603077888489e-02
3.374921903014183044e-02
8.074498176574707031e-01
0.000000000000000000e+00
1.415779590606689453e-01
6.050049513578414917e-02
1.884488016366958618e-02
0.000000000000000000e+00
5.098031461238861084e-02
2.403903007507324219e+00
7.054771184921264648e-01
4.699454903602600098e-01
1.570882081985473633e+00
4.787298738956451416e-01
8.170003890991210938e-01
3.324424266815185547e+00
6.351166963577270508e-01
5.532056689262390137e-01
8.610795736312866211e-01
1.023560523986816406e+00
7.370669245719909668e-01
3.437312841415405273e-01
1.256094127893447876e-02
1.641625538468360901e-02
1.659842580556869507e-01
1.596194952726364136e-01
1.492322701960802078e-02
5.758232995867729187e-02
7.120083570480346680e-01
9.042635560035705566e-01
3.917348384857177734e-01
5.873284339904785156e-01
1.742613315582275391e-01
7.602364420890808105e-01
0.000000000000000000e+00
2.445353984832763672e+00
6.857711076736450195e-02
6.966174244880676270e-01
1.530585289001464844e+00
3.195023164153099060e-03
1.704330295324325562e-01
0.000000000000000000e+00
3.227349758148193359e+00
1.295317113399505615e-01
1.948672294616699219e+00
0.000000000000000000e+00
1.120032835751771927e-02
1.441748023033142090e+00
8.539783954620361328e-01
1.392520666122436523e-01
0.000000000000000000e+00
1.452343016862869263e-01
0.000000000000000000e+00
1.830723881721496582e-01
2.851582467555999756e-01
7.397615909576416016e-02
7.845423817634582520e-01
4.904904365539550781e-01
7.815328985452651978e-02
4.872699975967407227e-01
4.358170628547668457e-01
1.778703033924102783e-01
8.470575809478759766e-01
6.576683372259140015e-02
4.779548645019531250e-01
1.599282473325729370e-01
0.000000000000000000e+00
5.539467930793762207e-01
6.739935278892517090e-02
1.291114807128906250e+00
1.747670650482177734e+00
9.947358630597591400e-04
3.544315928593277931e-03
1.248864054679870605e+00
0.000000000000000000e+00
1.718725427053868771e-03
1.441605687141418457e+00
4.761881530284881592e-01
7.778201699256896973e-01
4.830356836318969727e-01
0.000000000000000000e+00
7.102904319763183594e-01
5.936014652252197266e-01
4.795422311872243881e-03
2.563514187932014465e-02
6.026216596364974976e-02
4.696187376976013184e-02
2.969499230384826660e-01
2.909594178199768066e-01
2.244133055210113525e-01
4.324265718460083008e-01
1.518185257911682129e+00
0.000000000000000000e+00
1.084134355187416077e-01
0.000000000000000000e+00
1.886913739144802094e-02
1.039627194404602051e+00
2.058583259582519531e+00
4.418418928980827332e-02
1.614104032516479492e+00
0.000000000000000000e+00
1.803817749023437500e-01
2.016940861940383911e-01
0.000000000000000000e+00
2.422678619623184204e-01
6.779019534587860107e-02
1.678678765892982483e-02
2.129457518458366394e-02
1.300670206546783447e-02
1.534690380096435547e+00
6.038159132003784180e-01
4.145250022411346436e-01
2.771153748035430908e-01
2.723461151123046875e+00
0.000000000000000000e+00
6.344593316316604614e-02
1.017743125557899475e-01
3.664873123168945312e+00
0.000000000000000000e+00
1.314179003238677979e-01
2.519303858280181885e-01
8.547312021255493164e-02
2.622373029589653015e-02
6.474424600601196289e-01
6.168136000633239746e-01
2.909194529056549072e-01
0.000000000000000000e+00
3.923525512218475342e-01
1.639248430728912354e-01
2.130174785852432251e-01
3.573614358901977539e-02
7.047422975301742554e-02
1.912088990211486816e-01
0.000000000000000000e+00
7.109656929969787598e-01
1.152526214718818665e-01
4.768702089786529541e-01
5.281863361597061157e-02
7.818114012479782104e-02
1.137686014175415039e+00
1.034871116280555725e-01
1.811496913433074951e-01
2.115173339843750000e-01
8.630856871604919434e-02
6.686869859695434570e-01
1.369627863168716431e-01
2.205603271722793579e-01
2.669161930680274963e-02
3.844051063060760498e-02
1.385743767023086548e-01
9.054636210203170776e-02
8.711846172809600830e-02
1.518949270248413086e+00
0.000000000000000000e+00
3.386628627777099609e-01
3.652645647525787354e-02
6.166151165962219238e-01
2.857320196926593781e-02
1.307910587638616562e-02
3.358421325683593750e-01
2.444545179605484009e-02
6.230667829513549805e-01
9.045881032943725586e-02
0.000000000000000000e+00
1.081404328346252441e+00
4.798505082726478577e-02
7.502538561820983887e-01
0.000000000000000000e+00
3.799967095255851746e-02
1.003091573715209961e+00
5.624284595251083374e-02
3.396142125129699707e-01
5.028680339455604553e-02
0.000000000000000000e+00
1.848114095628261566e-02
2.234937250614166260e-01
6.558750867843627930e-01
1.780349165201187134e-01
3.205286502838134766e+00
3.313064575195312500e-01
1.742019057273864746e+00
5.317789912223815918e-01
5.961282849311828613e-01
1.412090420722961426e+00
2.779295742511749268e-01
9.068611860275268555e-01
1.885183155536651611e-02
1.369871664792299271e-02
1.051117062568664551e+00
4.913566168397665024e-03
2.119346521794795990e-03
3.778330683708190918e-01
3.109302558004856110e-02
0.000000000000000000e+00
7.915329337120056152e-01
1.519139707088470459e-01
4.927904307842254639e-01
1.266123354434967041e-02
6.879508495330810547e-02
3.932510018348693848e-01
4.815367460250854492e-01
5.210291966795921326e-02
1.399680785834789276e-02
6.401165723800659180e-01
8.583621382713317871e-01
1.366894394159317017e-01
4.521442651748657227e-01
0.000000000000000000e+00
1.308694005012512207e+00
3.475328087806701660e-01
1.554649621248245239e-01
4.263929724693298340e-01
5.536055564880371094e-01
1.481208298355340958e-02
2.876173257827758789e-01
4.765326529741287231e-02
1.905989050865173340e+00
4.203743487596511841e-02
7.958272695541381836e-01
1.350832134485244751e-01
9.328938722610473633e-01
1.751999557018280029e-02
2.936630845069885254e-01
3.798394696786999702e-03
4.040199797600507736e-03
6.219188123941421509e-02
6.719136238098144531e-01
1.355672925710678101e-01
5.955621600151062012e-01
3.428275585174560547e-01
5.100283145904541016e+00
6.424865126609802246e-01
0.000000000000000000e+00
3.203948140144348145e-01
5.371914505958557129e-01
0.000000000000000000e+00
6.202214956283569336e-01
8.355664089322090149e-03
1.655326724052429199e+00
2.425434589385986328e-01
4.816805943846702576e-02
2.391569852828979492e+00
0.000000000000000000e+00
5.592837696895003319e-04
2.850315719842910767e-02
7.615860551595687866e-03
8.882950991392135620e-02
5.355614423751831055e-01
1.216490343213081360e-01
6.733078360557556152e-01
4.861040413379669189e-02
8.249379396438598633e-01
1.201432347297668457e-01
1.148261651396751404e-01
0.000000000000000000e+00
2.574444115161895752e-01
4.494735971093177795e-02
2.110193490982055664e+00
1.129049181938171387e+00
1.763016358017921448e-02
5.292089655995368958e-03
1.336778104305267334e-01
7.543909549713134766e-02
7.445841431617736816e-01
3.400733470916748047e-01
0.000000000000000000e+00
2.614773064851760864e-02
3.956713899970054626e-02
1.302656888961791992e+00
4.398486614227294922e-01
7.861874997615814209e-02
2.218245863914489746e-01
0.000000000000000000e+00
1.329852819442749023e+00
0.000000000000000000e+00
2.211890220642089844e+00
1.317021012306213379e+00
7.642795890569686890e-02
9.778437018394470215e-02
0.000000000000000000e+00
0.000000000000000000e+00
8.586435019969940186e-02
1.335611380636692047e-02
8.474652171134948730e-01
4.085832834243774414e-02
6.584035605192184448e-02
3.422011435031890869e-02
1.207605935633182526e-03
1.371892839670181274e-01
5.585495829582214355e-01
7.224720716476440430e-01
3.274032175540924072e-01
5.102233290672302246e-01
7.326299548149108887e-01
9.689574129879474640e-03
1.359328389167785645e+00
2.557008564472198486e-01
5.460122227668762207e-01
0.000000000000000000e+00
3.340187296271324158e-02
3.942652046680450439e-01
2.027894258499145508e-01
2.510216534137725830e-01
1.346426606178283691e-01
4.900983572006225586e-01
7.637590169906616211e-01
2.422934621572494507e-01
7.248083129525184631e-03
1.767774298787117004e-02
6.178153157234191895e-01
6.279573440551757812e-01
2.378280162811279297e-01
5.746111869812011719e-01
9.768339395523071289e-01
4.878701001871377230e-04
8.103676140308380127e-02
2.269272506237030029e-02
1.488893926143646240e-01
2.045285224914550781e+00
1.657992019318044186e-03
2.123872190713882446e-02
3.172512948513031006e-01
1.165308058261871338e-01
1.169618070125579834e-01
0.000000000000000000e+00
9.184609353542327881e-02
7.511255890130996704e-02
1.141702651977539062e+00
0.000000000000000000e+00
0.000000000000000000e+00
8.383284807205200195e-01
0.000000000000000000e+00
0.000000000000000000e+00
3.020099997520446777e-01
0.000000000000000000e+00
1.113453134894371033e-01
3.549437969923019409e-02
0.000000000000000000e+00
0.000000000000000000e+00
0.000000000000000000e+00
1.195324882864952087e-01
0.000000000000000000e+00
9.464929252862930298e-02
2.333547621965408325e-01
5.202443599700927734e+00
5.895438194274902344e-01
2.946411818265914917e-02
4.134906530380249023e-01
2.201490662992000580e-02
1.398476064205169678e-01
1.973748058080673218e-01
1.266334652900695801e-01
2.035219192504882812e+00
2.307493686676025391e-01
1.471994400024414062e+00
2.886921763420104980e-01
9.608402103185653687e-02
1.155307665467262268e-01
6.810829043388366699e-02
5.060462653636932373e-02
2.606935799121856689e-01
2.462861537933349609e-01
5.834132432937622070e-02
3.438432514667510986e-01
5.058420822024345398e-02
4.413989186286926270e-02
7.232473697513341904e-03
2.156445682048797607e-01
6.882515549659729004e-02
1.745618321001529694e-02
1.440887004137039185e-01
5.790344998240470886e-02
0.000000000000000000e+00
9.636978507041931152e-01
0.000000000000000000e+00
0.000000000000000000e+00
1.955172777175903320e+00
2.327133178710937500e+00
4.834710061550140381e-01
7.778322100639343262e-01
1.891774125397205353e-02
8.695575408637523651e-03
3.331523016095161438e-02
5.083567649126052856e-02
4.221822693943977356e-02
1.142787635326385498e-01
8.485498428344726562e-01
1.724750638008117676e+00
5.322000503540039062e+00
6.288044154644012451e-02
9.176957607269287109e-02
1.044617772102355957e+00
1.493811309337615967e-01
4.270330071449279785e-01
2.821697294712066650e-01
6.058970689773559570e-01
1.502979516983032227e+00
1.337753236293792725e-02
0.000000000000000000e+00
1.314049866050481796e-02
1.613963246345520020e+00
1.640809141099452972e-02
0.000000000000000000e+00
0.000000000000000000e+00
5.464429855346679688e-01
7.489731069654226303e-03
4.758926630020141602e-01
1.368106156587600708e-01
7.936051487922668457e-02
4.058193564414978027e-01
5.882539600133895874e-02
3.873261436820030212e-02
6.686310172080993652e-01
8.775860816240310669e-02
2.433611750602722168e-01
6.385010480880737305e-01
2.534393668174743652e-01
0.000000000000000000e+00
9.626128524541854858e-02
0.000000000000000000e+00
6.238738819956779480e-02
0.000000000000000000e+00
0.000000000000000000e+00
1.899751424789428711e-01
1.410710960626602173e-01
1.712796390056610107e-01
2.790698111057281494e-01
5.169138312339782715e-01
0.000000000000000000e+00
1.850419305264949799e-02
0.000000000000000000e+00
0.000000000000000000e+00
2.447129040956497192e-01
3.094965457916259766e+00
6.849406361579895020e-01
1.559119969606399536e-01
1.786844879388809204e-01
1.385793089866638184e+00
9.628978371620178223e-01
6.645558029413223267e-02
2.837601490318775177e-02
7.956560254096984863e-01
1.523292660713195801e-01
4.222240447998046875e-01
2.603112487122416496e-03
0.000000000000000000e+00
0.000000000000000000e+00
2.319847822189331055e+00
5.141746252775192261e-02
1.180438756942749023e+00
1.187240600585937500e+00
5.015484243631362915e-02
0.000000000000000000e+00
1.007852554321289062e+00
2.128149271011352539e+00
2.747789382934570312e+00
7.797075808048248291e-02
1.009818986058235168e-01
4.226207733154296875e-01
9.827622175216674805e-01
1.619091153144836426e+00
6.475275754928588867e-01
2.676333487033843994e-01
7.375734448432922363e-01
2.422399967908859253e-01
4.847305244766175747e-04
0.000000000000000000e+00
4.013440012931823730e-01
1.019144989550113678e-02
0.000000000000000000e+00
2.604818940162658691e-01
1.737461209297180176e+00
1.187795996665954590e-01
7.235402613878250122e-02
1.597776114940643311e-01
0.000000000000000000e+00
5.085422992706298828e-01
3.912069499492645264e-01
6.906427443027496338e-02
8.035212755203247070e-01
9.828882664442062378e-02
6.111470982432365417e-03
2.978217363357543945e+00
0.000000000000000000e+00
7.059960812330245972e-02
7.760803699493408203e-01
1.061817258596420288e-01
3.707206249237060547e-01
0.000000000000000000e+00
0.000000000000000000e+00
2.033094614744186401e-01
2.055925577878952026e-01
0.000000000000000000e+00
4.479989409446716309e-01
1.451883077621459961e+00
3.603295385837554932e-01
2.184732407331466675e-01
2.268001064658164978e-02
5.035569146275520325e-02
2.662186324596405029e-02
0.000000000000000000e+00
1.379491388797760010e-02
5.204920172691345215e-01
4.789111614227294922e-01
7.021971940994262695e-01
4.461086392402648926e-01
0.000000000000000000e+00
3.552932739257812500e-01
3.214012831449508667e-02
0.000000000000000000e+00
4.757117480039596558e-03
1.600573897361755371e+00
1.199043244123458862e-01
0.000000000000000000e+00
0.000000000000000000e+00
2.401513978838920593e-02
1.038461923599243164e-01
3.363496363162994385e-01
5.236225724220275879e-01
5.248742550611495972e-02
1.080733984708786011e-01
1.149753451347351074e+00
5.666522383689880371e-01
3.053613565862178802e-02
1.093009471893310547e+00
8.986526727676391602e-02
2.924895286560058594e-02
1.339869350194931030e-01
5.623790025711059570e-01
0.000000000000000000e+00
1.557673364877700806e-01
0.000000000000000000e+00
0.000000000000000000e+00
5.496657490730285645e-01
1.858398556709289551e+00
0.000000000000000000e+00
9.262883663177490234e-02
2.264489889144897461e+00
3.848171532154083252e-01
9.186662733554840088e-02
3.773201107978820801e-01
9.275284409523010254e-01
1.717554181814193726e-01
0.000000000000000000e+00
2.039769440889358521e-01
1.477149035781621933e-02
0.000000000000000000e+00
1.151760965585708618e-01
9.718993306159973145e-01
0.000000000000000000e+00
3.546839207410812378e-02
2.858071625232696533e-01
5.577297806739807129e-01
1.384082883596420288e-01
4.309421479701995850e-01
2.444348111748695374e-02
2.427468001842498779e-01
3.073531687259674072e-01
4.835047125816345215e-01
3.017953364178538322e-03
9.693604707717895508e-02
9.773657470941543579e-02
0.000000000000000000e+00
0.000000000000000000e+00
1.191289186477661133e+00
1.167720913887023926e+00
4.088606312870979309e-02
8.313796669244766235e-02
2.449943304061889648e+00
1.468366477638483047e-03
0.000000000000000000e+00
0.000000000000000000e+00
0.000000000000000000e+00
1.766299456357955933e-01
2.866893634200096130e-02
0.000000000000000000e+00
4.196812629699707031e+00
2.724088907241821289e+00
3.895543515682220459e-01
6.182315349578857422e-01
6.408895831555128098e-03
8.355310559272766113e-01
2.902177348732948303e-02
2.416562438011169434e-01
4.123316764831542969e+00
0.000000000000000000e+00
4.996709227561950684e-01
6.158742904663085938e-01
3.196107223629951477e-02
6.757003068923950195e-01
1.493819594383239746e+00
2.655802993103861809e-03
1.991998255252838135e-01
8.835583925247192383e-02
3.068815469741821289e-01
0.000000000000000000e+00
3.451845645904541016e-01
5.726450681686401367e-02
7.968299835920333862e-02
6.876621842384338379e-01
5.944868549704551697e-02
3.929308801889419556e-02
2.850024700164794922e-01
4.719239175319671631e-01
4.069583714008331299e-01
6.148219704627990723e-01
1.093810915946960449e+00
0.000000000000000000e+00
1.413139462471008301e+00
1.499959379434585571e-01
1.154120266437530518e-02
2.445857822895050049e-01
4.404919147491455078e-01
7.455776929855346680e-01
8.425596356391906738e-01
1.301512271165847778e-01
0.000000000000000000e+00
0.000000000000000000e+00
0.000000000000000000e+00
2.338426589965820312e+00
5.734157562255859375e-02
0.000000000000000000e+00
1.087660416960716248e-01
1.257330656051635742e+00
3.907091915607452393e-02
3.272691071033477783e-01
3.068052828311920166e-01
6.163994222879409790e-02
1.021005392074584961e+00
0.000000000000000000e+00
3.666321933269500732e-01
4.472995698451995850e-01
7.209553848952054977e-03
2.878233790397644043e-01
1.791742295026779175e-01
5.559234023094177246e-01
1.218074932694435120e-02
2.626280784606933594e-01
1.464375257492065430e-01
6.905262470245361328e-01
0.000000000000000000e+00
0.000000000000000000e+00
4.834597557783126831e-02
3.362236022949218750e-01
2.453601211309432983e-01
6.780626624822616577e-02
7.415161281824111938e-02
8.658115863800048828e-01
2.383170127868652344e+00
1.134920477867126465e+00
1.440959692001342773e+00
1.306438893079757690e-01
0.000000000000000000e+00
2.527255117893218994e-01
0.000000000000000000e+00
4.187627637293189764e-04
0.000000000000000000e+00
2.268833816051483154e-01
9.238462895154953003e-02
5.927612185478210449e-01
1.379523575305938721e-01
5.268491506576538086e-01
3.400329947471618652e-01
9.213748574256896973e-02
7.270082831382751465e-02
1.642074704170227051e+00
6.360080838203430176e-01
3.496493771672248840e-02
2.093528062105178833e-01
1.509269624948501587e-01
4.780110716819763184e-02
7.507671713829040527e-01
1.981351733207702637e+00
3.761237114667892456e-02
2.273958362638950348e-02
2.816434204578399658e-01
1.028226912021636963e-01
4.231025874614715576e-01
2.586086094379425049e-01
6.224232316017150879e-01
3.753845393657684326e-01
5.302504077553749084e-02
7.148678898811340332e-01
8.757145404815673828e-01
7.227835655212402344e-01
5.398817062377929688e-01
2.952595651149749756e-01
1.611321568489074707e+00
0.000000000000000000e+00
4.415625035762786865e-01
2.622488439083099365e-01
8.492619991302490234e-01
1.900494933128356934e+00
2.854307889938354492e-01
3.563665971159934998e-02
0.000000000000000000e+00
3.232004586607217789e-03
1.723679900169372559e-01
2.099143266677856445e-01
0.000000000000000000e+00
6.645889580249786377e-02
1.843747496604919434e-01
0.000000000000000000e+00
0.000000000000000000e+00
7.147933244705200195e-01
0.000000000000000000e+00
5.362027883529663086e-02
0.000000000000000000e+00
1.297591924667358398e+00
4.605780169367790222e-02
1.726640939712524414e+00
2.882302999496459961e-01
2.338641643524169922e+00
7.521513104438781738e-01
1.728702038526535034e-01
1.737833470106124878e-01
7.548023015260696411e-02
3.595040559768676758e+00
1.153059527277946472e-01
2.245257645845413208e-01
1.225619204342365265e-02
7.514561414718627930e-01
2.447815388441085815e-01
2.410189509391784668e-01
0.000000000000000000e+00
2.680564522743225098e-01
8.456174135208129883e-01
3.542741993442177773e-03
0.000000000000000000e+00
0.000000000000000000e+00
7.735002636909484863e-01
1.073789954185485840e+00
5.471079796552658081e-02
2.645168006420135498e-01
3.158663988113403320e+00
3.598101139068603516e-01
0.000000000000000000e+00
5.588880181312561035e-01
4.718559682369232178e-01
7.842727750539779663e-02
4.311858862638473511e-02
3.237694978713989258e+00
1.500862121582031250e+00
9.979184716939926147e-03
1.049629211425781250e+00
1.592312902212142944e-01
2.369408905506134033e-01
0.000000000000000000e+00
0.000000000000000000e+00
2.165988087654113770e-02
1.870741695165634155e-01
1.434164285659790039e+00
1.389857977628707886e-01
8.253998309373855591e-02
2.962041199207305908e-01
1.618183851242065430e+00
2.032130025327205658e-02
3.012598305940628052e-02
1.090424418449401855e+00
1.476003080606460571e-01
1.762792170047760010e-01
9.561792612075805664e-01
2.376563400030136108e-01
5.054544210433959961e-01
4.505537822842597961e-02
1.097857020795345306e-02
2.457855269312858582e-02
0.000000000000000000e+00
1.491351485252380371e+00
0.000000000000000000e+00
2.608549356460571289e+00
6.534904986619949341e-02
4.337548911571502686e-01
8.420585989952087402e-01
4.044537544250488281e-01
4.756840765476226807e-01
4.896093904972076416e-02
9.291877504438161850e-04
2.826182916760444641e-02
4.319925233721733093e-02
0.000000000000000000e+00
6.194351240992546082e-02
6.575825065374374390e-02
4.704663157463073730e-02
0.000000000000000000e+00
1.899253278970718384e-01
4.261637032032012939e-01
3.089075386524200439e-01
1.673982262611389160e+00
3.103579878807067871e-01
4.137294888496398926e-01
3.493271395564079285e-02
2.182009220123291016e-01
2.738671541213989258e+00
3.985137492418289185e-02
4.854828491806983948e-02
2.082652300596237183e-01
2.138321101665496826e-02
8.831614255905151367e-02
5.390580892562866211e-01
1.275834292173385620e-01
4.685012698173522949e-01
4.175989329814910889e-02
1.125549972057342529e-01
8.584484457969665527e-02
1.386938840150833130e-01
1.051921248435974121e+00
3.474923670291900635e-01
3.650330603122711182e-01
1.136569976806640625e-01
5.402584001421928406e-02
2.297554537653923035e-02
2.995511531829833984e+00
2.556661888957023621e-02
2.482811450958251953e+00
2.946667969226837158e-01
1.165252566337585449e+00
5.933415517210960388e-02
0.000000000000000000e+00
0.000000000000000000e+00
1.098668798804283142e-01
0.000000000000000000e+00
1.477001905441284180e+00
2.116652965545654297e+00
2.555666863918304443e-02
4.987303912639617920e-02
5.436570197343826294e-02
1.949484646320343018e-01
1.159573942422866821e-01
6.769749452359974384e-04
1.261212676763534546e-01
1.473087468184530735e-03
7.014536857604980469e-01
1.204138636589050293e+00
3.484812676906585693e-01
1.102097425609827042e-02
2.071834355592727661e-01
2.909442782402038574e-01
0.000000000000000000e+00
6.038865447044372559e-01
1.216296315193176270e+00
2.232966572046279907e-01
1.191837564110755920e-01
1.947467960417270660e-02
2.254554629325866699e-02
1.535378247499465942e-01
1.213998720049858093e-02
4.385739937424659729e-02
0.000000000000000000e+00
9.280435740947723389e-02
9.847897291183471680e-01
4.350171089172363281e-01
1.473980188369750977e+00
2.039396762847900391e-01
2.919436693191528320e-01
2.635177671909332275e-01
3.984679877758026123e-01
2.098907709121704102e+00
0.000000000000000000e+00
1.635729372501373291e-01
4.730185568332672119e-01
2.068864852190017700e-01
6.980402469635009766e-01
7.909302115440368652e-01
1.927876234054565430e+00
2.717274188995361328e+00
0.000000000000000000e+00
1.375970095396041870e-01
1.219763234257698059e-01
9.188963100314140320e-03
4.198329746723175049e-01
3.526094257831573486e-01
0.000000000000000000e+00
7.517607882618904114e-03
1.161467656493186951e-01
9.304585456848144531e-01
1.228592246770858765e-01
4.212297797203063965e-01
3.227764740586280823e-02
7.889098525047302246e-01
1.220199838280677795e-01
5.389741659164428711e-01
2.799244821071624756e-01
0.000000000000000000e+00
4.689515382051467896e-02
3.434677422046661377e-02
5.626807808876037598e-01
2.005889892578125000e+00
0.000000000000000000e+00
2.690318524837493896e-01
2.414362430572509766e-01
5.304733514785766602e-01
0.000000000000000000e+00
5.270018428564071655e-02
0.000000000000000000e+00
0.000000000000000000e+00
3.117094933986663818e-02
1.463707447052001953e+00
1.007545888423919678e-01
0.000000000000000000e+00
5.816273689270019531e-01
2.019831212237477303e-03
9.540352039039134979e-03
0.000000000000000000e+00
1.366554796695709229e-01
4.517883528023958206e-03
6.547887809574604034e-03
0.000000000000000000e+00
5.854621529579162598e-01
1.581202864646911621e+00
4.725293815135955811e-02
0.000000000000000000e+00
0.000000000000000000e+00
2.515408396720886230e-01
0.000000000000000000e+00
1.124061465263366699e+00
1.690063029527664185e-01
8.416863083839416504e-01
1.616605520248413086e-01
8.015695810317993164e-01
1.107043921947479248e-01
1.925734519958496094e+00
1.805704832077026367e-01
3.376127481460571289e-01
