9.592236019670963287e-03
3.034980297088623047e+00
2.204954177141189575e-01
2.474557422101497650e-02
4.822146892547607422e-01
8.165997862815856934e-01
2.892856299877166748e-02
6.685605049133300781e-01
1.845042593777179718e-02
2.997081577777862549e-01
2.309547960758209229e-01
1.519783139228820801e-01
8.656901121139526367e-02
1.074841395020484924e-01
5.819051265716552734e-01
5.983033776283264160e-02
3.043656982481479645e-02
6.939384341239929199e-02
4.091829657554626465e-01
2.518823444843292236e-01
3.462674021720886230e-01
1.108621507883071899e-01
4.876671731472015381e-01
3.547453284263610840e-01
0.000000000000000000e+00
8.762548118829727173e-02
1.947442628443241119e-02
7.252144068479537964e-02
0.000000000000000000e+00
6.655539851635694504e-03
2.021366596221923828e+00
1.536518186330795288e-01
3.907649517059326172e-01
3.843430429697036743e-02
5.293055176734924316e-01
1.496781229972839355e+00
1.341574545949697495e-02
4.553889855742454529e-02
2.254661321640014648e-01
6.008015275001525879e-01
5.730031728744506836e-01
8.605622053146362305e-01
0.000000000000000000e+00
0.000000000000000000e+00
4.582869112491607666e-01
0.000000000000000000e+00
1.053150091320276260e-02
5.703403428196907043e-02
0.000000000000000000e+00
2.767753303050994873e-01
4.707185551524162292e-02
3.482977151870727539e-01
1.271263241767883301e+00
1.657902002334594727e-01
3.216052427887916565e-03
0.000000000000000000e+00
3.447073996067047119e-01
0.000000000000000000e+00
5.471927300095558167e-02
9.698727726936340332e-01
1.989883556962013245e-02
3.759386241436004639e-01
1.132463365793228149e-01
2.234197705984115601e-01
7.310351729393005371e-02
1.472592502832412720e-01
0.000000000000000000e+00
1.160034298896789551e+00
3.187249898910522461e-01
1.059177517890930176e-01
3.191849961876869202e-02
4.039182141423225403e-02
0.000000000000000000e+00
2.329170256853103638e-01
2.291080169379711151e-02
2.973994910717010498e-01
2.376162260770797729e-02
0.000000000000000000e+00
1.160970091819763184e+00
3.816530108451843262e-02
1.623713970184326172e-01
1.429551690816879272e-01
1.235757675021886826e-02
2.130813710391521454e-02
0.000000000000000000e+00
9.196302294731140137e-01
0.000000000000000000e+00
0.000000000000000000e+00
1.761959940195083618e-01
2.310178428888320923e-02
1.773592829704284668e-01
6.678322702646255493e-02
0.000000000000000000e+00
1.541655063629150391e-01
7.752206176519393921e-02
0.000000000000000000e+00
4.144755005836486816e-02
0.000000000000000000e+00
3.985350430011749268e-01
1.035521775484085083e-01
9.594078063964843750e-01
1.004605174064636230e+00
5.517977103590965271e-02
9.410926699638366699e-01
1.696264982223510742e+00
1.197314858436584473e-01
9.459591656923294067e-02
0.000000000000000000e+00
7.738400697708129883e-01
6.919555068016052246e-01
8.516845703125000000e-01
1.886751875281333923e-02
4.687961637973785400e-01
1.945843547582626343e-01
1.977937528863549232e-03
0.000000000000000000e+00
8.726236820220947266e-01
0.000000000000000000e+00
3.000500798225402832e-02
1.394871529191732407e-02
5.552376434206962585e-02
1.112620681524276733e-01
1.292971223592758179e-01
6.969378795474767685e-03
6.164875984191894531e+00
0.000000000000000000e+00
0.000000000000000000e+00
2.442813962697982788e-01
0.000000000000000000e+00
3.775357827544212341e-02
1.487537374487146735e-04
0.000000000000000000e+00
0.000000000000000000e+00
0.000000000000000000e+00
8.922507613897323608e-02
1.213066428899765015e-01
3.301036655902862549e-01
2.838574000634253025e-04
1.081338003277778625e-01
0.000000000000000000e+00
7.562462687492370605e-01
3.906678855419158936e-01
2.439985424280166626e-01
3.805924654006958008e+00
2.620017528533935547e-01
3.543689846992492676e-02
5.947475321590900421e-03
1.204433068633079529e-01
2.013602480292320251e-02
3.896152600646018982e-02
8.710032701492309570e-01
1.234182596206665039e+00
2.384040802717208862e-01
2.129644602537155151e-01
7.349877804517745972e-02
0.000000000000000000e+00
2.110429525375366211e+00
1.963811926543712616e-02
0.000000000000000000e+00
1.580870826728641987e-03
0.000000000000000000e+00
0.000000000000000000e+00
1.182523276656866074e-02
0.000000000000000000e+00
1.291415810585021973e+00
2.744760990142822266e+00
7.139387726783752441e-02
1.774579286575317383e-01
0.000000000000000000e+00
4.637693762779235840e-01
1.042873382568359375e+00
0.000000000000000000e+00
0.000000000000000000e+00
0.000000000000000000e+00
0.000000000000000000e+00
0.000000000000000000e+00
1.915475353598594666e-02
5.666108429431915283e-02
1.692217737436294556e-01
1.540211319923400879e+00
5.352134108543395996e-01
1.656277664005756378e-02
4.786107540130615234e-01
0.000000000000000000e+00
7.784736752510070801e-01
8.672176301479339600e-02
1.984461545944213867e-01
9.226216077804565430e-01
0.000000000000000000e+00
0.000000000000000000e+00
1.456676572561264038e-01
2.216133624315261841e-01
6.799019873142242432e-02
1.323138028383255005e-01
0.000000000000000000e+00
5.252813175320625305e-02
1.516767263412475586e+00
1.374560594558715820e+00
1.551008373498916626e-01
3.512608408927917480e-01
2.034912854433059692e-01
0.000000000000000000e+00
3.662109747529029846e-02
0.000000000000000000e+00
1.294493228197097778e-01
1.973346918821334839e-01
6.247860193252563477e-02
1.152711987495422363e+00
6.185548845678567886e-03
4.069183766841888428e-01
3.752543926239013672e-01
1.782083883881568909e-02
1.956302672624588013e-01
1.412946730852127075e-01
7.185137271881103516e-02
0.000000000000000000e+00
2.945077717304229736e-01
1.587804555892944336e-01
0.000000000000000000e+00
2.215365171432495117e-01
1.518395496532320976e-03
2.817257344722747803e-01
3.110422492027282715e-01
1.331015489995479584e-02
1.372610777616500854e-02
1.219032168388366699e+00
1.020908474922180176e+00
9.642026573419570923e-02
1.061615049839019775e-01
2.264975756406784058e-01
5.120613053441047668e-02
0.000000000000000000e+00
1.678178757429122925e-01
9.655733592808246613e-04
1.679679900407791138e-01
3.024762272834777832e-01
0.000000000000000000e+00
1.867201877757906914e-03
0.000000000000000000e+00
1.687686741352081299e-01
3.680704832077026367e-01
1.311066746711730957e-01
1.645679026842117310e-01
0.000000000000000000e+00
1.236289367079734802e-02
3.201225027441978455e-02
3.432868719100952148e-01
0.000000000000000000e+00
0.000000000000000000e+00
0.000000000000000000e+00
8.733914047479629517e-02
1.753309667110443115e-01
8.023192733526229858e-02
9.197586774826049805e-02
1.276166439056396484e+00
9.274078905582427979e-02
1.129910442978143692e-02
0.000000000000000000e+00
1.653639628784731030e-04
1.248226761817932129e-01
1.614633798599243164e-01
1.437096949666738510e-02
1.670261844992637634e-02
2.702134288847446442e-02
8.323208689689636230e-01
0.000000000000000000e+00
0.000000000000000000e+00
6.907983869314193726e-02
0.000000000000000000e+00
0.000000000000000000e+00
6.140625476837158203e-01
4.971976578235626221e-02
3.459991188719868660e-03
1.636247267015278339e-03
0.000000000000000000e+00
4.071819186210632324e-01
0.000000000000000000e+00
6.865143179893493652e-01
1.009721979498863220e-01
7.324946522712707520e-01
1.189640462398529053e-01
1.580177992582321167e-02
9.380648732185363770e-01
7.366525940597057343e-03
7.794594019651412964e-02
1.214128494262695312e+00
0.000000000000000000e+00
1.049500107765197754e+00
3.488443136215209961e+00
1.058401837944984436e-01
1.090447679162025452e-01
1.732166856527328491e-01
3.072877414524555206e-03
0.000000000000000000e+00
6.799080222845077515e-02
7.276787888258695602e-03
2.020935267210006714e-01
9.242852032184600830e-02
0.000000000000000000e+00
0.000000000000000000e+00
1.012178808450698853e-01
1.398748308420181274e-01
6.628380417823791504e-01
1.974421888589859009e-01
1.107807531952857971e-01
0.000000000000000000e+00
4.008755087852478027e-01
2.091363817453384399e-02
0.000000000000000000e+00
4.531825333833694458e-02
7.672227919101715088e-02
2.114232927560806274e-01
3.441557521000504494e-03
4.633691608905792236e-01
1.044456847012042999e-02
2.594989910721778870e-02
4.046618938446044922e-02
1.707020550966262817e-01
2.701002359390258789e-01
6.202089600265026093e-03
1.592515734955668449e-03
4.345267415046691895e-01
3.781502246856689453e-01
0.000000000000000000e+00
0.000000000000000000e+00
0.000000000000000000e+00
0.000000000000000000e+00
1.159197092056274414e+00
0.000000000000000000e+00
0.000000000000000000e+00
0.000000000000000000e+00
1.893440485000610352e-01
5.547467470169067383e-01
1.248383224010467529e-01
1.443265229463577271e-01
1.849649846553802490e-01
4.273610655218362808e-03
3.409802541136741638e-02
0.000000000000000000e+00
9.832477569580078125e-02
0.000000000000000000e+00
2.325052581727504730e-02
9.519099444150924683e-02
9.810538031160831451e-03
3.112638555467128754e-02
8.494650013744831085e-03
1.573277264833450317e-01
0.000000000000000000e+00
4.595744423568248749e-03
1.150230318307876587e-01
1.856364160776138306e-01
1.020101308822631836e-01
7.277301629073917866e-04
0.000000000000000000e+00
1.247331276535987854e-01
3.308751583099365234e-01
0.000000000000000000e+00
6.818681489676237106e-03
3.840314969420433044e-02
2.112060086801648140e-03
3.973472833633422852e+00
3.794865310192108154e-02
1.754484176635742188e-01
1.300440579652786255e-01
2.016160935163497925e-01
7.037887573242187500e-01
4.010217487812042236e-01
0.000000000000000000e+00
3.585075959563255310e-02
0.000000000000000000e+00
4.957630336284637451e-01
1.298204958438873291e-01
6.669662543572485447e-04
1.883239269256591797e+00
1.300516277551651001e-01
2.260706387460231781e-02
0.000000000000000000e+00
0.000000000000000000e+00
5.801169574260711670e-02
2.602074146270751953e-01
3.259715810418128967e-02
3.448414087295532227e+00
3.530028164386749268e-01
1.023572310805320740e-02
4.205197393894195557e-01
1.097370404750108719e-02
3.249046802520751953e-01
1.270806044340133667e-02
0.000000000000000000e+00
6.530544906854629517e-02
0.000000000000000000e+00
8.386570960283279419e-02
0.000000000000000000e+00
1.298399642109870911e-03
4.362547025084495544e-02
5.521493554115295410e-01
2.347887158393859863e-01
1.159067749977111816e+00
0.000000000000000000e+00
1.055224314332008362e-01
0.000000000000000000e+00
1.203556433320045471e-01
6.298386491835117340e-03
4.440389201045036316e-02
1.443425416946411133e+00
2.700240612030029297e-01
9.815213680267333984e-01
0.000000000000000000e+00
1.364818066358566284e-01
6.772974878549575806e-02
0.000000000000000000e+00
1.050465822219848633e+00
4.728391468524932861e-01
4.458060860633850098e-02
1.303989440202713013e-01
8.155682682991027832e-02
0.000000000000000000e+00
3.878313582390546799e-03
5.341053009033203125e-02
0.000000000000000000e+00
6.924963742494583130e-02
1.196636259555816650e-02
8.591366000473499298e-03
3.833823800086975098e-01
2.413701415061950684e-01
7.616529706865549088e-03
1.194189548492431641e+00
2.910504937171936035e-01
1.039447039365768433e-01
0.000000000000000000e+00
1.934105873107910156e+00
0.000000000000000000e+00
7.280203104019165039e-01
6.719852099195122719e-04
0.000000000000000000e+00
2.494807481765747070e+00
4.623356163501739502e-01
8.073898963630199432e-03
4.925934076309204102e-01
6.918891519308090210e-02
0.000000000000000000e+00
0.000000000000000000e+00
1.371440291404724121e-01
2.086912691593170166e-01
9.623882360756397247e-03
0.000000000000000000e+00
1.537389494478702545e-02
0.000000000000000000e+00
5.416927486658096313e-02
0.000000000000000000e+00
2.083483785390853882e-01
4.908486828207969666e-02
6.235529780387878418e-01
1.844482729211449623e-03
1.233994841575622559e+00
1.806074380874633789e+00
5.656740441918373108e-02
2.056102752685546875e-01
6.375533342361450195e-02
7.621936202049255371e-01
7.679418474435806274e-02
6.567871570587158203e-01
7.850636541843414307e-02
1.856006830930709839e-01
1.593213975429534912e-01
2.354103326797485352e-01
5.654911696910858154e-02
7.807846181094646454e-03
2.161841094493865967e-02
4.512377083301544189e-03
5.571427196264266968e-02
9.467864409089088440e-03
1.424265056848526001e-01
1.287785053253173828e+00
1.413135081529617310e-01
9.195022583007812500e-01
7.114627212285995483e-02
8.871562778949737549e-03
2.833081223070621490e-02
6.685819011181592941e-03
3.224381804466247559e-01
1.240012794733047485e-02
3.714696168899536133e-01
2.163306623697280884e-02
1.524129956960678101e-01
0.000000000000000000e+00
4.114173725247383118e-02
5.785825848579406738e-02
1.125704288482666016e+00
3.517650663852691650e-01
2.511694192886352539e+00
1.391215443611145020e+00
2.869125828146934509e-02
3.551413491368293762e-02
1.514567881822586060e-01
2.206996977329254150e-01
0.000000000000000000e+00
3.576405048370361328e-01
8.246631175279617310e-02
2.876491844654083252e-02
1.447287797927856445e-01
0.000000000000000000e+00
9.197432547807693481e-03
3.751989454030990601e-02
2.846587300300598145e-01
0.000000000000000000e+00
3.284992575645446777e-01
1.829050481319427490e-01
6.435863971710205078e-01
0.000000000000000000e+00
2.339405380189418793e-02
4.791351407766342163e-02
5.102343484759330750e-02
7.336552143096923828e-01
0.000000000000000000e+00
0.000000000000000000e+00
3.973262310028076172e-01
1.021519780158996582e+00
5.332998000085353851e-03
1.844436302781105042e-02
3.993641734123229980e-01
0.000000000000000000e+00
3.749191164970397949e-01
8.114086091518402100e-02
1.194134280085563660e-01
5.464784502983093262e-01
0.000000000000000000e+00
5.479223132133483887e-01
7.351463437080383301e-01
7.122724503278732300e-02
1.083706244826316833e-01
2.221736758947372437e-01
1.639679521322250366e-01
5.773926153779029846e-02
0.000000000000000000e+00
4.471596181392669678e-01
2.834011018276214600e-01
1.111298575997352600e-01
0.000000000000000000e+00
3.577700257301330566e-01
9.976047873497009277e-01
9.203886613249778748e-03
2.148495614528656006e-02
0.000000000000000000e+00
5.275124311447143555e-01
3.726991266012191772e-02
5.283656343817710876e-02
2.461113967001438141e-02
1.388114839792251587e-01
1.248274743556976318e-01
4.679179787635803223e-01
4.959361255168914795e-02
1.097348257899284363e-01
0.000000000000000000e+00
0.000000000000000000e+00
1.379008218646049500e-02
8.508147299289703369e-02
4.979045689105987549e-02
4.378648996353149414e-01
2.415983006358146667e-02
7.690403610467910767e-02
1.847800165414810181e-01
9.219617247581481934e-01
4.584452509880065918e-01
1.393157639540731907e-03
0.000000000000000000e+00
1.466509580612182617e+00
1.656475514173507690e-01
0.000000000000000000e+00
1.158134788274765015e-01
4.224821180105209351e-02
6.569347977638244629e-01
1.957737654447555542e-01
5.439365386962890625e+00
5.898227691650390625e-01
4.978455007076263428e-01
0.000000000000000000e+00
1.076071038842201233e-01
2.316895276308059692e-01
1.336258798837661743e-01
2.967132925987243652e-01
0.000000000000000000e+00
7.273629903793334961e-01
2.638658583164215088e-01
1.572043001651763916e-01
0.000000000000000000e+00
8.253253065049648285e-03
2.330458164215087891e-01
1.250230669975280762e-01
1.993535459041595459e-01
1.078231781721115112e-01
0.000000000000000000e+00
0.000000000000000000e+00
1.729134768247604370e-01
0.000000000000000000e+00
0.000000000000000000e+00
1.008242815732955933e-01
4.531523585319519043e-01
6.556027382612228394e-02
9.748170152306556702e-03
0.000000000000000000e+00
9.882650375366210938e-01
1.906379014253616333e-01
8.243980258703231812e-02
3.649297729134559631e-02
0.000000000000000000e+00
1.762738376855850220e-01
4.939387440681457520e-01
8.563895821571350098e-01
4.857492446899414062e-02
0.000000000000000000e+00
9.990838170051574707e-02
6.409268081188201904e-02
0.000000000000000000e+00
6.647878885269165039e-02
3.311061859130859375e-01
0.000000000000000000e+00
6.592986732721328735e-02
3.576156497001647949e-01
6.528507173061370850e-02
0.000000000000000000e+00
7.185219973325729370e-02
4.309141635894775391e-01
7.678332328796386719e-01
0.000000000000000000e+00
3.184274435043334961e+00
4.106858670711517334e-01
1.532820463180541992e+00
5.045766755938529968e-02
1.400768291205167770e-02
6.081910058856010437e-02
2.863889038562774658e-01
4.423238709568977356e-02
2.434541463851928711e+00
0.000000000000000000e+00
1.444699764251708984e-01
2.984949350357055664e-01
4.282386600971221924e-01
1.903320848941802979e-01
7.694697380065917969e-01
4.655508995056152344e-01
2.629721537232398987e-03
4.007675647735595703e-01
4.212640225887298584e-01
3.394396901130676270e-01
5.957545042037963867e-01
1.874406188726425171e-01
7.952615618705749512e-02
1.002510637044906616e-01
0.000000000000000000e+00
6.174092292785644531e-01
5.370933096855878830e-03
1.647096425294876099e-01
2.235864102840423584e-02
2.218214750289916992e+00
1.207219958305358887e+00
2.237112820148468018e-01
1.915071010589599609e+00
0.000000000000000000e+00
1.534767985343933105e+00
1.822705566883087158e-01
0.000000000000000000e+00
3.381575644016265869e-02
5.690256878733634949e-02
1.494382768869400024e-01
2.489280939102172852e+00
2.531501054763793945e-01
4.928185045719146729e-02
1.125533357262611389e-01
1.174558028578758240e-01
1.248268187046051025e-01
6.632427684962749481e-04
5.067027173936367035e-03
2.252340316772460938e-03
0.000000000000000000e+00
5.884422659873962402e-01
1.142928957939147949e+00
7.000252604484558105e-01
1.744491457939147949e-01
2.620504379272460938e+00
8.082430064678192139e-02
9.811981916427612305e-01
0.000000000000000000e+00
6.874511837959289551e-01
3.168825805187225342e-02
0.000000000000000000e+00
1.710800975561141968e-01
0.000000000000000000e+00
6.868378818035125732e-02
4.082049801945686340e-02
1.531332135200500488e-01
2.748443931341171265e-02
2.062732875347137451e-01
0.000000000000000000e+00
1.221046373248100281e-01
0.000000000000000000e+00
0.000000000000000000e+00
3.666791021823883057e-01
0.000000000000000000e+00
1.999701261520385742e-01
3.648198843002319336e-01
0.000000000000000000e+00
2.004707157611846924e-01
0.000000000000000000e+00
6.165884435176849365e-02
4.734393656253814697e-01
1.524501204490661621e+00
0.000000000000000000e+00
3.436146944295614958e-04
7.252687215805053711e-02
1.969905197620391846e-01
1.561616733670234680e-02
7.472447752952575684e-01
5.962338924407958984e+00
6.895311176776885986e-02
0.000000000000000000e+00
5.133094191551208496e-01
8.799319714307785034e-02
1.623013801872730255e-02
1.064485777169466019e-02
6.928618550300598145e-01
0.000000000000000000e+00
1.282452046871185303e-01
0.000000000000000000e+00
5.485829114913940430e-01
0.000000000000000000e+00
6.860488653182983398e-02
0.000000000000000000e+00
6.746762245893478394e-02
1.570683158934116364e-02
2.373537719249725342e-01
0.000000000000000000e+00
6.621676683425903320e-02
3.358775675296783447e-01
3.316612243652343750e-01
5.535687208175659180e-01
2.516841590404510498e-01
0.000000000000000000e+00
1.845104843378067017e-01
5.469279363751411438e-02
1.141237318515777588e-01
0.000000000000000000e+00
6.871777772903442383e-02
0.000000000000000000e+00
8.875560760498046875e-02
2.850198186933994293e-02
2.075693905353546143e-01
2.830728702247142792e-02
0.000000000000000000e+00
6.119076162576675415e-02
1.414497569203376770e-02
2.636225819587707520e-01
1.320327073335647583e-01
6.835383921861648560e-02
4.621973633766174316e-02
0.000000000000000000e+00
4.789518713951110840e-01
1.062355339527130127e-01
3.594863414764404297e-01
5.468462109565734863e-01
5.022388100624084473e-01
2.898941282182931900e-03
4.130563139915466309e-02
4.557111263275146484e-01
3.872185945510864258e-02
2.965222597122192383e-01
2.471170574426651001e-02
2.555668167769908905e-02
1.825307309627532959e-01
5.991506576538085938e-01
1.907370984554290771e-01
5.329945683479309082e-02
5.322969555854797363e-01
1.128399092704057693e-02
1.189068406820297241e-01
9.518153965473175049e-02
0.000000000000000000e+00
1.122628599405288696e-01
4.100601077079772949e-01
8.413155078887939453e-01
1.863415718078613281e+00
3.405621647834777832e-01
3.104187846183776855e-01
3.113514780998229980e-01
9.094177931547164917e-02
6.949339807033538818e-02
2.863562665879726410e-02
3.884870558977127075e-02
4.449573457241058350e-01
8.936961740255355835e-02
2.540216147899627686e-01
0.000000000000000000e+00
5.999228954315185547e-01
7.319366931915283203e-02
1.777287945151329041e-02
0.000000000000000000e+00
0.000000000000000000e+00
0.000000000000000000e+00
7.939076423645019531e-01
1.216282725334167480e+00
1.374556100927293301e-03
3.511993885040283203e-01
1.103211417794227600e-01
2.441408932209014893e-01
1.332272440195083618e-01
0.000000000000000000e+00
0.000000000000000000e+00
3.026399910449981689e-01
4.508204758167266846e-02
5.851605162024497986e-02
7.280426472425460815e-02
3.504057228565216064e-01
1.461757719516754150e-02
0.000000000000000000e+00
2.446437813341617584e-02
3.435031697154045105e-02
1.002515293657779694e-02
4.494003653526306152e-01
9.376306533813476562e-01
1.554285436868667603e-01
0.000000000000000000e+00
0.000000000000000000e+00
4.709801971912384033e-01
4.530517756938934326e-02
1.334167599678039551e+00
1.207970362156629562e-02
1.261848092079162598e+00
0.000000000000000000e+00
2.170871734619140625e+00
3.842174634337425232e-02
2.861425876617431641e-01
3.331685364246368408e-01
0.000000000000000000e+00
5.189474225044250488e-01
5.290933698415756226e-02
1.107606142759323120e-01
8.286476880311965942e-02
1.642750948667526245e-01
6.006530486047267914e-03
1.190582849085330963e-02
0.000000000000000000e+00
3.384934961795806885e-01
7.993401028215885162e-03
4.759002923965454102e-01
8.053585141897201538e-02
4.296339452266693115e-01
7.614132016897201538e-02
2.654813416302204132e-02
6.751802563667297363e-01
4.361608251929283142e-02
8.101804554462432861e-02
9.788008928298950195e-01
0.000000000000000000e+00
4.024183377623558044e-02
5.160878598690032959e-02
6.112148761749267578e-01
0.000000000000000000e+00
6.607106924057006836e-01
4.072260111570358276e-02
1.155541860498487949e-03
0.000000000000000000e+00
0.000000000000000000e+00
0.000000000000000000e+00
8.603721857070922852e-02
3.936762809753417969e-01
6.788193434476852417e-02
0.000000000000000000e+00
0.000000000000000000e+00
0.000000000000000000e+00
2.229830250144004822e-02
7.618642449378967285e-01
2.575231492519378662e-01
1.000460013747215271e-01
4.636935889720916748e-02
2.169063389301300049e-01
1.256388872861862183e-01
6.860276684165000916e-03
2.996272034943103790e-02
1.057751178741455078e+00
0.000000000000000000e+00
1.716331578791141510e-03
9.241176247596740723e-01
2.400169521570205688e-02
4.903775453567504883e-01
4.136549830436706543e-01
0.000000000000000000e+00
7.893139263615012169e-04
4.837172329425811768e-01
5.998143553733825684e-02
1.116909906268119812e-01
1.459079146385192871e+00
0.000000000000000000e+00
2.594770789146423340e-01
5.845909714698791504e-01
1.823919266462326050e-01
0.000000000000000000e+00
1.936447024345397949e-01
1.743978355079889297e-03
7.616236209869384766e-01
0.000000000000000000e+00
2.340125590562820435e-01
1.915958285331726074e+00
0.000000000000000000e+00
0.000000000000000000e+00
0.000000000000000000e+00
0.000000000000000000e+00
4.240196347236633301e-01
2.260916978120803833e-01
2.905240654945373535e-02
0.000000000000000000e+00
0.000000000000000000e+00
0.000000000000000000e+00
3.732845420017838478e-03
7.429781556129455566e-02
4.234547540545463562e-02
0.000000000000000000e+00
2.011845260858535767e-01
2.446893602609634399e-02
2.130779027938842773e+00
1.584715209901332855e-02
9.784753620624542236e-02
3.322265669703483582e-02
0.000000000000000000e+00
3.666250407695770264e-02
1.177850127220153809e+00
0.000000000000000000e+00
0.000000000000000000e+00
7.416208088397979736e-02
0.000000000000000000e+00
0.000000000000000000e+00
5.163461714982986450e-02
0.000000000000000000e+00
5.002810359001159668e-01
0.000000000000000000e+00
7.196003198623657227e-02
6.596115231513977051e-01
1.409740567207336426e+00
1.258586905896663666e-02
0.000000000000000000e+00
1.865226924419403076e-01
0.000000000000000000e+00
6.533989906311035156e-01
9.208674542605876923e-03
6.669114530086517334e-02
5.680788755416870117e-01
2.175733074545860291e-02
1.378505110740661621e+00
1.305879801511764526e-01
2.454746067523956299e-01
0.000000000000000000e+00
1.272039890289306641e+00
1.886278390884399414e-01
4.272904619574546814e-02
2.665908336639404297e-01
1.043099761009216309e-01
3.170509815216064453e+00
1.530445832759141922e-02
1.317210216075181961e-02
6.442982554435729980e-01
2.506131231784820557e-01
3.351399675011634827e-02
6.647090613842010498e-02
3.422613739967346191e-01
5.133180320262908936e-02
0.000000000000000000e+00
3.916836902499198914e-02
3.631151020526885986e-01
8.608231544494628906e-01
1.290966272354125977e-01
1.287148296833038330e-01
3.646889468654990196e-03
0.000000000000000000e+00
4.791614115238189697e-01
6.327591538429260254e-01
4.745812714099884033e-02
1.092016231268644333e-02
4.238301515579223633e-01
2.353971078991889954e-02
0.000000000000000000e+00
5.789478495717048645e-02
0.000000000000000000e+00
1.005133152008056641e+00
0.000000000000000000e+00
2.314153760671615601e-01
2.743351459503173828e-02
1.669791936874389648e-01
8.374453336000442505e-02
9.533065557479858398e-01
5.248975381255149841e-02
0.000000000000000000e+00
8.674790710210800171e-02
6.097067147493362427e-02
5.482683181762695312e-01
3.723181411623954773e-02
4.266592025756835938e+00
7.304068654775619507e-02
0.000000000000000000e+00
1.925850361585617065e-01
0.000000000000000000e+00
1.513676997274160385e-02
0.000000000000000000e+00
0.000000000000000000e+00
0.000000000000000000e+00
2.512425882741808891e-03
0.000000000000000000e+00
0.000000000000000000e+00
6.117023900151252747e-02
0.000000000000000000e+00
1.193563267588615417e-02
3.177005797624588013e-02
1.004629209637641907e-01
1.277211606502532959e-01
0.000000000000000000e+00
8.934783935546875000e-02
7.970103621482849121e-01
0.000000000000000000e+00
3.806493803858757019e-02
6.182503104209899902e-01
1.345622420310974121e+00
0.000000000000000000e+00
5.761424824595451355e-02
3.615256771445274353e-02
0.000000000000000000e+00
3.607498407363891602e-01
1.232120871543884277e+00
7.955116033554077148e-01
0.000000000000000000e+00
2.593487314879894257e-02
1.525026410818099976e-01
9.877467527985572815e-03
8.693156838417053223e-01
3.740431740880012512e-02
6.586192250251770020e-01
0.000000000000000000e+00
0.000000000000000000e+00
7.944292575120925903e-02
4.394823312759399414e-02
6.470406660810112953e-04
2.066026255488395691e-02
1.183426380157470703e-02
0.000000000000000000e+00
3.941129893064498901e-02
3.337960243225097656e-01
8.753582090139389038e-02
0.000000000000000000e+00
3.218517079949378967e-02
2.912900447845458984e-01
3.565175225958228111e-03
1.555950101464986801e-02
4.235482588410377502e-02
8.007482290267944336e-01
3.801048099994659424e-01
1.788075119256973267e-01
0.000000000000000000e+00
3.810692951083183289e-02
1.416612565517425537e-01
0.000000000000000000e+00
1.876690268516540527e+00
0.000000000000000000e+00
2.198466658592224121e-01
6.959001421928405762e-01
1.689472794532775879e+00
2.898680418729782104e-02
4.094508290290832520e-02
1.305561661720275879e-01
3.536125272512435913e-02
1.181771606206893921e-01
2.114980071783065796e-01
4.480456933379173279e-02
1.977347023785114288e-02
0.000000000000000000e+00
8.508905023336410522e-02
1.276219606399536133e+00
4.326156377792358398e-01
3.022865056991577148e-01
1.405692100524902344e-02
6.408753991127014160e-02
1.238312348723411560e-01
5.247885128483176231e-04
7.147091627120971680e-01
1.776262521743774414e-01
0.000000000000000000e+00
3.342100381851196289e-01
2.747950553894042969e-01
1.655662804841995239e-02
0.000000000000000000e+00
2.151923254132270813e-02
3.378754854202270508e-01
7.502962946891784668e-01
4.324273169040679932e-01
1.862624883651733398e-01
9.350155591964721680e-01
7.575553655624389648e-01
3.393770381808280945e-02
1.718984544277191162e-01
0.000000000000000000e+00
8.003409504890441895e-01
3.925103843212127686e-01
7.498810291290283203e-01
3.053956925868988037e-01
3.402420133352279663e-02
0.000000000000000000e+00
2.669359743595123291e-01
1.794614791870117188e-01
1.776816695928573608e-01
1.487930119037628174e-01
3.707904815673828125e-01
0.000000000000000000e+00
7.742176651954650879e-01
3.433113098144531250e-01
8.152061700820922852e-02
8.333768695592880249e-02
1.520736962556838989e-01
1.343151628971099854e-01
4.673618078231811523e-01
5.905154347419738770e-01
1.330517768859863281e+00
9.811422973871231079e-02
8.045156300067901611e-02
2.247929096221923828e+00
2.244702875614166260e-01
9.578994475305080414e-03
1.642390340566635132e-01
3.257219791412353516e-01
8.552446961402893066e-03
3.026361763477325439e-01
8.250678181648254395e-01
4.398485273122787476e-02
5.767974257469177246e-01
5.121707916259765625e-02
4.899934679269790649e-02
0.000000000000000000e+00
4.340495586395263672e+00
0.000000000000000000e+00
0.000000000000000000e+00
0.000000000000000000e+00
3.601477146148681641e+00
7.730253338813781738e-01
0.000000000000000000e+00
3.048802614212036133e-01
3.617716953158378601e-02
4.356200695037841797e-01
9.626712203025817871e-01
1.425315160304307938e-02
1.377382040023803711e+00
4.964642971754074097e-02
0.000000000000000000e+00
9.360067546367645264e-02
0.000000000000000000e+00
9.130561724305152893e-03
1.404601693153381348e+00
2.557988464832305908e-02
3.152697086334228516e-01
1.666837215423583984e+00
3.038790263235569000e-02
1.819674111902713776e-02
1.415529567748308182e-02
1.362293958663940430e-01
0.000000000000000000e+00
9.345675110816955566e-01
8.261631727218627930e-01
1.861677020788192749e-01
4.383773326873779297e+00
5.767710390500724316e-04
4.645286127924919128e-02
6.708461046218872070e-01
1.145084977149963379e+00
5.842442065477371216e-02
0.000000000000000000e+00
0.000000000000000000e+00
1.777907907962799072e-01
0.000000000000000000e+00
7.300813794136047363e-01
3.347339332103729248e-01
0.000000000000000000e+00
0.000000000000000000e+00
5.991296842694282532e-02
2.803852558135986328e-01
3.035388588905334473e-01
0.000000000000000000e+00
5.751323699951171875e-02
4.581715166568756104e-02
1.916790604591369629e-01
4.605223238468170166e-02
1.477883458137512207e-01
8.605702780187129974e-03
5.341778993606567383e-01
5.241982638835906982e-02
0.000000000000000000e+00
5.104410648345947266e-01
1.058996677398681641e+00
1.730717159807682037e-02
3.056747652590274811e-02
2.543585896492004395e-01
1.685095071792602539e+00
3.919782582670450211e-03
1.962282180786132812e+00
1.134398020803928375e-02
1.319810450077056885e-01
0.000000000000000000e+00
0.000000000000000000e+00
1.374538540840148926e-01
8.072715997695922852e-02
5.948845297098159790e-03
1.036663167178630829e-02
0.000000000000000000e+00
2.259990572929382324e-01
3.789753420278429985e-03
3.448261693120002747e-02
8.129659295082092285e-02
1.300130784511566162e-01
1.472267806529998779e-01
0.000000000000000000e+00
0.000000000000000000e+00
2.123464643955230713e-01
1.453491896390914917e-01
1.018153801560401917e-01
1.235388964414596558e-02
2.077247649431228638e-01
0.000000000000000000e+00
3.013253211975097656e-01
1.428155303001403809e-01
3.668236732482910156e-01
1.204870104789733887e+00
0.000000000000000000e+00
2.038460783660411835e-02
8.916693180799484253e-02
5.878058671951293945e-01
9.418658614158630371e-01
3.020177595317363739e-02
0.000000000000000000e+00
2.903306782245635986e-01
6.371359340846538544e-03
4.561622627079486847e-03
4.216753840446472168e-01
1.362825930118560791e-02
5.461773872375488281e-01
1.475120782852172852e-01
3.558601718395948410e-03
1.204315456561744213e-03
3.877977840602397919e-03
1.635565042495727539e+00
0.000000000000000000e+00
3.796698153018951416e-02
2.603367269039154053e-01
0.000000000000000000e+00
0.000000000000000000e+00
7.436683028936386108e-02
2.177807986736297607e-01
6.477930000983178616e-04
3.973990678787231445e-02
5.657880008220672607e-02
0.000000000000000000e+00
0.000000000000000000e+00
0.000000000000000000e+00
2.181158512830734253e-01
5.450142621994018555e-01
9.729092568159103394e-02
3.402699902653694153e-02
2.226270586252212524e-01
1.385569572448730469e-03
2.921411767601966858e-02
0.000000000000000000e+00
2.633178234100341797e-01
4.210671037435531616e-02
8.286880701780319214e-02
5.465332791209220886e-02
0.000000000000000000e+00
1.105477809906005859e+00
5.164174735546112061e-02
1.028691083192825317e-01
0.000000000000000000e+00
1.521757364273071289e+00
5.587855353951454163e-03
0.000000000000000000e+00
7.356355339288711548e-02
3.044794499874114990e-01
0.000000000000000000e+00
6.176171824336051941e-02
1.208800673484802246e+00
1.705454289913177490e-01
0.000000000000000000e+00
0.000000000000000000e+00
3.667742013931274414e-01
1.444086898118257523e-02
0.000000000000000000e+00
1.728270202875137329e-01
2.062889099121093750e+00
1.084240078926086426e-01
2.758929133415222168e-02
1.962609589099884033e-02
3.229231014847755432e-02
2.354674972593784332e-02
7.153612971305847168e-01
6.157794222235679626e-02
2.416260480880737305e+00
7.274744566529989243e-03
1.721747592091560364e-02
2.039434313774108887e-01
3.172164559364318848e-01
4.574133157730102539e-01
8.179994672536849976e-02
0.000000000000000000e+00
6.084358096122741699e-01
2.156357467174530029e-01
8.890300244092941284e-02
6.088681146502494812e-02
0.000000000000000000e+00
4.718047678470611572e-01
2.104820311069488525e-02
3.498532772064208984e-01
1.634753425605595112e-03
8.769606798887252808e-02
0.000000000000000000e+00
2.537950873374938965e-01
1.109925359487533569e-01
3.043931424617767334e-01
8.107337355613708496e-01
2.054674863815307617e+00
0.000000000000000000e+00
6.090760231018066406e-01
0.000000000000000000e+00
6.198225170373916626e-02
1.508821010589599609e+00
0.000000000000000000e+00
0.000000000000000000e+00
0.000000000000000000e+00
7.538504153490066528e-02
1.011026144027709961e+00
6.764735281467437744e-02
1.203702539205551147e-01
1.298511177301406860e-01
9.532086551189422607e-03
0.000000000000000000e+00
1.120536446571350098e+00
0.000000000000000000e+00
1.681705713272094727e-01
0.000000000000000000e+00
3.352516889572143555e-02
4.899676889181137085e-03
2.633386757224798203e-03
2.176825255155563354e-01
3.176513910293579102e-01
2.081707417964935303e-01
1.556354109197854996e-02
9.309139102697372437e-02
1.833508908748626709e-01
2.799588628113269806e-02
0.000000000000000000e+00
2.896660268306732178e-01
1.135388165712356567e-01
4.279274865984916687e-02
6.177252158522605896e-02
8.821316808462142944e-02
0.000000000000000000e+00
1.981744617223739624e-01
0.000000000000000000e+00
3.911239802837371826e-01
0.000000000000000000e+00
2.599827527999877930e+00
1.401049792766571045e-01
0.000000000000000000e+00
7.223762869834899902e-01
5.464124083518981934e-01
7.714237552136182785e-03
0.000000000000000000e+00
2.533667348325252533e-02
3.912218511104583740e-01
6.940288096666336060e-02
1.150116175413131714e-01
4.310987889766693115e-02
4.533831179141998291e-01
3.569024205207824707e-01
0.000000000000000000e+00
1.300632506608963013e-01
3.767751157283782959e-02
9.062462300062179565e-02
1.311786845326423645e-02
1.866733729839324951e-01
6.628503799438476562e-01
8.434969782829284668e-01
3.534942865371704102e-02
1.918590068817138672e-01
0.000000000000000000e+00
0.000000000000000000e+00
3.047964535653591156e-02
0.000000000000000000e+00
7.149721980094909668e-01
3.245644271373748779e-02
0.000000000000000000e+00
0.000000000000000000e+00
2.944077551364898682e-02
0.000000000000000000e+00
2.456305082887411118e-03
5.397616699337959290e-02
3.894264250993728638e-02
1.403181254863739014e-01
4.548320174217224121e-02
9.363865107297897339e-02
0.000000000000000000e+00
1.531909257173538208e-01
0.000000000000000000e+00
0.000000000000000000e+00
0.000000000000000000e+00
1.378974169492721558e-01
7.920528762042522430e-03
1.404889822006225586e-01
2.736664712429046631e-01
4.903503507375717163e-02
1.011000514030456543e+00
1.903243921697139740e-02
5.842176824808120728e-02
4.081567227840423584e-01
4.542467892169952393e-01
1.771197080612182617e+00
6.898657083511352539e-01
4.686126857995986938e-02
0.000000000000000000e+00
8.167420513927936554e-03
2.691721439361572266e+00
6.118943914771080017e-02
5.583862774074077606e-03
8.945516310632228851e-03
2.903518080711364746e-02
0.000000000000000000e+00
8.100806735455989838e-04
5.722663924098014832e-02
7.802861332893371582e-01
0.000000000000000000e+00
1.221513152122497559e-01
9.892833232879638672e-02
4.763912409543991089e-03
0.000000000000000000e+00
7.595507502555847168e-01
1.653509736061096191e-01
1.841955035924911499e-01
1.335827261209487915e-01
2.311209142208099365e-01
1.497804522514343262e-01
3.141932934522628784e-02
5.133757367730140686e-02
0.000000000000000000e+00
5.100973248481750488e-01
1.996000856161117554e-02
5.224172025918960571e-02
6.006719544529914856e-02
3.882303833961486816e-01
8.147119730710983276e-02
1.062149330973625183e-01
3.815639913082122803e-01
5.296797677874565125e-02
2.384696155786514282e-02
0.000000000000000000e+00
2.274381928145885468e-02
9.607343077659606934e-01
5.277370214462280273e-01
5.061094090342521667e-02
0.000000000000000000e+00
1.276152022182941437e-02
0.000000000000000000e+00
8.691253662109375000e-01
3.522598370909690857e-02
2.213575839996337891e-01
0.000000000000000000e+00
0.000000000000000000e+00
5.885323137044906616e-02
8.078852668404579163e-03
1.257258504629135132e-01
2.283184826374053955e-01
1.351412534713745117e-01
1.289293050765991211e+00
3.357919454574584961e-01
7.855662703514099121e-02
1.353106051683425903e-01
0.000000000000000000e+00
0.000000000000000000e+00
1.093768477439880371e-01
7.260454893112182617e-01
1.897807270288467407e-01
6.184523105621337891e-01
3.269351273775100708e-02
2.885068021714687347e-02
0.000000000000000000e+00
9.186442941427230835e-03
0.000000000000000000e+00
5.102336406707763672e-01
1.321003120392560959e-02
2.263407409191131592e-01
3.768892586231231689e-02
1.261546134948730469e+00
8.635342121124267578e-01
7.488390207290649414e-01
2.113419771194458008e-01
0.000000000000000000e+00
3.708088397979736328e-01
0.000000000000000000e+00
4.088813439011573792e-02
7.466943860054016113e-01
7.196405529975891113e-02
1.120097264647483826e-01
3.389129638671875000e-01
2.123998165130615234e+00
3.210360184311866760e-02
1.639533042907714844e+00
1.424694895744323730e+00
0.000000000000000000e+00
0.000000000000000000e+00
1.537708491086959839e-01
0.000000000000000000e+00
8.368777036666870117e-01
0.000000000000000000e+00
4.038560390472412109e-02
1.041382074356079102e+00
2.535921707749366760e-02
7.459226250648498535e-01
2.780801057815551758e-01
1.537777036428451538e-01
7.318333387374877930e-01
8.759531974792480469e-01
7.264115661382675171e-02
3.875478506088256836e-01
1.642711013555526733e-01
1.373926270753145218e-02
0.000000000000000000e+00
4.476512670516967773e-01
4.389804005622863770e-01
0.000000000000000000e+00
0.000000000000000000e+00
4.993011243641376495e-03
9.548314809799194336e-01
0.000000000000000000e+00
2.101753279566764832e-02
1.597450822591781616e-01
8.332724124193191528e-02
0.000000000000000000e+00
8.005335181951522827e-02
9.833227396011352539e-01
3.928743675351142883e-02
1.575607247650623322e-02
4.934706911444664001e-02
4.565183222293853760e-01
1.934170275926589966e-01
1.697924733161926270e-01
0.000000000000000000e+00
8.527128025889396667e-03
5.441567897796630859e-01
1.209130957722663879e-01
0.000000000000000000e+00
2.293302305042743683e-02
1.225605024956166744e-03
3.932084739208221436e-01
4.665876626968383789e-01
4.404741823673248291e-01
1.834405422210693359e+00
1.356149930506944656e-02
4.263306036591529846e-03
3.069828078150749207e-02
1.659943819046020508e+00
1.716151088476181030e-01
3.123258985579013824e-02
9.802535921335220337e-02
8.046538829803466797e-01
0.000000000000000000e+00
2.277450636029243469e-02
0.000000000000000000e+00
6.458844542503356934e-01
7.618350535631179810e-02
3.050819411873817444e-02
3.194325789809226990e-02
2.700631916522979736e-01
5.397487059235572815e-02
4.847074151039123535e-01
5.910500884056091309e-02
2.687587775290012360e-02
0.000000000000000000e+00
0.000000000000000000e+00
7.282500863075256348e-01
4.810035228729248047e-01
6.924661993980407715e-02
9.945615530014038086e-01
4.542243853211402893e-02
0.000000000000000000e+00
1.007612911053001881e-03
1.053459867835044861e-01
3.132843971252441406e-01
2.283906787633895874e-01
3.329905867576599121e-02
4.450610652565956116e-02
8.982804603874683380e-03
4.113598726689815521e-03
1.606914028525352478e-02
3.015219420194625854e-02
3.229768574237823486e-01
2.917130589485168457e-01
4.117339253425598145e-01
3.912274539470672607e-02
0.000000000000000000e+00
2.691370248794555664e-01
3.070267140865325928e-01
5.343728065490722656e-01
2.085371464490890503e-01
0.000000000000000000e+00
9.683924913406372070e-02
1.775329113006591797e-01
8.599602431058883667e-02
0.000000000000000000e+00
1.441486775875091553e-01
7.041523456573486328e-01
0.000000000000000000e+00
3.968265354633331299e-01
0.000000000000000000e+00
8.371825218200683594e-01
8.738427609205245972e-02
4.392144978046417236e-01
4.859392344951629639e-02
3.482171297073364258e-01
1.107887085527181625e-02
1.285748034715652466e-01
2.791933715343475342e-01
1.727851480245590210e-02
6.520199179649353027e-01
5.379129573702812195e-02
9.170485660433769226e-03
0.000000000000000000e+00
5.590361952781677246e-01
0.000000000000000000e+00
0.000000000000000000e+00
0.000000000000000000e+00
3.094714693725109100e-02
4.168732166290283203e-01
2.694440446794033051e-02
6.885922700166702271e-02
4.318259954452514648e-01
0.000000000000000000e+00
3.964045643806457520e-01
4.608878493309020996e-02
1.911936514079570770e-02
0.000000000000000000e+00
0.000000000000000000e+00
3.948795795440673828e-01
5.559078976511955261e-02
3.100678883492946625e-02
6.919027864933013916e-02
1.936902478337287903e-02
7.955310284160077572e-04
0.000000000000000000e+00
9.697310626506805420e-03
7.906125858426094055e-03
1.770837008953094482e-01
3.347948789596557617e-01
6.939119193702936172e-03
1.865385770797729492e-01
2.133753849193453789e-03
2.583068236708641052e-02
0.000000000000000000e+00
6.458102259784936905e-03
2.077825665473937988e-01
0.000000000000000000e+00
1.171516105532646179e-01
0.000000000000000000e+00
0.000000000000000000e+00
1.560248285531997681e-01
3.285709768533706665e-03
7.847674190998077393e-02
0.000000000000000000e+00
1.748032093048095703e+00
5.809040665626525879e-01
1.647985279560089111e-01
1.960068196058273315e-01
8.545656688511371613e-03
1.548725962638854980e+00
1.823410093784332275e-01
2.818825840950012207e-01
0.000000000000000000e+00
4.111601039767265320e-02
3.274081349372863770e-01
6.128619983792304993e-02
1.859599947929382324e+00
0.000000000000000000e+00
0.000000000000000000e+00
0.000000000000000000e+00
0.000000000000000000e+00
1.775938645005226135e-02
5.210815742611885071e-02
0.000000000000000000e+00
3.691286966204643250e-02
1.432839483022689819e-01
3.962932527065277100e-01
1.467898964881896973e+00
3.917886912822723389e-01
4.967486113309860229e-02
7.961456477642059326e-02
2.826161980628967285e-01
1.077860116958618164e+00
0.000000000000000000e+00
5.740716587752103806e-03
1.380608528852462769e-01
2.322054356336593628e-01
6.617218721657991409e-03
0.000000000000000000e+00
1.493879318237304688e+00
2.202529668807983398e+00
1.621768437325954437e-02
2.084926813840866089e-01
3.050677664577960968e-02
4.022756963968276978e-02
0.000000000000000000e+00
2.902117669582366943e-01
7.230127453804016113e-01
3.478819429874420166e-01
1.886553913354873657e-01
6.929814815521240234e-01
2.662538178265094757e-02
0.000000000000000000e+00
2.871881008148193359e+00
7.361532002687454224e-02
1.103981852531433105e+00
6.182780861854553223e-02
8.297787606716156006e-02
1.852178424596786499e-01
1.323842555284500122e-01
1.499708741903305054e-01
0.000000000000000000e+00
2.275229245424270630e-01
1.299224197864532471e-01
2.532282352447509766e+00
1.823972165584564209e-01
1.049908399581909180e+00
5.735877901315689087e-02
0.000000000000000000e+00
1.433545202016830444e-01
1.716746538877487183e-01
0.000000000000000000e+00
7.858569175004959106e-02
4.509562999010086060e-02
6.172127276659011841e-02
2.761118113994598389e-01
1.976960450410842896e-01
7.046152651309967041e-02
0.000000000000000000e+00
4.018259644508361816e-01
6.916192173957824707e-02
0.000000000000000000e+00
0.000000000000000000e+00
3.271091878414154053e-01
8.627180941402912140e-03
0.000000000000000000e+00
2.257611602544784546e-01
1.758520603179931641e-01
0.000000000000000000e+00
8.311295509338378906e-01
6.849666237831115723e-01
1.822373867034912109e-01
1.172628402709960938e-01
3.352475762367248535e-01
2.173133641481399536e-01
2.334049224853515625e+00
5.218665301799774170e-02
8.736343979835510254e-01
1.211442518979310989e-02
7.155296206474304199e-01
1.129082310944795609e-02
4.553235769271850586e-01
8.325519412755966187e-02
0.000000000000000000e+00
5.621188879013061523e-02
6.827627075836062431e-04
2.808734774589538574e-01
1.955881863832473755e-01
0.000000000000000000e+00
2.735579013824462891e-01
8.215049281716346741e-03
1.178941249847412109e+00
8.766968548297882080e-02
5.938727855682373047e-01
0.000000000000000000e+00
0.000000000000000000e+00
0.000000000000000000e+00
1.212313696742057800e-01
1.174640730023384094e-01
1.296122193336486816e+00
2.255850285291671753e-01
7.532405257225036621e-01
2.741105556488037109e-01
0.000000000000000000e+00
1.412467062473297119e-01
1.058215554803609848e-02
9.014921188354492188e-01
0.000000000000000000e+00
5.252617597579956055e-01
0.000000000000000000e+00
0.000000000000000000e+00
2.898979187011718750e-01
0.000000000000000000e+00
0.000000000000000000e+00
3.758067786693572998e-01
3.008492290973663330e-01
1.557154506444931030e-01
0.000000000000000000e+00
1.654146937653422356e-03
5.693839788436889648e-01
8.506815433502197266e-01
1.491079479455947876e-02
1.228976920247077942e-01
6.631361693143844604e-02
2.607463300228118896e-02
5.459937453269958496e-02
3.984283208847045898e-01
7.045507431030273438e-03
8.238970637321472168e-01
3.167194724082946777e-01
8.437156677246093750e-02
3.333880901336669922e-01
0.000000000000000000e+00
7.379546761512756348e-02
4.728140234947204590e-01
1.071220412850379944e-01
0.000000000000000000e+00
1.412927210330963135e-01
1.089654862880706787e-01
1.589473150670528412e-02
0.000000000000000000e+00
5.153276920318603516e-01
0.000000000000000000e+00
0.000000000000000000e+00
9.501793235540390015e-02
1.438039913773536682e-02
0.000000000000000000e+00
5.871620774269104004e-01
5.465168356895446777e-01
1.716923899948596954e-03
1.288375109434127808e-01
7.843831777572631836e-01
8.931270241737365723e-02
0.000000000000000000e+00
9.831235557794570923e-02
1.558369025588035583e-02
7.324651479721069336e-01
6.298391148447990417e-03
5.560665577650070190e-02
5.988899990916252136e-02
4.317348897457122803e-01
1.501418948173522949e-01
8.114570379257202148e-02
0.000000000000000000e+00
4.308515635784715414e-04
1.144461333751678467e-01
3.147654607892036438e-02
7.398467510938644409e-02
0.000000000000000000e+00
2.348176538944244385e-01
0.000000000000000000e+00
9.385640919208526611e-02
3.800549358129501343e-02
1.686771772801876068e-02
3.682967126369476318e-01
0.000000000000000000e+00
1.536915659904479980e+00
1.281394250690937042e-02
3.545190393924713135e-01
1.249114330857992172e-02
0.000000000000000000e+00
1.088961511850357056e-01
1.783670485019683838e-01
4.699708893895149231e-02
5.633733817376196384e-04
1.012796983122825623e-01
0.000000000000000000e+00
9.246215224266052246e-01
5.228089168667793274e-02
2.420122502371668816e-03
5.650258064270019531e-02
6.278287619352340698e-03
2.959878146648406982e-01
1.361049432307481766e-02
3.541265800595283508e-02
2.259408533573150635e-01
0.000000000000000000e+00
3.255044221878051758e-01
5.102230701595544815e-03
0.000000000000000000e+00
3.703165352344512939e-01
2.043803334236145020e-01
2.021457701921463013e-01
2.577289566397666931e-02
4.785407707095146179e-02
7.924558967351913452e-02
5.909718871116638184e-01
2.313072383403778076e-01
1.063870072364807129e+00
9.804165363311767578e-02
3.194569796323776245e-02
7.395461797714233398e-01
3.480131924152374268e-01
7.378485798835754395e-01
3.057653643190860748e-02
5.047696828842163086e-01
1.209822017699480057e-02
5.807830393314361572e-02
1.037559732794761658e-01
4.060910940170288086e-01
0.000000000000000000e+00
0.000000000000000000e+00
2.075042948126792908e-02
0.000000000000000000e+00
1.847301423549652100e-01
0.000000000000000000e+00
2.437105774879455566e-01
2.743362784385681152e-01
1.138068810105323792e-01
0.000000000000000000e+00
4.038034677505493164e-01
3.227008506655693054e-02
1.025223508477210999e-01
3.204959630966186523e-01
5.974625349044799805e-01
1.194468326866626740e-02
1.736173778772354126e-01
0.000000000000000000e+00
0.000000000000000000e+00
4.541667550802230835e-02
2.272138558328151703e-02
8.909392356872558594e-01
1.940449714660644531e+00
1.056902259588241577e-01
0.000000000000000000e+00
0.000000000000000000e+00
4.282779991626739502e-02
1.272348165512084961e-01
4.676477015018463135e-01
9.372560381889343262e-01
2.100090682506561279e-01
1.358496025204658508e-02
0.000000000000000000e+00
1.429535150527954102e-01
3.898236528038978577e-02
7.196878194808959961e-01
3.859663605690002441e-01
8.817484229803085327e-02
1.421352624893188477e-01
1.346089541912078857e-01
1.611572802066802979e-01
0.000000000000000000e+00
0.000000000000000000e+00
1.084060072898864746e-01
8.816678076982498169e-02
8.574166893959045410e-02
2.260821163654327393e-01
4.030926525592803955e-02
2.743336856365203857e-01
9.215625375509262085e-02
1.048828959465026855e+00
0.000000000000000000e+00
1.979114115238189697e-02
7.459546327590942383e-01
0.000000000000000000e+00
2.069867402315139771e-02
1.563742756843566895e-01
0.000000000000000000e+00
2.658949978649616241e-02
4.826470613479614258e-01
1.434644162654876709e-01
5.443466082215309143e-02
8.494496345520019531e-01
1.229366660118103027e+00
6.607931256294250488e-01
1.570824235677719116e-01
3.006581962108612061e-02
4.018120765686035156e-01
4.342160001397132874e-02
0.000000000000000000e+00
4.915636498481035233e-03
4.546920955181121826e-02
5.545378848910331726e-02
2.527911663055419922e-01
0.000000000000000000e+00
1.122740626335144043e+00
0.000000000000000000e+00
1.574522256851196289e-01
1.537740230560302734e-01
2.251843549311161041e-02
1.034957170486450195e-01
0.000000000000000000e+00
1.096285104751586914e+00
2.017017453908920288e-01
2.219408750534057617e-01
8.890335261821746826e-02
1.316850304603576660e+00
3.484455943107604980e-01
5.007052421569824219e-01
1.374332234263420105e-02
0.000000000000000000e+00
9.850031137466430664e-01
4.694060385227203369e-01
0.000000000000000000e+00
1.777035474777221680e+00
4.966261684894561768e-01
0.000000000000000000e+00
0.000000000000000000e+00
6.951297819614410400e-02
1.305339299142360687e-02
5.310083031654357910e-01
4.412258267402648926e-01
0.000000000000000000e+00
8.482852578163146973e-01
0.000000000000000000e+00
1.083839312195777893e-02
5.139899626374244690e-02
8.555651456117630005e-02
1.213730797171592712e-01
1.071562841534614563e-01
1.337485015392303467e-01
0.000000000000000000e+00
4.684112370014190674e-01
2.802938222885131836e-01
3.622100949287414551e-01
0.000000000000000000e+00
3.970819711685180664e-01
1.274361461400985718e-01
4.973644316196441650e-01
7.853440009057521820e-03
1.069885864853858948e-01
4.606257006525993347e-02
1.657842658460140228e-02
7.033284306526184082e-01
2.672533318400382996e-02
2.382756769657135010e-01
0.000000000000000000e+00
0.000000000000000000e+00
4.196864739060401917e-02
2.323579229414463043e-02
2.399670891463756561e-02
0.000000000000000000e+00
4.450621128082275391e+00
1.009227335453033447e-02
1.624720096588134766e-01
0.000000000000000000e+00
1.898923665285110474e-01
0.000000000000000000e+00
0.000000000000000000e+00
1.524622082710266113e+00
2.328356951475143433e-01
6.302184611558914185e-02
0.000000000000000000e+00
1.146811842918395996e-01
4.234549105167388916e-01
5.915182828903198242e-02
2.580430269241333008e+00
