1.743478626012802124e-01
3.095675468444824219e+00
3.616121364757418633e-03
6.359598040580749512e-01
0.000000000000000000e+00
9.025596827268600464e-02
0.000000000000000000e+00
7.979139089584350586e-01
4.676184654235839844e-01
5.937055349349975586e-01
5.112128257751464844e-01
4.556837975978851318e-01
0.000000000000000000e+00
0.000000000000000000e+00
1.134626150131225586e+00
8.105698972940444946e-02
2.465465664863586426e-01
1.615040779113769531e+00
3.665573596954345703e-01
2.399140596389770508e-01
4.149881601333618164e-01
2.791367471218109131e-01
0.000000000000000000e+00
2.362462282180786133e-01
3.766719996929168701e-02
8.316064486280083656e-04
7.656193375587463379e-01
7.872963696718215942e-02
0.000000000000000000e+00
6.385438144207000732e-02
1.135250806808471680e+00
6.178598403930664062e-01
3.372167348861694336e-01
3.055071830749511719e-01
5.823641549795866013e-03
1.439106941223144531e+00
0.000000000000000000e+00
4.300060123205184937e-02
4.588411152362823486e-01
1.077162623405456543e+00
1.543949484825134277e+00
2.272580564022064209e-01
2.881931662559509277e-01
7.293950021266937256e-02
5.421745181083679199e-01
2.744291126728057861e-01
3.740907907485961914e-01
6.646070629358291626e-02
2.143529057502746582e-02
8.903633803129196167e-02
3.271490633487701416e-01
8.499176502227783203e-01
1.971722006797790527e+00
9.092757105827331543e-02
2.388710260391235352e+00
3.019228763878345490e-02
2.816188931465148926e-01
1.539601564407348633e+00
4.693306386470794678e-01
8.381279110908508301e-01
2.614249885082244873e-01
5.825400948524475098e-01
4.315994381904602051e-01
2.629572749137878418e-01
8.105527162551879883e-01
9.760074317455291748e-02
0.000000000000000000e+00
5.718964934349060059e-01
1.750494837760925293e-01
6.901191081851720810e-03
4.919942468404769897e-03
5.306819081306457520e-01
0.000000000000000000e+00
1.151239126920700073e-02
2.038232982158660889e-01
1.738232560455799103e-02
3.358208835124969482e-01
4.065760076045989990e-01
2.060431241989135742e+00
2.081067562103271484e-01
4.822022914886474609e-01
1.091044783592224121e+00
1.901587247848510742e-01
6.080332994461059570e-01
4.448997601866722107e-02
4.125993728637695312e+00
9.308791905641555786e-02
8.696696758270263672e-01
5.256385728716850281e-02
2.801008820533752441e-01
1.056634783744812012e-01
4.029764980077743530e-02
8.980778604745864868e-02
4.494725260883569717e-03
5.931808147579431534e-03
3.043117374181747437e-02
3.369081020355224609e-01
8.227765560150146484e-02
1.625700354576110840e+00
1.766055226325988770e-01
1.107170462608337402e+00
1.615278720855712891e-01
1.297619938850402832e-01
2.105215072631835938e+00
8.306763172149658203e-01
4.184436500072479248e-01
4.030967652797698975e-01
9.373376145958900452e-03
2.852148532867431641e+00
6.374049186706542969e-01
2.758095264434814453e-01
1.268566399812698364e-02
2.053743451833724976e-01
8.139870315790176392e-02
7.852563261985778809e-02
1.229865923523902893e-01
4.410067200660705566e-01
2.322630770504474640e-02
5.333560053259134293e-03
1.054157316684722900e-01
1.862952351570129395e+00
3.568381071090698242e-02
3.894225507974624634e-02
7.182732224464416504e-02
5.208807945251464844e+00
0.000000000000000000e+00
4.499263763427734375e-01
3.570424616336822510e-01
3.430282771587371826e-01
7.523592114448547363e-01
6.035417914390563965e-01
1.918206661939620972e-01
6.527928113937377930e-01
5.216773599386215210e-03
7.201940566301345825e-02
1.069155484437942505e-01
5.992373228073120117e-01
1.372054219245910645e-01
1.060862615704536438e-01
1.583572179079055786e-01
2.011028826236724854e-01
1.117020994424819946e-01
1.160227577202022076e-03
2.748409986495971680e+00
7.978699207305908203e-01
5.936201214790344238e-01
4.242746159434318542e-02
5.602970719337463379e-01
3.981798514723777771e-02
1.361919380724430084e-02
3.439699411392211914e+00
7.775202989578247070e-01
8.198404312133789062e-02
0.000000000000000000e+00
2.466467022895812988e-02
9.320121258497238159e-02
4.274435639381408691e-01
6.145904585719108582e-02
1.069748923182487488e-01
3.284254968166351318e-01
4.293471276760101318e-01
0.000000000000000000e+00
0.000000000000000000e+00
4.244982600212097168e-01
3.435511291027069092e-01
3.001843214035034180e+00
2.049383074045181274e-01
5.003345012664794922e-01
2.790126502513885498e-01
4.786792397499084473e-01
1.684793233871459961e+00
2.042113058269023895e-02
1.573834866285324097e-01
2.989411354064941406e-02
0.000000000000000000e+00
5.703325867652893066e-01
0.000000000000000000e+00
6.880898959934711456e-03
1.075207829475402832e+00
8.727629780769348145e-01
1.349969357252120972e-01
9.879419803619384766e-01
1.991812884807586670e-01
3.530723452568054199e-01
2.747608423233032227e-01
1.326776444911956787e-01
1.535475254058837891e-01
8.313603401184082031e-01
7.414042949676513672e-02
1.256770268082618713e-02
1.511545419692993164e+00
6.992045044898986816e-02
1.146331071853637695e+00
2.599135935306549072e-01
1.353761851787567139e-01
4.277881234884262085e-02
6.441159844398498535e-01
1.433537434786558151e-02
2.072656601667404175e-01
1.329473704099655151e-01
3.372191265225410461e-02
7.113172207027673721e-03
6.670766472816467285e-01
1.494874954223632812e-01
7.753345966339111328e-01
1.390012353658676147e-01
1.168035268783569336e+00
6.480713486671447754e-01
4.602826535701751709e-01
2.776797413825988770e-01
3.978709280490875244e-01
1.349243968725204468e-01
9.942923486232757568e-02
3.476011008024215698e-02
4.342547059059143066e-01
0.000000000000000000e+00
4.170976877212524414e-01
6.674216594547033310e-03
1.178497727960348129e-02
6.565066426992416382e-02
6.084463000297546387e-02
8.137558698654174805e-01
2.331152558326721191e-01
9.577178955078125000e-02
2.659678645431995392e-02
2.884770870208740234e+00
9.948680400848388672e-01
3.222418725490570068e-01
0.000000000000000000e+00
8.996391296386718750e-02
1.724552363157272339e-01
0.000000000000000000e+00
1.751548238098621368e-02
4.245902001857757568e-01
0.000000000000000000e+00
5.150599479675292969e-01
0.000000000000000000e+00
1.120890118181705475e-02
0.000000000000000000e+00
1.843106932938098907e-03
9.667272120714187622e-02
2.425685822963714600e-01
7.053346186876296997e-02
4.202420264482498169e-02
2.349817566573619843e-02
9.978944659233093262e-01
2.490252405405044556e-01
5.124885123223066330e-03
5.805510878562927246e-01
3.582629933953285217e-02
5.027830973267555237e-02
3.479890525341033936e-01
2.953133583068847656e-01
8.233404904603958130e-02
1.308436542749404907e-01
3.210041821002960205e-01
5.332006216049194336e-01
4.183625057339668274e-02
0.000000000000000000e+00
6.742802262306213379e-02
3.092312216758728027e-01
1.998633844777941704e-03
1.719428539276123047e+00
1.743896007537841797e-01
2.787051200866699219e-01
4.485077857971191406e-01
5.211037993431091309e-01
3.820621669292449951e-01
2.928015887737274170e-01
6.813094764947891235e-02
5.046733021736145020e-01
6.724563241004943848e-02
7.007132470607757568e-02
1.804852299392223358e-02
1.174553297460079193e-03
1.931602060794830322e-01
2.753803730010986328e-01
0.000000000000000000e+00
9.088006615638732910e-02
1.667160034179687500e+00
5.789209529757499695e-02
2.400823682546615601e-02
4.219454154372215271e-02
1.694204807281494141e-01
1.999207288026809692e-01
4.212432503700256348e-01
4.415094554424285889e-01
2.468155026435852051e-01
4.613204479217529297e+00
4.776650369167327881e-01
3.995384275913238525e-01
2.832965552806854248e-01
1.707310527563095093e-01
2.570412158966064453e-01
4.779139161109924316e-02
5.446487069129943848e-01
2.066723704338073730e-01
0.000000000000000000e+00
4.189847409725189209e-02
2.075222507119178772e-02
1.586851924657821655e-01
5.022235214710235596e-02
4.346835911273956299e-01
2.583631873130798340e-02
2.940762974321842194e-02
9.046122431755065918e-02
3.452935814857482910e-02
1.796377450227737427e-02
2.308944016695022583e-01
0.000000000000000000e+00
7.073204517364501953e-01
4.569695889949798584e-01
2.692564427852630615e-01
2.410678416490554810e-01
0.000000000000000000e+00
2.312484532594680786e-01
7.402026653289794922e-02
1.881250143051147461e-01
2.194564603269100189e-02
2.884298004209995270e-02
0.000000000000000000e+00
1.905576288700103760e-01
9.630695730447769165e-02
4.942709207534790039e-02
1.065546125173568726e-01
3.534958511590957642e-02
0.000000000000000000e+00
2.669260978698730469e+00
5.643844231963157654e-02
1.043257936835289001e-01
1.820036172866821289e-01
2.635855078697204590e-01
9.481011033058166504e-01
9.264719486236572266e-01
7.734447252005338669e-03
7.820594310760498047e-01
8.981701731681823730e-02
5.454244613647460938e-01
1.290765047073364258e+00
1.138726919889450073e-01
0.000000000000000000e+00
6.749622523784637451e-03
8.265840411186218262e-01
0.000000000000000000e+00
3.764965236186981201e-01
1.169116422533988953e-02
0.000000000000000000e+00
1.160665825009346008e-01
8.506938070058822632e-02
3.981130123138427734e-01
6.876466870307922363e-01
4.349272549152374268e-01
4.210254922509193420e-02
4.069092869758605957e-02
1.641153991222381592e-01
1.047143101692199707e+00
0.000000000000000000e+00
1.302027255296707153e-01
0.000000000000000000e+00
1.797534078359603882e-01
7.283738851547241211e-01
6.902384757995605469e-01
2.885129675269126892e-02
1.065429076552391052e-01
2.915311753749847412e-01
1.285583525896072388e-01
1.471093595027923584e-01
1.379394382238388062e-01
2.941105365753173828e-01
0.000000000000000000e+00
9.062138199806213379e-02
0.000000000000000000e+00
3.234682381153106689e-01
3.099539518356323242e+00
1.591923832893371582e-01
7.763403002172708511e-03
3.308036550879478455e-02
7.025499343872070312e-01
1.399526000022888184e-01
1.981960535049438477e-01
2.176879942417144775e-01
1.727621912956237793e+00
8.012767434120178223e-01
1.773857623338699341e-01
8.182737976312637329e-02
1.075868725776672363e+00
9.421068429946899414e-02
4.991765022277832031e-01
1.409780085086822510e-01
5.413662269711494446e-02
2.449421584606170654e-01
9.482395648956298828e-02
3.252804279327392578e-01
2.702312543988227844e-02
1.315314054489135742e+00
4.188089668750762939e-01
5.333213806152343750e-01
8.480784296989440918e-01
3.500630855560302734e-01
6.539465188980102539e-01
3.341676890850067139e-01
3.567532896995544434e-01
8.234005570411682129e-01
3.491580113768577576e-02
1.519734263420104980e+00
4.224073886871337891e-01
8.106386661529541016e-01
1.500569563359022141e-02
0.000000000000000000e+00
7.793327420949935913e-02
2.464617043733596802e-02
7.727423906326293945e-01
5.428628064692020416e-03
1.824707910418510437e-02
4.277984797954559326e-01
5.136893317103385925e-02
4.479727521538734436e-02
1.861005127429962158e-01
5.174427106976509094e-02
0.000000000000000000e+00
2.092281281948089600e-01
1.181473489850759506e-03
2.486780285835266113e-02
5.500743985176086426e-01
8.243069052696228027e-03
1.077022179961204529e-01
2.517876148223876953e+00
2.323159128427505493e-01
7.280693203210830688e-02
3.668698668479919434e-01
6.209489345550537109e+00
3.541948795318603516e-01
2.698752641677856445e+00
1.609214693307876587e-01
2.034249603748321533e-01
9.553467035293579102e-01
4.155893921852111816e-01
0.000000000000000000e+00
4.718503654003143311e-01
4.035783112049102783e-01
7.835322618484497070e-02
0.000000000000000000e+00
9.564722888171672821e-03
1.152134165167808533e-01
0.000000000000000000e+00
1.850144118070602417e-01
2.753526866436004639e-01
6.949272751808166504e-01
1.260457783937454224e-01
7.599918544292449951e-02
6.333010196685791016e-01
1.221082657575607300e-01
4.642925262451171875e-01
5.653212312608957291e-03
7.918816208839416504e-01
2.573986947536468506e-01
1.439256072044372559e-01
5.303181335330009460e-02
3.801016509532928467e-01
8.611903786659240723e-01
2.992357611656188965e-01
4.099726676940917969e-01
3.915171697735786438e-02
0.000000000000000000e+00
1.458452790975570679e-01
4.202000796794891357e-01
3.916303068399429321e-02
6.707329303026199341e-02
0.000000000000000000e+00
4.865884184837341309e-01
4.293829947710037231e-02
1.102283596992492676e+00
5.092742387205362320e-03
3.140273094177246094e-01
2.129385769367218018e-01
3.664297983050346375e-02
7.843968272209167480e-02
2.255796343088150024e-01
1.738636493682861328e-01
2.508742213249206543e-01
5.978333353996276855e-01
5.929995328187942505e-03
3.267178535461425781e-01
6.401621736586093903e-03
4.014606773853302002e-01
9.065501217264682055e-05
2.563351690769195557e-01
2.417602539062500000e-01
1.150873541831970215e+00
6.566619127988815308e-02
4.156744003295898438e+00
3.059065580368041992e+00
1.015093103051185608e-01
4.833067953586578369e-01
5.760570056736469269e-03
5.436345934867858887e-01
7.931426912546157837e-02
2.501948736608028412e-02
3.862654566764831543e-01
8.679863810539245605e-02
0.000000000000000000e+00
0.000000000000000000e+00
1.613320827484130859e+00
0.000000000000000000e+00
2.892118096351623535e-01
0.000000000000000000e+00
9.169778823852539062e-01
3.127548098564147949e-01
1.062795892357826233e-01
1.291492432355880737e-01
2.988190576434135437e-02
9.255316853523254395e-02
1.126238405704498291e-01
1.059965565800666809e-01
9.804567694664001465e-02
6.322809495031833649e-03
2.700354158878326416e-01
5.815046429634094238e-01
0.000000000000000000e+00
4.203007742762565613e-02
8.155916929244995117e-01
3.285736441612243652e-01
9.457360208034515381e-02
1.896611228585243225e-02
0.000000000000000000e+00
1.294749826192855835e-01
0.000000000000000000e+00
1.436015963554382324e+00
8.559613227844238281e-01
1.424073129892349243e-01
1.796370148658752441e-01
2.210546471178531647e-02
1.722119450569152832e-01
5.520283430814743042e-02
7.356742769479751587e-02
1.034331917762756348e-01
1.801610827445983887e+00
5.726551413536071777e-01
5.637014508247375488e-01
0.000000000000000000e+00
8.508961200714111328e-01
4.880064725875854492e-01
1.198134422302246094e+00
0.000000000000000000e+00
2.799995541572570801e-01
4.836414456367492676e-01
7.967110276222229004e-01
1.263773292303085327e-01
4.615694656968116760e-02
9.847553074359893799e-02
1.566664874553680420e-01
4.121804609894752502e-02
5.432695150375366211e-01
1.770595833659172058e-02
0.000000000000000000e+00
2.206784486770629883e-01
2.866747416555881500e-02
4.256375133991241455e-02
0.000000000000000000e+00
2.266573458909988403e-01
6.562705151736736298e-03
2.706024609506130219e-02
3.724772214889526367e+00
7.378996014595031738e-01
8.653237670660018921e-02
3.150076866149902344e-01
4.182825386524200439e-01
9.349202364683151245e-02
2.451044619083404541e-01
0.000000000000000000e+00
9.801682829856872559e-02
6.444343179464340210e-02
1.027831528335809708e-02
2.470516204833984375e+00
2.085306644439697266e-01
1.290355563163757324e+00
0.000000000000000000e+00
2.150333374738693237e-01
5.739445090293884277e-01
3.332893252372741699e-01
8.001387715339660645e-01
3.181373700499534607e-02
1.887997239828109741e-01
5.642731189727783203e-01
1.385292857885360718e-01
1.602742969989776611e-01
2.797118127346038818e-01
5.969077944755554199e-01
1.019489169120788574e+00
0.000000000000000000e+00
1.070007681846618652e-01
6.511799991130828857e-03
1.642914414405822754e-01
6.282056570053100586e-01
0.000000000000000000e+00
3.506575897336006165e-02
2.283753007650375366e-01
2.576860040426254272e-02
7.762113213539123535e-01
2.853228449821472168e-01
3.042801916599273682e-01
1.802862882614135742e-01
6.504299491643905640e-02
1.355058699846267700e-02
2.389489412307739258e-01
1.140499860048294067e-01
2.319628447294235229e-01
4.294934868812561035e-01
1.905549645423889160e+00
7.777210325002670288e-02
0.000000000000000000e+00
5.085060372948646545e-02
2.829840183258056641e-01
1.651867106556892395e-02
0.000000000000000000e+00
1.667090296745300293e+00
3.166055306792259216e-02
6.264858692884445190e-02
6.127335131168365479e-02
8.305769413709640503e-02
1.303038448095321655e-01
4.499130696058273315e-02
5.381836295127868652e-01
4.388421773910522461e-01
1.960285902023315430e-01
4.679811000823974609e+00
1.110640838742256165e-01
5.387635707855224609e+00
3.506975471973419189e-01
0.000000000000000000e+00
1.255478560924530029e-01
5.455863103270530701e-02
4.640974476933479309e-02
8.685818314552307129e-01
2.079813368618488312e-02
0.000000000000000000e+00
1.553867906332015991e-01
1.201124072074890137e+00
5.820539593696594238e-02
2.649666368961334229e-01
1.787396430969238281e+00
0.000000000000000000e+00
1.433109402656555176e+00
1.813042044639587402e+00
2.276952743530273438e+00
9.486715197563171387e-01
1.994906067848205566e-01
4.714823141694068909e-02
1.173519156873226166e-02
0.000000000000000000e+00
3.104734122753143311e-01
0.000000000000000000e+00
0.000000000000000000e+00
6.857213377952575684e-01
5.389430046081542969e+00
3.669894456863403320e+00
0.000000000000000000e+00
2.433367252349853516e+00
9.977509081363677979e-02
2.567547559738159180e+00
0.000000000000000000e+00
2.667433619499206543e-01
0.000000000000000000e+00
0.000000000000000000e+00
1.921377032995223999e-01
5.278263568878173828e+00
1.979995518922805786e-01
3.697746694087982178e-01
0.000000000000000000e+00
1.624361127614974976e-01
0.000000000000000000e+00
0.000000000000000000e+00
9.214850515127182007e-02
2.918897895142436028e-03
6.130602955818176270e-02
5.237151384353637695e-01
3.599403142929077148e+00
2.898634195327758789e+00
3.364224359393119812e-02
3.310867309570312500e+00
4.306494444608688354e-02
1.163103058934211731e-01
0.000000000000000000e+00
8.048986196517944336e-01
3.887628316879272461e-01
2.573695965111255646e-02
1.136941909790039062e+00
1.148579046130180359e-01
7.081851363182067871e-02
0.000000000000000000e+00
1.173028707504272461e+00
1.142634376883506775e-01
2.881627343595027924e-02
0.000000000000000000e+00
3.850942943245172501e-03
8.006346412003040314e-03
4.214163422584533691e-01
0.000000000000000000e+00
2.230836004018783569e-01
3.406395316123962402e-01
3.556534647941589355e-01
0.000000000000000000e+00
1.514822244644165039e+00
3.135326504707336426e-02
8.851845562458038330e-02
6.776832342147827148e-01
4.857418313622474670e-02
7.209189236164093018e-02
2.927722968161106110e-02
7.206561509519815445e-03
2.642340183258056641e+00
6.117565184831619263e-02
1.402279138565063477e-01
2.708972930908203125e+00
4.459256678819656372e-02
8.618874102830886841e-02
9.422581195831298828e-01
1.662526428699493408e-01
4.369168281555175781e-01
9.209706634283065796e-02
1.164891943335533142e-01
4.594133421778678894e-02
1.983736157417297363e-01
3.497206568717956543e-01
1.374642252922058105e-01
2.186314389109611511e-02
3.766686618328094482e-01
7.259018602780997753e-04
1.200425159186124802e-02
7.116397470235824585e-02
7.542586326599121094e-02
7.682600617408752441e-02
1.027278527617454529e-01
1.270550966262817383e+00
4.988695308566093445e-02
2.691353261470794678e-01
5.972359180450439453e-01
7.595603168010711670e-02
5.868594050407409668e-01
2.284076660871505737e-01
8.849591612815856934e-01
7.478071004152297974e-02
1.651997864246368408e-02
0.000000000000000000e+00
1.183951050043106079e-01
1.967342942953109741e-01
2.534051425755023956e-03
3.018187545239925385e-02
1.476258784532546997e-01
0.000000000000000000e+00
3.105850517749786377e-02
9.830190986394882202e-02
2.902230918407440186e-01
1.288773417472839355e-01
3.234140202403068542e-02
1.909937127493321896e-03
4.196861088275909424e-01
3.780645132064819336e-02
5.168858766555786133e-01
6.172490715980529785e-01
8.208087086677551270e-02
8.089783787727355957e-02
4.417988657951354980e-01
3.439303934574127197e-01
3.983308076858520508e-01
5.335447192192077637e-01
7.253944128751754761e-02
1.316101551055908203e-01
2.566780805587768555e+00
9.328027814626693726e-02
1.229182071983814240e-02
5.419834703207015991e-02
6.601852774620056152e-01
1.456516087055206299e-01
2.255546450614929199e-01
7.550432533025741577e-02
5.211339592933654785e-01
1.073273658752441406e+00
3.311038613319396973e-01
7.077944278717041016e-01
1.162598609924316406e+00
2.921936213970184326e-01
3.196310997009277344e-02
9.843289107084274292e-02
1.298228204250335693e-01
4.480372071266174316e-01
2.206626832485198975e-01
2.056679278612136841e-01
2.331396192312240601e-01
9.636083990335464478e-02
4.317203909158706665e-02
8.006017655134201050e-03
7.828811407089233398e-01
4.329141974449157715e-01
8.572992682456970215e-02
0.000000000000000000e+00
0.000000000000000000e+00
1.141441240906715393e-01
4.955070912837982178e-01
6.146331429481506348e-01
6.250572949647903442e-02
6.057912111282348633e-01
1.156045473180711269e-03
3.814178109169006348e-01
7.365931570529937744e-02
1.913013495504856110e-02
3.782941997051239014e-01
4.458909034729003906e-01
8.576393723487854004e-01
7.290654629468917847e-02
1.234225369989871979e-02
7.767135500907897949e-01
7.859425246715545654e-02
6.871889233589172363e-01
7.871028184890747070e-01
3.525419533252716064e-01
2.776855826377868652e-01
1.507551521062850952e-01
1.830688834190368652e+00
6.545506715774536133e-01
0.000000000000000000e+00
3.925517201423645020e-02
3.024922311305999756e-01
4.372355341911315918e-02
3.251224040985107422e+00
2.810955047607421875e-02
2.510014176368713379e-01
1.527890413999557495e-01
1.731095314025878906e+00
4.058591127395629883e-01
4.936276003718376160e-02
7.352960295975208282e-03
0.000000000000000000e+00
0.000000000000000000e+00
3.419849323108792305e-03
2.694667875766754150e-01
7.499514222145080566e-01
2.706646360456943512e-02
0.000000000000000000e+00
0.000000000000000000e+00
4.185981750488281250e-01
5.014333501458168030e-02
6.371890008449554443e-02
1.210110262036323547e-02
4.965912103652954102e-01
5.433003231883049011e-02
3.502572476863861084e-01
5.889024119824171066e-03
7.431483268737792969e-01
8.184146881103515625e-02
2.184460759162902832e-01
0.000000000000000000e+00
3.235268592834472656e-01
4.745715111494064331e-02
0.000000000000000000e+00
1.042449116706848145e+00
1.280931103974580765e-02
2.547598183155059814e-01
5.497230961918830872e-02
1.323667019605636597e-01
1.563854813575744629e-01
0.000000000000000000e+00
8.718490600585937500e-02
3.397809267044067383e-01
7.047500014305114746e-01
0.000000000000000000e+00
5.047426093369722366e-03
0.000000000000000000e+00
3.369308710098266602e-01
5.845030546188354492e-01
2.073713093996047974e-01
5.874696653336286545e-03
0.000000000000000000e+00
2.536542341113090515e-02
2.316822111606597900e-01
1.991036534309387207e-01
1.266645640134811401e-01
8.810017257928848267e-02
4.471995234489440918e-01
0.000000000000000000e+00
1.992673128843307495e-01
4.255637899041175842e-02
1.249747157096862793e+00
5.555468052625656128e-02
1.862841725349426270e+00
1.268114149570465088e-02
4.012814164161682129e-02
5.525813102722167969e-01
0.000000000000000000e+00
0.000000000000000000e+00
2.522468805313110352e+00
0.000000000000000000e+00
1.141923591494560242e-01
1.136423796415328979e-01
4.160358309745788574e-01
0.000000000000000000e+00
4.023603796958923340e-01
8.558018505573272705e-02
1.409054756164550781e+00
1.513142697513103485e-02
1.212214589118957520e+00
8.067654967308044434e-01
1.330294013023376465e-01
0.000000000000000000e+00
3.034064471721649170e-01
3.378940820693969727e-01
1.124474108219146729e-01
7.863771319389343262e-01
1.597477309405803680e-02
6.555355340242385864e-02
6.474135518074035645e-01
3.693487122654914856e-02
1.341030746698379517e-01
2.053054273128509521e-01
1.426925212144851685e-01
9.301511943340301514e-02
1.131360158324241638e-01
2.786142565310001373e-02
8.406046628952026367e-01
1.351419091224670410e-01
2.506984174251556396e-01
5.258332490921020508e-01
8.440344780683517456e-02
2.136451005935668945e-01
1.932941526174545288e-01
1.976249273866415024e-03
3.195950388908386230e-02
4.991211891174316406e-01
0.000000000000000000e+00
1.182122975587844849e-01
1.385406404733657837e-01
2.539041340351104736e-01
1.080385893583297729e-01
2.147469669580459595e-02
1.216476187109947205e-01
1.413498878479003906e+00
3.444586694240570068e-01
0.000000000000000000e+00
7.325199991464614868e-02
4.762605577707290649e-02
2.356688380241394043e-01
2.693013846874237061e-01
8.296225965023040771e-02
2.198369354009628296e-01
1.961606182157993317e-02
3.366594016551971436e-02
4.844978153705596924e-01
4.083142280578613281e-01
1.768379360437393188e-01
1.827161312103271484e-01
7.295069098472595215e-01
0.000000000000000000e+00
4.346451535820960999e-02
5.009922981262207031e-01
8.511291742324829102e-01
1.494803905487060547e+00
0.000000000000000000e+00
0.000000000000000000e+00
6.372278332710266113e-01
3.260114192962646484e-01
6.566790938377380371e-01
1.286476254463195801e-01
2.737720310688018799e-01
8.477316051721572876e-02
5.252436175942420959e-02
0.000000000000000000e+00
2.683856785297393799e-01
6.385721564292907715e-01
1.096261262893676758e+00
0.000000000000000000e+00
8.152382797561585903e-04
2.998736873269081116e-02
4.387948215007781982e-01
8.781293034553527832e-01
0.000000000000000000e+00
7.650671899318695068e-02
5.418173670768737793e-01
1.072856876999139786e-02
1.704996079206466675e-01
0.000000000000000000e+00
4.769502952694892883e-02
1.342283785343170166e-01
6.886861752718687057e-03
7.062861919403076172e-01
4.784054681658744812e-02
3.240743279457092285e-01
1.636969447135925293e-01
9.064049720764160156e-01
5.800599455833435059e-01
1.434532403945922852e-01
1.842017322778701782e-01
5.456985440105199814e-03
3.596351742744445801e-01
4.369112253189086914e-01
3.433791160583496094e+00
6.680341809988021851e-02
3.365013301372528076e-01
9.159237742424011230e-01
0.000000000000000000e+00
2.592111006379127502e-03
4.745783209800720215e-01
3.024515509605407715e-01
2.052744477987289429e-01
2.945004403591156006e-01
5.031979642808437347e-03
5.362661555409431458e-03
4.729341343045234680e-02
1.259108036756515503e-01
3.265200555324554443e-01
1.249956414103507996e-01
4.511761069297790527e-01
1.809310168027877808e-01
3.982542082667350769e-02
2.992051839828491211e-01
1.289301663637161255e-01
1.236525177955627441e-01
0.000000000000000000e+00
5.620416253805160522e-03
2.838514089584350586e+00
4.625269770622253418e-01
1.000765442848205566e+00
1.503825187683105469e-02
2.376602739095687866e-01
1.002208828926086426e+00
7.463862001895904541e-02
1.166315197944641113e+00
6.348311901092529297e-01
1.900688707828521729e-01
0.000000000000000000e+00
0.000000000000000000e+00
9.375440478324890137e-01
3.079451434314250946e-02
3.191890195012092590e-02
4.957681149244308472e-02
0.000000000000000000e+00
6.014627218246459961e-01
8.286536335945129395e-01
3.277288079261779785e-01
1.881391704082489014e-01
1.517074704170227051e-01
1.184963509440422058e-01
5.052123665809631348e-01
0.000000000000000000e+00
5.590910837054252625e-02
2.224937975406646729e-01
8.688119053840637207e-02
1.366853863000869751e-01
2.338797330856323242e+00
5.904434993863105774e-02
3.773676753044128418e-01
8.726970851421356201e-02
9.948629140853881836e-02
4.284591674804687500e-01
0.000000000000000000e+00
0.000000000000000000e+00
1.171982660889625549e-01
3.150955140590667725e-01
6.704966425895690918e-01
1.482753396034240723e+00
2.897911071777343750e-01
3.765751719474792480e-01
1.633488416671752930e+00
1.810008101165294647e-02
0.000000000000000000e+00
2.804511785507202148e-01
1.003650069236755371e+00
1.064259931445121765e-01
5.259824916720390320e-02
4.585232585668563843e-02
2.989551424980163574e-02
0.000000000000000000e+00
2.829154729843139648e-01
1.048445105552673340e+00
1.622221320867538452e-01
1.022898107767105103e-01
0.000000000000000000e+00
2.590014412999153137e-02
9.321301579475402832e-01
4.030110239982604980e-01
6.260753273963928223e-01
0.000000000000000000e+00
7.979270070791244507e-02
1.152289390563964844e+00
0.000000000000000000e+00
0.000000000000000000e+00
2.779955789446830750e-02
2.068148404359817505e-01
3.119678497314453125e-01
7.012618184089660645e-01
2.273812144994735718e-01
1.780084706842899323e-02
2.865762710571289062e+00
2.845860123634338379e-01
0.000000000000000000e+00
4.219880104064941406e-01
0.000000000000000000e+00
3.719019889831542969e-01
1.060853749513626099e-01
1.645494699478149414e+00
8.124646544456481934e-01
3.534463793039321899e-02
3.016151953488588333e-03
7.129971385002136230e-01
1.564307138323783875e-02
6.461023539304733276e-02
1.411160826683044434e-01
5.948466658592224121e-01
1.081480178982019424e-02
5.990270525217056274e-02
1.122562512755393982e-01
0.000000000000000000e+00
3.496906459331512451e-01
3.504560291767120361e-01
2.364836782217025757e-01
4.645799100399017334e-01
0.000000000000000000e+00
1.499871373176574707e+00
0.000000000000000000e+00
0.000000000000000000e+00
1.831063866615295410e+00
1.424785107374191284e-01
1.734299361705780029e-01
2.986384928226470947e-01
4.232147336006164551e-01
0.000000000000000000e+00
1.007539749145507812e+00
1.220386475324630737e-01
5.390243530273437500e-01
1.830124706029891968e-01
6.969349384307861328e-01
0.000000000000000000e+00
0.000000000000000000e+00
2.279002666473388672e+00
9.933376312255859375e-02
1.080140769481658936e-01
3.175182938575744629e-01
2.264572858810424805e+00
6.369777321815490723e-01
4.040718078613281250e-03
1.265782833099365234e+00
0.000000000000000000e+00
5.541197061538696289e-01
1.489029079675674438e-01
0.000000000000000000e+00
8.058115243911743164e-01
9.199339151382446289e-02
5.691434442996978760e-02
1.509137898683547974e-01
1.070456281304359436e-01
0.000000000000000000e+00
5.569184780120849609e+00
3.170682489871978760e-01
1.295552492141723633e+00
8.998863101005554199e-01
1.707347668707370758e-02
9.150728583335876465e-02
4.420313611626625061e-02
5.110939964652061462e-04
9.558410383760929108e-03
9.479065984487533569e-02
3.253846764564514160e-01
2.378925681114196777e-02
4.796565055847167969e+00
1.405523419380187988e-01
6.133266091346740723e-01
2.045878320932388306e-01
2.873890660703182220e-02
0.000000000000000000e+00
0.000000000000000000e+00
2.090068012475967407e-01
8.320751041173934937e-02
7.266968488693237305e-02
3.214148283004760742e-01
2.928321361541748047e-01
6.175509691238403320e-01
1.048239879310131073e-02
0.000000000000000000e+00
1.473773121833801270e-01
1.529985070228576660e+00
7.369983196258544922e-02
1.859110593795776367e-01
5.972874760627746582e-01
2.891334891319274902e-01
5.184841528534889221e-02
5.520773530006408691e-01
0.000000000000000000e+00
6.562507748603820801e-01
4.241516068577766418e-02
3.273749947547912598e-01
1.019979953765869141e+00
8.200495243072509766e-01
5.503527820110321045e-02
5.411319732666015625e-01
6.511892676353454590e-01
1.013274550437927246e+00
1.256880760192871094e-01
1.766935110092163086e+00
9.091483056545257568e-02
7.380309700965881348e-02
1.160362511873245239e-01
4.018251001834869385e-01
6.354820728302001953e-01
0.000000000000000000e+00
5.413817241787910461e-02
2.319180965423583984e-01
0.000000000000000000e+00
1.190847605466842651e-01
2.881862688809633255e-03
2.196548879146575928e-01
0.000000000000000000e+00
9.910345077514648438e-01
3.511147797107696533e-01
3.737328052520751953e-01
1.752001494169235229e-01
4.141721129417419434e-01
8.370135426521301270e-01
4.625273123383522034e-02
9.045416116714477539e-02
8.406721055507659912e-02
3.431244194507598877e-02
9.372069835662841797e-01
2.076379776000976562e+00
6.444582939147949219e-01
1.938812434673309326e-01
1.039108335971832275e-01
5.675935745239257812e-02
1.706515103578567505e-01
1.125103309750556946e-01
5.939204096794128418e-01
3.254844844341278076e-01
8.240002393722534180e-02
3.592342436313629150e-01
8.233594894409179688e-02
1.434093117713928223e-01
1.498392820358276367e-01
2.231074720621109009e-01
2.363920450210571289e+00
8.986060321331024170e-02
1.378451567143201828e-02
9.922893717885017395e-03
0.000000000000000000e+00
2.022883892059326172e+00
0.000000000000000000e+00
2.384126782417297363e-01
4.480640590190887451e-01
0.000000000000000000e+00
8.121585100889205933e-02
1.574338525533676147e-01
0.000000000000000000e+00
1.541162747889757156e-02
4.177168384194374084e-02
5.179758071899414062e-01
4.013780057430267334e-01
0.000000000000000000e+00
3.103423118591308594e-01
3.893737792968750000e-01
2.273003756999969482e-01
1.419280171394348145e+00
0.000000000000000000e+00
0.000000000000000000e+00
4.591937065124511719e-01
1.512237940914928913e-03
3.950428068637847900e-01
8.708277940750122070e-01
3.943656980991363525e-01
1.335212886333465576e-01
9.757295250892639160e-02
0.000000000000000000e+00
8.847555518150329590e-02
5.254583805799484253e-02
0.000000000000000000e+00
1.399098895490169525e-02
1.980707049369812012e-01
8.524644374847412109e-02
4.456766322255134583e-02
2.302218675613403320e-01
3.750052154064178467e-01
0.000000000000000000e+00
3.195697367191314697e-01
1.236170053482055664e+00
7.700307965278625488e-01
0.000000000000000000e+00
3.681891411542892456e-02
1.581891477108001709e-01
5.058585852384567261e-02
1.341232471168041229e-02
1.633406996726989746e+00
4.354390203952789307e-01
4.470807313919067383e-02
5.231004953384399414e-01
4.916450008749961853e-02
9.696719050407409668e-02
4.373981431126594543e-02
2.945340871810913086e-01
1.254535019397735596e-01
4.082677841186523438e+00
2.663536369800567627e-02
0.000000000000000000e+00
1.260400116443634033e-01
2.026225179433822632e-01
0.000000000000000000e+00
2.614374831318855286e-02
6.933410167694091797e-01
1.006794452667236328e+00
2.265433073043823242e-01
5.434916820377111435e-03
1.519960910081863403e-01
0.000000000000000000e+00
1.720248311758041382e-01
1.089296460151672363e+00
0.000000000000000000e+00
4.848651960492134094e-02
7.545298337936401367e-02
1.240880042314529419e-01
3.795327842235565186e-01
4.513100981712341309e-01
4.655236303806304932e-01
2.829798161983489990e-01
1.648391246795654297e+00
3.237248957157135010e-02
1.629422664642333984e+00
2.283641323447227478e-02
0.000000000000000000e+00
3.006858587265014648e+00
7.014239430427551270e-01
3.922978416085243225e-02
0.000000000000000000e+00
9.352009743452072144e-02
8.786015510559082031e-01
5.670756697654724121e-01
1.865558885037899017e-02
6.871514022350311279e-03
5.787134543061256409e-02
2.091031149029731750e-02
1.817588329315185547e+00
0.000000000000000000e+00
1.705178171396255493e-01
4.418345987796783447e-01
1.719427257776260376e-01
2.754344940185546875e-01
2.203325331211090088e-01
2.714743018150329590e-01
7.894042730331420898e-01
1.831115782260894775e-01
5.991354212164878845e-02
3.982414677739143372e-02
4.981042146682739258e-01
1.851783692836761475e-02
7.742729503661394119e-03
4.506124928593635559e-02
8.154535293579101562e-02
1.062072217464447021e-01
1.146419644355773926e-01
5.960508435964584351e-02
1.321765035390853882e-01
6.966759562492370605e-01
1.401408612728118896e-01
9.260679483413696289e-01
4.504435360431671143e-01
2.092227935791015625e-01
1.122672632336616516e-01
5.779212117195129395e-01
3.580617308616638184e-01
3.786282837390899658e-01
5.629522353410720825e-02
0.000000000000000000e+00
3.513971110805869102e-03
2.258172929286956787e-01
2.331620641052722931e-02
6.106505915522575378e-02
2.312604337930679321e-02
1.778993010520935059e-01
2.834596671164035797e-02
1.076020486652851105e-02
6.940691918134689331e-02
4.891502559185028076e-01
6.636431068181991577e-02
2.465504407882690430e-01
5.262633800506591797e+00
5.129290744662284851e-02
2.595325708389282227e-01
1.221055760979652405e-01
2.023062258958816528e-01
4.587154835462570190e-02
1.158357858657836914e+00
9.112333646044135094e-04
2.002049237489700317e-01
2.018177509307861328e-02
7.825674861669540405e-02
0.000000000000000000e+00
3.419536724686622620e-02
4.712704196572303772e-02
1.280846744775772095e-01
2.061342895030975342e-01
6.293027102947235107e-02
1.457519978284835815e-01
4.770271107554435730e-02
2.099562669172883034e-03
1.749535053968429565e-01
6.617256999015808105e-02
4.060201048851013184e-01
4.803875461220741272e-02
4.934925138950347900e-01
0.000000000000000000e+00
6.822783499956130981e-02
9.702963754534721375e-03
0.000000000000000000e+00
3.619791194796562195e-02
1.405246439389884472e-03
1.954559534788131714e-01
1.035716105252504349e-02
0.000000000000000000e+00
5.701043605804443359e-01
1.476045399904251099e-01
2.504317522048950195e+00
0.000000000000000000e+00
2.516100406646728516e-01
7.111938297748565674e-02
1.994821504922583699e-04
4.476899623870849609e+00
4.806250333786010742e-01
3.251962363719940186e-01
0.000000000000000000e+00
2.294335663318634033e-01
1.083027571439743042e-02
2.364500910043716431e-01
1.725959777832031250e+00
4.640800356864929199e-01
1.999206542968750000e-01
4.095575213432312012e-02
0.000000000000000000e+00
3.814779920503497124e-03
1.346361935138702393e-01
4.090715944766998291e-01
2.891138494014739990e-01
1.925578415393829346e-01
1.081502512097358704e-01
1.904419809579849243e-02
3.012174367904663086e-01
2.067186832427978516e-01
8.841301314532756805e-03
1.697695255279541016e-01
2.874665021896362305e+00
1.614719033241271973e+00
0.000000000000000000e+00
4.505914151668548584e-01
1.530207991600036621e-01
9.130336547968909144e-05
9.791611880064010620e-02
4.971370398998260498e-01
1.039305049926042557e-02
0.000000000000000000e+00
0.000000000000000000e+00
6.891787052154541016e-02
3.904719948768615723e-01
1.539422750473022461e+00
0.000000000000000000e+00
1.171656697988510132e-01
2.093151211738586426e-01
1.982179433107376099e-01
7.965261489152908325e-02
1.540903747081756592e-01
2.391966581344604492e-01
0.000000000000000000e+00
0.000000000000000000e+00
8.257176727056503296e-02
4.477864503860473633e-02
1.062914609909057617e+00
1.114680290222167969e+00
3.114060461521148682e-01
3.764178156852722168e-01
4.214314818382263184e-01
3.219732940196990967e-01
2.666837275028228760e-01
2.557372152805328369e-01
1.813831925392150879e-01
1.855931729078292847e-01
7.339281439781188965e-01
6.777256727218627930e-01
9.249977469444274902e-01
3.204168975353240967e-01
6.666887998580932617e-01
4.407288972288370132e-03
0.000000000000000000e+00
4.160905256867408752e-02
2.282900512218475342e-01
9.051074087619781494e-02
9.246485233306884766e-01
0.000000000000000000e+00
5.803903937339782715e-02
4.797207117080688477e-01
1.452624559402465820e+00
7.171711325645446777e-02
0.000000000000000000e+00
0.000000000000000000e+00
0.000000000000000000e+00
3.840708732604980469e-01
0.000000000000000000e+00
1.029798507690429688e+00
8.781133592128753662e-02
2.581472992897033691e-01
2.044057369232177734e+00
1.334839314222335815e-01
3.189074754714965820e+00
3.144586980342864990e-01
0.000000000000000000e+00
6.986672431230545044e-02
7.034798711538314819e-02
3.877524659037590027e-02
1.145341396331787109e+00
0.000000000000000000e+00
7.590705752372741699e-01
2.053355455398559570e+00
1.038910914212465286e-02
2.552865445613861084e-01
4.582283020019531250e+00
1.076715439558029175e-01
6.482185125350952148e-01
6.165201067924499512e-01
0.000000000000000000e+00
3.666375279426574707e-01
0.000000000000000000e+00
6.712277419865131378e-03
3.560448065400123596e-03
2.095470950007438660e-02
0.000000000000000000e+00
0.000000000000000000e+00
0.000000000000000000e+00
4.203665554523468018e-01
9.773556590080261230e-01
0.000000000000000000e+00
2.083528228104114532e-02
3.032875955104827881e-01
2.062387317419052124e-01
3.318896051496267319e-04
8.618647605180740356e-02
4.074666500091552734e-01
3.267248570919036865e-01
4.481846839189529419e-02
9.220432639122009277e-01
4.445361718535423279e-02
1.772467494010925293e-01
6.140559911727905273e-02
4.971032217144966125e-02
1.240504682064056396e-01
5.421368777751922607e-02
3.042265176773071289e-01
3.036591410636901855e-02
1.373901814222335815e-01
8.836374431848526001e-02
5.020403768867254257e-03
2.635132670402526855e-01
1.613219082355499268e-02
1.335915803909301758e+00
0.000000000000000000e+00
3.223864138126373291e-01
3.208079189062118530e-02
1.954566001892089844e+00
3.865757286548614502e-01
0.000000000000000000e+00
2.186297416687011719e+00
7.220963239669799805e-01
1.109849512577056885e-01
0.000000000000000000e+00
2.656235694885253906e-01
9.782778471708297729e-02
1.200828909873962402e+00
2.228628993034362793e-01
3.020904213190078735e-02
3.685196936130523682e-01
3.061653375625610352e+00
2.449401140213012695e+00
7.818499580025672913e-04
9.096837788820266724e-02
8.161445148289203644e-03
3.634230792522430420e-02
3.607136607170104980e-01
4.453640282154083252e-01
2.234440594911575317e-01
1.804057478904724121e+00
0.000000000000000000e+00
6.437177211046218872e-02
2.467595599591732025e-02
0.000000000000000000e+00
0.000000000000000000e+00
1.995726972818374634e-01
3.841207325458526611e-01
5.698076565749943256e-04
4.003484249114990234e-01
2.495337128639221191e-01
0.000000000000000000e+00
6.607174128293991089e-02
6.759795546531677246e-01
1.228536888957023621e-01
4.850828647613525391e-01
9.343378990888595581e-02
0.000000000000000000e+00
4.153554141521453857e-01
6.273142248392105103e-02
0.000000000000000000e+00
1.379596441984176636e-02
0.000000000000000000e+00
1.118279173970222473e-01
3.703903174027800560e-03
4.192616045475006104e-02
7.355780899524688721e-02
2.443768978118896484e+00
2.238404154777526855e-01
3.197487071156501770e-02
3.790276497602462769e-02
1.209415718913078308e-01
1.199407815933227539e+00
1.836119413375854492e+00
0.000000000000000000e+00
4.915273487567901611e-01
1.031817317008972168e+00
1.494916826486587524e-01
3.334943354129791260e-01
4.130965564399957657e-03
1.618746072053909302e-01
2.607140302658081055e+00
5.809931084513664246e-03
8.782325685024261475e-02
9.437005966901779175e-03
2.975433170795440674e-01
1.584739983081817627e-02
4.604602232575416565e-03
1.666882634162902832e-02
6.128955259919166565e-02
2.902617156505584717e-01
2.417939424514770508e+00
1.832095906138420105e-02
1.752125501632690430e+00
0.000000000000000000e+00
7.836490273475646973e-01
3.314616978168487549e-01
8.645070791244506836e-01
9.088010527193546295e-03
4.755342379212379456e-02
5.342437028884887695e-01
9.076036512851715088e-03
1.763851046562194824e-01
1.050570048391819000e-02
3.020126000046730042e-02
3.353021442890167236e-01
2.085271663963794708e-02
0.000000000000000000e+00
1.581281870603561401e-01
1.365530863404273987e-02
2.913245558738708496e-01
3.461887240409851074e-01
1.168934181332588196e-01
5.349884182214736938e-02
5.272885560989379883e-01
6.253693699836730957e-01
2.744066417217254639e-01
0.000000000000000000e+00
3.386141657829284668e-01
0.000000000000000000e+00
4.934827797114849091e-03
0.000000000000000000e+00
7.728625088930130005e-03
0.000000000000000000e+00
1.248975992202758789e-01
1.624085158109664917e-01
2.509304523468017578e+00
6.960709095001220703e-01
5.377925187349319458e-02
1.760862581431865692e-02
3.537617623805999756e-01
9.042832255363464355e-02
1.166283607482910156e+00
1.068677902221679688e+00
0.000000000000000000e+00
3.204679116606712341e-02
1.288853883743286133e-01
6.787033081054687500e-01
5.633272647857666016e+00
1.513009192422032356e-03
1.175703927874565125e-01
2.130004167556762695e-01
1.290230005979537964e-01
6.405036151409149170e-02
0.000000000000000000e+00
2.672032415866851807e-01
1.022058576345443726e-01
9.254290163516998291e-02
6.577537655830383301e-01
5.469947457313537598e-01
8.039111495018005371e-01
1.048234291374683380e-02
0.000000000000000000e+00
3.007494807243347168e-01
5.545535087585449219e-01
7.224862277507781982e-02
7.099863886833190918e-02
1.732904076576232910e+00
3.939558565616607666e-01
1.533214688301086426e+00
0.000000000000000000e+00
3.121052868664264679e-02
8.785195350646972656e-01
4.523659870028495789e-02
5.360882878303527832e-01
4.155901968479156494e-01
1.781045079231262207e+00
0.000000000000000000e+00
2.231191396713256836e-01
0.000000000000000000e+00
2.549912333488464355e-01
5.618531703948974609e-01
9.561806321144104004e-01
2.215069383382797241e-01
0.000000000000000000e+00
6.104557037353515625e+00
0.000000000000000000e+00
1.018536686897277832e-01
9.800484180450439453e-01
4.513049498200416565e-03
1.114279329776763916e-01
1.847765147686004639e-01
1.535484343767166138e-01
1.028767824172973633e-01
1.484404783695936203e-02
9.602928906679153442e-02
4.031003952026367188e+00
1.911434412002563477e+00
4.481844604015350342e-01
2.963594198226928711e-01
0.000000000000000000e+00
1.053466439247131348e+00
6.918324828147888184e-01
0.000000000000000000e+00
1.931818947196006775e-02
6.371398568153381348e-01
4.915892183780670166e-01
2.089811861515045166e-02
6.947422772645950317e-02
0.000000000000000000e+00
0.000000000000000000e+00
0.000000000000000000e+00
1.832155138254165649e-01
2.588327042758464813e-02
3.080340325832366943e-01
1.817275024950504303e-02
0.000000000000000000e+00
0.000000000000000000e+00
1.675465404987335205e-01
1.450172364711761475e-01
3.937212228775024414e-01
1.016512513160705566e+00
6.597065329551696777e-01
1.438568472862243652e+00
0.000000000000000000e+00
1.153719499707221985e-01
9.524109773337841034e-03
4.895265996456146240e-01
1.983259916305541992e-01
1.561337828636169434e+00
1.106700599193572998e-01
1.152918860316276550e-01
0.000000000000000000e+00
3.194998025894165039e+00
0.000000000000000000e+00
7.967316545546054840e-03
8.036094158887863159e-02
0.000000000000000000e+00
0.000000000000000000e+00
8.615163564682006836e-01
1.389997899532318115e-01
0.000000000000000000e+00
9.194770827889442444e-03
1.198836117982864380e-01
1.011688634753227234e-01
4.334132000803947449e-02
0.000000000000000000e+00
1.501064062118530273e+00
6.552916765213012695e-01
1.105825304985046387e-01
2.877545915544033051e-02
2.229167938232421875e+00
0.000000000000000000e+00
7.639183104038238525e-02
1.267403364181518555e-01
3.303084522485733032e-02
5.295510292053222656e-01
8.121872693300247192e-02
8.409004807472229004e-01
2.147005051374435425e-01
1.075849413871765137e+00
1.173322722315788269e-01
2.830053567886352539e-01
1.650233119726181030e-01
3.062661737203598022e-03
0.000000000000000000e+00
4.592063724994659424e-01
3.212661981582641602e+00
2.061031907796859741e-01
6.248769536614418030e-02
0.000000000000000000e+00
1.006382107734680176e+00
3.912239968776702881e-01
1.004947945475578308e-01
1.550284177064895630e-01
6.787755489349365234e-01
5.035860091447830200e-02
4.653581082820892334e-01
7.291007637977600098e-01
4.105872660875320435e-02
1.532281935214996338e-01
2.867602705955505371e-01
7.345474958419799805e-01
0.000000000000000000e+00
2.765075303614139557e-03
4.740956425666809082e-01
4.425725713372230530e-02
6.581063382327556610e-03
5.111091956496238708e-02
4.574968293309211731e-02
2.452751845121383667e-01
5.552811548113822937e-02
5.659489706158638000e-02
2.842690981924533844e-02
0.000000000000000000e+00
3.129250705242156982e-01
6.602424979209899902e-01
0.000000000000000000e+00
0.000000000000000000e+00
2.939830124378204346e-01
3.891884982585906982e-01
0.000000000000000000e+00
9.565538913011550903e-02
1.679676957428455353e-02
1.496058106422424316e+00
7.998440265655517578e-01
8.868108689785003662e-02
0.000000000000000000e+00
8.694366216659545898e-01
2.717651613056659698e-02
1.408953517675399780e-01
3.070588409900665283e-02
3.843931555747985840e-01
6.976464986801147461e-01
4.507241770625114441e-02
1.860417611896991730e-02
1.157277002930641174e-01
4.503333009779453278e-03
2.050442844629287720e-01
1.679357439279556274e-01
5.505410432815551758e-01
1.606438905000686646e-01
5.442459881305694580e-02
4.074496775865554810e-02
3.471628576517105103e-02
0.000000000000000000e+00
7.614181190729141235e-02
5.715128779411315918e-02
1.297757863998413086e+00
5.059711262583732605e-02
9.857905656099319458e-02
1.310112792998552322e-02
5.036165118217468262e-01
1.074768975377082825e-01
1.948866061866283417e-02
5.096884071826934814e-02
3.960778191685676575e-02
1.686759442090988159e-01
0.000000000000000000e+00
2.381580829620361328e+00
1.208121657371520996e+00
0.000000000000000000e+00
0.000000000000000000e+00
7.430743426084518433e-02
1.223678365349769592e-01
8.912765979766845703e-02
4.588358402252197266e-01
2.654357194900512695e+00
8.301986455917358398e-01
4.759868383407592773e-01
1.471272706985473633e-01
1.303863804787397385e-02
1.692549884319305420e-02
3.980145454406738281e-01
0.000000000000000000e+00
1.123696342110633850e-01
5.056258663535118103e-02
4.195936024188995361e-01
1.514306306838989258e+00
3.093436360359191895e-01
8.058642745018005371e-01
1.940562427043914795e-01
7.788282632827758789e-02
6.245908141136169434e-01
1.024379357695579529e-01
2.214993387460708618e-01
3.638986945152282715e-01
1.351831674575805664e+00
6.242127344012260437e-02
5.798185989260673523e-02
0.000000000000000000e+00
2.317719757556915283e-01
4.135260824114084244e-03
0.000000000000000000e+00
1.477303355932235718e-02
0.000000000000000000e+00
7.664574682712554932e-02
1.886613550595939159e-03
1.571140736341476440e-01
5.009368062019348145e-02
7.492594420909881592e-02
2.962156534194946289e-01
1.219678878784179688e+00
1.902527451515197754e+00
2.295889407396316528e-01
4.224655330181121826e-01
6.866452097892761230e-02
3.804820403456687927e-02
2.265537828207015991e-01
0.000000000000000000e+00
4.422717094421386719e-01
8.193633705377578735e-02
1.131915077567100525e-01
9.325634837150573730e-01
2.916381835937500000e+00
4.019751250743865967e-01
6.190504878759384155e-02
6.146894022822380066e-02
9.300350397825241089e-02
2.204988241195678711e+00
1.352676097303628922e-02
8.006314635276794434e-01
2.066771268844604492e+00
7.860260456800460815e-02
0.000000000000000000e+00
5.309629440307617188e-02
1.281981170177459717e-02
6.700897812843322754e-01
9.042279124259948730e-01
4.779752492904663086e-01
0.000000000000000000e+00
1.343002170324325562e-01
4.166253507137298584e-01
0.000000000000000000e+00
1.595871299505233765e-01
0.000000000000000000e+00
4.545937106013298035e-02
3.772495314478874207e-02
1.541467905044555664e+00
4.261466860771179199e-01
1.316178917884826660e+00
2.934677302837371826e-01
1.868095844984054565e-01
4.096539318561553955e-02
0.000000000000000000e+00
3.083401441574096680e+00
1.054121106863021851e-01
5.216150730848312378e-02
5.866312980651855469e-01
0.000000000000000000e+00
7.376479357481002808e-02
4.577704705297946930e-03
1.269228458404541016e-01
6.074076145887374878e-02
3.165636539459228516e+00
1.626453995704650879e+00
5.217644572257995605e-01
2.002465426921844482e-01
1.028144955635070801e-01
1.089843809604644775e-01
1.250447481870651245e-01
2.388661168515682220e-02
2.800622582435607910e-01
4.603720083832740784e-02
1.566324010491371155e-02
0.000000000000000000e+00
1.209878697991371155e-01
1.129681587219238281e+00
9.661840274930000305e-03
8.684076070785522461e-01
1.301144361495971680e+00
5.833465456962585449e-01
1.304635256528854370e-01
0.000000000000000000e+00
9.922070503234863281e-01
8.826152086257934570e-01
0.000000000000000000e+00
1.453013122081756592e-01
6.834231019020080566e-01
1.609652675688266754e-02
0.000000000000000000e+00
1.059654578566551208e-01
2.525981068611145020e-01
1.489276766777038574e+00
2.261259853839874268e-01
3.858060389757156372e-02
2.794580459594726562e+00
1.727305054664611816e-01
0.000000000000000000e+00
0.000000000000000000e+00
3.046192526817321777e-01
0.000000000000000000e+00
4.775429666042327881e-01
5.504051223397254944e-04
3.827883601188659668e-01
2.396617382764816284e-01
1.723238825798034668e-01
1.323770046234130859e+00
3.818184882402420044e-02
1.760551705956459045e-02
3.909738361835479736e-01
0.000000000000000000e+00
1.236224293708801270e+00
6.106690317392349243e-02
1.830326914787292480e-01
3.907763361930847168e-01
0.000000000000000000e+00
1.579734832048416138e-01
1.975361108779907227e-01
1.670907735824584961e-01
4.452665150165557861e-01
2.115954309701919556e-01
1.609048098325729370e-01
5.295858159661293030e-02
6.191880702972412109e-01
7.936859130859375000e-01
1.452133357524871826e-01
2.810472063720226288e-02
0.000000000000000000e+00
2.196413129568099976e-01
0.000000000000000000e+00
1.551677286624908447e-01
2.611855417490005493e-02
3.811193862929940224e-03
2.736336231231689453e+00
5.632415413856506348e-01
5.158859770745038986e-03
2.483913600444793701e-01
4.320983588695526123e-01
2.943301014602184296e-02
1.644886136054992676e-01
1.162453770637512207e+00
1.303978711366653442e-01
1.525884717702865601e-01
8.488212712109088898e-03
1.798608899116516113e-02
3.604479730129241943e-01
4.090416431427001953e-01
3.000456690788269043e-01
