5.811187624931335449e-02
3.210194110870361328e+00
1.144479066133499146e-01
6.693315505981445312e-01
2.606946043670177460e-02
2.515066564083099365e-01
0.000000000000000000e+00
2.002409426495432854e-03
1.318590164184570312e+00
2.775449991226196289e+00
0.000000000000000000e+00
4.207400977611541748e-01
0.000000000000000000e+00
4.814948420971632004e-03
5.538374781608581543e-01
7.171373814344406128e-02
1.916105747222900391e-01
1.787882804870605469e+00
9.141713380813598633e-02
2.697855420410633087e-02
3.016547858715057373e-02
1.385294646024703979e-01
5.321078002452850342e-02
2.444895952939987183e-01
9.677883237600326538e-02
7.882695645093917847e-02
8.941948413848876953e-01
1.273729801177978516e-01
1.779252439737319946e-01
7.901002764701843262e-01
1.938206404447555542e-01
3.326250240206718445e-02
1.595599800348281860e-01
0.000000000000000000e+00
0.000000000000000000e+00
1.733098268508911133e+00
8.435124158859252930e-02
0.000000000000000000e+00
5.978266149759292603e-02
7.682253718376159668e-01
7.886319756507873535e-01
2.275191545486450195e+00
6.978191435337066650e-02
2.846753597259521484e-01
2.652635276317596436e-01
8.944208920001983643e-02
2.352907657623291016e-01
0.000000000000000000e+00
8.454882353544235229e-02
2.263782620429992676e-01
1.470130085945129395e-01
1.871171593666076660e+00
4.595425128936767578e-01
6.186658889055252075e-02
1.487019062042236328e-01
0.000000000000000000e+00
1.032844092696905136e-02
5.561243295669555664e-01
8.246231079101562500e-01
1.539574027061462402e+00
3.034234344959259033e-01
3.530293405055999756e-01
1.064132571220397949e+00
4.692958667874336243e-02
2.182038545608520508e+00
2.862774729728698730e-01
3.196735866367816925e-03
1.202004551887512207e+00
1.813281476497650146e-01
1.263485848903656006e-02
1.987319439649581909e-01
1.083522558212280273e+00
0.000000000000000000e+00
2.576338313519954681e-02
7.670060731470584869e-03
7.588585615158081055e-01
6.692419946193695068e-02
1.812428385019302368e-01
2.736105680465698242e+00
1.926764696836471558e-01
1.106607556343078613e+00
1.754065901041030884e-01
1.506552682258188725e-03
5.203661322593688965e-01
6.558542139828205109e-03
2.703153371810913086e+00
0.000000000000000000e+00
0.000000000000000000e+00
0.000000000000000000e+00
0.000000000000000000e+00
1.266097873449325562e-01
7.318633794784545898e-02
7.334212772548198700e-03
0.000000000000000000e+00
6.484653800725936890e-02
1.832244545221328735e-02
2.879861295223236084e-01
2.884762585163116455e-01
1.198356986045837402e+00
7.862996459007263184e-01
1.254675745964050293e+00
1.932996213436126709e-01
2.154740840196609497e-01
1.858201622962951660e+00
1.982016116380691528e-01
5.390566587448120117e-01
2.643930017948150635e-01
1.502604107372462749e-03
2.546256065368652344e+00
4.831221401691436768e-01
5.642957687377929688e-01
2.044132351875305176e-01
3.489167094230651855e-01
1.345782279968261719e+00
2.288172207772731781e-02
2.847929596900939941e-01
3.677748739719390869e-01
7.037109229713678360e-03
4.889098554849624634e-02
0.000000000000000000e+00
1.093913674354553223e+00
3.401885032653808594e-01
9.073323756456375122e-02
9.477367252111434937e-02
6.677824497222900391e+00
0.000000000000000000e+00
1.064869984984397888e-01
5.529427528381347656e-01
1.531605236232280731e-02
9.612745605409145355e-03
2.270588725805282593e-01
1.131687760353088379e-01
2.013603784143924713e-02
1.860353536903858185e-02
3.205304741859436035e-01
1.630118787288665771e-01
4.109179079532623291e-01
5.906116589903831482e-02
7.454727292060852051e-01
2.152269780635833740e-01
6.111195683479309082e-02
3.047026395797729492e-01
0.000000000000000000e+00
1.190895795822143555e+00
1.313315272331237793e+00
1.070560663938522339e-01
8.346642367541790009e-03
2.136669754981994629e-01
3.125634789466857910e-02
2.457324787974357605e-02
1.793786287307739258e+00
2.315228581428527832e-01
8.098103106021881104e-03
1.487672775983810425e-01
3.511084988713264465e-02
2.923568245023488998e-03
2.286060571670532227e+00
2.503694780170917511e-02
0.000000000000000000e+00
0.000000000000000000e+00
4.024014249444007874e-02
0.000000000000000000e+00
4.921562075614929199e-01
5.650913715362548828e-01
0.000000000000000000e+00
4.183836460113525391e+00
9.191653132438659668e-02
5.388310551643371582e-01
3.819023966789245605e-01
1.621526241302490234e+00
5.820769667625427246e-01
2.240667305886745453e-02
2.496656775474548340e-02
0.000000000000000000e+00
0.000000000000000000e+00
6.913611888885498047e-01
0.000000000000000000e+00
7.363045215606689453e-02
5.519945025444030762e-01
1.114711761474609375e-01
2.427612841129302979e-01
6.239945292472839355e-01
9.810056090354919434e-01
1.147688627243041992e+00
1.374045908451080322e-01
8.234038949012756348e-02
3.471884131431579590e-01
1.082690834999084473e+00
6.133392825722694397e-02
6.852244958281517029e-03
1.125976562500000000e+00
2.417795658111572266e-01
2.776320576667785645e-01
9.459555894136428833e-02
6.250692997127771378e-03
1.238656695932149887e-02
2.467903941869735718e-01
2.001785784959793091e-01
1.145042851567268372e-01
2.247761487960815430e-01
3.366081000422127545e-05
1.548039168119430542e-02
3.411867916584014893e-01
3.021918237209320068e-02
6.218755245208740234e-01
1.796010322868824005e-02
2.117782682180404663e-01
6.902800798416137695e-01
0.000000000000000000e+00
5.794755741953849792e-02
4.465794861316680908e-01
0.000000000000000000e+00
0.000000000000000000e+00
2.841941267251968384e-02
1.311051994562149048e-01
0.000000000000000000e+00
1.054089516401290894e-01
6.011347472667694092e-02
3.385590910911560059e-01
4.143397137522697449e-02
6.470942869782447815e-03
1.780210435390472412e-01
4.347294196486473083e-02
2.192814052104949951e-01
3.477404117584228516e-01
1.774448156356811523e+00
6.728025078773498535e-01
2.804944515228271484e-01
8.581336587667465210e-02
1.008186768740415573e-02
0.000000000000000000e+00
6.271535158157348633e-02
3.951576054096221924e-01
1.160734891891479492e+00
5.440820008516311646e-02
4.224651157855987549e-01
0.000000000000000000e+00
2.220347151160240173e-02
0.000000000000000000e+00
0.000000000000000000e+00
1.735586076974868774e-01
6.744532287120819092e-02
8.262934684753417969e-01
3.337538838386535645e-01
1.776644885540008545e-01
2.320432901382446289e+00
7.537879943847656250e-01
0.000000000000000000e+00
1.747058928012847900e-01
2.026787996292114258e-01
3.635688626673072577e-04
1.052198037505149841e-01
1.592233479022979736e-01
1.615695506334304810e-01
1.732050208374857903e-03
2.503301799297332764e-01
3.063524365425109863e-01
5.054140090942382812e-02
0.000000000000000000e+00
8.784681558609008789e-02
7.277526855468750000e-01
0.000000000000000000e+00
7.535482645034790039e-01
3.710851306095719337e-04
1.710748523473739624e-01
7.243435084819793701e-02
0.000000000000000000e+00
6.123040243983268738e-02
2.093343287706375122e-01
1.193676702678203583e-02
6.854566335678100586e-01
1.450698971748352051e-01
9.649884887039661407e-03
7.966415584087371826e-02
0.000000000000000000e+00
0.000000000000000000e+00
0.000000000000000000e+00
2.430401593446731567e-01
5.915352702140808105e-02
1.146388351917266846e-01
6.271602120250463486e-03
1.344345808029174805e-01
0.000000000000000000e+00
0.000000000000000000e+00
4.269842058420181274e-02
1.740248203277587891e-01
6.098917499184608459e-02
7.371511459350585938e-01
5.724193572998046875e+00
3.132037222385406494e-01
9.122762084007263184e-02
4.609796106815338135e-01
6.582807302474975586e-01
1.971776187419891357e-01
8.088506758213043213e-02
1.396745741367340088e-01
5.398176610469818115e-02
1.600675582885742188e-01
5.703733488917350769e-02
1.308100111782550812e-02
3.102937340736389160e-01
1.706060767173767090e-02
1.212531104683876038e-01
2.111363224685192108e-03
1.628820002079010010e-01
5.528371781110763550e-02
5.059484243392944336e-01
1.979676783084869385e-01
1.537007978186011314e-03
4.853362143039703369e-01
4.950932860374450684e-01
1.454369872808456421e-01
1.593762487173080444e-01
9.592025279998779297e-01
0.000000000000000000e+00
6.727917790412902832e-01
2.158887125551700592e-02
1.718088686466217041e-01
3.762027323246002197e-01
5.365321040153503418e-02
1.378724630922079086e-02
1.995517909526824951e-01
1.567980945110321045e-01
2.094079256057739258e-01
4.199346154928207397e-02
1.427061948925256729e-02
0.000000000000000000e+00
8.517028689384460449e-01
5.938164144754409790e-02
6.664612144231796265e-02
1.442607194185256958e-01
2.724191248416900635e-01
2.112315893173217773e-01
9.928008913993835449e-01
7.658904790878295898e-02
5.181592106819152832e-01
2.053077220916748047e-01
2.640198357403278351e-02
7.029867172241210938e-01
1.099269017577171326e-01
6.747824698686599731e-02
2.194638364017009735e-02
5.326277017593383789e-01
7.647851109504699707e-02
0.000000000000000000e+00
5.895787477493286133e-02
2.713716030120849609e-01
2.246752232313156128e-01
1.874534040689468384e-01
2.135832011699676514e-01
5.381559729576110840e-01
5.308421254158020020e-01
1.695353388786315918e-01
1.974800676107406616e-01
2.753432840108871460e-02
4.012664556503295898e-01
3.021371364593505859e-01
1.005933433771133423e-01
1.816502399742603302e-02
1.445463742129504681e-03
7.716567814350128174e-02
9.556341171264648438e-01
2.866164147853851318e-01
5.541836619377136230e-01
8.547043427824974060e-03
2.368598729372024536e-01
1.396032124757766724e-01
4.608789682388305664e-01
7.115074247121810913e-02
1.386103592813014984e-02
8.222945034503936768e-02
1.569426655769348145e-01
1.554143428802490234e-01
6.450417041778564453e+00
4.394969046115875244e-01
0.000000000000000000e+00
0.000000000000000000e+00
0.000000000000000000e+00
3.313289210200309753e-02
1.780736260116100311e-02
4.492398500442504883e-01
2.932779073715209961e+00
6.714547425508499146e-02
5.724042654037475586e-02
1.791484355926513672e-01
2.950952947139739990e-01
2.029157727956771851e-01
0.000000000000000000e+00
1.202556729316711426e+00
0.000000000000000000e+00
3.363701105117797852e-01
1.473603546619415283e-01
3.241407573223114014e-01
6.412111967802047729e-02
6.433919668197631836e-01
1.274891495704650879e-01
4.591870307922363281e-02
1.557942032814025879e+00
0.000000000000000000e+00
1.469919681549072266e-01
4.383565187454223633e-01
3.695995211601257324e-01
1.199665069580078125e-01
1.768537461757659912e-01
1.652519702911376953e+00
2.726654410362243652e-01
2.387734502553939819e-01
0.000000000000000000e+00
2.963300421833992004e-02
1.269247233867645264e-01
1.566094011068344116e-01
8.026319742202758789e-01
1.119476463645696640e-02
1.384481936693191528e-01
1.671181172132492065e-01
9.429495781660079956e-02
5.656733643263578415e-03
2.186543792486190796e-01
5.753663778305053711e-01
5.024069547653198242e-02
2.707004547119140625e-03
3.003572821617126465e-01
6.505515426397323608e-02
5.705503225326538086e-01
1.467489898204803467e-01
1.474961787462234497e-01
3.012718677520751953e+00
2.887428551912307739e-02
3.902703523635864258e-02
0.000000000000000000e+00
7.557021141052246094e+00
0.000000000000000000e+00
2.211473464965820312e+00
8.849572390317916870e-02
1.546618342399597168e-01
9.295275807380676270e-01
9.838539361953735352e-01
4.877265542745590210e-03
2.699797786772251129e-02
1.615994125604629517e-01
0.000000000000000000e+00
0.000000000000000000e+00
4.221602529287338257e-02
1.807878911495208740e-01
0.000000000000000000e+00
8.963724374771118164e-01
1.593215316534042358e-01
2.311141341924667358e-01
0.000000000000000000e+00
0.000000000000000000e+00
1.692180782556533813e-01
1.202262751758098602e-02
7.856173068284988403e-02
3.744194284081459045e-02
1.432916402816772461e+00
4.894178807735443115e-01
1.248318925499916077e-01
3.837381023913621902e-03
1.353203970938920975e-02
4.242875576019287109e-01
3.803509473800659180e-02
9.174993038177490234e-01
3.470947146415710449e-01
0.000000000000000000e+00
3.194895340129733086e-03
9.777288883924484253e-02
2.500694692134857178e-01
1.003082394599914551e-01
5.116513371467590332e-02
0.000000000000000000e+00
1.263324618339538574e-01
8.919489383697509766e-01
3.833341225981712341e-02
5.632544755935668945e-01
1.711501926183700562e-02
2.306934148073196411e-01
1.199188828468322754e+00
4.032428562641143799e-01
1.038525328040122986e-01
2.111006826162338257e-01
9.135636091232299805e-01
5.516193807125091553e-02
1.626673191785812378e-01
6.406540982425212860e-03
2.813965678215026855e-01
9.100976586341857910e-02
2.223965525627136230e-01
3.239126801490783691e-01
9.209108352661132812e-01
2.347573488950729370e-01
2.549802064895629883e+00
1.993661046028137207e+00
8.058492094278335571e-03
2.303323596715927124e-01
0.000000000000000000e+00
1.499653458595275879e-01
1.756476759910583496e-01
8.108751475811004639e-02
3.988987579941749573e-02
9.884245693683624268e-03
9.066374599933624268e-02
5.470016971230506897e-03
1.309974640607833862e-01
0.000000000000000000e+00
3.251334130764007568e-01
0.000000000000000000e+00
8.296590447425842285e-01
8.791413903236389160e-02
2.592180371284484863e-01
1.356162577867507935e-01
9.722904115915298462e-02
6.758524477481842041e-02
8.249460160732269287e-02
1.206395849585533142e-01
7.925430312752723694e-03
1.588399335741996765e-02
5.878854990005493164e-01
4.113747775554656982e-01
7.066084537655115128e-03
5.544734001159667969e-02
3.453309237957000732e-01
3.942019939422607422e-01
4.542135894298553467e-01
5.432464554905891418e-02
9.421004652976989746e-01
5.785323306918144226e-02
2.605229057371616364e-02
1.126184582710266113e+00
2.404826402664184570e+00
1.224386971443891525e-02
9.956057369709014893e-02
3.352103754878044128e-02
3.110383264720439911e-02
0.000000000000000000e+00
1.081317756325006485e-02
2.765028774738311768e-01
8.646786808967590332e-01
2.638180553913116455e-01
1.732753068208694458e-01
9.335858374834060669e-02
8.769292831420898438e-01
1.392726302146911621e-01
2.920786440372467041e-01
0.000000000000000000e+00
7.049393057823181152e-01
4.351369664072990417e-02
1.116909027099609375e+00
1.119532510638237000e-01
3.197364881634712219e-02
3.005958795547485352e-01
0.000000000000000000e+00
2.261485438793897629e-03
7.002817839384078979e-02
4.445094615221023560e-02
0.000000000000000000e+00
3.892071312293410301e-03
7.149760127067565918e-01
0.000000000000000000e+00
8.925425820052623749e-03
2.030719071626663208e-02
3.387916833162307739e-02
1.615003682672977448e-03
1.853638052940368652e+00
2.409919053316116333e-01
2.604863420128822327e-02
1.958700418472290039e-01
9.986098408699035645e-01
2.827278897166252136e-02
7.323505729436874390e-02
1.773511767387390137e-01
7.153598964214324951e-02
4.502357840538024902e-01
5.695378035306930542e-02
6.363688468933105469e+00
5.049253702163696289e-01
7.018186450004577637e-01
0.000000000000000000e+00
7.327974438667297363e-01
6.870556473731994629e-01
1.325375139713287354e-01
7.376793622970581055e-01
1.631350964307785034e-01
2.726748585700988770e-01
5.289354324340820312e-01
3.260425627231597900e-01
8.940366506576538086e-01
0.000000000000000000e+00
1.892209768295288086e+00
2.602379322052001953e-01
9.835501015186309814e-02
7.024234626442193985e-03
0.000000000000000000e+00
4.535533487796783447e-02
1.029748320579528809e+00
0.000000000000000000e+00
0.000000000000000000e+00
2.480289638042449951e-01
3.325695097446441650e-01
1.315245032310485840e+00
0.000000000000000000e+00
1.518276333808898926e-01
8.760951161384582520e-01
3.539107441902160645e-01
1.118827238678932190e-01
1.996141858398914337e-02
1.288278698921203613e-01
0.000000000000000000e+00
1.441512703895568848e-01
2.378935575485229492e+00
0.000000000000000000e+00
3.574715852737426758e-01
7.130035012960433960e-02
1.919141560792922974e-01
0.000000000000000000e+00
2.432363480329513550e-01
1.312784254550933838e-01
9.075008332729339600e-02
1.120836973190307617e+00
2.402582913637161255e-01
2.761451900005340576e-02
0.000000000000000000e+00
2.408999651670455933e-01
5.873101949691772461e-01
1.989918202161788940e-01
5.817105770111083984e-01
4.404263973236083984e+00
1.692625135183334351e-02
3.791894674301147461e+00
8.428598940372467041e-02
0.000000000000000000e+00
7.422163337469100952e-02
9.031967073678970337e-02
1.002018600702285767e-01
8.063324689865112305e-01
0.000000000000000000e+00
2.702489867806434631e-02
1.290570199489593506e-01
1.578979849815368652e+00
1.204294785857200623e-01
4.157160818576812744e-01
1.514271140098571777e+00
2.610207907855510712e-02
1.550809621810913086e+00
1.520897388458251953e+00
2.941723823547363281e+00
1.019118428230285645e+00
2.268620878458023071e-01
1.860311627388000488e-02
1.845346689224243164e-01
0.000000000000000000e+00
1.028600111603736877e-01
5.083997920155525208e-02
1.985505223274230957e-02
5.853675007820129395e-01
3.741006851196289062e+00
2.741620540618896484e+00
3.306527622044086456e-03
1.648895382881164551e+00
4.381144791841506958e-02
5.551918506622314453e+00
0.000000000000000000e+00
9.905225038528442383e-02
0.000000000000000000e+00
0.000000000000000000e+00
5.939747691154479980e-01
4.309030532836914062e+00
1.204079866409301758e+00
0.000000000000000000e+00
2.041697353124618530e-01
0.000000000000000000e+00
1.738894544541835785e-02
2.581785321235656738e-01
7.642851024866104126e-02
2.502064965665340424e-02
3.938267752528190613e-02
8.545447140932083130e-02
1.284480214118957520e+00
2.796268463134765625e+00
1.579832434654235840e-01
2.395227432250976562e+00
0.000000000000000000e+00
2.321263700723648071e-01
0.000000000000000000e+00
4.431073069572448730e-01
3.607536554336547852e-01
2.526314184069633484e-02
1.044286847114562988e+00
5.101657472550868988e-03
4.269391670823097229e-02
0.000000000000000000e+00
1.483958244323730469e+00
1.604563295841217041e-01
0.000000000000000000e+00
0.000000000000000000e+00
8.523286581039428711e-01
1.610336452722549438e-02
7.668383419513702393e-02
1.170997396111488342e-01
1.022804155945777893e-01
1.601572632789611816e-01
2.616887688636779785e-01
7.890427857637405396e-02
1.426722705364227295e-01
1.106114778667688370e-02
1.747162044048309326e-01
5.410901308059692383e-01
6.834807991981506348e-01
1.452402621507644653e-01
1.141235511749982834e-02
5.772442221641540527e-01
5.346724987030029297e-01
3.017027080059051514e-01
3.212386965751647949e-01
5.191612243652343750e+00
6.184433028101921082e-02
3.927613198757171631e-01
8.874774575233459473e-01
1.567594856023788452e-01
1.446925282478332520e+00
1.746107190847396851e-01
1.471767663955688477e+00
0.000000000000000000e+00
0.000000000000000000e+00
9.147106111049652100e-02
2.318583615124225616e-02
3.717001900076866150e-02
1.134640455245971680e+00
0.000000000000000000e+00
1.188101395964622498e-01
2.280320674180984497e-01
4.025866277515888214e-03
0.000000000000000000e+00
3.224181383848190308e-02
8.978137373924255371e-01
1.663040995597839355e+00
5.871328115463256836e-01
2.618153095245361328e-01
3.772762790322303772e-02
4.404662847518920898e-01
2.083901017904281616e-01
7.162690162658691406e-01
3.082965612411499023e-01
1.662410795688629150e-01
0.000000000000000000e+00
2.329798787832260132e-01
1.427810490131378174e-01
2.638459801673889160e-01
3.393539190292358398e-01
2.194191515445709229e-01
9.883882850408554077e-02
5.640425160527229309e-02
9.518723487854003906e-01
1.858063191175460815e-01
7.031522691249847412e-02
2.908613905310630798e-02
1.234546070918440819e-04
2.593380212783813477e-01
0.000000000000000000e+00
1.000225186347961426e+00
9.308497905731201172e-01
2.296699285507202148e-01
5.701882299035787582e-03
1.232442483305931091e-01
0.000000000000000000e+00
1.374714076519012451e-01
6.347452104091644287e-02
1.242493093013763428e-02
3.881588950753211975e-02
6.989547014236450195e-01
1.285746544599533081e-01
2.561378479003906250e-02
3.273729979991912842e-02
9.973568320274353027e-01
1.559844315052032471e-01
4.152591899037361145e-02
1.043502688407897949e-01
3.513611853122711182e-01
2.458484023809432983e-01
3.039241552352905273e+00
4.367995634675025940e-02
1.987200379371643066e+00
7.510747313499450684e-01
1.985190063714981079e-01
1.194067746400833130e-01
4.539550468325614929e-02
0.000000000000000000e+00
7.327966392040252686e-02
6.079109385609626770e-02
2.385406047105789185e-01
3.932249918580055237e-02
1.277226507663726807e-01
0.000000000000000000e+00
4.260431528091430664e-01
7.756921928375959396e-03
0.000000000000000000e+00
5.372460931539535522e-02
6.246423721313476562e-02
4.373589456081390381e-01
6.303572654724121094e-01
7.842341661453247070e-01
0.000000000000000000e+00
1.061224341392517090e+00
1.201784145087003708e-02
7.078589498996734619e-02
3.577150702476501465e-01
6.494300067424774170e-02
0.000000000000000000e+00
9.936819225549697876e-02
3.030908405780792236e-01
5.236757174134254456e-02
0.000000000000000000e+00
3.736087977886199951e-01
0.000000000000000000e+00
1.456650197505950928e-01
3.329149782657623291e-01
3.649205565452575684e-01
1.314099729061126709e-01
7.701695710420608521e-02
8.764178752899169922e-01
2.450541704893112183e-01
0.000000000000000000e+00
1.187858879566192627e-01
1.484884470701217651e-01
2.974651157855987549e-01
2.783244848251342773e+00
0.000000000000000000e+00
1.430307149887084961e+00
8.906442089937627316e-04
1.510049939155578613e+00
3.410556912422180176e-01
0.000000000000000000e+00
1.513855159282684326e-01
0.000000000000000000e+00
2.319226562976837158e-01
2.433793852105736732e-03
8.587268739938735962e-02
5.420831441879272461e-01
5.339400959201157093e-04
0.000000000000000000e+00
1.389265805482864380e-02
0.000000000000000000e+00
8.903215080499649048e-02
5.069949850440025330e-02
5.984026938676834106e-02
0.000000000000000000e+00
4.693263769149780273e-01
4.839076846837997437e-02
9.493843466043472290e-02
1.094070553779602051e+00
4.580606818199157715e-01
7.419325113296508789e-01
6.694842129945755005e-03
1.460784524679183960e-01
4.295346513390541077e-02
0.000000000000000000e+00
2.108576297760009766e+00
4.617817699909210205e-02
7.249344587326049805e-01
0.000000000000000000e+00
1.352076977491378784e-01
1.011733617633581161e-02
5.520017817616462708e-03
5.545496940612792969e-02
8.388087898492813110e-02
3.742523193359375000e-01
3.971428144723176956e-03
0.000000000000000000e+00
0.000000000000000000e+00
5.694302916526794434e-02
1.909446269273757935e-01
3.428294509649276733e-02
0.000000000000000000e+00
9.149716794490814209e-02
3.947334364056587219e-02
3.065819740295410156e-01
1.389922350645065308e-01
8.980859071016311646e-02
2.470811158418655396e-01
1.852691359817981720e-02
0.000000000000000000e+00
4.481997340917587280e-02
4.399620741605758667e-02
9.264711737632751465e-01
2.360745668411254883e-01
1.565916061401367188e+00
1.699096113443374634e-01
8.415591903030872345e-03
7.860592603683471680e-01
3.321798518300056458e-03
9.797230362892150879e-02
2.322233438491821289e+00
0.000000000000000000e+00
3.512197136878967285e-01
4.087600409984588623e-01
7.118697762489318848e-01
0.000000000000000000e+00
6.392508745193481445e-01
2.730907797813415527e-01
2.641160249710083008e+00
1.823133602738380432e-02
5.902498364448547363e-01
5.881115794181823730e-01
1.401914060115814209e-01
4.242459684610366821e-02
9.093306958675384521e-03
0.000000000000000000e+00
2.189731746912002563e-01
5.491214394569396973e-01
1.102271676063537598e-01
3.521512961015105247e-03
0.000000000000000000e+00
1.418925374746322632e-01
6.239226460456848145e-02
7.360970377922058105e-01
1.345765888690948486e-01
9.761251509189605713e-02
1.419779006391763687e-02
2.849637567996978760e-01
1.929473519325256348e+00
3.351850435137748718e-02
3.441206514835357666e-01
1.788453608751296997e-01
0.000000000000000000e+00
2.632791399955749512e-01
1.635098010301589966e-01
3.909830749034881592e-02
4.584092795848846436e-01
6.119709610939025879e-01
2.480774000287055969e-02
6.631128489971160889e-02
1.632051318883895874e-01
4.074940085411071777e-02
1.164047867059707642e-01
5.161722749471664429e-02
0.000000000000000000e+00
1.339440464973449707e+00
1.078696370124816895e+00
0.000000000000000000e+00
2.079414390027523041e-02
0.000000000000000000e+00
2.226454904302954674e-03
4.373858571052551270e-01
0.000000000000000000e+00
3.711756691336631775e-02
0.000000000000000000e+00
1.009593605995178223e-01
5.848134681582450867e-02
7.761365175247192383e-01
1.651423573493957520e-01
2.624529972672462463e-02
3.962354063987731934e-01
0.000000000000000000e+00
3.859119489789009094e-02
3.507354557514190674e-01
7.321162223815917969e-01
2.590991258621215820e+00
0.000000000000000000e+00
0.000000000000000000e+00
2.090651690959930420e-01
3.598898947238922119e-01
7.410547733306884766e-01
1.180325865745544434e+00
3.245150744915008545e-01
5.525215715169906616e-02
0.000000000000000000e+00
0.000000000000000000e+00
4.810595512390136719e-02
2.788583278656005859e+00
6.322036385536193848e-01
5.161291360855102539e-02
0.000000000000000000e+00
3.125249175354838371e-03
2.150525897741317749e-01
1.223617196083068848e+00
3.143069893121719360e-02
6.784858703613281250e-01
1.800125122070312500e+00
1.605092315003275871e-03
2.137036249041557312e-02
0.000000000000000000e+00
1.153065264225006104e-01
5.286839008331298828e-01
0.000000000000000000e+00
1.112669348716735840e+00
3.521913662552833557e-02
5.238078832626342773e-01
7.360375672578811646e-02
1.488552838563919067e-01
8.505917787551879883e-01
1.560584604740142822e-01
9.806951507925987244e-03
9.913909249007701874e-03
1.385472714900970459e-01
6.049242019653320312e-01
5.815779685974121094e+00
0.000000000000000000e+00
7.314144074916839600e-02
6.907138228416442871e-01
0.000000000000000000e+00
7.555273175239562988e-02
6.997597217559814453e-02
1.728143543004989624e-02
7.691641338169574738e-03
1.902541071176528931e-01
0.000000000000000000e+00
4.486665874719619751e-02
3.731225430965423584e-01
4.413421452045440674e-02
2.970786988735198975e-01
2.909838557243347168e-01
3.214339911937713623e-01
0.000000000000000000e+00
2.306548692286014557e-02
4.272541403770446777e-02
9.131878614425659180e-02
1.112379357218742371e-01
0.000000000000000000e+00
3.131611645221710205e-02
4.052569389343261719e+00
6.501289010047912598e-01
5.157415866851806641e-01
5.000507459044456482e-02
1.111396104097366333e-01
6.926460862159729004e-01
1.039120435714721680e+00
3.288571834564208984e-01
1.811009496450424194e-01
2.358701825141906738e-02
4.141667857766151428e-02
1.902069002389907837e-01
4.745659232139587402e-01
8.132556080818176270e-02
5.886111259460449219e-01
6.267951726913452148e-01
0.000000000000000000e+00
4.472844302654266357e-01
3.556649088859558105e-01
4.234191402792930603e-02
1.065894812345504761e-01
0.000000000000000000e+00
0.000000000000000000e+00
4.925529360771179199e-01
9.594601988792419434e-01
9.099867939949035645e-02
8.550146967172622681e-02
9.392181411385536194e-03
5.566515773534774780e-02
2.164485454559326172e+00
4.099393263459205627e-03
1.077710390090942383e-01
0.000000000000000000e+00
1.283584684133529663e-01
8.626419305801391602e-01
1.882092095911502838e-03
0.000000000000000000e+00
4.477924201637506485e-03
0.000000000000000000e+00
4.314627349376678467e-01
5.110986903309822083e-02
3.620520234107971191e-01
2.414155751466751099e-01
1.196141719818115234e+00
4.560134187340736389e-02
1.756675541400909424e-01
0.000000000000000000e+00
4.947214722633361816e-01
5.928351078182458878e-03
5.310669541358947754e-02
1.615679413080215454e-01
0.000000000000000000e+00
3.789661079645156860e-02
3.872939571738243103e-02
6.626002788543701172e-01
7.383007556200027466e-02
1.762542724609375000e-01
5.824308097362518311e-02
7.100842148065567017e-02
6.553866863250732422e-01
1.710829615592956543e+00
8.567265272140502930e-01
1.620692387223243713e-02
2.353733777999877930e-01
1.051432728767395020e+00
7.047456223517656326e-03
0.000000000000000000e+00
2.501198649406433105e-02
4.920208156108856201e-01
1.390091031789779663e-01
8.730069994926452637e-01
1.423865407705307007e-01
0.000000000000000000e+00
3.165252923965454102e+00
3.419604897499084473e-01
0.000000000000000000e+00
5.456342101097106934e-01
0.000000000000000000e+00
2.245894670486450195e-01
7.553225159645080566e-01
1.096040844917297363e+00
6.650310158729553223e-01
0.000000000000000000e+00
0.000000000000000000e+00
2.476578503847122192e-01
3.820924162864685059e-01
0.000000000000000000e+00
0.000000000000000000e+00
6.567283719778060913e-02
0.000000000000000000e+00
1.512368172407150269e-01
5.499927327036857605e-02
5.230784416198730469e-01
0.000000000000000000e+00
1.918708980083465576e-01
5.162889957427978516e-01
6.622283905744552612e-02
5.771909281611442566e-02
1.564551830291748047e+00
0.000000000000000000e+00
3.332952409982681274e-02
2.022708207368850708e-02
1.569707095623016357e-01
2.220297008752822876e-01
8.390556573867797852e-01
8.403335809707641602e-01
8.863690495491027832e-02
2.745872139930725098e-01
2.533136904239654541e-01
8.992300033569335938e-01
2.578979730606079102e-01
2.032080292701721191e-01
0.000000000000000000e+00
0.000000000000000000e+00
5.087509632110595703e+00
0.000000000000000000e+00
5.372371524572372437e-02
2.927878871560096741e-02
3.376602411270141602e+00
1.195172548294067383e+00
0.000000000000000000e+00
9.294620156288146973e-01
0.000000000000000000e+00
1.641727685928344727e-01
3.151650726795196533e-02
9.700432419776916504e-02
5.974901318550109863e-01
2.440486662089824677e-02
0.000000000000000000e+00
2.495207041501998901e-01
3.561759367585182190e-03
1.393214762210845947e-01
2.959577322006225586e+00
2.194027043879032135e-02
2.291240930557250977e+00
9.703437685966491699e-01
0.000000000000000000e+00
3.099322319030761719e-03
5.374606698751449585e-02
0.000000000000000000e+00
0.000000000000000000e+00
5.733154341578483582e-02
6.174226403236389160e-01
9.103772044181823730e-01
4.670651912689208984e+00
4.335402548313140869e-01
1.819903850555419922e-01
6.982651352882385254e-01
1.507593132555484772e-02
0.000000000000000000e+00
0.000000000000000000e+00
0.000000000000000000e+00
2.161118239164352417e-01
5.601277202367782593e-02
3.819907009601593018e-01
6.870897114276885986e-02
4.517596364021301270e-01
3.333928063511848450e-02
4.284381568431854248e-01
1.226748991757631302e-02
6.016749143600463867e-01
6.679487973451614380e-02
4.109119772911071777e-01
7.480545639991760254e-01
2.424014806747436523e-01
4.164288938045501709e-02
2.073389589786529541e-01
0.000000000000000000e+00
1.882420331239700317e-01
2.967859208583831787e-01
1.250416040420532227e+00
5.218657255172729492e-01
1.269706249237060547e+00
5.575862526893615723e-01
1.802461035549640656e-02
1.430265307426452637e+00
8.482586741447448730e-01
1.571503281593322754e-02
1.715525388717651367e+00
0.000000000000000000e+00
4.776326939463615417e-02
2.212988585233688354e-01
2.338201701641082764e-01
1.302860975265502930e-01
6.782153993844985962e-02
2.386101707816123962e-02
5.586350709199905396e-02
0.000000000000000000e+00
2.110767550766468048e-02
5.141061171889305115e-02
2.499047517776489258e-01
1.417172234505414963e-02
9.277717471122741699e-01
6.539593935012817383e-01
2.016669604927301407e-03
2.323532700538635254e-01
4.521358013153076172e-01
2.334220334887504578e-02
0.000000000000000000e+00
4.402391612529754639e-01
1.309169083833694458e-01
2.753842622041702271e-02
1.413339376449584961e+00
1.622848510742187500e+00
2.127364873886108398e-01
4.383380413055419922e-01
3.273381292819976807e-01
0.000000000000000000e+00
3.850764781236648560e-02
7.465114444494247437e-02
5.973719954490661621e-01
3.675838410854339600e-01
0.000000000000000000e+00
1.029863357543945312e+00
8.150192350149154663e-02
1.045364364981651306e-01
1.005636811256408691e+00
1.940469294786453247e-01
1.916451573371887207e+00
5.360732674598693848e-01
5.254794284701347351e-02
3.982084989547729492e-02
4.465235397219657898e-02
2.662000894546508789e+00
0.000000000000000000e+00
7.338214665651321411e-02
1.221675202250480652e-01
0.000000000000000000e+00
7.732548564672470093e-02
3.954738844186067581e-03
0.000000000000000000e+00
5.257449299097061157e-02
5.752398967742919922e-01
1.143996268510818481e-01
1.217552125453948975e-01
3.618699684739112854e-02
1.188143938779830933e-01
3.457565791904926300e-03
1.131605207920074463e-01
1.179732561111450195e+00
0.000000000000000000e+00
4.278983548283576965e-02
2.780807018280029297e-01
7.935737818479537964e-02
3.196152150630950928e-01
2.476935535669326782e-01
3.240342140197753906e-01
1.298817992210388184e-01
1.699518226087093353e-02
0.000000000000000000e+00
1.226271390914916992e+00
3.345879912376403809e-01
0.000000000000000000e+00
0.000000000000000000e+00
8.347970843315124512e-01
9.802675992250442505e-02
6.917238980531692505e-02
6.935242414474487305e-01
1.003067135810852051e+00
0.000000000000000000e+00
4.269333779811859131e-01
9.804418087005615234e-01
8.222380876541137695e-01
8.499970659613609314e-03
1.699035987257957458e-02
4.989256262779235840e-01
3.501655459403991699e-01
0.000000000000000000e+00
1.219362020492553711e+00
8.071135878562927246e-01
3.990801051259040833e-03
8.441381901502609253e-02
1.312504988163709641e-02
3.863753005862236023e-02
1.472303085029125214e-02
2.907932698726654053e-01
1.788845844566822052e-02
3.322163581848144531e+00
1.398085057735443115e-02
1.654623262584209442e-02
1.304643899202346802e-01
2.032936215400695801e-01
8.238164186477661133e-01
0.000000000000000000e+00
2.060702443122863770e-01
0.000000000000000000e+00
7.306918501853942871e-01
0.000000000000000000e+00
1.150425225496292114e-01
0.000000000000000000e+00
4.284478351473808289e-02
2.350912094116210938e-01
1.502251327037811279e-01
2.084910571575164795e-01
3.627732992172241211e-01
8.996066451072692871e-02
3.593609333038330078e-01
6.653444170951843262e-01
1.749560795724391937e-02
4.605500400066375732e-01
2.250628948211669922e+00
3.229660168290138245e-02
1.414467930793762207e+00
2.508262172341346741e-02
0.000000000000000000e+00
1.852236270904541016e+00
1.754473336040973663e-02
2.059384137392044067e-01
0.000000000000000000e+00
5.530149117112159729e-02
7.198280692100524902e-01
4.538788795471191406e-01
3.100771903991699219e-01
0.000000000000000000e+00
0.000000000000000000e+00
9.015708230435848236e-03
6.539455056190490723e-01
5.189569294452667236e-02
1.800964027643203735e-02
2.756955623626708984e-01
3.191140294075012207e-01
4.385022819042205811e-02
5.293536558747291565e-02
4.165399074554443359e-01
1.090506553649902344e+00
1.629461169242858887e+00
3.040173053741455078e-01
0.000000000000000000e+00
4.756970405578613281e-01
6.681240163743495941e-03
1.043640077114105225e-01
1.017790194600820541e-02
6.810679566115140915e-03
0.000000000000000000e+00
9.948637336492538452e-02
9.151455014944076538e-02
7.752022892236709595e-02
5.218439698219299316e-01
4.805389046669006348e-02
2.265313148498535156e+00
5.373474210500717163e-02
4.936402738094329834e-01
4.335894286632537842e-01
9.846699237823486328e-02
5.220159292221069336e-01
1.645951569080352783e-01
1.393179222941398621e-02
3.197563067078590393e-02
3.899678960442543030e-02
9.601134806871414185e-02
0.000000000000000000e+00
1.339006423950195312e-01
4.723617061972618103e-02
7.175902724266052246e-01
1.508268248289823532e-02
1.359244883060455322e-01
4.054166078567504883e-01
2.167046964168548584e-01
8.192511796951293945e-01
1.857062876224517822e-01
1.047369718551635742e+00
2.344474196434020996e-01
5.593212842941284180e-01
2.257552184164524078e-02
7.940271496772766113e-02
1.142677962779998779e-01
8.466027975082397461e-01
1.048761457204818726e-01
1.019094213843345642e-01
1.080541849136352539e+00
2.524467408657073975e-01
1.525777950882911682e-02
0.000000000000000000e+00
2.302619628608226776e-02
0.000000000000000000e+00
6.094767451286315918e-01
7.084647566080093384e-02
0.000000000000000000e+00
1.770926117897033691e-01
1.626295037567615509e-02
6.766900420188903809e-02
8.282449096441268921e-02
1.862430945038795471e-02
0.000000000000000000e+00
0.000000000000000000e+00
0.000000000000000000e+00
4.588294029235839844e-02
3.058244585990905762e-01
1.973440945148468018e-01
1.046813209541141987e-03
2.052373290061950684e-01
3.931135684251785278e-02
4.965104162693023682e-01
0.000000000000000000e+00
3.525156378746032715e-01
2.057665586471557617e-01
1.441380262374877930e+00
0.000000000000000000e+00
2.412217855453491211e-01
0.000000000000000000e+00
1.041033118963241577e-01
4.333889961242675781e+00
5.399564281105995178e-03
3.329122439026832581e-02
2.145781181752681732e-03
2.606253921985626221e-01
0.000000000000000000e+00
4.295292794704437256e-01
9.733642935752868652e-01
6.554019637405872345e-03
9.935912676155567169e-03
5.666896328330039978e-02
0.000000000000000000e+00
0.000000000000000000e+00
2.412300370633602142e-02
3.464833199977874756e-01
2.123546153306961060e-01
1.779676526784896851e-01
5.735619366168975830e-02
3.665432929992675781e-01
5.559706091880798340e-01
8.206397294998168945e-02
3.205025941133499146e-02
4.045549407601356506e-02
2.481057643890380859e+00
4.084166586399078369e-01
0.000000000000000000e+00
3.272239118814468384e-02
2.989187538623809814e-01
0.000000000000000000e+00
1.572990119457244873e-01
1.482105404138565063e-01
2.104387134313583374e-01
0.000000000000000000e+00
0.000000000000000000e+00
1.310591818764805794e-03
1.091523289680480957e+00
9.221138358116149902e-01
0.000000000000000000e+00
1.204228162765502930e+00
4.141060635447502136e-02
3.445726931095123291e-01
2.069259062409400940e-03
6.685407161712646484e-01
3.698540031909942627e-01
1.308462768793106079e-01
2.955752890557050705e-03
0.000000000000000000e+00
0.000000000000000000e+00
1.129911422729492188e+00
8.446632325649261475e-02
0.000000000000000000e+00
2.083173096179962158e-01
1.962450742721557617e-01
1.221364364027976990e-01
1.373827159404754639e-01
1.617232104763388634e-03
5.248346328735351562e-01
1.632173657417297363e-01
5.245789289474487305e-01
9.321650862693786621e-02
7.237944602966308594e-01
7.841080427169799805e-01
6.039231270551681519e-02
2.885415032505989075e-02
0.000000000000000000e+00
0.000000000000000000e+00
2.979853153228759766e-01
2.444351166486740112e-01
2.125667780637741089e-01
3.080654703080654144e-02
1.299018710851669312e-01
2.795633375644683838e-01
1.541142106056213379e+00
4.248381778597831726e-02
3.214797750115394592e-02
2.446547336876392365e-02
1.353986375033855438e-02
3.933826833963394165e-02
1.672729551792144775e-01
2.828248739242553711e+00
0.000000000000000000e+00
3.959884941577911377e-01
1.532827258110046387e+00
5.208055973052978516e-01
1.229543089866638184e+00
1.016052603721618652e+00
0.000000000000000000e+00
1.322927623987197876e-01
2.093464583158493042e-01
3.378773108124732971e-03
2.690171301364898682e-01
3.502869233489036560e-02
5.466049313545227051e-01
2.907507181167602539e+00
6.544119119644165039e-01
4.488735496997833252e-01
8.687142133712768555e-01
2.281593531370162964e-01
1.363811612129211426e+00
4.758739173412322998e-01
1.914894282817840576e-01
3.752403557300567627e-01
3.708313917741179466e-03
1.645846813917160034e-01
3.124829940497875214e-02
4.021958634257316589e-02
1.304266415536403656e-02
1.646769978106021881e-02
7.239073980599641800e-03
4.175527095794677734e-01
1.726551502943038940e-01
4.286861419677734375e-02
7.437492907047271729e-02
6.062171459197998047e-01
2.906568050384521484e-01
5.006510019302368164e-02
3.524224758148193359e-01
3.907100856304168701e-01
6.550257205963134766e-01
3.350026533007621765e-02
4.646634459495544434e-01
7.514778524637222290e-03
0.000000000000000000e+00
8.090758323669433594e-01
1.628211140632629395e-01
9.091324359178543091e-02
6.378603726625442505e-02
7.665454149246215820e-01
2.434948682785034180e-01
1.260706484317779541e-01
4.965394437313079834e-01
2.660105526447296143e-01
1.029661178588867188e+00
0.000000000000000000e+00
1.140881538391113281e+00
0.000000000000000000e+00
9.616154432296752930e-01
5.733370408415794373e-02
1.407232761383056641e+00
1.295208036899566650e-01
0.000000000000000000e+00
2.992711663246154785e-01
1.313414096832275391e+00
5.280806217342615128e-03
1.111102290451526642e-03
1.076696813106536865e-01
2.412189543247222900e-01
9.155262708663940430e-01
5.706391856074333191e-02
0.000000000000000000e+00
6.528633832931518555e-02
2.696149587631225586e+00
1.319738745689392090e+00
1.096643134951591492e-01
0.000000000000000000e+00
1.927625387907028198e-02
3.814183548092842102e-02
4.807764291763305664e-01
4.709950685501098633e-01
3.053882420063018799e-01
6.414803862571716309e-01
0.000000000000000000e+00
0.000000000000000000e+00
0.000000000000000000e+00
4.089438298251479864e-04
6.830036640167236328e-02
3.456055521965026855e-01
3.783528804779052734e-01
0.000000000000000000e+00
4.014675319194793701e-01
5.368981044739484787e-03
0.000000000000000000e+00
6.460673362016677856e-02
4.369702637195587158e-01
1.628855764865875244e-01
3.723272681236267090e-01
1.120399832725524902e-01
1.203659772872924805e-01
4.427950978279113770e-01
4.959297552704811096e-02
7.175327837467193604e-02
9.382371604442596436e-02
0.000000000000000000e+00
7.751635462045669556e-02
6.234440580010414124e-02
1.255204528570175171e-01
0.000000000000000000e+00
6.059877276420593262e-01
4.618101418018341064e-01
0.000000000000000000e+00
2.774428725242614746e-01
5.860427021980285645e-01
8.333646059036254883e-01
2.365659922361373901e-01
1.106355525553226471e-02
5.584007501602172852e-01
1.568630576133728027e+00
2.481002658605575562e-01
5.241348743438720703e-01
0.000000000000000000e+00
5.550968274474143982e-02
3.108955144882202148e+00
0.000000000000000000e+00
1.073263864964246750e-02
4.260220006108283997e-02
3.634087741374969482e-01
2.177386358380317688e-02
1.028790175914764404e-01
9.492187947034835815e-02
1.022295951843261719e+00
1.000934988260269165e-01
1.021569609642028809e+00
2.341700792312622070e-01
1.652449369430541992e+00
1.037450134754180908e-01
1.414749026298522949e+00
4.787698388099670410e-02
0.000000000000000000e+00
0.000000000000000000e+00
2.828262560069561005e-02
5.231282114982604980e-02
1.035672798752784729e-01
6.774004101753234863e-01
0.000000000000000000e+00
5.630752444267272949e-01
3.377298116683959961e-01
2.004491090774536133e-01
0.000000000000000000e+00
1.333314180374145508e-01
2.883908748626708984e-01
1.987656056880950928e-01
5.965548008680343628e-02
2.421761751174926758e-01
1.136210485128685832e-04
6.963109225034713745e-02
5.681855678558349609e-01
2.764684259891510010e-01
5.895748268812894821e-03
0.000000000000000000e+00
4.782462492585182190e-02
3.338813781738281250e-03
0.000000000000000000e+00
4.961955710314214230e-04
1.154259443283081055e-01
3.860659152269363403e-02
4.283345863223075867e-02
3.111020565032958984e+00
9.008000791072845459e-02
0.000000000000000000e+00
8.543175458908081055e-01
1.170805562287569046e-02
0.000000000000000000e+00
1.011018529534339905e-01
3.579440116882324219e-01
0.000000000000000000e+00
8.117462694644927979e-02
3.325126599520444870e-03
3.869304955005645752e-01
3.864303588867187500e+00
0.000000000000000000e+00
1.836561858654022217e-01
3.632838726043701172e-01
1.682660356163978577e-02
5.660424828529357910e-01
0.000000000000000000e+00
5.198581889271736145e-02
6.833719462156295776e-02
3.606478497385978699e-02
3.716575801372528076e-01
3.170695304870605469e-01
1.992207765579223633e+00
3.313529118895530701e-02
1.567646674811840057e-02
0.000000000000000000e+00
1.695945858955383301e+00
5.031075701117515564e-02
7.266039960086345673e-03
4.219146668910980225e-01
1.748677134513854980e+00
4.001017212867736816e-01
0.000000000000000000e+00
8.042978151934221387e-06
4.228209555149078369e-01
3.991442322731018066e-01
3.549452498555183411e-02
1.182408928871154785e+00
2.132557034492492676e-01
0.000000000000000000e+00
1.035879105329513550e-01
0.000000000000000000e+00
0.000000000000000000e+00
2.865996360778808594e-01
1.212907910346984863e+00
3.646421805024147034e-02
0.000000000000000000e+00
3.050594091415405273e+00
0.000000000000000000e+00
2.153735905885696411e-01
9.321331232786178589e-02
1.395567059516906738e-01
1.874640285968780518e-01
2.967217564582824707e-01
2.110620290040969849e-01
2.795450948178768158e-02
1.792097836732864380e-02
0.000000000000000000e+00
4.370531558990478516e+00
1.334190249443054199e+00
1.008822441101074219e+00
2.042780667543411255e-01
1.578818857669830322e-01
1.099106743931770325e-01
2.921841740608215332e-01
3.692135587334632874e-02
0.000000000000000000e+00
7.301820069551467896e-02
7.886082679033279419e-02
3.356789052486419678e-01
1.508129835128784180e+00
2.420121617615222931e-02
0.000000000000000000e+00
8.914165198802947998e-02
2.238707393407821655e-01
0.000000000000000000e+00
2.370412200689315796e-01
1.353298723697662354e-01
0.000000000000000000e+00
0.000000000000000000e+00
3.114084713160991669e-03
1.843162477016448975e-01
4.732819795608520508e-01
5.374137759208679199e-01
3.986814022064208984e-01
2.385293006896972656e+00
1.818367093801498413e-01
1.295843860134482384e-03
1.694242060184478760e-01
1.667696833610534668e-01
5.076906457543373108e-02
3.694030344486236572e-01
0.000000000000000000e+00
2.519918419420719147e-02
3.004151023924350739e-02
4.159566879272460938e+00
0.000000000000000000e+00
9.809367358684539795e-03
6.683383882045745850e-02
0.000000000000000000e+00
0.000000000000000000e+00
8.669662475585937500e-01
1.443419605493545532e-02
3.208901882171630859e-01
0.000000000000000000e+00
8.976474404335021973e-02
0.000000000000000000e+00
3.415188565850257874e-02
3.982225432991981506e-03
3.599327206611633301e-01
1.784898191690444946e-01
0.000000000000000000e+00
2.038230448961257935e-01
3.200454950332641602e+00
8.940428961068391800e-04
8.060885071754455566e-01
1.390756964683532715e-01
8.473354578018188477e-02
1.017469882965087891e+00
1.175422128289937973e-02
7.864329218864440918e-01
1.270405948162078857e-01
7.258111834526062012e-01
5.261287558823823929e-03
2.968792617321014404e-01
2.699147164821624756e-01
0.000000000000000000e+00
0.000000000000000000e+00
3.051460087299346924e-01
1.361479163169860840e+00
1.277167815715074539e-02
8.685868978500366211e-02
0.000000000000000000e+00
1.493264138698577881e-01
0.000000000000000000e+00
9.463106095790863037e-02
2.741648256778717041e-01
1.692795872688293457e+00
2.730320207774639130e-02
7.319476008415222168e-01
3.897074162960052490e-01
0.000000000000000000e+00
6.569340229034423828e-01
0.000000000000000000e+00
2.120241075754165649e-01
1.192588731646537781e-02
5.697422623634338379e-01
2.318100482225418091e-01
3.628226369619369507e-02
0.000000000000000000e+00
3.802593797445297241e-02
7.912022620439529419e-02
2.958647310733795166e-01
2.934767901897430420e-01
1.468920111656188965e-01
2.198853045701980591e-01
5.962036848068237305e-01
2.439945191144943237e-01
7.296558022499084473e-01
5.555100739002227783e-02
4.867188166826963425e-03
0.000000000000000000e+00
1.149186372756958008e+00
0.000000000000000000e+00
1.162964943796396255e-02
3.664829209446907043e-02
1.478295207023620605e+00
6.890582442283630371e-01
7.666954398155212402e-02
4.655341058969497681e-02
4.423975944519042969e-01
0.000000000000000000e+00
2.261379808187484741e-01
2.128594517707824707e-01
1.340411305427551270e-01
3.649763762950897217e-01
1.546259317547082901e-02
0.000000000000000000e+00
1.870732009410858154e-01
4.715583752840757370e-03
5.065722763538360596e-02
1.026696562767028809e-01
0.000000000000000000e+00
4.019507169723510742e-01
6.398247182369232178e-02
1.227543950080871582e-01
2.613516896963119507e-02
3.052563592791557312e-02
2.536688745021820068e-01
3.157779574394226074e-02
2.612098693847656250e+00
8.864421397447586060e-02
5.339464545249938965e-02
0.000000000000000000e+00
1.969420611858367920e-01
7.131271809339523315e-02
0.000000000000000000e+00
5.201222002506256104e-02
5.890659242868423462e-02
1.254469603300094604e-01
2.591311745345592499e-02
3.081288337707519531e+00
2.703729152679443359e+00
3.440888524055480957e-01
3.043790347874164581e-03
1.767887175083160400e-01
4.115232080221176147e-02
4.965760163031518459e-04
5.568638443946838379e-01
1.644718885421752930e+00
1.180052280426025391e+00
2.157528996467590332e-01
2.386875599622726440e-01
0.000000000000000000e+00
4.373170062899589539e-02
2.169441878795623779e-01
0.000000000000000000e+00
4.485935270786285400e-01
2.186837047338485718e-02
5.790767073631286621e-01
8.829388022422790527e-01
3.442076742649078369e-01
2.387939453125000000e+00
1.386395692825317383e-01
2.452850341796875000e-02
9.902133345603942871e-01
6.680721640586853027e-01
1.717288494110107422e-01
1.655928939580917358e-01
3.552311062812805176e-01
2.073479145765304565e-01
8.234128355979919434e-02
0.000000000000000000e+00
5.971967577934265137e-01
0.000000000000000000e+00
0.000000000000000000e+00
1.934621855616569519e-02
1.996082216501235962e-01
3.072139322757720947e-01
1.630441695451736450e-01
8.958666324615478516e-01
9.675709530711174011e-03
2.201530635356903076e-01
1.764107346534729004e-01
4.292749762535095215e-01
2.666910886764526367e+00
1.932796686887741089e-01
5.176191329956054688e-01
1.292488127946853638e-01
1.515022814273834229e-01
1.207507997751235962e-01
9.642966836690902710e-02
7.069884240627288818e-02
8.267085254192352295e-02
6.526263952255249023e-01
1.783239245414733887e+00
2.436697721481323242e+00
4.720194637775421143e-01
0.000000000000000000e+00
0.000000000000000000e+00
8.663626760244369507e-02
5.333491563796997070e-01
1.581740528345108032e-01
2.615315914154052734e-01
9.429666996002197266e-01
1.997750550508499146e-01
0.000000000000000000e+00
4.015897214412689209e-02
0.000000000000000000e+00
9.513481855392456055e-01
1.580788850784301758e+00
1.449512541294097900e-01
1.872608438134193420e-02
5.630142688751220703e-01
8.112141489982604980e-02
0.000000000000000000e+00
0.000000000000000000e+00
0.000000000000000000e+00
2.979818880558013916e-01
3.259976804256439209e-01
1.042719364166259766e+00
6.612199544906616211e-01
3.037007749080657959e-01
1.096128150820732117e-01
3.124217689037322998e-01
2.389668822288513184e-01
3.384551778435707092e-02
8.780206441879272461e-01
1.271193623542785645e-01
7.628966122865676880e-02
1.619718968868255615e-01
0.000000000000000000e+00
1.434374451637268066e-01
4.936133325099945068e-01
2.038566172122955322e-01
9.590644389390945435e-02
1.946237325668334961e+00
4.108801484107971191e-01
3.150194883346557617e-01
6.241123005747795105e-02
2.392671406269073486e-01
3.604694306850433350e-01
2.100889384746551514e-01
8.216308429837226868e-03
2.255030274391174316e-01
0.000000000000000000e+00
0.000000000000000000e+00
1.116390153765678406e-01
1.147066131234169006e-01
6.537345051765441895e-01
0.000000000000000000e+00
1.009815335273742676e+00
8.444832563400268555e-01
1.732206344604492188e-01
1.452432870864868164e-01
8.975493721663951874e-03
1.381282210350036621e+00
1.666248679161071777e+00
2.918553538620471954e-02
3.442212343215942383e-01
9.568402767181396484e-01
4.297812283039093018e-01
6.400221586227416992e-02
4.639343172311782837e-02
1.814775466918945312e-01
7.515158653259277344e-01
1.406166255474090576e-01
0.000000000000000000e+00
1.548534750938415527e+00
1.205909475684165955e-01
0.000000000000000000e+00
3.683557268232107162e-03
9.917598217725753784e-02
1.752874255180358887e-02
3.529221415519714355e-01
6.268766522407531738e-01
2.065808027982711792e-01
1.052808642387390137e+00
3.262489289045333862e-02
1.923632770776748657e-01
2.364150807261466980e-02
4.235126972198486328e-01
1.059093251824378967e-01
3.314424538984894753e-03
1.002770066261291504e-01
0.000000000000000000e+00
1.193386614322662354e-01
3.603608310222625732e-01
1.723278313875198364e-02
9.904962778091430664e-02
6.853670477867126465e-01
1.211468353867530823e-01
3.375601768493652344e-01
0.000000000000000000e+00
3.717955350875854492e-01
0.000000000000000000e+00
4.574796929955482483e-02
8.364071249961853027e-01
2.405921369791030884e-01
1.854411140084266663e-02
4.827995784580707550e-03
2.224411815404891968e-02
0.000000000000000000e+00
7.047172188758850098e-01
0.000000000000000000e+00
3.782046213746070862e-02
4.351659297943115234e+00
2.093915194272994995e-01
2.230416685342788696e-01
3.864715099334716797e-01
5.206189155578613281e-01
2.035586237907409668e-01
6.025001406669616699e-02
8.624429702758789062e-01
8.426230400800704956e-02
4.724966883659362793e-01
3.949699550867080688e-02
6.398463249206542969e-02
1.221954703330993652e+00
7.855837047100067139e-02
1.279556751251220703e+00
