7.509701536037027836e-04
2.343429803848266602e+00
2.402327209711074829e-01
1.215924024581909180e+00
2.790394127368927002e-01
3.835060596466064453e-01
1.675680726766586304e-01
1.292948983609676361e-02
7.451563477516174316e-01
2.380976200103759766e+00
0.000000000000000000e+00
6.497560739517211914e-01
1.817773729562759399e-01
0.000000000000000000e+00
9.369906783103942871e-01
6.433574557304382324e-01
3.032311201095581055e-01
1.896534562110900879e+00
0.000000000000000000e+00
2.077789902687072754e-01
1.316352933645248413e-01
1.165360882878303528e-01
2.666216790676116943e-01
7.589718699455261230e-02
0.000000000000000000e+00
9.102690033614635468e-03
8.945299386978149414e-01
8.977092802524566650e-02
7.355687022209167480e-02
4.152784049510955811e-01
4.688800573348999023e-01
1.944650858640670776e-01
1.051752805709838867e+00
0.000000000000000000e+00
1.430056244134902954e-01
1.528031587600708008e+00
1.530913636088371277e-02
1.538795884698629379e-02
5.204189419746398926e-01
1.076089978218078613e+00
7.048271894454956055e-01
2.120954036712646484e+00
2.501483559608459473e-01
0.000000000000000000e+00
1.612603664398193359e-01
6.562322378158569336e-02
0.000000000000000000e+00
7.983846962451934814e-02
0.000000000000000000e+00
3.043470978736877441e-01
7.504600882530212402e-01
1.410405874252319336e+00
8.233436942100524902e-02
4.584720134735107422e-01
2.894280478358268738e-02
0.000000000000000000e+00
1.588917821645736694e-01
4.902432560920715332e-01
5.589868426322937012e-01
7.164976000785827637e-01
2.137997746467590332e-01
1.811449527740478516e-01
1.226368069648742676e+00
2.578504383563995361e-01
3.889817595481872559e-01
2.733441591262817383e-01
1.031268835067749023e-01
6.211190223693847656e-01
3.292119130492210388e-02
6.319823861122131348e-02
4.177424311637878418e-01
5.949422717094421387e-01
0.000000000000000000e+00
2.253445051610469818e-02
4.926097765564918518e-02
6.813097000122070312e-01
1.008618026971817017e-01
4.808413386344909668e-01
3.065691232681274414e+00
2.434154599905014038e-01
1.891130208969116211e+00
9.220348298549652100e-02
0.000000000000000000e+00
1.532352715730667114e-01
1.567631214857101440e-01
4.052148818969726562e+00
1.015560980886220932e-02
0.000000000000000000e+00
6.796508431434631348e-01
0.000000000000000000e+00
4.243996739387512207e-01
0.000000000000000000e+00
3.335811570286750793e-02
0.000000000000000000e+00
1.623610705137252808e-01
0.000000000000000000e+00
3.828021138906478882e-02
2.035901844501495361e-01
1.245231270790100098e+00
8.419998884201049805e-01
7.710156440734863281e-01
1.401945948600769043e-01
7.320618024095892906e-04
2.868535995483398438e+00
2.325205504894256592e-01
1.567222237586975098e+00
2.601251304149627686e-01
2.385595813393592834e-02
6.562296748161315918e-01
6.879768371582031250e-01
2.849045693874359131e-01
2.849018573760986328e-01
6.029649972915649414e-01
4.728304743766784668e-01
3.667783141136169434e-01
1.398162096738815308e-01
3.798392117023468018e-01
1.000877283513545990e-02
7.435801625251770020e-02
3.184045553207397461e-01
1.255295634269714355e+00
2.115119248628616333e-01
1.095963597297668457e+00
2.207601666450500488e-01
6.666954994201660156e+00
6.809080243110656738e-01
1.217924058437347412e-02
1.445229053497314453e-01
1.956693679094314575e-01
2.584439329802989960e-02
8.587898612022399902e-01
3.100914694368839264e-02
5.550994724035263062e-02
1.944804340600967407e-01
2.800292968750000000e-01
5.482817813754081726e-02
7.626904845237731934e-01
8.276038616895675659e-02
4.177574217319488525e-01
8.048363029956817627e-02
1.144491434097290039e-01
2.747876644134521484e-01
9.211976081132888794e-02
1.702670931816101074e+00
9.558393359184265137e-01
4.113010466098785400e-01
2.707521058619022369e-02
0.000000000000000000e+00
3.571100160479545593e-02
1.068994626402854919e-01
3.099537849426269531e+00
0.000000000000000000e+00
9.219512343406677246e-02
1.765428334474563599e-01
7.662129998207092285e-01
5.782273132354021072e-03
2.619429349899291992e+00
4.594201594591140747e-02
4.003240261226892471e-03
1.305984146893024445e-02
0.000000000000000000e+00
0.000000000000000000e+00
6.637291908264160156e-01
1.795525848865509033e-01
0.000000000000000000e+00
3.972839117050170898e+00
2.006584107875823975e-01
5.818477272987365723e-01
3.592038154602050781e-01
1.101935505867004395e+00
9.689203649759292603e-02
1.576821953058242798e-01
2.075511068105697632e-01
3.851348459720611572e-01
1.020859926939010620e-02
1.330388784408569336e+00
1.707734614610671997e-01
1.843579113483428955e-02
1.462129592895507812e+00
1.284551322460174561e-01
2.851367592811584473e-01
5.902764201164245605e-01
1.122018456459045410e+00
1.019795656204223633e+00
8.318358659744262695e-02
2.681993544101715088e-01
3.104800358414649963e-02
1.176514506340026855e+00
6.285125017166137695e-02
0.000000000000000000e+00
1.008191108703613281e+00
1.452338576316833496e+00
6.453636884689331055e-01
2.549525797367095947e-01
7.248507440090179443e-02
2.813488058745861053e-02
4.913270473480224609e-01
2.677238285541534424e-01
2.114135175943374634e-01
1.605237871408462524e-01
0.000000000000000000e+00
6.656151264905929565e-02
3.392373025417327881e-01
1.149712577462196350e-01
1.476431846618652344e+00
1.378874629735946655e-01
0.000000000000000000e+00
1.875612020492553711e+00
1.256265956908464432e-02
0.000000000000000000e+00
6.614372134208679199e-01
1.239974866621196270e-03
2.279223175719380379e-03
5.367571115493774414e-02
1.634950488805770874e-01
0.000000000000000000e+00
1.694282054901123047e+00
7.543834298849105835e-02
1.051648408174514771e-01
3.883171975612640381e-01
8.068406581878662109e-02
3.280145823955535889e-01
2.314555644989013672e-02
3.121817111968994141e-01
4.453928172588348389e-01
1.181644082069396973e+00
1.986683011054992676e+00
2.208393998444080353e-02
0.000000000000000000e+00
3.005851507186889648e-01
6.205451791174709797e-05
0.000000000000000000e+00
1.832023411989212036e-01
5.252583622932434082e-01
3.388756886124610901e-02
5.993437170982360840e-01
5.476405620574951172e-01
0.000000000000000000e+00
0.000000000000000000e+00
1.017379015684127808e-02
1.455759722739458084e-02
1.459789425134658813e-01
3.773964941501617432e-01
1.102015748620033264e-01
1.390661299228668213e-01
8.077964186668395996e-01
8.061215877532958984e-01
0.000000000000000000e+00
2.111670672893524170e-01
8.727059364318847656e-01
0.000000000000000000e+00
2.051167190074920654e-01
1.559420078992843628e-01
8.531405031681060791e-02
5.493331551551818848e-01
2.425151169300079346e-01
4.930221438407897949e-01
2.904976718127727509e-02
1.667732000350952148e-01
1.152763441205024719e-01
6.780156493186950684e-01
0.000000000000000000e+00
1.541993379592895508e+00
0.000000000000000000e+00
3.890849053859710693e-01
0.000000000000000000e+00
3.621429204940795898e-01
1.355905923992395401e-02
2.287275791168212891e-01
0.000000000000000000e+00
4.845969006419181824e-02
1.057388931512832642e-01
1.322129070758819580e-01
7.388339936733245850e-02
5.910915136337280273e-02
1.587858349084854126e-01
2.012306153774261475e-01
1.119339093565940857e-01
6.690699607133865356e-02
1.168494150042533875e-01
2.434327900409698486e-01
0.000000000000000000e+00
3.187924623489379883e-02
2.042365223169326782e-01
1.095890998840332031e+00
1.210006922483444214e-01
1.053015328943729401e-02
2.205467224121093750e+00
6.340564727783203125e+00
6.677272170782089233e-02
7.659265995025634766e-01
1.368008833378553391e-02
4.080654382705688477e-01
6.558051705360412598e-01
2.084155939519405365e-02
6.573306024074554443e-02
1.412991732358932495e-01
9.538243710994720459e-02
1.551195234060287476e-01
8.372678607702255249e-02
5.433710813522338867e-01
1.273820996284484863e-01
2.972692251205444336e-01
1.313728541135787964e-01
1.439466476440429688e-01
4.424436092376708984e-01
7.203114777803421021e-02
1.952662714757025242e-03
1.956770718097686768e-01
5.320107340812683105e-01
5.841237306594848633e-01
1.441096812486648560e-01
3.165819216519594193e-03
3.156592249870300293e-01
4.977295175194740295e-02
1.103290438652038574e+00
3.793197497725486755e-02
0.000000000000000000e+00
4.219360053539276123e-01
9.878701716661453247e-02
0.000000000000000000e+00
9.097110033035278320e-01
3.464660644531250000e-01
1.987954378128051758e-01
3.894409537315368652e-02
1.633408293128013611e-02
2.923882193863391876e-02
1.216202139854431152e+00
0.000000000000000000e+00
7.489908337593078613e-01
1.284741014242172241e-01
2.684692740440368652e-01
1.994904875755310059e-01
1.038586497306823730e+00
7.176709920167922974e-02
3.219087719917297363e-01
7.052724808454513550e-02
9.580017626285552979e-02
1.163678169250488281e+00
2.629078328609466553e-01
1.328081544488668442e-02
1.751505397260189056e-02
5.874238014221191406e-01
9.782875888049602509e-03
2.411107420921325684e-01
8.430200815200805664e-02
3.223926946520805359e-02
5.321549177169799805e-01
1.183353215456008911e-01
2.400693111121654510e-02
3.815850317478179932e-01
6.176977157592773438e-01
1.964487284421920776e-01
2.278589010238647461e-01
2.728853523731231689e-01
4.619318544864654541e-01
7.193617820739746094e-01
4.533262848854064941e-01
0.000000000000000000e+00
9.174590231850743294e-04
1.276538014411926270e+00
2.103914737701416016e+00
6.735982894897460938e-01
3.149149715900421143e-01
2.163101732730865479e-02
2.471604496240615845e-01
7.029147744178771973e-01
3.175176978111267090e-01
4.679508507251739502e-02
0.000000000000000000e+00
1.933375447988510132e-01
0.000000000000000000e+00
7.117259502410888672e-02
4.659924030303955078e+00
4.175304770469665527e-01
1.187291461974382401e-02
0.000000000000000000e+00
1.565767824649810791e-01
1.098964735865592957e-01
1.193500235676765442e-01
2.839138507843017578e-01
4.218183994293212891e+00
6.634067744016647339e-02
0.000000000000000000e+00
2.565330028533935547e+00
3.827920258045196533e-01
2.418550401926040649e-01
1.125764101743698120e-01
2.088319808244705200e-01
2.209379822015762329e-01
2.011595010757446289e+00
3.644272089004516602e-01
3.515585362911224365e-01
4.110307898372411728e-03
2.571049034595489502e-01
7.342808246612548828e-01
0.000000000000000000e+00
4.746848642826080322e-01
3.771106898784637451e-02
3.544205725193023682e-01
2.370238453149795532e-01
1.013380289077758789e+00
1.747711598873138428e-01
5.549001693725585938e-02
1.814959049224853516e+00
2.728618383407592773e-01
7.619978189468383789e-01
2.190767973661422729e-02
0.000000000000000000e+00
1.662259735167026520e-02
9.596993774175643921e-02
6.654273867607116699e-01
7.413130998611450195e-01
5.276732519268989563e-02
1.645798385143280029e-01
2.117630094289779663e-01
1.452324539422988892e-01
4.266330599784851074e-01
2.274552136659622192e-01
4.845426604151725769e-02
1.002402380108833313e-01
3.141843378543853760e-01
7.548426836729049683e-02
0.000000000000000000e+00
1.815134286880493164e+00
2.738191187381744385e-01
2.511036634445190430e+00
3.307333290576934814e-01
4.120499268174171448e-02
0.000000000000000000e+00
6.383988857269287109e+00
2.434956841170787811e-03
1.000918745994567871e+00
1.952275782823562622e-01
2.646396458148956299e-01
2.922575950622558594e+00
4.166109561920166016e-01
3.206352703273296356e-03
9.661315679550170898e-01
1.280233263969421387e-01
3.141889348626136780e-02
0.000000000000000000e+00
1.735047847032546997e-01
2.622095942497253418e-01
2.165229961974546313e-04
3.839205950498580933e-02
6.359248161315917969e-01
3.475448787212371826e-01
0.000000000000000000e+00
4.167013764381408691e-01
3.595391660928726196e-02
9.352723136544227600e-04
5.706487298011779785e-01
1.952209919691085815e-01
1.657331824302673340e+00
1.800791859626770020e+00
3.495455384254455566e-01
8.409045636653900146e-02
3.100820779800415039e-01
1.077393174171447754e+00
3.605238720774650574e-02
7.512212991714477539e-01
8.462240546941757202e-02
0.000000000000000000e+00
0.000000000000000000e+00
9.469640254974365234e-01
4.288992583751678467e-01
2.376606315374374390e-02
1.817305088043212891e-01
7.133001089096069336e-02
0.000000000000000000e+00
1.337869405746459961e+00
0.000000000000000000e+00
9.747793525457382202e-02
0.000000000000000000e+00
3.375301361083984375e-01
1.230200052261352539e+00
2.874626219272613525e-01
3.681957423686981201e-01
9.266723990440368652e-01
1.170597314834594727e+00
1.084901839494705200e-01
1.743042469024658203e-01
2.851093746721744537e-02
1.078063026070594788e-01
5.654258728027343750e-01
7.246164083480834961e-01
8.558797091245651245e-02
1.100194811820983887e+00
1.968733191490173340e+00
1.667704820632934570e+00
1.813562870025634766e+00
1.184341162443161011e-01
4.470031559467315674e-01
6.356913130730390549e-03
1.722592264413833618e-01
4.357167780399322510e-01
2.165118046104907990e-02
3.454943299293518066e-01
0.000000000000000000e+00
4.416276514530181885e-02
0.000000000000000000e+00
4.231910780072212219e-02
4.223124682903289795e-02
6.944602131843566895e-01
5.985702853649854660e-03
1.073659181594848633e+00
0.000000000000000000e+00
1.053276807069778442e-01
2.288632243871688843e-01
8.262669295072555542e-02
1.623999178409576416e-01
0.000000000000000000e+00
8.631365746259689331e-02
0.000000000000000000e+00
2.058782577514648438e-01
2.490241527557373047e-01
7.233022451400756836e-01
9.135214239358901978e-02
2.242731004953384399e-01
1.548442482948303223e+00
5.751651525497436523e-01
2.256439439952373505e-02
3.404056653380393982e-02
8.094661235809326172e-01
7.092562317848205566e-02
0.000000000000000000e+00
1.600198745727539062e+00
1.819639921188354492e+00
8.567384444177150726e-03
8.383009582757949829e-02
2.678035199642181396e-02
1.429450660943984985e-01
3.330624848604202271e-02
2.527855038642883301e-01
3.823231160640716553e-01
1.837247759103775024e-01
9.512524008750915527e-01
3.667956292629241943e-01
4.472781345248222351e-02
9.667861461639404297e-01
0.000000000000000000e+00
2.040835469961166382e-01
7.960554957389831543e-02
1.339744031429290771e-01
4.013376832008361816e-01
1.249512314796447754e+00
9.250594973564147949e-01
1.733050048351287842e-01
6.453722715377807617e-01
8.515509963035583496e-02
5.510933697223663330e-02
3.228236138820648193e-01
3.286241367459297180e-02
0.000000000000000000e+00
4.073128476738929749e-02
8.503648638725280762e-01
1.526859309524297714e-02
5.224658641964197159e-03
0.000000000000000000e+00
9.432024322450160980e-03
4.634856805205345154e-02
2.692693710327148438e+00
9.794550389051437378e-02
9.813951328396797180e-03
3.939822912216186523e-01
6.494529843330383301e-01
1.063181236386299133e-01
0.000000000000000000e+00
8.024565875530242920e-02
1.147288735955953598e-02
3.642693758010864258e-01
3.526988923549652100e-01
6.590561866760253906e+00
6.433486342430114746e-01
9.180595874786376953e-01
0.000000000000000000e+00
3.018981516361236572e-01
1.446537852287292480e+00
5.538342595100402832e-01
9.076787829399108887e-01
3.386762691661715508e-03
2.008427232503890991e-01
1.225378870964050293e+00
3.506605625152587891e-01
4.228493571281433105e-01
1.381708681583404541e-01
1.642881870269775391e+00
6.899060606956481934e-01
1.092736348509788513e-01
3.152108192443847656e-01
1.137420907616615295e-01
0.000000000000000000e+00
1.307395577430725098e+00
8.744596242904663086e-01
2.569650858640670776e-02
0.000000000000000000e+00
9.345972537994384766e-01
6.748688220977783203e-01
1.284155994653701782e-01
9.805808663368225098e-01
4.679356813430786133e-01
7.288267463445663452e-02
1.311762183904647827e-01
3.421235680580139160e-01
1.523792147636413574e-01
0.000000000000000000e+00
5.087266489863395691e-02
2.889000415802001953e+00
1.047040075063705444e-01
1.500041782855987549e-01
1.986462324857711792e-01
2.234767228364944458e-01
1.054637059569358826e-01
3.297666311264038086e-01
7.224053144454956055e-01
3.481360897421836853e-02
1.131764352321624756e-01
0.000000000000000000e+00
1.588964015245437622e-01
8.152555674314498901e-02
7.986364513635635376e-02
5.510163307189941406e-02
6.930132210254669189e-02
4.314380288124084473e-01
7.345233917236328125e+00
8.743903040885925293e-02
4.176447868347167969e+00
1.779186129570007324e-01
0.000000000000000000e+00
3.209319338202476501e-02
4.154731631278991699e-01
6.794390082359313965e-02
1.447838425636291504e+00
0.000000000000000000e+00
0.000000000000000000e+00
3.433117642998695374e-02
2.002785444259643555e+00
1.527203917503356934e+00
8.371729850769042969e-01
1.495676636695861816e+00
1.207403955049812794e-03
1.227957010269165039e+00
9.687747359275817871e-01
2.340257406234741211e+00
5.458023548126220703e-01
1.768768876791000366e-01
4.207183048129081726e-02
5.502853393554687500e-01
0.000000000000000000e+00
3.440969884395599365e-01
2.814590372145175934e-02
5.973987281322479248e-02
5.641176700592041016e-01
3.566692113876342773e+00
2.372727870941162109e+00
0.000000000000000000e+00
1.182327628135681152e+00
1.773832440376281738e-01
3.979326248168945312e+00
9.811121970415115356e-03
4.689609110355377197e-01
0.000000000000000000e+00
0.000000000000000000e+00
2.593744695186614990e-01
4.415886878967285156e+00
1.879261851310729980e+00
1.537654995918273926e-01
1.863046139478683472e-01
2.318210713565349579e-02
1.063408926129341125e-01
6.287250667810440063e-02
0.000000000000000000e+00
3.026525862514972687e-02
1.260499842464923859e-02
5.099724512547254562e-04
1.981700658798217773e+00
2.348721504211425781e+00
1.238646879792213440e-01
2.110296010971069336e+00
1.200910210609436035e-01
3.931026160717010498e-01
9.047607891261577606e-04
7.568128705024719238e-01
4.007996618747711182e-01
1.016198936849832535e-02
8.556714057922363281e-01
0.000000000000000000e+00
2.815060317516326904e-02
1.283820997923612595e-02
1.324332356452941895e+00
5.834972485899925232e-02
6.466141343116760254e-01
0.000000000000000000e+00
5.276622176170349121e-01
7.556144148111343384e-03
2.353895008563995361e-01
6.008271872997283936e-02
2.887774817645549774e-02
3.000172674655914307e-01
1.452485322952270508e-01
3.739045858383178711e-01
1.258001685142517090e+00
2.628692239522933960e-02
5.001852288842201233e-02
1.665757894515991211e-01
1.376613378524780273e+00
5.098110437393188477e-02
0.000000000000000000e+00
3.446777164936065674e-01
4.468304514884948730e-01
1.050273776054382324e-01
5.101490393280982971e-02
3.629555940628051758e+00
2.070610672235488892e-01
1.072488427162170410e-01
1.431463241577148438e+00
6.108601093292236328e-01
1.338991403579711914e+00
3.876414895057678223e-01
1.389272451400756836e+00
6.284175813198089600e-02
1.537771672010421753e-01
2.583712041378021240e-01
3.064636588096618652e-01
0.000000000000000000e+00
1.462291479110717773e+00
2.449514344334602356e-02
4.070316553115844727e-01
5.732788518071174622e-02
2.639478445053100586e-01
3.165546804666519165e-02
3.542679548263549805e-02
1.268966555595397949e+00
1.819042563438415527e+00
4.326524436473846436e-01
2.750957906246185303e-01
7.216103374958038330e-03
4.775968194007873535e-01
3.443123102188110352e-01
6.157116889953613281e-01
3.554643988609313965e-01
8.257959038019180298e-02
1.307830493897199631e-02
3.517046570777893066e-01
2.358683496713638306e-01
4.553723633289337158e-01
1.024522557854652405e-01
4.581285715103149414e-01
1.006240621209144592e-01
3.118918463587760925e-02
4.803867638111114502e-01
3.323775231838226318e-01
4.388248547911643982e-02
4.080381989479064941e-01
2.814272046089172363e-02
6.875371932983398438e-01
9.752219915390014648e-01
4.179400205612182617e-01
4.584560096263885498e-01
5.265715122222900391e-01
1.427551805973052979e-01
2.869229391217231750e-02
5.725002661347389221e-02
3.824348151683807373e-01
4.635262303054332733e-03
0.000000000000000000e+00
2.180639058351516724e-01
1.465197563171386719e+00
8.224667906761169434e-01
3.645087778568267822e-02
3.416027873754501343e-02
1.096864938735961914e+00
6.116725853644311428e-04
3.202751278877258301e-02
9.483715146780014038e-02
9.439992904663085938e-01
5.510461330413818359e-01
1.962287425994873047e+00
9.061127305030822754e-01
5.263784527778625488e-01
7.609507441520690918e-01
6.667187213897705078e-01
9.153727889060974121e-01
8.910125494003295898e-02
3.764345869421958923e-02
1.503688246011734009e-01
6.877117753028869629e-01
4.333904683589935303e-01
3.546689078211784363e-02
2.348937559872865677e-03
2.273919582366943359e-01
1.460091710090637207e+00
3.449915647506713867e-01
2.226566225290298462e-01
1.576561108231544495e-02
3.402834013104438782e-02
1.135009750723838806e-01
9.560989588499069214e-02
1.189146876335144043e+00
1.715875566005706787e-01
9.640467166900634766e-01
0.000000000000000000e+00
5.120048522949218750e-01
8.228664100170135498e-02
4.414784610271453857e-01
1.487478911876678467e-01
5.117372870445251465e-01
6.681632399559020996e-01
3.791219741106033325e-02
5.510349757969379425e-03
9.565725922584533691e-02
2.322754077613353729e-02
3.110755980014801025e-01
4.570285379886627197e-01
4.591176509857177734e-01
2.172161126509308815e-03
9.296946525573730469e-01
1.433385133743286133e+00
1.187850594520568848e+00
0.000000000000000000e+00
1.371920574456453323e-02
0.000000000000000000e+00
8.314740657806396484e-02
5.640297889709472656e+00
1.068926751613616943e-01
6.747115254402160645e-01
1.581537723541259766e-01
2.184921026229858398e+00
8.360294699668884277e-01
5.197018384933471680e-02
6.045498251914978027e-01
2.131386399269104004e-01
8.114662766456604004e-01
0.000000000000000000e+00
3.841035664081573486e-01
7.230246663093566895e-01
1.969263702630996704e-01
7.005390524864196777e-02
1.312624067068099976e-01
0.000000000000000000e+00
2.208220958709716797e-01
1.217351317405700684e+00
3.492874503135681152e-01
3.384200036525726318e-01
4.586846828460693359e-01
9.295152872800827026e-02
1.418665200471878052e-01
9.949933886528015137e-01
1.488569676876068115e-01
1.106633782386779785e+00
7.027511596679687500e-01
6.014291644096374512e-01
6.259111315011978149e-02
5.623605474829673767e-02
2.074175119400024414e+00
1.100555993616580963e-02
3.088910281658172607e-01
5.750436186790466309e-01
4.426982719451189041e-03
2.344315946102142334e-01
2.474858760833740234e-01
2.249678075313568115e-01
3.718781098723411560e-02
4.686700999736785889e-01
6.691652815788984299e-03
0.000000000000000000e+00
4.579196125268936157e-02
0.000000000000000000e+00
3.025944111868739128e-03
2.852182276546955109e-02
3.063125908374786377e-01
7.119454443454742432e-02
1.581872627139091492e-02
2.241700440645217896e-01
8.648535609245300293e-02
1.043521910905838013e-01
5.339675024151802063e-02
2.537418007850646973e-01
1.419915445148944855e-02
4.252258688211441040e-02
1.172499731183052063e-02
1.122944712638854980e+00
2.825348377227783203e-01
1.331021070480346680e+00
5.046864748001098633e-01
1.349085867404937744e-01
1.679212152957916260e-01
0.000000000000000000e+00
6.059351190924644470e-02
1.658993124961853027e+00
9.668362326920032501e-03
1.044751882553100586e+00
5.264280438423156738e-01
1.327862620353698730e+00
1.413913629949092865e-02
3.025301694869995117e-01
8.066811561584472656e-01
2.460770368576049805e+00
1.737945973873138428e-01
6.341466307640075684e-01
1.012843102216720581e-01
1.116068139672279358e-01
1.615568697452545166e-01
1.190423741936683655e-01
4.209277685731649399e-03
1.947438903152942657e-02
1.260770082473754883e+00
2.828634716570377350e-02
0.000000000000000000e+00
1.280161272734403610e-02
2.192275226116180420e-01
1.149906069040298462e-01
7.503203749656677246e-01
0.000000000000000000e+00
2.760559692978858948e-02
6.094344425946474075e-03
1.040373370051383972e-01
1.075926542282104492e+00
0.000000000000000000e+00
1.014528512954711914e+00
1.396792829036712646e-01
0.000000000000000000e+00
1.678335107862949371e-02
1.335838794708251953e+00
2.624753303825855255e-02
8.556409925222396851e-02
1.043171525001525879e+00
0.000000000000000000e+00
1.661933064460754395e+00
1.924724131822586060e-01
1.181874275207519531e-01
8.631979227066040039e-01
1.692227572202682495e-01
0.000000000000000000e+00
2.723866999149322510e-01
1.890598416328430176e+00
2.789846807718276978e-02
2.634199708700180054e-02
3.764517307281494141e-01
7.829606533050537109e-02
6.398574113845825195e-01
1.368115749210119247e-02
1.325728953815996647e-03
2.299678511917591095e-02
1.604847796261310577e-02
1.359899997711181641e+00
3.119681477546691895e-01
1.549725383520126343e-01
7.035652548074722290e-02
7.494463920593261719e-01
1.960354484617710114e-02
3.593296557664871216e-02
7.776817679405212402e-01
1.610183566808700562e-01
3.747626066207885742e+00
1.297446154057979584e-02
0.000000000000000000e+00
1.492300480604171753e-01
3.092121481895446777e-01
1.140674591064453125e+00
1.481587648391723633e+00
4.587643742561340332e-01
3.269678354263305664e-02
1.503018289804458618e-01
0.000000000000000000e+00
1.186280131340026855e+00
2.912420511245727539e+00
5.207616090774536133e-01
6.287401914596557617e-01
4.371399991214275360e-03
0.000000000000000000e+00
2.876630425453186035e-01
2.565484523773193359e+00
2.207369506359100342e-01
3.041030168533325195e-01
3.546168327331542969e+00
4.200262427330017090e-01
4.139741510152816772e-02
2.678594887256622314e-01
2.369134724140167236e-01
3.040641248226165771e-01
0.000000000000000000e+00
2.208108901977539062e+00
1.281180828809738159e-01
7.455467581748962402e-01
1.046119809150695801e+00
6.656538695096969604e-02
1.363409519195556641e+00
1.316103041172027588e-01
1.690312176942825317e-01
3.593694791197776794e-02
2.386514842510223389e-01
6.114492565393447876e-02
3.834501504898071289e+00
6.879596412181854248e-02
4.068998694419860840e-01
2.222683727741241455e-01
0.000000000000000000e+00
1.327035129070281982e-01
2.511769235134124756e-01
1.213115546852350235e-02
3.433530032634735107e-01
1.442534383386373520e-02
0.000000000000000000e+00
3.669364377856254578e-02
2.631600946187973022e-02
3.516364097595214844e-01
7.399538904428482056e-02
2.230041325092315674e-01
1.216550707817077637e+00
4.063158333301544189e-01
9.824324399232864380e-02
6.316405534744262695e-02
4.094211161136627197e-01
1.180681288242340088e-01
1.012012735009193420e-01
5.836912617087364197e-02
2.666137933731079102e+00
7.850718498229980469e-01
9.997627139091491699e-01
6.658073514699935913e-02
7.673458009958267212e-02
7.684813737869262695e-01
9.327715039253234863e-01
3.923616111278533936e-01
2.908194959163665771e-01
1.551268249750137329e-02
0.000000000000000000e+00
5.172867178916931152e-01
4.748413562774658203e-01
9.428659826517105103e-02
1.077724814414978027e+00
4.907743260264396667e-02
0.000000000000000000e+00
1.138824820518493652e+00
1.064911559224128723e-01
1.519504487514495850e-01
7.857393473386764526e-02
3.821151256561279297e-01
8.863501995801925659e-02
1.911389827728271484e-01
2.248206377029418945e+00
1.767346262931823730e-01
3.305279416963458061e-03
2.542614378035068512e-02
2.956023216247558594e-01
1.931026339530944824e+00
0.000000000000000000e+00
4.796995595097541809e-02
2.005137354135513306e-01
2.629157006740570068e-01
6.914840340614318848e-01
0.000000000000000000e+00
2.614592313766479492e-01
3.543855249881744385e-01
0.000000000000000000e+00
5.555356740951538086e-01
1.134409904479980469e-01
8.902903199195861816e-01
5.720398426055908203e-01
2.258676052093505859e+00
5.200379341840744019e-02
3.819523379206657410e-02
1.628584228456020355e-02
3.894453346729278564e-01
7.771534472703933716e-02
5.619893074035644531e-01
5.263334512710571289e-01
1.027193199843168259e-02
3.254096582531929016e-02
4.469201862812042236e-01
3.095731437206268311e-01
1.174070090055465698e-01
4.049239754676818848e-01
3.080378174781799316e-01
7.717809081077575684e-01
6.633455753326416016e-01
1.054005861282348633e+00
9.656441211700439453e-01
1.521782949566841125e-02
9.003079496324062347e-03
1.142120599746704102e+00
6.390112042427062988e-01
0.000000000000000000e+00
7.691754698753356934e-01
5.696022510528564453e-01
4.038916528224945068e-01
1.387575745582580566e+00
1.001997217535972595e-01
1.167828515172004700e-01
3.380926132202148438e+00
9.676160663366317749e-02
0.000000000000000000e+00
7.874972186982631683e-03
3.077917173504829407e-02
6.506519913673400879e-01
6.355731487274169922e-01
1.860346436500549316e+00
1.303235888481140137e+00
2.425333112478256226e-01
5.098788440227508545e-02
2.193918228149414062e-01
4.741025567054748535e-01
0.000000000000000000e+00
4.812676459550857544e-03
3.644808828830718994e-01
0.000000000000000000e+00
6.290789842605590820e-01
1.815446764230728149e-01
9.952074885368347168e-01
8.515143999829888344e-04
3.268249034881591797e-01
8.934538960456848145e-01
6.833885908126831055e-01
1.778458356857299805e-01
5.915547013282775879e-01
5.813984274864196777e-01
1.700430065393447876e-01
2.251936197280883789e+00
8.687046915292739868e-02
3.575019836425781250e-01
8.224309086799621582e-01
1.354695677757263184e+00
4.670813679695129395e-02
7.457492351531982422e-01
9.897298179566860199e-03
2.776082456111907959e-01
1.068841457366943359e+00
3.724305927753448486e-01
1.311499178409576416e-01
0.000000000000000000e+00
2.858264923095703125e+00
0.000000000000000000e+00
1.879096180200576782e-01
0.000000000000000000e+00
5.443023204803466797e+00
1.263816714286804199e+00
0.000000000000000000e+00
7.990288734436035156e-01
2.058494277298450470e-02
7.688530087471008301e-01
1.368104070425033569e-01
2.712894976139068604e-01
2.131638377904891968e-01
8.922383189201354980e-01
0.000000000000000000e+00
4.339493215084075928e-01
3.907895460724830627e-02
9.157494455575942993e-02
7.490401744842529297e+00
4.254379868507385254e-02
2.862571239471435547e+00
2.160181999206542969e+00
1.734747588634490967e-01
1.597270518541336060e-01
1.155836135149002075e-01
1.078939363360404968e-01
1.378689706325531006e-02
1.231492608785629272e-01
2.680133581161499023e-01
2.023938596248626709e-01
4.509088039398193359e+00
1.869128346443176270e-01
7.222524285316467285e-01
8.195046186447143555e-01
1.653741598129272461e-01
3.059687092900276184e-02
0.000000000000000000e+00
1.061094272881746292e-02
5.067200660705566406e-01
1.392569690942764282e-01
5.191866159439086914e-01
3.149268329143524170e-01
1.753058731555938721e-01
0.000000000000000000e+00
7.808572649955749512e-01
2.283273823559284210e-02
1.155598640441894531e+00
4.851194918155670166e-01
1.204264163970947266e-02
2.938483953475952148e-01
7.127331495285034180e-01
4.307073075324296951e-03
3.289320766925811768e-01
0.000000000000000000e+00
5.568931810557842255e-03
1.169071272015571594e-01
4.464612305164337158e-01
6.100742220878601074e-01
1.285793900489807129e+00
8.320735096931457520e-01
2.788363397121429443e-01
6.545401811599731445e-01
3.953967988491058350e-01
0.000000000000000000e+00
3.448033630847930908e-01
7.793232053518295288e-02
0.000000000000000000e+00
5.352697968482971191e-01
3.216193616390228271e-01
2.608578205108642578e-01
8.335418254137039185e-02
1.003242731094360352e-01
1.007010135799646378e-02
2.054719775915145874e-01
1.509096920490264893e-01
1.990571320056915283e-01
3.582848906517028809e-01
4.454992711544036865e-03
6.369647383689880371e-01
1.734782338142395020e+00
3.251581192016601562e-01
6.657478958368301392e-02
1.291345953941345215e+00
1.054390668869018555e+00
0.000000000000000000e+00
5.381977558135986328e-01
4.996067285537719727e-01
1.582472473382949829e-01
1.957912564277648926e+00
2.242277383804321289e+00
9.340749979019165039e-01
4.388030171394348145e-01
1.018193289637565613e-01
2.662209793925285339e-02
1.111244112253189087e-01
9.705831855535507202e-02
8.194789290428161621e-01
2.803033683449029922e-03
2.463538385927677155e-02
7.869560122489929199e-01
1.487100720405578613e-01
9.645304083824157715e-02
9.418482780456542969e-01
6.668686121702194214e-02
2.961827754974365234e+00
3.494039177894592285e-02
9.974864870309829712e-02
2.043864130973815918e-01
0.000000000000000000e+00
9.600439071655273438e-01
0.000000000000000000e+00
2.255328893661499023e-01
7.380573078989982605e-03
0.000000000000000000e+00
9.223644435405731201e-02
7.007511854171752930e-01
3.457155823707580566e-02
1.120923683047294617e-01
1.182857621461153030e-02
1.152857542037963867e-01
1.669709682464599609e-01
1.459492146968841553e-01
0.000000000000000000e+00
2.479930818080902100e-01
2.883775234222412109e-01
1.796203970909118652e+00
2.342465221881866455e-01
3.212121874094009399e-02
2.241444289684295654e-01
1.082996185868978500e-02
1.215915903449058533e-01
1.245389461517333984e+00
5.303348898887634277e-01
1.170268133282661438e-01
1.103672906756401062e-01
3.642226755619049072e-01
1.975410103797912598e+00
8.589629083871841431e-02
2.464613318443298340e-02
0.000000000000000000e+00
6.921490430831909180e-01
2.965755760669708252e-01
3.373184881638735533e-04
1.052753210067749023e+00
6.921959519386291504e-01
0.000000000000000000e+00
5.458313226699829102e-01
4.053563177585601807e-01
8.281448483467102051e-01
1.212251558899879456e-01
2.109599113464355469e-02
1.034675911068916321e-01
2.548383176326751709e-01
0.000000000000000000e+00
2.863243579864501953e+00
1.046723008155822754e+00
8.787005394697189331e-02
1.342381238937377930e-01
6.353100761771202087e-03
3.215849772095680237e-02
1.493897754698991776e-02
1.143664360046386719e+00
0.000000000000000000e+00
3.757103681564331055e+00
1.543027609586715698e-01
7.584951352328062057e-03
1.919552534818649292e-01
2.504516243934631348e-01
8.066779375076293945e-01
0.000000000000000000e+00
4.554461538791656494e-01
1.272540688514709473e-01
6.280353069305419922e-01
7.830539718270301819e-03
1.376214265823364258e+00
6.332488730549812317e-03
0.000000000000000000e+00
6.983911991119384766e-01
1.155247613787651062e-01
4.757611751556396484e-01
7.324004918336868286e-02
7.310803979635238647e-02
5.790473818778991699e-01
2.276859998703002930e+00
7.636988162994384766e-02
5.506649613380432129e-01
3.673513889312744141e+00
4.270070418715476990e-02
7.199251055717468262e-01
2.478999644517898560e-01
0.000000000000000000e+00
2.763362407684326172e+00
0.000000000000000000e+00
2.409044951200485229e-01
1.721394993364810944e-02
3.945162892341613770e-01
8.394970893859863281e-01
7.182779908180236816e-02
1.942942738533020020e-01
1.552720218896865845e-01
1.416413933038711548e-01
0.000000000000000000e+00
7.171355485916137695e-01
2.068052440881729126e-01
2.932721376419067383e-01
1.635796725749969482e-01
1.466409564018249512e-01
3.512812256813049316e-01
2.354378849267959595e-01
8.205518126487731934e-01
1.521193027496337891e+00
8.353248834609985352e-01
5.363893508911132812e-01
1.573898829519748688e-02
2.145162373781204224e-01
1.571140810847282410e-02
1.278146505355834961e-01
1.675238758325576782e-01
3.320981562137603760e-01
3.460866957902908325e-02
9.410944581031799316e-02
7.202209532260894775e-02
1.692123860120773315e-01
3.415013253688812256e-01
7.669651880860328674e-03
1.304016828536987305e+00
5.249042809009552002e-02
7.317903637886047363e-01
4.392997920513153076e-01
5.399615168571472168e-01
1.692924618721008301e+00
1.328942924737930298e-02
0.000000000000000000e+00
3.129076659679412842e-01
2.646708190441131592e-01
1.458981353789567947e-02
5.873580463230609894e-03
8.551365882158279419e-02
3.995000123977661133e-01
2.483696639537811279e-01
3.608112335205078125e-01
4.297605156898498535e-01
8.972880244255065918e-02
4.885672628879547119e-01
5.856878161430358887e-01
5.918633341789245605e-01
2.375944852828979492e+00
2.593915462493896484e-01
6.521413475275039673e-02
2.228785865008831024e-02
3.666125237941741943e-02
1.499500125646591187e-02
2.586281895637512207e-01
1.607456430792808533e-02
8.066935092210769653e-02
1.841820240020751953e+00
2.201330214738845825e-01
1.208095531910657883e-02
0.000000000000000000e+00
1.412923485040664673e-01
1.540215909481048584e-01
2.072142809629440308e-01
1.813994050025939941e-01
2.044361643493175507e-02
3.351675868034362793e-01
2.874624133110046387e-01
3.381459414958953857e-02
1.232656911015510559e-01
4.220301285386085510e-03
0.000000000000000000e+00
0.000000000000000000e+00
1.128534302115440369e-01
1.982847042381763458e-02
1.425364315509796143e-01
1.436916291713714600e-01
4.318155050277709961e-01
2.924506962299346924e-01
7.850599288940429688e-01
8.409162163734436035e-01
0.000000000000000000e+00
7.820199728012084961e-01
7.132927179336547852e-01
1.906077146530151367e+00
0.000000000000000000e+00
1.685262471437454224e-01
0.000000000000000000e+00
2.476558461785316467e-02
6.857189655303955078e+00
2.809631824493408203e-01
3.623969620093703270e-03
6.459506601095199585e-02
8.653420209884643555e-01
5.598594620823860168e-02
1.639495939016342163e-01
1.254824995994567871e+00
3.513828516006469727e-01
5.949217677116394043e-01
8.868205547332763672e-02
5.925925821065902710e-02
0.000000000000000000e+00
8.282054215669631958e-02
5.907872915267944336e-01
1.624401509761810303e-01
2.207382023334503174e-01
2.128573879599571228e-02
3.997768089175224304e-02
4.075267910957336426e-01
8.358929306268692017e-02
7.379925809800624847e-03
2.001588791608810425e-01
2.294137477874755859e+00
7.349956035614013672e-01
0.000000000000000000e+00
1.479672938585281372e-01
3.870896034641191363e-05
4.000076651573181152e-02
6.803194060921669006e-03
9.292709827423095703e-02
0.000000000000000000e+00
2.868712693452835083e-02
0.000000000000000000e+00
1.814446300268173218e-01
1.893304824829101562e+00
1.160768985748291016e+00
0.000000000000000000e+00
8.007051348686218262e-01
0.000000000000000000e+00
4.474950432777404785e-01
2.067095488309860229e-01
5.865954160690307617e-01
3.020842373371124268e-01
2.098789215087890625e-01
2.475767284631729126e-01
5.751845892518758774e-03
6.967095285654067993e-02
9.301581978797912598e-01
2.475931346416473389e-01
1.476961672306060791e-01
1.116256043314933777e-01
3.218258917331695557e-01
9.055318683385848999e-02
3.605691716074943542e-02
0.000000000000000000e+00
1.239154934883117676e+00
2.712228000164031982e-01
9.021893143653869629e-01
1.609753370285034180e-01
3.294945061206817627e-01
3.213773965835571289e-01
3.192620575428009033e-01
2.769709229469299316e-01
3.436339274048805237e-02
0.000000000000000000e+00
4.148524999618530273e-01
9.096587449312210083e-02
3.380740284919738770e-01
4.026461243629455566e-01
1.299996743910014629e-03
2.303284555673599243e-01
1.157881736755371094e+00
2.909687757492065430e-01
9.963210672140121460e-02
1.937941312789916992e-01
0.000000000000000000e+00
1.973676830530166626e-01
9.735554456710815430e-01
9.752054810523986816e-01
8.967998437583446503e-03
7.851894199848175049e-02
3.031135797500610352e+00
9.769415855407714844e-01
1.054350614547729492e+00
2.964509129524230957e-01
1.532786190509796143e-01
3.421837985515594482e-01
2.760500013828277588e-01
5.155071616172790527e-01
1.189842447638511658e-01
0.000000000000000000e+00
1.346274375915527344e+00
2.719985008239746094e+00
5.379282832145690918e-01
5.034810900688171387e-01
2.132300853729248047e+00
5.282167792320251465e-01
2.221609830856323242e+00
6.173771023750305176e-01
1.310794502496719360e-01
7.771245241165161133e-01
1.687005311250686646e-01
0.000000000000000000e+00
9.613575041294097900e-02
3.594186007976531982e-01
0.000000000000000000e+00
6.918216124176979065e-03
6.583875417709350586e-02
1.043843150138854980e+00
3.796481192111968994e-01
5.777748301625251770e-02
1.906930506229400635e-01
7.002689838409423828e-01
3.362493216991424561e-01
1.187195554375648499e-01
1.118903458118438721e-01
4.236268103122711182e-01
2.545850574970245361e-01
2.516441605985164642e-02
2.271540462970733643e-01
0.000000000000000000e+00
2.599396556615829468e-02
1.065530300140380859e+00
3.489891290664672852e-01
5.070428848266601562e-01
7.251914739608764648e-01
1.454391121864318848e+00
6.944000720977783203e-01
6.897521615028381348e-01
5.738390088081359863e-01
1.604778692126274109e-02
1.655484914779663086e+00
1.829593777656555176e-01
7.806796431541442871e-01
0.000000000000000000e+00
6.715473532676696777e-01
8.221280574798583984e-02
2.246924877166748047e+00
2.187215238809585571e-01
1.532919798046350479e-02
3.688357472419738770e-01
1.331208467483520508e+00
5.271010845899581909e-02
4.497469589114189148e-02
3.352972120046615601e-02
9.459868669509887695e-01
1.564717173576354980e+00
9.743393398821353912e-03
8.561448007822036743e-02
0.000000000000000000e+00
5.073685646057128906e-01
2.373923778533935547e+00
1.619985699653625488e-01
0.000000000000000000e+00
5.209070444107055664e-01
2.815382182598114014e-01
7.661881446838378906e-01
1.240066409111022949e+00
5.832145214080810547e-01
6.708707213401794434e-01
0.000000000000000000e+00
0.000000000000000000e+00
2.793187797069549561e-01
6.908996701240539551e-01
4.459219872951507568e-01
0.000000000000000000e+00
1.690462604165077209e-02
1.997596621513366699e-01
9.059181809425354004e-01
0.000000000000000000e+00
0.000000000000000000e+00
4.316690028645098209e-04
2.884500622749328613e-01
3.619833886623382568e-01
4.555033445358276367e-01
2.910450994968414307e-01
0.000000000000000000e+00
2.896109521389007568e-01
1.289483308792114258e-01
3.837581574916839600e-01
2.035110630095005035e-02
0.000000000000000000e+00
1.006325840950012207e+00
9.556378424167633057e-02
2.678469195961952209e-02
7.658079266548156738e-01
4.783913493156433105e-01
4.103243649005889893e-01
3.498775959014892578e-01
8.524798154830932617e-01
0.000000000000000000e+00
1.807206273078918457e-01
2.178884297609329224e-01
1.588581055402755737e-01
6.977058053016662598e-01
3.012581110000610352e+00
1.176635082811117172e-02
8.072225749492645264e-02
1.710048764944076538e-01
7.268495559692382812e-01
1.984118461608886719e+00
1.421246826648712158e-01
1.254646107554435730e-03
1.720096766948699951e-01
7.422038316726684570e-01
1.375839859247207642e-01
1.040043473243713379e+00
8.094666153192520142e-02
3.165540993213653564e-01
1.057771205902099609e+00
1.118789553642272949e+00
1.156666204333305359e-01
1.514662504196166992e+00
6.473290175199508667e-02
1.126450181007385254e+00
2.220363467931747437e-01
3.594107180833816528e-02
7.520344574004411697e-03
0.000000000000000000e+00
1.793409287929534912e-01
6.767412275075912476e-02
2.328385263681411743e-01
0.000000000000000000e+00
3.892834782600402832e-01
2.502199262380599976e-02
8.904517292976379395e-01
2.871873322874307632e-03
1.196618191897869110e-02
3.478884324431419373e-02
7.898491621017456055e-02
4.781577587127685547e-01
2.174658626317977905e-01
2.589051723480224609e-01
7.679824829101562500e-01
2.454799860715866089e-01
6.514105200767517090e-01
1.784839481115341187e-01
5.603853613138198853e-03
0.000000000000000000e+00
1.530968546867370605e-01
0.000000000000000000e+00
4.571894109249114990e-01
2.232396602630615234e-01
3.410167992115020752e-02
7.268225774168968201e-03
2.872787475585937500e+00
6.563347578048706055e-01
4.443354159593582153e-02
3.689978122711181641e-01
4.915662854909896851e-02
1.075881645083427429e-01
3.831462562084197998e-01
3.740014731884002686e-01
6.622009724378585815e-02
1.330772181972861290e-03
3.792338371276855469e-01
0.000000000000000000e+00
1.120139479637145996e+00
2.341299131512641907e-02
5.904220938682556152e-01
7.643856108188629150e-02
0.000000000000000000e+00
5.785126686096191406e-01
2.323286840692162514e-03
3.085871338844299316e-01
2.062010467052459717e-01
1.260266900062561035e-01
8.022971749305725098e-01
2.806173563003540039e-01
2.319126129150390625e+00
1.172508019953966141e-02
8.648072369396686554e-03
6.754845846444368362e-03
2.220939874649047852e+00
6.644514203071594238e-01
9.060090780258178711e-02
2.869699299335479736e-01
1.621306419372558594e+00
1.364171206951141357e-01
0.000000000000000000e+00
3.980775177478790283e-01
1.089804530143737793e+00
3.588629066944122314e-01
2.251750826835632324e-01
8.583724498748779297e-01
5.015795230865478516e-01
0.000000000000000000e+00
1.529364138841629028e-01
2.971903085708618164e-01
2.077691815793514252e-02
6.627875566482543945e-01
2.754559278488159180e+00
2.607689797878265381e-01
7.604259997606277466e-02
4.699733257293701172e+00
2.762239277362823486e-01
1.115075424313545227e-01
0.000000000000000000e+00
0.000000000000000000e+00
3.007049858570098877e-01
1.638583093881607056e-01
6.402194499969482422e-02
1.282184422016143799e-01
2.357476390898227692e-02
4.316727444529533386e-02
2.675896883010864258e+00
1.935259580612182617e+00
5.796567201614379883e-01
6.117897480726242065e-02
5.127868056297302246e-01
1.913804650306701660e+00
6.345462799072265625e-01
5.072804912924766541e-02
1.005318686366081238e-01
7.997318170964717865e-03
4.956717416644096375e-02
1.109039902687072754e+00
1.055966377258300781e+00
2.606858685612678528e-02
3.567399457097053528e-02
6.207749247550964355e-01
1.932387650012969971e-01
1.241668313741683960e-01
2.402841597795486450e-01
2.119453549385070801e-01
0.000000000000000000e+00
8.066819864325225353e-04
6.202575191855430603e-02
3.735014498233795166e-01
4.613308906555175781e-01
1.064936220645904541e-01
1.994486302137374878e-01
1.890535831451416016e+00
6.985381245613098145e-02
9.953159093856811523e-02
5.159693956375122070e-01
0.000000000000000000e+00
1.658246964216232300e-01
6.968181133270263672e-01
3.569402918219566345e-02
1.493831872940063477e-01
1.329521462321281433e-02
5.095041275024414062e+00
7.996169733814895153e-04
1.505418866872787476e-01
5.972023606300354004e-01
5.983906239271163940e-02
0.000000000000000000e+00
6.152531504631042480e-01
1.177788451313972473e-01
5.049520730972290039e-01
2.606048062443733215e-02
2.545031309127807617e-01
1.404724270105361938e-02
0.000000000000000000e+00
0.000000000000000000e+00
8.555482327938079834e-02
4.378789290785789490e-02
1.110061556100845337e-01
6.269512176513671875e-01
4.704383850097656250e+00
0.000000000000000000e+00
1.583872079849243164e+00
3.040777742862701416e-01
6.144195050001144409e-02
1.114027023315429688e+00
3.169089555740356445e-02
3.461265563964843750e-01
2.700976729393005371e-01
1.572665452957153320e+00
7.424722425639629364e-04
3.456085324287414551e-01
5.197535753250122070e-01
1.319601088762283325e-01
0.000000000000000000e+00
6.657213568687438965e-01
7.265890240669250488e-01
2.111561968922615051e-02
9.280712902545928955e-02
0.000000000000000000e+00
8.184512704610824585e-02
2.429526485502719879e-02
5.229455828666687012e-01
7.001048326492309570e-01
3.286372125148773193e-01
1.029974874109029770e-02
1.713175892829895020e+00
4.146148562431335449e-01
0.000000000000000000e+00
7.244611382484436035e-01
2.406450733542442322e-02
1.075953364372253418e+00
4.739134609699249268e-01
9.181973934173583984e-01
2.081804424524307251e-01
0.000000000000000000e+00
1.369702517986297607e-01
4.282846674323081970e-02
1.727883890271186829e-02
2.072074711322784424e-01
7.324088811874389648e-01
9.984950534999370575e-03
5.140676721930503845e-02
0.000000000000000000e+00
1.193932220339775085e-01
4.048669338226318359e-01
6.143713369965553284e-03
0.000000000000000000e+00
3.384122252464294434e-01
8.110478520393371582e-01
1.013726578094065189e-03
1.470046862959861755e-02
9.847257286310195923e-02
1.264495730400085449e+00
5.909169912338256836e-01
1.007592156529426575e-01
3.315210640430450439e-01
5.481911301612854004e-01
0.000000000000000000e+00
5.824582278728485107e-02
5.267313122749328613e-01
2.343983799219131470e-01
1.431536823511123657e-01
4.352950155735015869e-01
8.859790116548538208e-02
4.993913229554891586e-03
2.732894420623779297e-01
1.526957154273986816e-01
4.403077363967895508e-01
2.246318757534027100e-02
3.777075186371803284e-02
8.585350215435028076e-02
1.164140328764915466e-01
3.895247355103492737e-02
4.415515810251235962e-02
5.838735699653625488e-01
3.764175251126289368e-02
4.983467578887939453e+00
3.815021514892578125e-01
2.811476290225982666e-01
5.149139836430549622e-02
1.195301532745361328e+00
3.088579773902893066e-01
3.135950863361358643e-02
1.464548856019973755e-01
6.343762278556823730e-01
2.863723635673522949e-01
7.156581152230501175e-03
4.835626125335693359e+00
1.488456845283508301e+00
1.456902474164962769e-01
0.000000000000000000e+00
3.063243255019187927e-02
7.925914600491523743e-03
7.739640027284622192e-02
1.301494359970092773e+00
1.825749635696411133e+00
7.321344614028930664e-01
2.964773178100585938e-01
1.153307706117630005e-01
0.000000000000000000e+00
2.734710276126861572e-01
1.943187564611434937e-01
0.000000000000000000e+00
5.031439065933227539e-01
4.238418936729431152e-01
4.271564185619354248e-01
9.262354373931884766e-01
7.126654982566833496e-01
2.378092288970947266e+00
3.062890470027923584e-01
3.224989473819732666e-01
9.518284797668457031e-01
5.319151654839515686e-02
9.627442806959152222e-02
3.656277656555175781e-01
1.433554172515869141e+00
2.476559281349182129e-01
2.841747552156448364e-02
0.000000000000000000e+00
9.624754190444946289e-01
4.584134221076965332e-01
3.447542712092399597e-02
1.555788069963455200e-01
2.633306682109832764e-01
0.000000000000000000e+00
7.354206591844558716e-02
1.373254507780075073e-01
4.504722654819488525e-01
1.912004873156547546e-02
1.747116893529891968e-01
9.064256548881530762e-01
1.816430687904357910e+00
3.693777322769165039e-02
1.616168767213821411e-01
5.705862492322921753e-02
3.210368379950523376e-02
0.000000000000000000e+00
0.000000000000000000e+00
2.244637757539749146e-01
6.672196835279464722e-02
7.821102440357208252e-02
1.160288572311401367e+00
1.806833505630493164e+00
1.113050580024719238e-01
0.000000000000000000e+00
1.978150196373462677e-02
7.197756767272949219e-01
1.135389566421508789e+00
1.930429488420486450e-01
2.520133554935455322e-01
9.786862730979919434e-01
1.046172752976417542e-01
1.029683232307434082e+00
1.363627729006111622e-03
0.000000000000000000e+00
1.027169108390808105e+00
1.026899814605712891e+00
3.839224278926849365e-01
9.271468967199325562e-02
1.722465753555297852e-01
1.901541948318481445e-01
8.870352804660797119e-02
0.000000000000000000e+00
5.966765456832945347e-04
1.467217952013015747e-01
6.183211803436279297e-01
2.280310153961181641e+00
7.938771843910217285e-01
1.895216852426528931e-01
2.407219447195529938e-02
1.067350625991821289e+00
6.490624509751796722e-03
5.931612253189086914e-01
3.608398437500000000e+00
2.266945540904998779e-01
1.759199239313602448e-02
2.715955972671508789e-01
4.618460685014724731e-02
1.975643932819366455e-01
2.893491983413696289e-01
1.422927975654602051e-01
2.352875620126724243e-01
2.013280868530273438e+00
1.155961751937866211e+00
1.199309706687927246e+00
4.609356075525283813e-02
9.632520675659179688e-01
1.098696827888488770e+00
8.274761587381362915e-02
1.285296678543090820e-01
4.359596371650695801e-01
1.168952286243438721e-01
1.852950226748362184e-04
3.713729679584503174e-01
5.033960938453674316e-02
1.486098289489746094e+00
0.000000000000000000e+00
7.879850268363952637e-01
1.254596233367919922e+00
1.246153190732002258e-01
1.362498998641967773e-01
0.000000000000000000e+00
1.196824193000793457e+00
3.097452640533447266e+00
3.470086455345153809e-01
7.565425336360931396e-02
2.794499993324279785e-01
1.033912777900695801e+00
6.058942154049873352e-02
6.399822980165481567e-02
3.897890746593475342e-01
1.070154786109924316e+00
3.363195061683654785e-02
0.000000000000000000e+00
4.974400043487548828e+00
1.451264172792434692e-01
7.453893870115280151e-02
0.000000000000000000e+00
9.206635504961013794e-02
9.362068027257919312e-02
9.909809827804565430e-01
1.924069821834564209e-01
3.216210752725601196e-02
9.792927503585815430e-01
1.908155232667922974e-01
8.024449348449707031e-01
2.054309248924255371e-01
2.579618245363235474e-02
8.860313296318054199e-01
0.000000000000000000e+00
8.162989616394042969e-01
0.000000000000000000e+00
1.343826889991760254e+00
2.997210621833801270e-01
1.236691996455192566e-01
6.115785241127014160e-01
2.145154215395450592e-02
4.054177403450012207e-01
8.439534306526184082e-01
2.196952253580093384e-01
9.385551512241363525e-02
5.675306320190429688e-01
3.056358993053436279e-01
1.658272981643676758e+00
3.661604523658752441e-01
8.182553201913833618e-02
0.000000000000000000e+00
4.669195413589477539e-02
0.000000000000000000e+00
0.000000000000000000e+00
0.000000000000000000e+00
1.416828203946352005e-02
3.310220241546630859e+00
3.209286928176879883e-01
4.220171831548213959e-03
8.200193643569946289e-01
6.390503048896789551e-01
1.576772630214691162e-01
1.977638006210327148e-01
5.610221028327941895e-01
6.273400038480758667e-02
0.000000000000000000e+00
1.798593550920486450e-01
7.557315379381179810e-02
1.280800461769104004e+00
3.247863799333572388e-02
9.578273296356201172e-01
