1.360234618186950684e-01
2.041159152984619141e+00
2.032777965068817139e-01
1.055357575416564941e+00
9.095563292503356934e-01
1.123155593872070312e+00
9.335111826658248901e-03
5.133297443389892578e-01
1.997805982828140259e-01
2.842965722084045410e-01
1.670592427253723145e-01
6.064045429229736328e-01
5.291992332786321640e-03
0.000000000000000000e+00
1.236960768699645996e+00
7.642179727554321289e-02
1.068184018135070801e+00
1.239247798919677734e+00
6.502342224121093750e-01
3.648509681224822998e-01
1.840772181749343872e-01
2.755386196076869965e-02
8.901588618755340576e-02
2.487058788537979126e-01
1.810766756534576416e-02
9.132703542709350586e-01
5.639585256576538086e-01
1.854816377162933350e-01
4.212069213390350342e-01
9.740493842400610447e-04
1.801620721817016602e-01
1.923606038093566895e+00
1.377368211746215820e+00
0.000000000000000000e+00
4.019291102886199951e-01
3.075237751007080078e+00
5.280553698539733887e-01
2.082616090774536133e-01
3.584730252623558044e-02
5.642440915107727051e-01
7.170453667640686035e-01
4.460681974887847900e-01
2.260793000459671021e-02
7.015782594680786133e-02
2.989178895950317383e-01
4.908686578273773193e-01
0.000000000000000000e+00
0.000000000000000000e+00
0.000000000000000000e+00
3.631429970264434814e-01
4.980271458625793457e-01
6.762658953666687012e-01
1.530223250389099121e+00
3.019914627075195312e-01
9.210709333419799805e-01
1.449269056320190430e-01
1.110286235809326172e+00
4.959303513169288635e-02
6.102723479270935059e-01
8.373464345932006836e-01
6.323442608118057251e-02
1.793093862943351269e-03
3.833980113267898560e-02
2.408193983137607574e-02
4.273087382316589355e-01
4.750193059444427490e-01
1.324948221445083618e-01
1.050179958343505859e+00
4.686217010021209717e-01
1.655025929212570190e-01
4.001792073249816895e-01
3.416869416832923889e-02
8.351310342550277710e-02
9.049613475799560547e-01
5.787155404686927795e-02
2.644649147987365723e-01
5.250089615583419800e-02
8.581501841545104980e-01
1.932394027709960938e+00
1.395950466394424438e-01
7.698820233345031738e-01
1.945530623197555542e-01
5.096170306205749512e-02
3.158897459506988525e-01
7.361326217651367188e-01
4.147267341613769531e-01
1.166146527975797653e-02
0.000000000000000000e+00
2.490607649087905884e-01
1.676988154649734497e-01
1.132035136222839355e+00
3.541590645909309387e-02
3.041296622541267425e-05
0.000000000000000000e+00
8.476062677800655365e-03
6.370353698730468750e-02
4.331691563129425049e-02
1.852724701166152954e-01
2.459755659103393555e+00
1.056191682815551758e+00
9.601094126701354980e-01
8.886731863021850586e-01
2.050302624702453613e-01
4.442849636077880859e+00
1.120798587799072266e+00
1.074981331825256348e+00
1.014984771609306335e-01
6.545058488845825195e-01
2.898339033126831055e+00
0.000000000000000000e+00
5.121152997016906738e-01
3.562402427196502686e-01
2.108311176300048828e+00
2.749951779842376709e-01
4.580552577972412109e-01
9.541307687759399414e-01
1.159619092941284180e+00
4.716556370258331299e-01
1.455896347761154175e-01
1.988699659705162048e-02
6.183759570121765137e-01
7.487418502569198608e-02
8.314123004674911499e-02
7.166178226470947266e-01
6.776456832885742188e+00
5.848107859492301941e-02
9.383860230445861816e-02
1.032591462135314941e+00
0.000000000000000000e+00
9.576847404241561890e-02
1.386806368827819824e-01
0.000000000000000000e+00
2.327789068222045898e-01
1.600482128560543060e-02
0.000000000000000000e+00
0.000000000000000000e+00
1.958525478839874268e-01
1.225358694791793823e-01
7.641462087631225586e-01
3.498654365539550781e-01
4.046170711517333984e-01
2.649985849857330322e-01
1.137069016695022583e-01
1.161371469497680664e+00
2.285758852958679199e-01
3.073833286762237549e-01
3.781238943338394165e-02
2.109376490116119385e-01
2.848535589873790741e-02
1.525676101446151733e-01
2.750716209411621094e+00
1.045940756797790527e+00
0.000000000000000000e+00
0.000000000000000000e+00
5.530484914779663086e-01
5.112250149250030518e-02
2.421519041061401367e+00
1.642101407051086426e+00
1.729288697242736816e-02
4.523088410496711731e-02
7.923301309347152710e-02
0.000000000000000000e+00
6.885576993227005005e-02
1.953577697277069092e-01
1.108592748641967773e+00
3.179900407791137695e+00
2.753332853317260742e-01
3.731840848922729492e-02
7.484445720911026001e-02
2.253616899251937866e-01
2.444256283342838287e-02
1.183312088251113892e-01
1.394890807569026947e-02
3.736421167850494385e-01
2.543207816779613495e-02
6.500238180160522461e-01
0.000000000000000000e+00
8.201957941055297852e-01
5.617461800575256348e-01
6.719789505004882812e-01
3.492113947868347168e-01
2.299735993146896362e-01
1.939800977706909180e+00
1.197103500366210938e+00
3.851922750473022461e-01
0.000000000000000000e+00
2.367885112762451172e-01
2.601322412490844727e+00
1.286129951477050781e-01
3.456348553299903870e-02
3.300798833370208740e-01
1.842676252126693726e-01
6.683965921401977539e-01
3.800107911229133606e-02
2.456967830657958984e-01
1.802839934825897217e-01
1.386815547943115234e+00
0.000000000000000000e+00
2.440421432256698608e-01
5.939998850226402283e-02
1.654079258441925049e-01
0.000000000000000000e+00
3.558100759983062744e-01
0.000000000000000000e+00
1.385961413383483887e+00
1.348594129085540771e-01
8.699472546577453613e-01
0.000000000000000000e+00
4.898849725723266602e-01
5.506825819611549377e-02
8.650571107864379883e-02
0.000000000000000000e+00
3.212595582008361816e-01
0.000000000000000000e+00
3.638055622577667236e-01
0.000000000000000000e+00
1.027253031730651855e+00
0.000000000000000000e+00
3.460409864783287048e-02
1.047036722302436829e-01
2.352276584133505821e-03
5.044585466384887695e-01
3.372453525662422180e-02
1.271867901086807251e-01
3.541002422571182251e-02
1.293583869934082031e+00
1.867155790328979492e+00
9.950302839279174805e-01
2.738271653652191162e-02
2.640464901924133301e-01
4.136771261692047119e-01
3.307558223605155945e-02
4.600938558578491211e-01
9.699769020080566406e-01
7.208360433578491211e-01
6.086553335189819336e-01
0.000000000000000000e+00
4.441054537892341614e-03
0.000000000000000000e+00
1.387882232666015625e-02
2.169300913810729980e-01
8.140743970870971680e-01
4.903801381587982178e-01
2.314328551292419434e-01
4.880559146404266357e-01
1.672518998384475708e-02
2.295742034912109375e+00
4.757632967084646225e-03
2.023308575153350830e-01
7.527812570333480835e-02
5.178930163383483887e-01
4.489163756370544434e-01
1.209654092788696289e+00
2.675030753016471863e-02
7.539682388305664062e-01
5.150008201599121094e-01
6.625853478908538818e-02
0.000000000000000000e+00
1.153298020362854004e+00
2.148874402046203613e-01
2.331992149353027344e+00
3.037206083536148071e-02
1.583087801933288574e+00
1.447097659111022949e-01
3.460547029972076416e-01
5.510643590241670609e-03
1.472599953413009644e-01
0.000000000000000000e+00
2.684833109378814697e-01
4.361401870846748352e-02
2.315605133771896362e-01
7.981863617897033691e-02
5.225510522723197937e-02
4.557217657566070557e-01
1.591151356697082520e-01
3.226448893547058105e-01
1.002688780426979065e-01
7.922131568193435669e-02
0.000000000000000000e+00
2.717006802558898926e-01
2.116625010967254639e-01
2.223038226366043091e-01
4.967564940452575684e-01
1.073009893298149109e-01
2.787427045404911041e-02
5.464718341827392578e-01
1.698358170688152313e-02
1.071939706802368164e+00
5.079848289489746094e+00
1.238893195986747742e-01
6.240933537483215332e-01
1.137935966253280640e-01
2.017663558945059776e-03
0.000000000000000000e+00
6.501283496618270874e-02
3.200100958347320557e-01
2.577128112316131592e-01
0.000000000000000000e+00
4.027163237333297729e-02
0.000000000000000000e+00
1.188903808593750000e+00
8.900158852338790894e-02
9.208655953407287598e-01
1.855445951223373413e-01
0.000000000000000000e+00
2.755168825387954712e-02
8.394930362701416016e-01
0.000000000000000000e+00
5.792229175567626953e-01
3.106470406055450439e-01
1.433097124099731445e-01
1.267676055431365967e-01
0.000000000000000000e+00
1.109558105468750000e+00
2.504921853542327881e-01
6.203940510749816895e-01
8.798801898956298828e-02
2.499192953109741211e-01
7.127844542264938354e-02
2.279721200466156006e-02
7.947610318660736084e-02
1.167234897613525391e+00
9.547291994094848633e-01
0.000000000000000000e+00
1.781358197331428528e-02
0.000000000000000000e+00
9.356187656521797180e-03
2.717312335968017578e+00
1.030167639255523682e-01
1.257183551788330078e-01
2.124740779399871826e-01
2.016919255256652832e-01
7.321785092353820801e-01
2.673411369323730469e-01
5.460480451583862305e-01
9.419540166854858398e-01
9.232279062271118164e-01
5.730278789997100830e-03
3.617099300026893616e-02
3.885948285460472107e-02
1.506402809172868729e-02
1.022167205810546875e-01
3.294419944286346436e-01
1.777266710996627808e-01
0.000000000000000000e+00
0.000000000000000000e+00
4.100736379623413086e-01
9.055209755897521973e-01
1.095967963337898254e-01
4.786444082856178284e-02
3.552061617374420166e-01
1.835550427436828613e+00
1.138637214899063110e-02
3.552730977535247803e-01
3.417665660381317139e-01
6.840676534920930862e-03
1.585371971130371094e+00
9.808813035488128662e-02
6.425238400697708130e-02
2.086594328284263611e-02
5.597934126853942871e-02
4.580274224281311035e-01
3.408901691436767578e-01
3.677205741405487061e-01
4.356334730982780457e-02
1.602548211812973022e-01
1.697521656751632690e-01
2.541387975215911865e-01
1.215343847870826721e-01
8.825840353965759277e-01
2.069260329008102417e-01
2.200657427310943604e-01
0.000000000000000000e+00
1.785763144493103027e+00
2.549904584884643555e-01
6.433104872703552246e-01
3.305146936327219009e-03
9.170513749122619629e-01
9.087567450478672981e-04
2.609981298446655273e-01
0.000000000000000000e+00
5.817110836505889893e-02
1.298422217369079590e+00
0.000000000000000000e+00
7.770583629608154297e-01
2.810354530811309814e-02
9.375452995300292969e-01
3.317773342132568359e-01
0.000000000000000000e+00
2.053631097078323364e-02
0.000000000000000000e+00
1.708579808473587036e-01
2.114605009555816650e-01
8.352079987525939941e-02
8.135703206062316895e-01
2.466362714767456055e-01
4.814378544688224792e-02
9.560149908065795898e-01
5.704199075698852539e-01
6.869204640388488770e-01
3.999491333961486816e-01
2.137736529111862183e-01
1.434850543737411499e-01
1.507163792848587036e-01
8.108174204826354980e-01
1.307562589645385742e+00
8.711870312690734863e-01
7.793942466378211975e-03
3.245193064212799072e-01
0.000000000000000000e+00
4.297056421637535095e-02
6.670514345169067383e-01
9.334617108106613159e-02
0.000000000000000000e+00
1.858973801136016846e-01
5.151321291923522949e-01
4.922832921147346497e-02
1.636203080415725708e-01
2.604452371597290039e-01
2.146746516227722168e-01
2.368983179330825806e-01
5.384582281112670898e-01
3.387390375137329102e-01
2.118788212537765503e-01
2.142888680100440979e-02
7.428157143294811249e-03
2.506835222244262695e+00
9.849457740783691406e-01
0.000000000000000000e+00
0.000000000000000000e+00
3.728146314620971680e+00
0.000000000000000000e+00
5.212840080261230469e+00
0.000000000000000000e+00
2.220355123281478882e-01
1.849524974822998047e+00
3.493851721286773682e-01
0.000000000000000000e+00
4.851380884647369385e-01
1.903595216572284698e-02
1.078617107123136520e-02
0.000000000000000000e+00
5.036789774894714355e-01
5.268890857696533203e-01
0.000000000000000000e+00
3.141180276870727539e-01
0.000000000000000000e+00
1.169602349400520325e-01
1.994371786713600159e-02
3.354404587298631668e-03
4.318709969520568848e-01
5.916367098689079285e-02
2.933616340160369873e-01
1.299455948173999786e-02
3.434212207794189453e+00
5.812332630157470703e-01
3.182763159275054932e-01
0.000000000000000000e+00
1.611465811729431152e-01
6.951141953468322754e-01
7.535918354988098145e-01
1.547301173210144043e+00
1.952456496655941010e-02
0.000000000000000000e+00
6.916341837495565414e-03
5.951871275901794434e-01
1.161748170852661133e-01
2.971059381961822510e-01
2.079189009964466095e-02
6.227551493793725967e-03
1.123704165220260620e-01
1.492976695299148560e-01
2.357240766286849976e-03
1.788135766983032227e+00
3.019183687865734100e-02
0.000000000000000000e+00
1.387435913085937500e+00
2.140565216541290283e-01
2.204727679491043091e-01
1.078482151031494141e+00
1.063030242919921875e+00
3.826764822006225586e-01
1.108003333210945129e-01
2.419469654560089111e-01
1.160477027297019958e-01
1.273387521505355835e-01
1.479254961013793945e-01
1.270775683224201202e-02
4.352360665798187256e-01
6.138947606086730957e-01
1.926433682441711426e+00
3.325143098831176758e+00
0.000000000000000000e+00
1.768374741077423096e-01
2.067841142416000366e-01
2.573864459991455078e-01
1.352678053081035614e-02
2.545847743749618530e-02
5.790653824806213379e-02
0.000000000000000000e+00
0.000000000000000000e+00
1.096419915556907654e-01
8.274680972099304199e-01
7.946211099624633789e-01
1.276788264513015747e-01
0.000000000000000000e+00
5.353861451148986816e-01
0.000000000000000000e+00
3.316514194011688232e-01
3.716766461730003357e-02
4.838037863373756409e-02
1.447644531726837158e-01
6.480838060379028320e-01
2.582137584686279297e-01
2.637875825166702271e-02
1.430511325597763062e-01
4.503587186336517334e-01
6.296671032905578613e-01
1.396368443965911865e-01
2.959316670894622803e-01
1.654211133718490601e-01
1.280910372734069824e-01
1.074042677879333496e+00
7.382357865571975708e-02
4.615149199962615967e-01
2.745690941810607910e-01
5.707524344325065613e-02
2.275570034980773926e-01
8.899688124656677246e-01
7.608994245529174805e-01
0.000000000000000000e+00
7.682818919420242310e-02
8.846150338649749756e-02
4.190863370895385742e-01
2.738449536263942719e-02
6.170231103897094727e-01
2.907744407653808594e+00
1.744539260864257812e+00
4.208514988422393799e-01
1.470776200294494629e-01
4.267496466636657715e-01
6.668473035097122192e-02
9.886538982391357422e-01
8.549087680876255035e-03
5.498138070106506348e-01
3.902577757835388184e-01
4.179790318012237549e-01
1.113141477108001709e-01
1.277591139078140259e-01
6.248435378074645996e-01
5.236440896987915039e-01
1.596295088529586792e-01
8.258775472640991211e-01
4.374068230390548706e-02
1.438704598695039749e-02
5.099854245781898499e-02
2.684983909130096436e-01
1.988332122564315796e-01
5.598599910736083984e-01
1.861959546804428101e-01
1.646337360143661499e-01
2.224159985780715942e-02
2.198117733001708984e+00
8.300863504409790039e-01
6.686928868293762207e-02
2.420695871114730835e-02
1.430790781974792480e+00
1.424439065158367157e-02
2.880281582474708557e-02
8.353545665740966797e-01
1.638391315937042236e-01
2.600619196891784668e-01
2.184382677078247070e+00
6.300182819366455078e+00
7.322915792465209961e-01
1.840763926506042480e+00
1.186986640095710754e-02
5.439524650573730469e-01
3.570312500000000000e+00
1.795524656772613525e-01
1.771298408508300781e+00
6.522273644804954529e-03
1.093850433826446533e-01
5.560517311096191406e-01
2.935305535793304443e-01
2.437484115362167358e-01
1.487449556589126587e-01
2.829568147659301758e+00
9.296270608901977539e-01
1.104963719844818115e-01
0.000000000000000000e+00
0.000000000000000000e+00
3.934900760650634766e-01
6.020072847604751587e-02
2.567813694477081299e-01
0.000000000000000000e+00
1.207743167877197266e+00
2.699877023696899414e-01
1.029221773147583008e+00
1.729394658468663692e-03
8.018592000007629395e-01
1.793222069740295410e+00
8.143832087516784668e-01
4.568774104118347168e-01
1.729651838541030884e-01
5.147472023963928223e-01
3.647468090057373047e-01
2.336476445198059082e-01
3.878012597560882568e-01
2.730612158775329590e-01
1.654999330639839172e-02
9.444504231214523315e-02
0.000000000000000000e+00
2.567287981510162354e-01
8.251822739839553833e-02
4.896644651889801025e-01
5.294210910797119141e-01
1.187911536544561386e-02
5.346057936549186707e-02
5.405818819999694824e-01
2.585892006754875183e-02
2.797667980194091797e-01
5.783003568649291992e-01
2.042524367570877075e-01
6.317362785339355469e-01
1.439893722534179688e+00
3.930185735225677490e-01
3.551843166351318359e+00
4.695734754204750061e-02
2.748633623123168945e-01
8.746205829083919525e-03
4.266259372234344482e-01
8.167966455221176147e-02
8.904648572206497192e-02
0.000000000000000000e+00
7.514075934886932373e-02
6.463829427957534790e-02
3.064912557601928711e-01
2.466516382992267609e-02
8.282487988471984863e-01
1.730471253395080566e+00
1.810178756713867188e-01
4.877432286739349365e-01
2.218580096960067749e-01
1.647073268890380859e+00
4.205281734466552734e-01
5.195540785789489746e-01
1.088922098278999329e-01
5.924062132835388184e-01
0.000000000000000000e+00
3.453764617443084717e-01
1.642025192268192768e-03
1.154926344752311707e-01
4.953951388597488403e-02
4.950170516967773438e+00
1.331093311309814453e+00
1.284137070178985596e-01
3.356174707412719727e+00
7.827537134289741516e-03
3.160167455673217773e+00
2.459162659943103790e-02
2.711981832981109619e-01
0.000000000000000000e+00
0.000000000000000000e+00
7.071595191955566406e-01
2.543986558914184570e+00
2.176076471805572510e-01
2.496748045086860657e-02
2.726523280143737793e-01
5.222589150071144104e-02
1.095143675804138184e+00
9.132900089025497437e-02
0.000000000000000000e+00
2.530205845832824707e-01
0.000000000000000000e+00
1.896004825830459595e-01
1.126119971275329590e+00
2.887097358703613281e+00
0.000000000000000000e+00
2.806409358978271484e+00
1.725347712635993958e-02
3.158728182315826416e-01
0.000000000000000000e+00
9.787984490394592285e-01
2.461786121129989624e-01
9.775638580322265625e-02
1.160856150090694427e-02
0.000000000000000000e+00
1.686202734708786011e-02
0.000000000000000000e+00
1.537983417510986328e-01
1.142906863242387772e-02
6.745007634162902832e-01
0.000000000000000000e+00
7.923333048820495605e-01
0.000000000000000000e+00
8.707853965461254120e-03
5.475603789091110229e-02
2.371305674314498901e-01
1.266659200191497803e-01
2.266269624233245850e-01
1.237845700234174728e-02
1.315442085266113281e+00
1.484674587845802307e-02
2.611747384071350098e-01
7.827965021133422852e-01
7.451903820037841797e-01
4.005021750926971436e-01
2.062688171863555908e-01
6.431777477264404297e-01
2.991773843765258789e+00
3.880940675735473633e-01
7.226677536964416504e-01
4.538759231567382812e+00
1.659703403711318970e-01
1.165692880749702454e-02
4.353307485580444336e-01
2.930776774883270264e-01
1.227299928665161133e+00
2.586641013622283936e-01
7.549197077751159668e-01
0.000000000000000000e+00
1.808339171111583710e-02
3.363722860813140869e-01
1.472862213850021362e-01
3.701947927474975586e-01
2.483433634042739868e-01
3.561415150761604309e-02
1.130343787372112274e-02
3.632307648658752441e-01
2.985906302928924561e-01
6.950651109218597412e-02
9.354895353317260742e-02
9.783068895339965820e-01
1.380794882774353027e+00
2.335527837276458740e-01
2.736527621746063232e-01
0.000000000000000000e+00
6.609963178634643555e-01
1.108119711279869080e-01
5.492125079035758972e-02
5.761490464210510254e-01
3.697883710265159607e-02
0.000000000000000000e+00
2.109346985816955566e-01
1.477808342315256596e-03
1.910933107137680054e-01
3.618440032005310059e-01
7.428568601608276367e-01
4.136277139186859131e-01
2.814148068428039551e-01
6.449624896049499512e-01
1.613858222961425781e+00
4.008574038743972778e-02
8.167619258165359497e-02
4.328290224075317383e-01
4.114701747894287109e-01
1.276858448982238770e-01
1.416849732398986816e+00
9.276993274688720703e-01
6.672955751419067383e-01
7.699874788522720337e-02
2.267782986164093018e-01
6.429438591003417969e-01
1.107302606105804443e-01
0.000000000000000000e+00
4.060122743248939514e-02
8.191166818141937256e-02
2.149951934814453125e+00
4.985380768775939941e-01
1.081597059965133667e-02
1.229891739785671234e-02
1.483807060867547989e-02
1.032026633620262146e-01
5.573420226573944092e-02
1.375048011541366577e-01
4.142516851425170898e-01
1.737251728773117065e-01
3.020435273647308350e-01
6.314832568168640137e-01
5.964449048042297363e-01
8.854730427265167236e-02
4.696104228496551514e-01
1.023464202880859375e-01
0.000000000000000000e+00
9.052947163581848145e-02
4.335483536124229431e-03
3.352207243442535400e-01
5.534955859184265137e-01
9.142160415649414062e-01
1.854688525199890137e-01
4.024938941001892090e-01
2.385079860687255859e-01
6.799671649932861328e-01
8.475741744041442871e-02
3.139948844909667969e-01
0.000000000000000000e+00
3.320375680923461914e-01
3.174761533737182617e-01
4.164168834686279297e+00
4.235356301069259644e-02
1.214996337890625000e+00
2.345940843224525452e-02
2.635578513145446777e-01
1.430871784687042236e-01
3.306221365928649902e-01
1.265293955802917480e-01
9.229210615158081055e-01
4.398779869079589844e-01
2.772825956344604492e-01
0.000000000000000000e+00
8.203210681676864624e-02
1.039611250162124634e-01
2.331126481294631958e-01
1.519698143005371094e+00
2.207617461681365967e-02
1.299452632665634155e-01
1.056218028068542480e+00
4.925806522369384766e-01
7.928966730833053589e-02
0.000000000000000000e+00
1.618275284767150879e+00
6.004355549812316895e-01
2.662990987300872803e-01
2.769889354705810547e+00
2.402590513229370117e-01
1.766050308942794800e-01
1.240979433059692383e-01
3.709838986396789551e-01
8.512594103813171387e-01
2.678919732570648193e-01
6.826946735382080078e-01
1.282602176070213318e-02
5.121713876724243164e-01
1.282472461462020874e-01
1.020245790481567383e+00
2.798884175717830658e-02
2.102664485573768616e-02
0.000000000000000000e+00
0.000000000000000000e+00
6.057394668459892273e-02
1.547654271125793457e-01
1.005471795797348022e-01
8.196937441825866699e-01
1.601239740848541260e-01
3.726053237915039062e-02
0.000000000000000000e+00
3.841126859188079834e-01
3.817880451679229736e-01
2.105769366025924683e-01
2.966063097119331360e-02
3.370049893856048584e-01
2.686486482620239258e+00
2.786827385425567627e-01
7.654999941587448120e-02
9.798554182052612305e-01
3.005436388775706291e-03
0.000000000000000000e+00
3.310956433415412903e-02
7.668223381042480469e-01
1.473105698823928833e-01
0.000000000000000000e+00
2.273451089859008789e+00
3.475425764918327332e-02
3.275376558303833008e-02
2.322293817996978760e-01
1.057029664516448975e-01
0.000000000000000000e+00
1.008408889174461365e-02
5.059283375740051270e-01
2.504284083843231201e-01
3.215325623750686646e-02
2.133821509778499603e-02
1.408961694687604904e-02
8.124580979347229004e-01
1.068217381834983826e-01
2.675384879112243652e-01
5.760406255722045898e-01
8.861047029495239258e-02
1.304621845483779907e-01
1.400575786828994751e-01
5.882396101951599121e-01
5.701945424079895020e-01
3.845234401524066925e-03
1.244559884071350098e+00
1.214395370334386826e-02
5.076652765274047852e-01
2.563423812389373779e-01
3.353480994701385498e-02
1.711200922727584839e-01
1.044772982597351074e+00
0.000000000000000000e+00
7.168416976928710938e-01
3.684999421238899231e-02
6.346147656440734863e-01
0.000000000000000000e+00
2.207884937524795532e-01
8.288192152976989746e-01
4.256680011749267578e+00
2.944005280733108521e-02
6.175845116376876831e-02
2.520808279514312744e-01
0.000000000000000000e+00
2.915944904088973999e-02
1.385864429175853729e-02
6.691122800111770630e-02
6.681693792343139648e-01
6.359507441520690918e-01
0.000000000000000000e+00
3.302279859781265259e-03
4.805644154548645020e-01
0.000000000000000000e+00
1.562713831663131714e-02
3.680829703807830811e-01
5.006378982216119766e-03
3.795691952109336853e-02
1.445892453193664551e-01
2.372014336287975311e-02
4.379712581634521484e+00
4.423468559980392456e-02
4.575660452246665955e-02
6.222149133682250977e-01
0.000000000000000000e+00
2.985382378101348877e-01
5.954315662384033203e+00
2.434073574841022491e-02
9.664354473352432251e-02
4.747071117162704468e-02
4.020555317401885986e-01
9.021300673484802246e-01
4.180082976818084717e-01
1.496725082397460938e+00
4.126734435558319092e-01
0.000000000000000000e+00
2.414859831333160400e-02
5.883620977401733398e-01
2.651309251785278320e+00
0.000000000000000000e+00
1.263425648212432861e-01
0.000000000000000000e+00
5.591756701469421387e-01
2.401513010263442993e-01
5.229690074920654297e-01
6.179686784744262695e-01
9.420904517173767090e-02
2.180629223585128784e-01
5.365281552076339722e-02
4.077007174491882324e-01
4.903219640254974365e-01
4.737731516361236572e-01
1.499303728342056274e-01
2.182036824524402618e-02
2.856847643852233887e-02
1.712343692779541016e+00
7.879828661680221558e-02
1.228642582893371582e+00
0.000000000000000000e+00
2.388998679816722870e-02
0.000000000000000000e+00
3.780289366841316223e-02
0.000000000000000000e+00
3.387744426727294922e-01
4.024133458733558655e-02
2.129687070846557617e-01
1.095521897077560425e-01
5.183324590325355530e-02
1.322483658790588379e+00
9.774986654520034790e-02
4.693685099482536316e-02
2.210405319929122925e-01
0.000000000000000000e+00
8.246704004704952240e-03
1.354863196611404419e-01
1.459084033966064453e+00
1.099076345562934875e-01
4.383385926485061646e-02
1.088186740875244141e+00
1.145085245370864868e-01
9.741593003273010254e-01
1.734180562198162079e-02
1.183572486042976379e-01
1.343614310026168823e-01
1.774640381336212158e-02
2.184567749500274658e-01
0.000000000000000000e+00
1.249283552169799805e+00
3.572964668273925781e-01
7.258334159851074219e-01
3.507442772388458252e-01
3.795757517218589783e-02
1.254476904869079590e-01
5.004341006278991699e-01
1.404512226581573486e-01
1.403213739395141602e-01
5.535656929016113281e+00
2.378690987825393677e-02
8.738003373146057129e-01
1.595965027809143066e-01
5.317151173949241638e-02
9.485971927642822266e-02
2.826365530490875244e-01
3.439480066299438477e-02
8.578029274940490723e-02
0.000000000000000000e+00
0.000000000000000000e+00
9.083022177219390869e-02
5.181533694267272949e-01
6.008790433406829834e-02
7.169045507907867432e-02
1.002554297447204590e-01
1.283949732780456543e+00
9.293009042739868164e-01
0.000000000000000000e+00
7.215787470340728760e-02
7.981675863265991211e-02
0.000000000000000000e+00
1.404963731765747070e-01
3.746972382068634033e-01
3.477878808975219727e+00
6.510263085365295410e-01
1.123272538185119629e+00
2.422519028186798096e-02
2.617796659469604492e-01
2.898034751415252686e-01
1.718822717666625977e+00
3.824279308319091797e-01
6.434754282236099243e-02
2.972346171736717224e-02
4.905994236469268799e-01
2.535487525165081024e-02
1.175832033157348633e+00
1.127931848168373108e-01
9.571355581283569336e-02
0.000000000000000000e+00
8.161025494337081909e-02
6.651590466499328613e-01
2.597315013408660889e-01
2.105160951614379883e-01
1.487580686807632446e-01
0.000000000000000000e+00
0.000000000000000000e+00
1.879384368658065796e-02
1.297430545091629028e-01
7.797084450721740723e-01
7.148591685108840466e-04
8.308675140142440796e-02
3.306488394737243652e-01
6.038225293159484863e-01
0.000000000000000000e+00
7.784484624862670898e-01
1.610499918460845947e-01
2.282366007566452026e-01
1.412013769149780273e-01
0.000000000000000000e+00
0.000000000000000000e+00
5.128229036927223206e-02
7.013960741460323334e-03
1.521675437688827515e-01
3.294219672679901123e-01
2.286409400403499603e-02
2.891232259571552277e-02
1.414900720119476318e-01
6.359423696994781494e-02
9.241316467523574829e-02
6.918073445558547974e-02
3.253205716609954834e-01
2.081463932991027832e-01
0.000000000000000000e+00
0.000000000000000000e+00
0.000000000000000000e+00
6.393235921859741211e-02
2.780919671058654785e-01
1.015875577926635742e+00
1.590573489665985107e-01
5.072460770606994629e-01
3.813789924606680870e-03
4.278734028339385986e-01
1.182413339614868164e+00
1.106157898902893066e-01
6.930311322212219238e-01
1.865031942725181580e-02
7.829438894987106323e-02
1.404722213745117188e+00
0.000000000000000000e+00
0.000000000000000000e+00
8.808141946792602539e-01
5.009913071990013123e-02
3.967055976390838623e-01
3.920833587646484375e+00
9.667991399765014648e-01
0.000000000000000000e+00
9.254919290542602539e-01
2.353736758232116699e-01
1.563664898276329041e-02
1.061863005161285400e-01
2.505422234535217285e-01
2.310091853141784668e-01
3.606349527835845947e-01
1.757877588272094727e+00
1.427310109138488770e-01
4.277027547359466553e-01
5.855692550539970398e-02
1.164565086364746094e+00
5.196403264999389648e-01
1.893488503992557526e-02
7.636490464210510254e-01
1.008781790733337402e+00
1.228713709861040115e-02
8.407748341560363770e-01
2.676535584032535553e-02
2.422740906476974487e-01
2.293619560077786446e-03
0.000000000000000000e+00
7.173854112625122070e-01
6.307516098022460938e-01
1.144416257739067078e-02
3.512261509895324707e-01
3.074223399162292480e-01
4.596998989582061768e-01
2.799300193786621094e+00
3.927511721849441528e-02
4.320714157074689865e-03
1.578932404518127441e-01
8.825759403407573700e-03
1.701047178357839584e-03
3.728345036506652832e-01
4.956381022930145264e-02
7.038721442222595215e-01
9.975972771644592285e-01
1.763594150543212891e-01
0.000000000000000000e+00
0.000000000000000000e+00
3.336125612258911133e+00
7.401520758867263794e-02
6.523738149553537369e-03
9.467327594757080078e-02
4.272500038146972656e+00
5.608347058296203613e-01
1.699581183493137360e-02
7.396642565727233887e-01
3.644733130931854248e-01
2.623105235397815704e-02
6.923260688781738281e-01
0.000000000000000000e+00
6.641860119998455048e-03
0.000000000000000000e+00
9.428087621927261353e-03
7.332380414009094238e-01
0.000000000000000000e+00
2.957475185394287109e-01
2.052026510238647461e+00
1.771676540374755859e-02
2.686709403991699219e+00
1.658282876014709473e+00
1.188637733459472656e+00
2.229954481124877930e+00
0.000000000000000000e+00
1.346645206212997437e-01
2.177840620279312134e-01
4.389222338795661926e-02
2.785646319389343262e-01
2.064570784568786621e-01
5.234914779663085938e+00
2.769858837127685547e-01
7.059181332588195801e-01
9.256803393363952637e-01
1.001996397972106934e+00
2.832843363285064697e-01
0.000000000000000000e+00
3.049194216728210449e-01
1.951117038726806641e+00
6.221243739128112793e-02
4.727675020694732666e-01
2.345941066741943359e-01
5.886577442288398743e-02
0.000000000000000000e+00
5.887050926685333252e-02
1.221650600433349609e+00
2.800868749618530273e-01
3.856635689735412598e-01
5.551024526357650757e-02
4.614704549312591553e-01
1.339592188596725464e-01
0.000000000000000000e+00
2.097864598035812378e-01
0.000000000000000000e+00
3.984527587890625000e-01
4.162095785140991211e-01
3.676850348711013794e-02
1.204267144203186035e+00
1.158028721809387207e+00
5.180769413709640503e-02
2.770420014858245850e-01
5.404704064130783081e-02
1.144596457481384277e+00
8.067875355482101440e-02
7.322702407836914062e-01
0.000000000000000000e+00
0.000000000000000000e+00
4.827705621719360352e-01
2.969081141054630280e-02
7.323440909385681152e-02
0.000000000000000000e+00
0.000000000000000000e+00
9.809760749340057373e-02
0.000000000000000000e+00
2.535744011402130127e-01
2.138207107782363892e-01
2.336876094341278076e-01
2.870475649833679199e-01
3.392739057540893555e+00
1.001407027244567871e+00
1.934812068939208984e-01
2.829130589962005615e-01
1.542300134897232056e-01
1.923303455114364624e-01
0.000000000000000000e+00
5.221060290932655334e-02
3.816910982131958008e-01
0.000000000000000000e+00
2.853024601936340332e-01
2.061208009719848633e+00
7.611677050590515137e-01
1.405631542205810547e+00
1.940264999866485596e-01
0.000000000000000000e+00
3.686795234680175781e-01
2.711910009384155273e-01
2.230652421712875366e-01
1.579311117529869080e-02
0.000000000000000000e+00
3.938408941030502319e-02
0.000000000000000000e+00
1.247120872139930725e-01
1.930721998214721680e-01
0.000000000000000000e+00
5.316375255584716797e+00
4.297473728656768799e-01
1.662994474172592163e-01
2.261206507682800293e-02
0.000000000000000000e+00
6.696482300758361816e-01
3.634498119354248047e-01
2.620494663715362549e-01
1.265288949012756348e+00
4.107581079006195068e-01
0.000000000000000000e+00
4.838574528694152832e-01
4.929364472627639771e-02
9.232685714960098267e-02
4.220631718635559082e-01
1.660318374633789062e-01
4.263563454151153564e-01
0.000000000000000000e+00
7.379782199859619141e-02
1.755886077880859375e-01
4.607290625572204590e-01
9.227137565612792969e-01
4.364112392067909241e-03
0.000000000000000000e+00
0.000000000000000000e+00
0.000000000000000000e+00
2.316772341728210449e-01
1.097668647766113281e+00
1.513203680515289307e-01
6.913886070251464844e-01
1.478254795074462891e+00
0.000000000000000000e+00
1.984816908836364746e+00
9.445564150810241699e-01
0.000000000000000000e+00
0.000000000000000000e+00
5.956658124923706055e-01
6.114443764090538025e-03
7.304301019757986069e-03
5.552011728286743164e-01
2.318132638931274414e+00
0.000000000000000000e+00
3.863846957683563232e-01
8.570777773857116699e-01
3.025743067264556885e-01
0.000000000000000000e+00
1.045789420604705811e-01
2.762859165668487549e-01
5.663303732872009277e-01
3.185459971427917480e-01
9.539191722869873047e-01
4.025446772575378418e-01
5.000739097595214844e-01
1.589687913656234741e-02
3.147922456264495850e-01
5.957537796348333359e-03
0.000000000000000000e+00
2.914305448532104492e+00
2.526636719703674316e-01
3.532382249832153320e+00
0.000000000000000000e+00
1.482913456857204437e-02
4.708111882209777832e-01
9.797614216804504395e-01
6.393226981163024902e-01
3.032502159476280212e-02
2.588033080101013184e-01
3.677273094654083252e-01
4.111419618129730225e-01
5.316662192344665527e-01
1.588927954435348511e-01
1.234532613307237625e-02
2.824323065578937531e-02
1.327810764312744141e+00
2.117163240909576416e-01
2.871854901313781738e-01
1.625449061393737793e-01
4.446502774953842163e-02
7.595703601837158203e-01
2.083918452262878418e-01
6.295674443244934082e-01
4.371039196848869324e-02
5.189377307891845703e+00
1.874747753143310547e+00
1.470035195350646973e+00
1.199427843093872070e-01
0.000000000000000000e+00
3.523293256759643555e+00
0.000000000000000000e+00
3.523445129394531250e-02
6.844780873507261276e-03
1.512540876865386963e-01
1.821071386337280273e+00
1.842916011810302734e-03
1.204851150512695312e+00
9.439104199409484863e-01
2.987536191940307617e-01
2.315516769886016846e-01
6.804071664810180664e-01
1.130151376128196716e-01
7.770448923110961914e-01
3.144607841968536377e-01
2.311874413862824440e-03
4.800096899271011353e-02
6.830198168754577637e-01
1.628293871879577637e+00
9.170825481414794922e-01
1.345988869667053223e+00
2.649219632148742676e-01
2.996767312288284302e-02
1.154356077313423157e-01
4.327000584453344345e-03
7.410927861928939819e-02
1.031777933239936829e-01
7.358207106590270996e-01
9.766617789864540100e-03
2.806324958801269531e-01
0.000000000000000000e+00
5.089108273386955261e-02
2.812601067125797272e-02
8.447723463177680969e-03
1.320277571678161621e+00
4.354766607284545898e-01
0.000000000000000000e+00
6.001167893409729004e-01
4.548926055431365967e-01
7.088749408721923828e-01
7.701807022094726562e-01
1.959121972322463989e-02
1.811817735433578491e-01
1.085143983364105225e-01
3.002235293388366699e-01
9.083285927772521973e-03
3.072820007801055908e-01
4.576963186264038086e-02
1.042589664459228516e+00
7.258841991424560547e-01
4.919242858886718750e-01
2.457322478294372559e-01
1.328525424003601074e+00
6.094461083412170410e-01
3.362759575247764587e-02
3.611517846584320068e-01
2.040184140205383301e-01
3.354987621307373047e+00
5.410392284393310547e-01
3.312169313430786133e-01
5.658576730638742447e-03
5.513468980789184570e-01
0.000000000000000000e+00
1.034255146980285645e+00
2.266136407852172852e+00
5.371217848733067513e-04
2.832988798618316650e-01
4.489350691437721252e-02
0.000000000000000000e+00
0.000000000000000000e+00
1.504668686538934708e-02
9.752127528190612793e-02
1.062706947326660156e+00
2.710804939270019531e-01
4.012435972690582275e-01
2.045346498489379883e-01
3.443984091281890869e-01
0.000000000000000000e+00
1.481443643569946289e-01
5.637854803353548050e-03
0.000000000000000000e+00
2.761358320713043213e-01
9.674283862113952637e-01
1.611230671405792236e-01
6.934476494789123535e-01
7.740725874900817871e-01
3.399179875850677490e-01
2.146650254726409912e-01
1.226276084780693054e-01
1.464558094739913940e-01
2.512988150119781494e-01
2.620951175689697266e+00
7.795376777648925781e-01
5.553888902068138123e-02
4.152124747633934021e-02
6.489861756563186646e-03
2.972869157791137695e+00
0.000000000000000000e+00
0.000000000000000000e+00
1.432252675294876099e-01
6.801794171333312988e-01
3.292075544595718384e-02
9.029002189636230469e-01
2.306915074586868286e-01
2.368636988103389740e-02
6.579600274562835693e-02
2.066235840320587158e-01
7.664155215024948120e-02
0.000000000000000000e+00
5.400124192237854004e-02
3.191561996936798096e-01
0.000000000000000000e+00
8.345115184783935547e-02
5.231913328170776367e-01
9.920133277773857117e-03
1.555549800395965576e-01
4.062079191207885742e-01
0.000000000000000000e+00
0.000000000000000000e+00
2.588161945343017578e+00
4.411211609840393066e-02
0.000000000000000000e+00
2.876055426895618439e-02
1.447974741458892822e-01
1.804548129439353943e-02
8.248472213745117188e-02
7.892908900976181030e-02
1.731928810477256775e-02
0.000000000000000000e+00
7.247915025800466537e-03
0.000000000000000000e+00
1.023447047919034958e-02
2.312386751174926758e+00
0.000000000000000000e+00
1.246705174446105957e+00
4.334314540028572083e-02
1.460932046175003052e-01
1.435024440288543701e-01
3.513407707214355469e-01
2.226123362779617310e-01
1.079356521368026733e-01
7.932175695896148682e-02
1.076646894216537476e-01
1.355016082525253296e-01
6.021863222122192383e-01
1.498659133911132812e+00
6.869598478078842163e-02
3.570832908153533936e-01
4.206637144088745117e-01
6.030358001589775085e-02
4.230947196483612061e-01
0.000000000000000000e+00
0.000000000000000000e+00
8.469711244106292725e-02
2.007642030715942383e+00
4.010575711727142334e-01
2.334055155515670776e-01
1.337212175130844116e-01
6.856964435428380966e-03
2.754311636090278625e-02
0.000000000000000000e+00
4.243911057710647583e-02
3.095714375376701355e-02
8.228836953639984131e-02
6.914659738540649414e-01
2.121288180351257324e-01
0.000000000000000000e+00
1.189969927072525024e-01
6.927045583724975586e-01
5.831387639045715332e-02
3.017014451324939728e-02
6.635993719100952148e-02
4.007802903652191162e-02
1.255524158477783203e+00
3.295888602733612061e-01
9.931056499481201172e-01
3.290658444166183472e-02
1.081937775015830994e-01
1.462719678878784180e+00
1.368944764137268066e+00
2.199494123458862305e+00
6.460672616958618164e-01
4.182804748415946960e-02
0.000000000000000000e+00
2.435391843318939209e-01
9.582564979791641235e-02
4.942681491374969482e-01
0.000000000000000000e+00
2.578689157962799072e-01
2.933433055877685547e+00
7.842590808868408203e-01
4.007889032363891602e-01
1.405960679054260254e+00
4.816136360168457031e-01
8.995092511177062988e-01
4.901057779788970947e-01
3.618437051773071289e-01
3.549188077449798584e-01
1.225532218813896179e-01
2.386688143014907837e-01
3.319428861141204834e-02
2.177627980709075928e-01
2.430357187986373901e-01
0.000000000000000000e+00
0.000000000000000000e+00
1.713894754648208618e-01
4.149973690509796143e-01
1.101836413145065308e-01
2.859015576541423798e-02
4.419943094253540039e-01
6.278505921363830566e-02
3.548166528344154358e-02
2.057242542505264282e-01
2.025654077529907227e+00
5.823886767029762268e-02
7.400302290916442871e-01
4.332506358623504639e-01
2.581926584243774414e-01
7.980705797672271729e-02
1.993112713098526001e-01
2.398841083049774170e-01
4.572858214378356934e-01
2.867508530616760254e-01
5.675554871559143066e-01
6.176093816757202148e-01
1.349344491958618164e+00
2.262492328882217407e-01
1.814466357231140137e+00
2.004327535629272461e+00
5.087949037551879883e-01
3.770384490489959717e-01
2.820521965622901917e-02
2.512998878955841064e-02
4.610970914363861084e-01
2.469379663467407227e+00
5.401557683944702148e-02
0.000000000000000000e+00
2.823216915130615234e+00
1.510415196418762207e+00
3.967703282833099365e-01
0.000000000000000000e+00
4.116981029510498047e-01
2.378342896699905396e-01
2.428190469741821289e+00
7.404855638742446899e-02
0.000000000000000000e+00
6.830542683601379395e-01
6.799867749214172363e-01
2.209051370620727539e+00
1.396208554506301880e-01
7.494586706161499023e-02
9.036605060100555420e-02
4.949432611465454102e-01
9.667566977441310883e-03
1.156556963920593262e+00
3.079825341701507568e-01
2.726165533065795898e+00
1.621328294277191162e-02
0.000000000000000000e+00
7.639118283987045288e-02
1.058050543069839478e-01
0.000000000000000000e+00
0.000000000000000000e+00
1.945320814847946167e-01
5.183416604995727539e-02
6.324672102928161621e-01
2.183622121810913086e-01
2.910440564155578613e-01
0.000000000000000000e+00
1.439253687858581543e+00
2.441735565662384033e-01
6.523264050483703613e-01
2.208742052316665649e-01
2.786378376185894012e-03
1.779866367578506470e-01
1.723855435848236084e-01
1.855988614261150360e-02
6.292679160833358765e-02
0.000000000000000000e+00
8.700980544090270996e-01
1.109290048480033875e-01
1.350069511681795120e-02
1.445760011672973633e+00
2.986150979995727539e-01
7.852688431739807129e-01
8.771535754203796387e-01
7.911168932914733887e-01
2.078499943017959595e-01
2.410493850708007812e+00
1.981103271245956421e-01
0.000000000000000000e+00
4.859718382358551025e-01
4.267910420894622803e-01
1.111758232116699219e+00
9.086517244577407837e-02
1.509150415658950806e-01
0.000000000000000000e+00
1.331419706344604492e+00
3.109519369900226593e-02
0.000000000000000000e+00
1.417759954929351807e-01
2.812634110450744629e-01
1.562425587326288223e-02
2.204683423042297363e-01
9.172760695219039917e-02
3.102468848228454590e-01
1.220104633830487728e-03
1.776108264923095703e+00
2.031450420618057251e-01
6.370638012886047363e-01
0.000000000000000000e+00
2.395309656858444214e-01
5.033068060874938965e-01
9.530863165855407715e-02
1.029019430279731750e-01
1.001620814204216003e-01
3.997845575213432312e-02
3.176830336451530457e-02
1.425419598817825317e-01
8.644574880599975586e-02
1.222320869565010071e-01
1.074196398258209229e-01
5.982620120048522949e-01
0.000000000000000000e+00
1.250768452882766724e-01
1.768769621849060059e-01
1.018561795353889465e-01
3.191483616828918457e-01
2.521832585334777832e-01
1.201360113918781281e-02
3.953904509544372559e-01
4.458097219467163086e-01
2.253772169351577759e-01
0.000000000000000000e+00
3.098805248737335205e-02
5.913358926773071289e-02
7.867012917995452881e-02
0.000000000000000000e+00
1.641231626272201538e-01
2.067116945981979370e-01
2.285351037979125977e+00
0.000000000000000000e+00
2.581262588500976562e+00
2.239051312208175659e-01
8.866563439369201660e-02
2.699920535087585449e-02
5.320552736520767212e-02
1.033914163708686829e-01
1.542691230773925781e+00
7.976939082145690918e-01
3.549598902463912964e-02
1.043943837285041809e-01
3.786666318774223328e-02
2.283585965633392334e-01
3.836174726486206055e+00
5.243870615959167480e-02
3.541209995746612549e-01
0.000000000000000000e+00
1.748201996088027954e-02
2.926524877548217773e-01
8.892755210399627686e-02
6.777540547773241997e-04
1.812818087637424469e-02
2.119537591934204102e-01
1.490068435668945312e+00
3.614058494567871094e+00
1.846544504165649414e+00
0.000000000000000000e+00
0.000000000000000000e+00
3.919613063335418701e-01
9.034454822540283203e-01
2.891660332679748535e-01
0.000000000000000000e+00
8.740097284317016602e-01
5.769698023796081543e-01
8.218162059783935547e-01
1.336677093058824539e-02
9.383812546730041504e-02
1.093773722648620605e+00
4.238130152225494385e-02
3.510394990444183350e-01
6.545400023460388184e-01
5.808939337730407715e-01
3.756854683160781860e-02
5.068621635437011719e-01
5.736381188035011292e-02
4.545312374830245972e-02
4.325110092759132385e-02
6.009789705276489258e-01
6.871546804904937744e-02
3.039448857307434082e-01
5.779324054718017578e+00
0.000000000000000000e+00
7.700886726379394531e-01
4.750809445977210999e-02
0.000000000000000000e+00
1.109736487269401550e-01
1.538996994495391846e-01
7.898940891027450562e-02
5.066037643700838089e-03
1.236698180437088013e-01
0.000000000000000000e+00
2.854468822479248047e+00
1.515819787979125977e+00
1.171803116798400879e+00
4.753516986966133118e-02
7.914298027753829956e-02
1.500233355909585953e-02
1.985623717308044434e+00
5.901633501052856445e-01
1.249884068965911865e-01
6.791280156903667375e-06
1.302615046501159668e+00
2.087023481726646423e-02
2.929022014141082764e-01
0.000000000000000000e+00
7.041338831186294556e-02
0.000000000000000000e+00
2.942201793193817139e-01
1.159239094704389572e-02
3.821841776371002197e-01
0.000000000000000000e+00
9.933544322848320007e-03
8.571196813136339188e-04
4.080594480037689209e-01
2.883024215698242188e-01
4.611127078533172607e-02
2.266714096069335938e+00
0.000000000000000000e+00
1.176025271415710449e+00
3.197796046733856201e-01
7.116124778985977173e-02
3.177030384540557861e-01
7.688766717910766602e-02
5.072186589241027832e-01
8.478957414627075195e-01
0.000000000000000000e+00
5.785853862762451172e-01
4.591334611177444458e-02
2.141835689544677734e+00
5.632426142692565918e-01
1.260622683912515640e-02
4.300172626972198486e-02
2.145075947046279907e-01
1.821105480194091797e-01
4.903633296489715576e-01
4.035056009888648987e-02
1.298793852329254150e-01
1.007461324334144592e-01
8.544862866401672363e-01
6.120914220809936523e-02
5.470942854881286621e-01
2.178628742694854736e-02
5.111156776547431946e-02
8.131968379020690918e-01
1.772213540971279144e-02
3.215335682034492493e-02
2.007939338684082031e+00
8.937031775712966919e-02
1.673822402954101562e+00
3.046047687530517578e-01
2.930575907230377197e-01
8.587862253189086914e-01
0.000000000000000000e+00
1.224078387022018433e-01
7.265991568565368652e-01
3.449283242225646973e-01
4.577670618891716003e-02
4.347390234470367432e-01
2.541188597679138184e-01
0.000000000000000000e+00
0.000000000000000000e+00
4.246938526630401611e-01
1.870113253593444824e+00
1.010773121379315853e-03
0.000000000000000000e+00
2.573196217417716980e-02
1.424829244613647461e+00
1.171307563781738281e-01
3.825564682483673096e-02
3.868044316768646240e-01
8.807985484600067139e-02
4.234206862747669220e-03
1.913432717323303223e+00
6.153067946434020996e-01
0.000000000000000000e+00
2.172631472349166870e-01
2.925717234611511230e-01
1.204548716545104980e+00
0.000000000000000000e+00
5.251697450876235962e-02
4.441114068031311035e-01
1.511979103088378906e+00
0.000000000000000000e+00
3.570215702056884766e-01
5.491610616445541382e-02
1.703852564096450806e-01
4.232951104640960693e-01
1.816486120223999023e-01
1.703103184700012207e-01
0.000000000000000000e+00
1.078105643391609192e-01
8.734484910964965820e-01
0.000000000000000000e+00
0.000000000000000000e+00
0.000000000000000000e+00
2.218079864978790283e-01
2.199190258979797363e-01
9.293400645256042480e-01
2.252841144800186157e-01
1.291051030158996582e+00
1.184924960136413574e+00
1.014521867036819458e-01
8.738442063331604004e-01
1.747645139694213867e-01
2.004651874303817749e-01
0.000000000000000000e+00
2.529155313968658447e-01
3.083238840103149414e+00
3.836410343647003174e-01
1.449566241353750229e-02
0.000000000000000000e+00
2.235769033432006836e-01
1.612266711890697479e-02
2.279124408960342407e-01
3.256714344024658203e-01
0.000000000000000000e+00
2.046051770448684692e-01
1.035461649298667908e-01
8.153282403945922852e-01
3.522796928882598877e-01
2.243856899440288544e-03
8.349680900573730469e-01
1.280469149351119995e-01
1.757962703704833984e+00
9.516341984272003174e-02
0.000000000000000000e+00
2.441827654838562012e-01
7.027030736207962036e-02
1.077155947685241699e+00
0.000000000000000000e+00
5.951510667800903320e-01
0.000000000000000000e+00
1.727114468812942505e-01
1.466395426541566849e-02
3.804920017719268799e-01
5.321678519248962402e-01
9.927873499691486359e-03
2.977296523749828339e-02
1.615858823060989380e-01
2.104278802871704102e-01
7.390263080596923828e-01
2.406449764966964722e-01
5.300114750862121582e-01
1.162630796432495117e+00
4.119292199611663818e-01
1.234989523887634277e+00
1.909009367227554321e-01
4.811528604477643967e-03
1.205030158162117004e-01
8.363073468208312988e-01
0.000000000000000000e+00
1.322600338608026505e-02
1.003123670816421509e-01
4.553244113922119141e-01
8.513764292001724243e-02
1.079472899436950684e+00
8.829856514930725098e-01
1.280563231557607651e-02
1.238160610198974609e+00
4.728532209992408752e-02
3.784203529357910156e-01
1.781376451253890991e-02
7.295894026756286621e-01
3.520048856735229492e-01
0.000000000000000000e+00
0.000000000000000000e+00
1.385876059532165527e+00
7.388839963823556900e-03
0.000000000000000000e+00
2.196661829948425293e-01
8.239434659481048584e-02
2.753368914127349854e-01
2.965825200080871582e-01
2.036507129669189453e-01
1.002287864685058594e-01
2.203747928142547607e-01
6.016454100608825684e-01
6.818305850028991699e-01
1.580975651741027832e-01
2.660156190395355225e-01
3.786881566047668457e-01
3.633312880992889404e-02
2.213506549596786499e-01
1.428940594196319580e-01
0.000000000000000000e+00
1.350182294845581055e-01
1.639739871025085449e+00
3.419539928436279297e-01
1.547315001487731934e+00
3.816747665405273438e+00
3.287369012832641602e-01
9.247937798500061035e-02
4.436723887920379639e-02
2.623970210552215576e-01
8.846902847290039062e-01
0.000000000000000000e+00
6.271782517433166504e-01
3.014915287494659424e-01
1.095635145902633667e-01
7.347926963120698929e-03
2.250277400016784668e-01
6.213246658444404602e-02
5.529484152793884277e-01
4.186791926622390747e-02
8.214236497879028320e-01
0.000000000000000000e+00
1.409973144531250000e+00
2.228962182998657227e-01
3.279919503256678581e-03
2.866761991754174232e-03
3.222640156745910645e-01
7.386777997016906738e-01
4.817126393318176270e-01
4.840706825256347656e+00
6.135100722312927246e-01
7.210399210453033447e-02
0.000000000000000000e+00
1.743085861206054688e+00
3.508910834789276123e-01
3.011598885059356689e-01
1.203660130500793457e+00
2.138253003358840942e-01
1.458561420440673828e-01
3.272649943828582764e-01
0.000000000000000000e+00
2.162413299083709717e-01
8.746788650751113892e-02
4.302212595939636230e-02
0.000000000000000000e+00
8.855385780334472656e-01
1.384389996528625488e-01
1.732555329799652100e-01
2.779645621776580811e-01
0.000000000000000000e+00
3.662810027599334717e-01
4.795152246952056885e-01
1.016947673633694649e-03
3.252689838409423828e-01
2.389952540397644043e-01
7.984946668148040771e-02
1.348971873521804810e-01
3.231885433197021484e-01
1.747675061225891113e+00
5.994553677737712860e-03
1.174645662307739258e+00
2.355925559997558594e+00
1.181362196803092957e-01
1.247601389884948730e+00
0.000000000000000000e+00
1.347380727529525757e-01
1.806515932083129883e+00
5.742518901824951172e-01
1.662451922893524170e-01
1.189121842384338379e+00
1.859785169363021851e-01
2.368370629847049713e-02
5.673622712492942810e-03
5.950085520744323730e-01
4.231904447078704834e-01
2.308856010437011719e+00
0.000000000000000000e+00
2.543864727020263672e+00
5.863729715347290039e-01
6.183339748531579971e-03
2.149512805044651031e-02
8.540913462638854980e-01
6.293710470199584961e-01
1.971186995506286621e+00
1.336978673934936523e-01
4.366670846939086914e-01
1.205877661705017090e+00
5.056701228022575378e-02
5.146731138229370117e-01
0.000000000000000000e+00
7.452642172574996948e-02
5.136062502861022949e-01
4.273595213890075684e-01
8.539981245994567871e-01
3.747250512242317200e-02
4.057525396347045898e-01
2.231653630733489990e-01
1.028433591127395630e-01
4.531481266021728516e-01
9.944110512733459473e-01
1.603327244520187378e-01
1.542780101299285889e-01
9.398423135280609131e-02
1.914618372917175293e+00
1.021174117922782898e-01
2.709895670413970947e-01
1.162215352058410645e+00
4.334300011396408081e-02
3.086176812648773193e-01
1.003460958600044250e-01
2.972542680799961090e-02
7.449868321418762207e-02
0.000000000000000000e+00
4.942601919174194336e-02
7.449369430541992188e-01
4.175314903259277344e+00
1.596351414918899536e-01
6.840029358863830566e-01
0.000000000000000000e+00
1.076179623603820801e+00
1.087673604488372803e-01
1.272747218608856201e-01
4.141854643821716309e-01
2.229162156581878662e-01
4.372323453426361084e-01
1.872441172599792480e-02
1.013751551508903503e-01
7.569172978401184082e-01
1.629339933395385742e+00
1.327143192291259766e+00
