3.234707936644554138e-02
1.530331611633300781e+00
7.078880071640014648e-01
1.504860073328018188e-01
4.516242742538452148e-01
1.385928750038146973e+00
0.000000000000000000e+00
6.423647999763488770e-01
9.418872743844985962e-02
1.705923676490783691e-01
5.530471205711364746e-01
6.777714937925338745e-03
7.090591825544834137e-03
0.000000000000000000e+00
0.000000000000000000e+00
6.317389756441116333e-02
2.648605406284332275e-01
9.209094941616058350e-02
1.740936338901519775e-01
6.037399768829345703e-01
6.471309661865234375e-01
3.163356781005859375e-01
3.749744594097137451e-01
6.016599014401435852e-02
7.956556044518947601e-03
1.115702614188194275e-01
5.863717794418334961e-01
0.000000000000000000e+00
0.000000000000000000e+00
9.291156381368637085e-02
7.238192558288574219e-01
8.955587148666381836e-01
6.379228234291076660e-01
2.249207645654678345e-01
3.704916834831237793e-01
2.652098894119262695e+00
8.562354743480682373e-02
3.617225885391235352e-01
5.501135066151618958e-02
7.541986703872680664e-01
4.532823860645294189e-01
1.681545376777648926e-01
2.310626804828643799e-01
5.240006372332572937e-02
5.301497876644134521e-02
5.484127998352050781e-01
2.174129039049148560e-01
3.015249073505401611e-01
0.000000000000000000e+00
1.864453405141830444e-02
7.888920605182647705e-02
1.743959933519363403e-01
1.540603995323181152e+00
3.621137142181396484e-01
2.669542133808135986e-01
6.971494853496551514e-02
3.710768461227416992e+00
2.891696929931640625e+00
2.547413110733032227e-01
1.256631374359130859e+00
7.113924622535705566e-02
1.084159731864929199e+00
3.338601067662239075e-02
4.242947995662689209e-01
1.425782311707735062e-02
6.937308907508850098e-01
3.337946236133575439e-01
2.558250427246093750e+00
5.194841027259826660e-01
3.206236064434051514e-01
8.859234452247619629e-01
1.794587373733520508e-01
1.555144041776657104e-02
3.128451704978942871e-01
1.194543465971946716e-01
1.634502410888671875e-02
5.940367281436920166e-02
5.195858478546142578e-01
1.538985610008239746e+00
7.138498127460479736e-03
6.866749525070190430e-01
4.373458027839660645e-02
1.325109452009201050e-01
1.357559859752655029e-01
1.395987123250961304e-01
7.659835219383239746e-01
0.000000000000000000e+00
0.000000000000000000e+00
2.575141429901123047e+00
6.325643658638000488e-01
2.026931196451187134e-01
3.917644545435905457e-02
7.517796754837036133e-01
1.451209634542465210e-01
1.342638395726680756e-02
1.189039796590805054e-01
8.872533440589904785e-01
8.682400733232498169e-02
4.901669621467590332e-01
4.397409856319427490e-01
9.220865368843078613e-01
2.995792925357818604e-01
0.000000000000000000e+00
1.603305459022521973e+00
3.665276288986206055e+00
1.119412481784820557e-01
4.775519669055938721e-02
5.752047151327133179e-02
9.088497757911682129e-01
3.964374363422393799e-01
1.168599501252174377e-01
1.634572148323059082e-01
7.222838401794433594e-01
0.000000000000000000e+00
1.139297988265752792e-02
6.837573051452636719e-01
6.482890248298645020e-01
2.213314361870288849e-02
7.176645994186401367e-01
1.734498888254165649e-01
2.808146178722381592e-01
0.000000000000000000e+00
4.219750873744487762e-03
6.874871999025344849e-02
7.364932537078857422e+00
7.515755295753479004e-02
2.977258861064910889e-01
2.622255802154541016e+00
0.000000000000000000e+00
2.533290982246398926e-01
1.032807350158691406e+00
1.760945171117782593e-01
1.103492617607116699e+00
1.167807057499885559e-01
6.529320776462554932e-02
4.949921369552612305e-02
1.511496957391500473e-02
5.371254086494445801e-01
1.749720275402069092e-01
0.000000000000000000e+00
5.296840071678161621e-01
2.123703956604003906e+00
3.422885537147521973e-01
1.108216762542724609e+00
5.573188066482543945e-01
7.375550270080566406e-01
0.000000000000000000e+00
0.000000000000000000e+00
8.156000077724456787e-02
1.111205741763114929e-01
6.877954304218292236e-02
2.374536357820034027e-02
2.454611510038375854e-01
1.677733100950717926e-02
1.232061907649040222e-01
0.000000000000000000e+00
1.913723111152648926e+00
4.203649759292602539e-01
3.300173580646514893e-01
4.367861524224281311e-02
0.000000000000000000e+00
0.000000000000000000e+00
2.806879580020904541e-01
5.724491477012634277e-01
5.099778175354003906e-01
1.752548217773437500e+00
1.824370473623275757e-01
4.912368655204772949e-01
6.535354256629943848e-02
4.241237044334411621e-02
4.676549732685089111e-01
5.797770619392395020e-02
2.147871106863021851e-01
0.000000000000000000e+00
1.078505814075469971e-01
1.865426301956176758e-01
1.288610249757766724e-01
9.328565597534179688e-01
5.781966447830200195e-01
3.941210508346557617e-01
1.099924673326313496e-03
3.638067841529846191e-01
5.621352195739746094e-01
2.629105374217033386e-02
1.711085587739944458e-01
1.451739221811294556e-01
7.457775622606277466e-02
2.085508108139038086e+00
3.339580073952674866e-02
2.881669066846370697e-02
8.395323753356933594e-01
0.000000000000000000e+00
4.527295529842376709e-01
1.182384118437767029e-01
0.000000000000000000e+00
2.376736849546432495e-01
1.122940659523010254e+00
1.919046342372894287e-01
6.129457429051399231e-02
1.884361170232295990e-02
5.801866576075553894e-02
2.673439979553222656e-01
1.233038663864135742e+00
2.092797458171844482e-01
2.384392470121383667e-01
1.033676192164421082e-01
1.020846128463745117e+00
7.419402897357940674e-02
7.066264152526855469e-01
1.932001709938049316e+00
5.040465593338012695e-01
5.082652568817138672e-01
3.594541922211647034e-02
2.061854898929595947e-01
2.156981974840164185e-01
8.625414222478866577e-02
2.464647293090820312e+00
2.051610872149467468e-02
4.624703153967857361e-02
1.967976093292236328e-01
1.190058708190917969e+00
4.646995365619659424e-01
8.142685517668724060e-03
2.370382547378540039e-01
2.374631352722644806e-02
2.035734176635742188e+00
1.720134913921356201e-01
7.045540213584899902e-02
5.788728594779968262e-01
9.705368429422378540e-03
3.550538122653961182e-01
0.000000000000000000e+00
1.340191364288330078e-01
1.553015317767858505e-02
6.609858572483062744e-02
1.762649178504943848e+00
7.544248104095458984e-01
3.213893389329314232e-03
5.796318128705024719e-02
6.720839440822601318e-02
5.880156755447387695e-01
1.781693458557128906e+00
7.030895911157131195e-03
8.210302889347076416e-02
0.000000000000000000e+00
3.169645965099334717e-01
1.515628695487976074e+00
6.319382786750793457e-01
4.292377829551696777e-02
4.750587418675422668e-02
2.568967938423156738e-01
1.900235652923583984e+00
4.278475344181060791e-01
3.320835903286933899e-02
3.790364742279052734e+00
8.794238790869712830e-03
6.525978446006774902e-02
0.000000000000000000e+00
2.677989602088928223e-01
4.128592461347579956e-02
4.563621878623962402e-01
3.473347052931785583e-02
2.250985950231552124e-01
9.752357006072998047e-02
6.058276444673538208e-02
1.812224239110946655e-01
1.705474406480789185e-01
0.000000000000000000e+00
3.043065778911113739e-02
0.000000000000000000e+00
1.257455587387084961e+00
6.576683372259140015e-02
3.410653769969940186e-02
2.983403392136096954e-02
1.099012419581413269e-01
2.819594144821166992e-01
4.631304144859313965e-01
0.000000000000000000e+00
1.015041694045066833e-01
6.981419026851654053e-02
4.030334055423736572e-01
5.017107725143432617e-01
2.450070858001708984e+00
4.748872667551040649e-02
4.772243797779083252e-01
7.305738329887390137e-01
0.000000000000000000e+00
2.620885372161865234e-01
3.836996078491210938e+00
1.574154853820800781e+00
2.133575677871704102e-01
0.000000000000000000e+00
4.474867135286331177e-02
1.283795535564422607e-01
1.176411271095275879e+00
2.166089229285717010e-02
1.122750997543334961e+00
8.609784245491027832e-01
9.961300492286682129e-01
0.000000000000000000e+00
2.230075836181640625e+00
1.057495102286338806e-01
1.006197929382324219e+00
1.188035495579242706e-02
3.084263205528259277e-01
3.384039103984832764e-01
0.000000000000000000e+00
3.453586399555206299e-01
5.630862712860107422e-01
6.055679172277450562e-02
9.932391345500946045e-02
1.682542562484741211e-01
1.794126033782958984e-01
5.981854200363159180e-01
5.942244082689285278e-02
4.627018868923187256e-01
4.753580689430236816e-02
5.016037821769714355e-01
6.375283002853393555e-01
1.963840574026107788e-01
1.325225234031677246e+00
1.864959597587585449e+00
1.131180644035339355e+00
0.000000000000000000e+00
0.000000000000000000e+00
5.509600788354873657e-02
0.000000000000000000e+00
9.222147464752197266e-01
1.742527261376380920e-02
2.999921515583992004e-02
6.726468354463577271e-02
2.554827332496643066e-01
4.322066009044647217e-01
1.589190363883972168e-01
0.000000000000000000e+00
2.275877632200717926e-02
1.415121257305145264e-01
3.241482377052307129e-01
3.690845072269439697e-01
1.803149431943893433e-01
0.000000000000000000e+00
3.602629154920578003e-02
1.004680693149566650e-01
0.000000000000000000e+00
2.946285344660282135e-02
4.967787563800811768e-01
5.649756789207458496e-01
0.000000000000000000e+00
1.461403965950012207e-01
1.343420427292585373e-02
9.685124158859252930e-01
0.000000000000000000e+00
1.029826551675796509e-01
9.092175215482711792e-02
9.670714288949966431e-02
5.025621056556701660e-01
3.847304284572601318e-01
2.044899463653564453e-01
1.686159521341323853e-02
2.250342071056365967e-01
7.059282064437866211e-01
2.659387588500976562e-01
1.734437793493270874e-01
6.538142263889312744e-02
3.505691587924957275e-01
1.047920942306518555e+00
1.025736108422279358e-01
5.014763474464416504e-01
7.104060053825378418e-01
2.894358523190021515e-02
6.977207958698272705e-03
1.281983554363250732e-01
2.003007382154464722e-01
1.403151392936706543e+00
1.016025897115468979e-02
7.150229811668395996e-02
2.806112468242645264e-01
4.550817906856536865e-01
1.938467100262641907e-02
2.524471580982208252e-01
3.495112955570220947e-01
1.201922371983528137e-01
2.137045860290527344e+00
2.640263736248016357e-01
2.809154987335205078e-01
4.177233576774597168e-01
2.209466695785522461e-01
2.479306012392044067e-01
4.864371418952941895e-01
1.344265937805175781e+00
9.043653309345245361e-02
2.783808112144470215e-01
0.000000000000000000e+00
7.686896715313196182e-03
5.567113757133483887e-01
3.251511156558990479e-01
4.844805225729942322e-02
2.608167529106140137e-01
3.991743624210357666e-01
1.843288987874984741e-01
2.673053145408630371e-01
1.946687698364257812e-01
1.301212459802627563e-01
4.149393737316131592e-02
0.000000000000000000e+00
1.452450454235076904e-01
1.672649502754211426e+00
3.726258501410484314e-02
4.855486452579498291e-01
1.092712163925170898e+00
7.473121583461761475e-02
8.223173022270202637e-01
3.398568928241729736e-01
1.082690432667732239e-03
3.219025731086730957e-01
2.213954478502273560e-01
4.349860846996307373e-01
5.667074769735336304e-02
0.000000000000000000e+00
3.795024007558822632e-02
2.516443431377410889e-01
1.083899497985839844e+00
7.813070416450500488e-01
1.130306646227836609e-01
9.745582342147827148e-01
1.330901980400085449e-01
9.230150580406188965e-01
7.736251354217529297e-01
1.196716308593750000e+00
1.484128367155790329e-02
1.081054568290710449e+00
1.833017468452453613e-01
2.272830009460449219e+00
1.337230801582336426e+00
5.160986185073852539e-01
1.263536572456359863e+00
1.144414991140365601e-01
3.480639457702636719e-01
4.038006782531738281e+00
0.000000000000000000e+00
0.000000000000000000e+00
2.329733669757843018e-01
5.251647830009460449e-01
1.789215207099914551e-01
0.000000000000000000e+00
1.490428209304809570e+00
3.192172944545745850e-01
0.000000000000000000e+00
0.000000000000000000e+00
3.022421710193157196e-02
1.236004903912544250e-01
2.913731336593627930e-01
6.671651601791381836e-01
4.706338420510292053e-02
2.587622880935668945e+00
2.261690378189086914e+00
3.658807277679443359e-01
4.698016867041587830e-02
7.889739871025085449e-01
3.331926763057708740e-01
0.000000000000000000e+00
1.247152686119079590e+00
7.229830026626586914e-01
3.651717901229858398e+00
0.000000000000000000e+00
3.179860413074493408e-01
4.872375428676605225e-01
6.089810729026794434e-01
1.839261502027511597e-01
1.483787298202514648e-01
3.540560603141784668e-01
4.244204610586166382e-02
1.912162303924560547e-01
1.513368129730224609e+00
7.303119450807571411e-02
2.841953337192535400e-01
1.119344308972358704e-02
1.390308514237403870e-02
0.000000000000000000e+00
1.109199300408363342e-01
1.351229906082153320e+00
6.321373581886291504e-01
6.110407710075378418e-01
1.842135190963745117e-01
1.059370264410972595e-01
4.316302388906478882e-02
2.913730442523956299e-01
1.417026758193969727e+00
3.695423305034637451e-01
1.439348936080932617e+00
1.187103271484375000e+00
2.509000301361083984e+00
5.203187465667724609e-01
1.803913712501525879e-01
1.417334973812103271e-01
5.617974698543548584e-02
2.270969897508621216e-01
5.110562220215797424e-02
9.514463543891906738e-01
6.203923746943473816e-02
7.641360759735107422e-01
8.840023726224899292e-02
4.285390675067901611e-01
1.184240221977233887e+00
1.565363109111785889e-01
8.512610942125320435e-02
1.540737390518188477e+00
1.262682676315307617e+00
3.634941950440406799e-02
3.501724004745483398e-01
2.226229384541511536e-02
3.354110568761825562e-02
5.194192528724670410e-01
4.475971162319183350e-01
0.000000000000000000e+00
4.166452884674072266e-01
1.631515026092529297e-01
7.362277507781982422e-01
8.709602057933807373e-03
1.104024518281221390e-02
5.878124833106994629e-01
4.309068918228149414e-01
1.953517943620681763e-01
0.000000000000000000e+00
1.837060749530792236e-01
1.088846772909164429e-01
0.000000000000000000e+00
1.314696483314037323e-02
1.264843195676803589e-01
4.753217846155166626e-02
0.000000000000000000e+00
8.237410336732864380e-02
2.472740225493907928e-02
3.426492512226104736e-01
1.245700102299451828e-02
1.690110936760902405e-02
2.108937263488769531e+00
1.395321130752563477e+00
1.789984852075576782e-01
2.914572507143020630e-02
6.966705322265625000e-01
1.532920449972152710e-01
1.876917481422424316e-01
0.000000000000000000e+00
2.889631688594818115e-01
2.884501457214355469e+00
9.747600555419921875e-02
9.244512319564819336e-01
8.565073013305664062e-01
4.469817876815795898e-01
6.354225873947143555e-01
3.233896195888519287e-01
1.171430274844169617e-01
0.000000000000000000e+00
5.523775890469551086e-02
0.000000000000000000e+00
5.031142756342887878e-02
5.176796317100524902e-01
3.694286569952964783e-02
2.146155595779418945e+00
1.063339263200759888e-01
5.017925426363945007e-02
1.118547096848487854e-01
1.751486182212829590e+00
4.571710154414176941e-02
1.241936609148979187e-01
2.527016878128051758e+00
8.225174546241760254e-01
5.670692920684814453e-01
4.261444509029388428e-01
1.389464139938354492e-01
2.328036576509475708e-01
1.102854847908020020e+00
4.713867187500000000e+00
2.599264085292816162e-01
5.897872447967529297e-01
2.110635638236999512e-01
4.309343695640563965e-01
1.848744392395019531e+00
6.610669493675231934e-01
6.182116270065307617e-01
0.000000000000000000e+00
5.661913156509399414e-01
1.305074840784072876e-01
4.568943977355957031e-01
9.740632772445678711e-02
3.183820843696594238e-01
2.116311490535736084e-01
1.120024800300598145e+00
1.639017760753631592e-01
0.000000000000000000e+00
3.133985102176666260e-01
1.989250034093856812e-01
6.320421099662780762e-01
3.871803358197212219e-02
7.820308208465576172e-03
9.774228930473327637e-01
1.089067459106445312e-01
6.726285070180892944e-02
6.412773858755826950e-03
4.379117488861083984e-01
4.375069618225097656e+00
2.351150959730148315e-01
1.979615390300750732e-01
1.092819809913635254e+00
9.132733568549156189e-03
9.920628070831298828e-01
1.474261879920959473e+00
4.200147390365600586e-01
3.257469087839126587e-02
8.224178105592727661e-02
6.983314454555511475e-02
3.240024298429489136e-02
1.804373264312744141e-01
1.092478707432746887e-01
2.302485227584838867e+00
1.593628525733947754e-01
2.390088886022567749e-02
4.353494197130203247e-02
0.000000000000000000e+00
8.687579631805419922e-01
1.463228762149810791e-01
1.894966006278991699e+00
3.729971125721931458e-02
7.829317823052406311e-03
1.185677051544189453e+00
3.739193081855773926e-01
4.961519539356231689e-01
1.075002644211053848e-02
4.743306338787078857e-02
1.483626812696456909e-01
1.413424313068389893e-01
0.000000000000000000e+00
2.403463274240493774e-01
2.107965759932994843e-02
1.452751159667968750e-01
4.200879335403442383e-01
6.527045369148254395e-01
3.098520040512084961e-01
2.406108826398849487e-01
4.397855103015899658e-01
9.917765855789184570e-01
1.127353087067604065e-01
1.115383744239807129e+00
1.581104516983032227e+00
4.127112925052642822e-01
2.004202008247375488e-01
1.602292358875274658e-01
1.949995569884777069e-02
2.087312638759613037e-01
5.707347393035888672e-01
6.415374577045440674e-02
5.706624686717987061e-02
0.000000000000000000e+00
1.108302712440490723e+00
7.283911705017089844e-01
1.667968779802322388e-01
2.214761018753051758e+00
9.553670883178710938e-02
2.177686691284179688e+00
1.375127881765365601e-01
1.190539672970771790e-01
3.310341760516166687e-02
1.192084923386573792e-01
7.168716192245483398e-02
3.540826797485351562e+00
1.584549807012081146e-02
8.389920741319656372e-02
0.000000000000000000e+00
8.658116310834884644e-02
7.168690562248229980e-01
4.157627373933792114e-02
0.000000000000000000e+00
7.613973319530487061e-02
0.000000000000000000e+00
1.678718328475952148e-01
2.979403018951416016e+00
1.232610642910003662e-01
7.093657553195953369e-02
3.558187484741210938e+00
2.280340343713760376e-01
2.843587398529052734e-01
0.000000000000000000e+00
1.294275999069213867e+00
1.334633119404315948e-02
1.180528551340103149e-01
1.230767518281936646e-01
5.286772847175598145e-01
7.295796275138854980e-02
0.000000000000000000e+00
3.592684566974639893e-01
1.404253244400024414e-01
1.398830533027648926e+00
1.590979397296905518e-01
1.903968751430511475e-01
3.960250616073608398e-01
4.677818417549133301e-01
5.531937479972839355e-01
2.028060406446456909e-01
1.082783818244934082e+00
5.673513282090425491e-03
0.000000000000000000e+00
4.182536005973815918e-01
8.832474239170551300e-03
4.672596454620361328e-01
7.803482413291931152e-01
1.693941235542297363e+00
8.534342646598815918e-01
4.690734669566154480e-03
1.294544525444507599e-02
1.302183508872985840e+00
4.716032743453979492e-01
5.665858387947082520e-01
3.257635831832885742e+00
3.187053650617599487e-02
4.318427145481109619e-01
3.767212033271789551e-01
3.200903832912445068e-01
0.000000000000000000e+00
1.316288352012634277e+00
7.021877765655517578e-01
0.000000000000000000e+00
5.369267463684082031e-01
1.184300184249877930e-01
3.426012694835662842e-01
1.729743788018822670e-03
1.798891462385654449e-02
1.576185971498489380e-01
1.264683961868286133e+00
2.037808299064636230e-01
1.394872546195983887e+00
1.139037460088729858e-01
0.000000000000000000e+00
4.209599792957305908e-01
2.111068218946456909e-01
1.214672774076461792e-01
3.178810775279998779e-01
3.538032770156860352e-01
5.852152705192565918e-01
5.602804571390151978e-02
2.267885208129882812e-01
1.849823445081710815e-01
1.387725323438644409e-01
1.882341690361499786e-02
1.335792690515518188e-01
1.031665056943893433e-01
4.206757619976997375e-02
6.499211490154266357e-02
1.417545881122350693e-02
2.377218008041381836e-01
1.233564317226409912e-01
8.190603554248809814e-02
6.745368838310241699e-01
5.492081642150878906e-01
1.783564925193786621e+00
9.791381657123565674e-02
1.458085179328918457e-01
1.918134689331054688e+00
3.698603510856628418e-01
4.473980069160461426e-01
1.022216200828552246e+00
3.016112372279167175e-02
1.251860987395048141e-02
2.015630528330802917e-02
0.000000000000000000e+00
3.971480429172515869e-01
2.071575969457626343e-01
2.422881573438644409e-01
5.677459239959716797e-01
3.371300101280212402e-01
1.837914705276489258e+00
1.690241694450378418e-02
7.642391920089721680e-01
0.000000000000000000e+00
5.506303533911705017e-02
9.225482493638992310e-02
1.828021556138992310e-01
8.966583013534545898e-01
1.283443808555603027e+00
6.098452210426330566e-01
1.094011187553405762e+00
2.077132761478424072e-01
1.011438012123107910e+00
4.143306240439414978e-02
3.572197258472442627e-01
9.367032647132873535e-01
3.597647547721862793e-01
5.022986233234405518e-02
1.140355784446001053e-02
4.074647128582000732e-01
8.171349018812179565e-02
4.485863074660301208e-02
2.620284855365753174e-01
1.115481376647949219e+00
4.947850480675697327e-03
1.431573182344436646e-01
8.212218061089515686e-03
1.356940865516662598e-01
0.000000000000000000e+00
4.091045379638671875e+00
5.928006395697593689e-02
9.509550333023071289e-01
5.185164138674736023e-02
8.482685685157775879e-02
5.102459788322448730e-01
1.397941832692595199e-05
6.256777644157409668e-01
5.162959098815917969e-01
0.000000000000000000e+00
8.042814135551452637e-01
2.016162499785423279e-03
8.678333461284637451e-02
3.671992197632789612e-02
1.088022142648696899e-01
5.188959240913391113e-01
1.063754484057426453e-01
1.205627083778381348e+00
9.086731821298599243e-02
1.311350107192993164e+00
3.841731324791908264e-02
5.629682540893554688e-02
0.000000000000000000e+00
1.746049672365188599e-01
3.847917914390563965e-01
2.246367037296295166e-01
9.008387327194213867e-01
4.210183620452880859e-01
6.602266430854797363e-02
4.221100807189941406e+00
2.372715473175048828e-01
1.860271692276000977e-01
1.395205497741699219e+00
0.000000000000000000e+00
0.000000000000000000e+00
1.346245557069778442e-01
7.691516280174255371e-01
7.537435740232467651e-03
2.047960832715034485e-02
1.285090693272650242e-03
8.141663670539855957e-02
2.061184123158454895e-02
1.291474699974060059e-01
3.570708930492401123e-01
8.326825499534606934e-01
1.322324723005294800e-01
1.296588033437728882e-01
7.613662481307983398e-01
3.253897130489349365e-01
9.087354540824890137e-01
5.999793410301208496e-01
0.000000000000000000e+00
1.896512389183044434e+00
1.779817581176757812e+00
7.951279729604721069e-02
1.596839278936386108e-01
1.358330249786376953e-01
8.204997517168521881e-03
7.521063834428787231e-02
5.058107376098632812e-01
6.742637753486633301e-01
3.037492334842681885e-01
1.476034224033355713e-01
9.080133438110351562e-01
3.903599083423614502e-01
2.599055878818035126e-02
0.000000000000000000e+00
1.247673392295837402e+00
0.000000000000000000e+00
6.559414416551589966e-02
4.129252433776855469e-01
6.571454554796218872e-02
9.063835740089416504e-01
8.448827080428600311e-03
3.831955194473266602e-01
1.040248870849609375e+00
2.887857854366302490e-01
2.857265174388885498e-01
3.109690360724925995e-02
4.223958253860473633e-01
4.841850697994232178e-01
1.711215823888778687e-01
1.388706445693969727e+00
5.813928246498107910e-01
2.456222027540206909e-01
3.454391360282897949e-01
0.000000000000000000e+00
1.693246811628341675e-01
2.280063033103942871e-01
5.534938350319862366e-02
4.798805713653564453e-01
1.282106190919876099e-01
0.000000000000000000e+00
1.005762338638305664e+00
2.052602544426918030e-02
5.756664872169494629e-01
3.083609342575073242e-01
1.812112331390380859e-01
2.408746480941772461e+00
3.825924396514892578e+00
8.966924995183944702e-02
7.209787368774414062e-01
6.091461181640625000e-01
4.602115154266357422e-01
5.243026837706565857e-02
1.078246068209409714e-02
7.273995280265808105e-01
1.818147748708724976e-01
7.090798020362854004e-02
2.817446887493133545e-01
0.000000000000000000e+00
2.727959156036376953e-01
4.515840485692024231e-02
2.769002020359039307e-01
2.836378514766693115e-01
5.084310173988342285e-01
1.323393702507019043e+00
2.247012555599212646e-01
3.789727091789245605e-01
2.922357559204101562e+00
9.797380566596984863e-01
4.578457027673721313e-02
2.359097152948379517e-01
4.271685332059860229e-02
5.531165003776550293e-02
1.679866909980773926e+00
0.000000000000000000e+00
3.038903884589672089e-02
6.858178973197937012e-01
5.062695741653442383e-01
2.002798795700073242e+00
1.114508584141731262e-01
8.618711233139038086e-01
8.557792901992797852e-01
1.100373268127441406e-02
0.000000000000000000e+00
7.577988505363464355e-02
2.321228981018066406e+00
1.160721704363822937e-01
1.124988868832588196e-01
4.927423968911170959e-02
0.000000000000000000e+00
1.907509267330169678e-01
5.074458718299865723e-01
1.059991028159856796e-02
6.366276741027832031e-01
5.768049135804176331e-02
1.401407718658447266e+00
2.171945720911026001e-01
4.470368847250938416e-02
3.661013022065162659e-02
4.895524084568023682e-01
2.140068821609020233e-02
1.642265766859054565e-01
1.253587961196899414e+00
6.372147798538208008e-01
4.506556034088134766e+00
1.248109154403209686e-03
5.245401859283447266e-01
4.202674627304077148e-01
1.398751437664031982e-01
4.219324886798858643e-01
1.341429054737091064e-01
0.000000000000000000e+00
3.996160030364990234e-01
4.710349142551422119e-01
1.334645748138427734e-01
1.973084092140197754e+00
2.488196194171905518e-01
1.792544573545455933e-01
1.424906193278729916e-03
3.862536745145916939e-03
4.679524339735507965e-03
3.370218575000762939e-01
1.730032682418823242e+00
0.000000000000000000e+00
1.209633722901344299e-01
4.540855288505554199e-01
0.000000000000000000e+00
1.963516592979431152e+00
3.253861889243125916e-02
3.857342600822448730e-01
1.471186173148453236e-03
2.682413347065448761e-02
0.000000000000000000e+00
0.000000000000000000e+00
1.993199437856674194e-01
7.338244915008544922e-01
3.574530184268951416e-01
5.043001174926757812e-01
5.349890142679214478e-02
1.409653425216674805e-01
1.329985409975051880e-01
7.886722683906555176e-02
4.699642658233642578e-01
4.024614334106445312e+00
9.505373984575271606e-02
3.651787638664245605e-01
0.000000000000000000e+00
1.993610337376594543e-02
1.288600116968154907e-01
1.991155594587326050e-01
0.000000000000000000e+00
8.655021339654922485e-02
3.016432002186775208e-02
6.818481534719467163e-02
6.141749620437622070e-01
1.105417311191558838e-01
2.103734761476516724e-01
1.692335903644561768e-01
1.611998118460178375e-02
0.000000000000000000e+00
0.000000000000000000e+00
1.343609988689422607e-01
1.797117143869400024e-01
2.628645002841949463e-01
0.000000000000000000e+00
6.708045490086078644e-03
3.144378215074539185e-02
3.602458953857421875e+00
5.743351578712463379e-01
5.028616189956665039e-01
3.400167822837829590e-02
1.822453364729881287e-02
6.137039884924888611e-02
2.296367585659027100e-01
4.802969470620155334e-02
2.596705453470349312e-03
4.863651469349861145e-02
1.712332844734191895e+00
7.507270574569702148e-01
3.258226215839385986e-01
1.996367275714874268e-01
1.090719178318977356e-01
3.607451543211936951e-02
1.565478276461362839e-03
6.868903338909149170e-02
1.647313535213470459e-01
1.463365852832794189e-01
1.023912429809570312e-02
3.876761198043823242e-01
2.846830151975154877e-02
2.271827608346939087e-01
5.799972414970397949e-01
1.023983433842658997e-01
2.739432752132415771e-01
1.437605917453765869e-01
3.315936625003814697e-01
1.389918029308319092e-01
6.298104301095008850e-03
1.786009669303894043e-01
1.778975278139114380e-01
2.009977847337722778e-01
2.288210988044738770e-01
2.995315790176391602e-01
1.332108490169048309e-02
5.152194499969482422e-01
0.000000000000000000e+00
4.539661854505538940e-02
6.901706010103225708e-02
6.563843041658401489e-02
5.388603210449218750e-01
1.030656229704618454e-02
6.516474485397338867e-02
7.484689354896545410e-02
4.895599558949470520e-02
1.259202808141708374e-01
2.936010248959064484e-02
2.250668033957481384e-02
1.277428716421127319e-01
0.000000000000000000e+00
0.000000000000000000e+00
8.267067023552954197e-04
1.571030467748641968e-01
5.148900747299194336e-01
1.339876770973205566e+00
6.704515311866998672e-03
1.341432571411132812e+00
5.651386976242065430e-01
4.068420529365539551e-01
9.498319029808044434e-01
5.742968278354965150e-05
5.897162016481161118e-03
7.322440743446350098e-01
1.947573572397232056e-01
1.906022801995277405e-02
6.566101312637329102e-01
4.057870864868164062e+00
1.659165471792221069e-01
1.702738285064697266e+00
2.230874061584472656e+00
5.547941848635673523e-02
4.677676260471343994e-01
1.995146274566650391e-01
9.785330621525645256e-04
7.941360026597976685e-02
4.376621544361114502e-01
1.090926155447959900e-01
1.017768263816833496e+00
8.452710509300231934e-01
2.878390848636627197e-01
1.804038137197494507e-01
1.135216951370239258e-01
1.768733382225036621e+00
5.545175671577453613e-01
1.016119569540023804e-01
3.292699456214904785e-01
9.327762126922607422e-01
8.197329640388488770e-01
1.955281496047973633e-01
4.118530079722404480e-03
1.873704940080642700e-01
8.233921527862548828e-01
2.093767881393432617e+00
6.425572633743286133e-01
4.099626243114471436e-01
2.280976176261901855e-01
1.013577729463577271e-02
2.499496936798095703e+00
1.296555250883102417e-02
2.971436738967895508e+00
6.210333853960037231e-02
0.000000000000000000e+00
1.473885178565979004e+00
9.523292183876037598e-01
4.691522121429443359e-01
1.459266185760498047e+00
2.930909581482410431e-02
1.129020750522613525e-01
2.048326492309570312e+00
2.827908277511596680e+00
1.265634084120392799e-03
0.000000000000000000e+00
1.058740139007568359e+00
6.751436591148376465e-01
2.819385230541229248e-01
0.000000000000000000e+00
2.820889472961425781e+00
1.352577358484268188e-01
3.525484725832939148e-02
2.232986688613891602e-01
3.086026608943939209e-01
1.404487639665603638e-01
4.977826774120330811e-01
2.246409207582473755e-01
1.431780308485031128e-01
5.023644492030143738e-02
1.379808485507965088e-01
7.510459423065185547e-02
7.253034114837646484e-01
9.262882173061370850e-02
1.267647743225097656e+00
7.803773880004882812e-01
8.666545867919921875e+00
2.819193601608276367e-01
3.645168542861938477e-01
2.048583269119262695e+00
8.947852998971939087e-02
9.615417718887329102e-01
2.727371826767921448e-02
2.251314967870712280e-01
1.032536745071411133e+00
0.000000000000000000e+00
6.485280513763427734e+00
7.200286537408828735e-02
2.713952958583831787e-01
1.092774514108896255e-02
4.693402443081140518e-03
0.000000000000000000e+00
6.809878628700971603e-03
5.549998208880424500e-02
1.429304838180541992e+00
3.354625403881072998e-01
3.904214203357696533e-01
7.792577743530273438e-01
3.737664967775344849e-02
0.000000000000000000e+00
4.932931363582611084e-01
9.964408278465270996e-01
3.973727226257324219e-01
1.729883104562759399e-01
2.696912586688995361e-01
2.132922783493995667e-02
3.882982209324836731e-02
6.833473592996597290e-02
5.730850994586944580e-02
4.787569120526313782e-02
5.777039751410484314e-02
2.628139257431030273e-01
3.268525004386901855e-01
1.448706686496734619e-01
1.982054412364959717e-01
7.673057913780212402e-01
1.388375759124755859e+00
1.332903802394866943e-01
8.640111684799194336e-01
8.744030445814132690e-02
6.374746561050415039e-01
1.308354258537292480e+00
5.124422311782836914e-01
3.716022074222564697e-01
2.145107686519622803e-01
1.635662674903869629e+00
0.000000000000000000e+00
7.614959031343460083e-02
1.061533689498901367e+00
8.695671334862709045e-03
2.304100692272186279e-01
8.157878518104553223e-01
8.900767564773559570e-01
2.610402740538120270e-02
1.192244887351989746e+00
1.167940497398376465e-01
1.224188566207885742e+00
1.728487968444824219e+00
0.000000000000000000e+00
7.737846672534942627e-02
0.000000000000000000e+00
8.759631961584091187e-02
2.307044863700866699e-01
1.929013133049011230e-01
0.000000000000000000e+00
1.743185877799987793e+00
4.530351459980010986e-01
1.928040027618408203e+00
5.696186423301696777e-02
3.661863505840301514e-01
1.730108112096786499e-01
9.916420094668865204e-03
4.934599399566650391e-01
8.319018781185150146e-02
0.000000000000000000e+00
4.215079825371503830e-03
2.690913621336221695e-03
1.287986636161804199e-01
6.562966853380203247e-02
3.170042335987091064e-01
0.000000000000000000e+00
9.331504106521606445e-01
0.000000000000000000e+00
1.982063949108123779e-01
2.510480284690856934e-01
5.171616077423095703e-01
4.000596702098846436e-01
3.430172801017761230e-01
4.325344562530517578e+00
4.667897708714008331e-03
0.000000000000000000e+00
9.191899746656417847e-02
3.107662200927734375e-01
2.412673644721508026e-02
4.167255759239196777e-01
1.386422961950302124e-01
0.000000000000000000e+00
0.000000000000000000e+00
4.979639500379562378e-02
2.922711133956909180e+00
1.870565414428710938e-01
1.051491379737854004e+00
4.840267300605773926e-01
8.269257098436355591e-02
1.609474793076515198e-02
9.647923870943486691e-04
4.401250928640365601e-02
2.261434793472290039e+00
1.045236065983772278e-01
6.837363839149475098e-01
5.181550979614257812e-01
1.737087965011596680e-02
1.010881662368774414e+00
6.883308291435241699e-01
4.313059449195861816e-01
4.345207940787076950e-03
4.391939342021942139e-01
4.746918976306915283e-01
3.937025368213653564e-02
3.489683568477630615e-01
1.409126877784729004e+00
2.589321732521057129e-01
3.298309743404388428e-01
7.847067117691040039e-01
1.445228904485702515e-01
0.000000000000000000e+00
7.901320606470108032e-02
3.013342320919036865e-01
4.271353483200073242e-01
0.000000000000000000e+00
4.326870143413543701e-01
1.031069040298461914e+00
2.750876545906066895e-01
4.659515619277954102e-01
1.472502108663320541e-02
4.553709328174591064e-01
3.112848475575447083e-02
4.478603839874267578e+00
1.110575124621391296e-01
2.165117979049682617e+00
2.309760078787803650e-02
9.219769239425659180e-01
2.142904400825500488e-01
9.921768307685852051e-01
2.436192184686660767e-01
2.656972408294677734e-02
4.865011870861053467e-01
1.342697501182556152e+00
2.730290591716766357e-01
4.467368125915527344e-03
1.654546737670898438e+00
2.690725624561309814e-01
6.970739364624023438e-02
1.559648990631103516e+00
5.756106972694396973e-01
2.518926560878753662e-01
1.993793994188308716e-01
0.000000000000000000e+00
1.234305426478385925e-01
3.476919829845428467e-01
1.420747518539428711e+00
7.093988656997680664e-01
6.534393310546875000e+00
7.597019672393798828e-01
3.985079526901245117e-01
3.564156964421272278e-02
1.169942319393157959e-01
6.751441210508346558e-02
0.000000000000000000e+00
0.000000000000000000e+00
3.389024138450622559e-01
1.974784536287188530e-03
1.798335075378417969e+00
2.985921502113342285e-01
9.826223254203796387e-01
1.077087745070457458e-01
4.492682218551635742e-02
1.751424670219421387e-01
4.483047127723693848e-01
3.686917014420032501e-03
7.814025878906250000e-01
5.213271975517272949e-01
3.082366287708282471e-01
0.000000000000000000e+00
7.804167866706848145e-01
2.546915709972381592e-01
1.923425912857055664e+00
9.746931195259094238e-01
8.246679790318012238e-03
2.546866983175277710e-02
2.434612214565277100e-01
1.830248720943927765e-02
6.215440109372138977e-02
2.816030681133270264e-01
3.624624386429786682e-02
7.787677049636840820e-01
1.024641282856464386e-02
2.905479967594146729e-01
4.120585322380065918e-01
2.841180264949798584e-01
0.000000000000000000e+00
1.516004323959350586e+00
1.813638657331466675e-01
7.101378440856933594e-01
1.611493527889251709e-01
9.939760714769363403e-02
2.002827882766723633e+00
1.043112516403198242e+00
9.662939235568046570e-03
9.201037883758544922e-02
3.031605668365955353e-02
2.277101725339889526e-01
1.535441447049379349e-02
3.123340904712677002e-01
2.475696355104446411e-01
2.472382783889770508e+00
3.042845427989959717e-01
8.720856904983520508e-02
0.000000000000000000e+00
1.352673411369323730e+00
2.728988528251647949e-01
3.645713925361633301e-01
1.568872213363647461e+00
4.536190330982208252e-01
2.061980485916137695e+00
8.357634544372558594e-01
1.916010677814483643e-02
1.743735186755657196e-02
2.150841504335403442e-01
7.628201693296432495e-02
2.768721282482147217e-01
2.843499481678009033e-01
0.000000000000000000e+00
5.499869957566261292e-02
9.886611253023147583e-02
0.000000000000000000e+00
0.000000000000000000e+00
8.170398324728012085e-02
7.506919652223587036e-02
2.985109567642211914e+00
6.160414218902587891e-01
4.492535954341292381e-04
3.270592987537384033e-01
2.503427863121032715e-01
3.969668224453926086e-02
0.000000000000000000e+00
6.007022261619567871e-01
4.236315563321113586e-02
5.849466472864151001e-02
3.135027885437011719e-01
3.720365837216377258e-02
6.763274967670440674e-02
1.003313660621643066e+00
2.174782454967498779e-01
4.725346807390451431e-03
2.019099742174148560e-01
1.194277048110961914e+00
3.781704008579254150e-01
1.711275544948875904e-03
4.430952370166778564e-01
0.000000000000000000e+00
1.327527314424514771e-02
0.000000000000000000e+00
2.769851446151733398e+00
0.000000000000000000e+00
0.000000000000000000e+00
3.340966999530792236e-01
8.937668204307556152e-01
5.186503985896706581e-04
1.619118452072143555e-01
3.525278568267822266e+00
1.467875242233276367e-01
3.408269286155700684e-01
2.987476997077465057e-02
8.957399427890777588e-02
1.422035992145538330e-01
4.138734817504882812e+00
2.459921121597290039e+00
3.444495797157287598e-01
4.602755308151245117e-01
3.891333341598510742e-01
7.408581208437681198e-03
1.523585915565490723e-01
6.478572487831115723e-01
3.785906732082366943e-01
0.000000000000000000e+00
4.477400183677673340e-01
5.208579301834106445e-01
2.331926822662353516e-01
9.183868765830993652e-01
1.832035370171070099e-02
0.000000000000000000e+00
1.593649983406066895e-01
1.104361176490783691e+00
5.566290579736232758e-03
1.665116846561431885e-02
1.866926997900009155e-01
6.444808840751647949e-02
1.723574399948120117e-01
1.188071608543395996e+00
2.767745405435562134e-03
1.752247571945190430e+00
3.422060236334800720e-02
1.828409917652606964e-02
3.838984072208404541e-01
3.156420961022377014e-02
9.798914194107055664e-01
4.435805976390838623e-01
4.364859312772750854e-02
1.187444664537906647e-02
5.099388957023620605e-02
4.698069095611572266e-01
5.064289569854736328e-01
4.938536584377288818e-01
9.919230341911315918e-01
3.173884153366088867e-01
4.071072936058044434e-01
0.000000000000000000e+00
1.656388640403747559e-01
0.000000000000000000e+00
9.757314920425415039e-01
1.996351331472396851e-01
4.567015469074249268e-01
3.154107034206390381e-01
1.610450148582458496e-01
2.371375411748886108e-01
2.564819455146789551e-01
1.831716392189264297e-03
0.000000000000000000e+00
8.150069415569305420e-02
9.220466762781143188e-02
2.621286213397979736e-01
1.501122862100601196e-01
5.941475555300712585e-02
2.442164272069931030e-01
1.453656796365976334e-02
8.281334638595581055e-01
1.210305187851190567e-02
6.557729244232177734e-01
0.000000000000000000e+00
1.439546942710876465e-01
2.016893178224563599e-01
1.916133999824523926e+00
1.696735322475433350e-01
1.161823272705078125e-01
7.264229059219360352e-01
1.235924363136291504e-01
1.406514495611190796e-01
1.279556155204772949e+00
1.399251818656921387e-01
7.618236541748046875e-02
4.013411104679107666e-01
2.408100962638854980e-01
1.214167922735214233e-01
0.000000000000000000e+00
6.651463508605957031e-01
5.249343514442443848e-01
6.371609866619110107e-02
4.330443143844604492e-01
1.011862039566040039e+00
3.314068913459777832e-01
5.677205920219421387e-01
4.446708858013153076e-01
3.020772710442543030e-02
2.068647891283035278e-01
3.990175668150186539e-03
1.585822850465774536e-01
0.000000000000000000e+00
1.184955835342407227e+00
7.060768455266952515e-02
2.121036052703857422e-01
6.138480454683303833e-02
8.208140730857849121e-02
2.121554374694824219e+00
4.486169517040252686e-01
1.572497040033340454e-01
3.448847681283950806e-03
2.424993067979812622e-01
5.366262197494506836e-01
4.919541478157043457e-01
1.499933004379272461e+00
4.285321235656738281e-01
1.283027529716491699e-01
3.753378391265869141e-01
4.049190133810043335e-02
8.847679011523723602e-03
1.359684109687805176e+00
3.044908046722412109e-01
9.658211469650268555e-02
1.749125868082046509e-02
8.002212643623352051e-02
2.721788883209228516e-01
3.770730793476104736e-01
6.326821446418762207e-02
5.876521468162536621e-01
3.091814219951629639e-01
7.597193121910095215e-01
2.318499386310577393e-01
0.000000000000000000e+00
1.161048263311386108e-01
3.015686571598052979e-02
1.981045007705688477e+00
7.002053260803222656e-01
0.000000000000000000e+00
1.419982075691223145e+00
4.359130561351776123e-01
8.092114329338073730e-02
3.404929935932159424e-01
1.697078198194503784e-01
3.316289186477661133e-01
2.346972376108169556e-01
3.127274289727210999e-02
1.941394686698913574e+00
2.054956436157226562e+00
6.348826885223388672e-01
2.180506706237792969e+00
7.479473017156124115e-03
0.000000000000000000e+00
1.951683163642883301e+00
6.258311271667480469e-01
2.593717336654663086e+00
3.165460228919982910e-01
1.300380975008010864e-01
1.239840507507324219e+00
6.399209797382354736e-02
0.000000000000000000e+00
7.549807429313659668e-01
1.423733711242675781e+00
5.417903140187263489e-02
5.120773613452911377e-02
9.260673820972442627e-02
5.693017318844795227e-02
1.110383421182632446e-01
0.000000000000000000e+00
2.612501382827758789e-01
0.000000000000000000e+00
6.348630785942077637e-01
0.000000000000000000e+00
2.484830170869827271e-01
1.285125136375427246e+00
3.202079236507415771e-02
3.354907035827636719e-01
1.242478251457214355e+00
7.996530085802078247e-02
7.754180114716291428e-03
0.000000000000000000e+00
1.527390003204345703e+00
8.136581182479858398e-01
2.150530554354190826e-02
5.437787771224975586e-01
9.533532857894897461e-01
5.820857360959053040e-02
8.324244022369384766e-01
6.925165653228759766e-02
9.476331621408462524e-02
3.939046561717987061e-01
4.419872537255287170e-02
2.444446086883544922e-01
5.139412283897399902e-01
4.021937847137451172e-01
5.803742408752441406e-01
4.901022464036941528e-02
9.583914875984191895e-01
3.572173118591308594e-01
1.101399898529052734e+00
1.425584033131599426e-02
1.524534672498703003e-01
3.669728934764862061e-01
9.140952676534652710e-02
4.478117823600769043e-01
3.245300799608230591e-02
5.201000720262527466e-02
1.127092614769935608e-01
1.089233517646789551e+00
2.497960329055786133e-01
1.293269731104373932e-02
0.000000000000000000e+00
0.000000000000000000e+00
0.000000000000000000e+00
1.625304579734802246e+00
8.741749823093414307e-02
1.039428710937500000e+00
1.645736247301101685e-01
9.027708172798156738e-01
1.766973733901977539e-01
0.000000000000000000e+00
1.334675699472427368e-01
6.514768116176128387e-03
2.654332481324672699e-02
1.276613473892211914e-01
0.000000000000000000e+00
6.947829723358154297e-01
4.677343182265758514e-03
4.627946764230728149e-03
4.837324097752571106e-02
1.936529413796961308e-03
1.243534591048955917e-02
7.442893385887145996e-01
2.188890427350997925e-01
8.131192922592163086e-01
5.437453389167785645e-01
5.395061150193214417e-02
3.004022240638732910e-01
5.944930911064147949e-01
0.000000000000000000e+00
1.718855500221252441e-01
1.563942246139049530e-02
1.194436311721801758e+00
8.317159488797187805e-03
4.108874201774597168e-01
2.095592975616455078e+00
5.499975085258483887e-01
3.082102835178375244e-01
2.549104019999504089e-02
6.607108563184738159e-02
2.847791910171508789e-01
4.975592494010925293e-01
1.835125312209129333e-02
1.699459739029407501e-02
1.556226313114166260e-01
2.035642862319946289e-01
1.338863134384155273e+00
0.000000000000000000e+00
3.885500431060791016e-01
3.682729601860046387e-02
6.280501931905746460e-02
1.383541226387023926e-01
0.000000000000000000e+00
4.509424790740013123e-02
2.875702381134033203e-01
8.756978511810302734e-01
4.336267113685607910e-01
9.178783893585205078e-01
3.186647891998291016e-01
3.241456346586346626e-03
0.000000000000000000e+00
1.013905763626098633e+00
2.935339450836181641e+00
3.567383885383605957e-01
5.620711445808410645e-01
1.712271571159362793e-01
4.168844223022460938e-02
1.887391358613967896e-01
8.392158150672912598e-02
7.156596183776855469e-01
9.868745505809783936e-02
1.309181898832321167e-01
5.493676066398620605e-01
3.154354691505432129e-01
1.619629502296447754e+00
1.192667007446289062e+00
2.331458628177642822e-01
2.855558693408966064e-01
4.920123517513275146e-02
0.000000000000000000e+00
1.441721804440021515e-02
2.016795575618743896e-01
2.075100988149642944e-01
8.105759024620056152e-01
2.635040581226348877e-01
1.260866373777389526e-01
0.000000000000000000e+00
1.025273799896240234e+00
9.324474632740020752e-02
2.182693332433700562e-01
1.184287592768669128e-01
1.622299104928970337e-01
8.093841373920440674e-02
3.763544559478759766e-01
5.070933699607849121e-01
2.984942913055419922e+00
2.421065092086791992e+00
1.634716987609863281e-02
1.673685908317565918e-01
2.366335093975067139e-01
1.551541239023208618e-01
8.018835186958312988e-01
3.768451511859893799e-02
9.782321751117706299e-02
2.237951569259166718e-02
1.682764589786529541e-01
2.399609833955764771e-01
7.686566561460494995e-02
4.734341800212860107e-01
1.530332863330841064e-01
8.859354257583618164e-01
1.009194254875183105e-01
2.128767669200897217e-01
1.379489779472351074e+00
4.904085993766784668e-01
4.721612203866243362e-03
5.643858909606933594e-01
2.229050546884536743e-01
3.214837551116943359e+00
4.704017341136932373e-01
4.362747073173522949e-01
3.323075056076049805e+00
1.393490433692932129e-01
3.563421964645385742e-02
4.934485256671905518e-01
3.212326392531394958e-02
4.547773599624633789e-01
7.868054509162902832e-01
4.194029271602630615e-01
3.982959687709808350e-01
1.253935694694519043e-01
3.525738716125488281e+00
3.376182317733764648e-01
2.832067757844924927e-02
3.566254302859306335e-02
8.798448252491652966e-04
1.253175083547830582e-02
3.293821513652801514e-01
1.240823343396186829e-01
1.460109502077102661e-01
4.050531983375549316e-02
8.542109727859497070e-01
2.476671785116195679e-01
1.261639297008514404e-01
4.116096347570419312e-02
3.604003787040710449e-02
0.000000000000000000e+00
1.038713101297616959e-02
4.013962298631668091e-02
4.528536200523376465e-01
0.000000000000000000e+00
5.729798078536987305e-01
2.066384851932525635e-01
6.168914958834648132e-02
3.447768688201904297e-01
0.000000000000000000e+00
7.299675941467285156e-01
5.182062387466430664e-01
2.869057416915893555e+00
5.080573558807373047e-01
6.059109568595886230e-01
1.548279166221618652e+00
1.862459257245063782e-02
4.358115419745445251e-02
2.864811383187770844e-02
1.910818815231323242e+00
8.256130665540695190e-02
1.518905162811279297e-02
1.573699116706848145e-01
5.090146064758300781e-01
1.900558829307556152e+00
4.742322564125061035e-01
3.920932769775390625e+00
1.507359296083450317e-01
4.369978606700897217e-02
7.745210528373718262e-01
6.904721260070800781e-01
1.933403760194778442e-01
3.504715114831924438e-02
3.788620233535766602e-01
1.737775653600692749e-01
0.000000000000000000e+00
3.277002274990081787e-02
9.832171350717544556e-02
8.869407773017883301e-01
0.000000000000000000e+00
3.118201158940792084e-02
4.232083633542060852e-02
8.595248311758041382e-02
5.901857512071728706e-04
3.292280435562133789e-01
0.000000000000000000e+00
3.104111552238464355e-01
0.000000000000000000e+00
1.454065144062042236e-01
1.428668852895498276e-02
4.409835860133171082e-02
2.198510915040969849e-01
1.513249278068542480e-01
2.449052780866622925e-01
1.184106469154357910e+00
9.153524041175842285e-02
1.376120448112487793e-01
1.297136247158050537e-01
6.047476455569267273e-02
1.021351665258407593e-02
2.438019961118698120e-01
3.416717424988746643e-02
2.728998661041259766e-01
1.371280476450920105e-02
6.103298664093017578e-01
7.913833260536193848e-01
1.517802476882934570e-01
3.653565049171447754e-02
1.311775296926498413e-01
1.091828383505344391e-02
2.311009727418422699e-02
8.135639131069183350e-02
4.071525111794471741e-02
1.054883003234863281e-03
4.640573859214782715e-01
6.468412280082702637e-01
3.736463934183120728e-02
1.733780950307846069e-01
4.745149984955787659e-03
1.587644219398498535e-01
2.848368406295776367e+00
1.167010217905044556e-01
5.369857549667358398e-01
1.305369473993778229e-02
2.453195601701736450e-01
8.942878842353820801e-01
6.329769967123866081e-04
3.419585525989532471e-02
1.981526017189025879e-01
4.898588359355926514e-01
6.102216839790344238e-01
2.575075149536132812e+00
2.426413297653198242e-01
8.974141627550125122e-02
0.000000000000000000e+00
2.036619000136852264e-02
6.697179377079010010e-02
2.393964976072311401e-01
5.842504650354385376e-02
4.535263404250144958e-02
0.000000000000000000e+00
7.358487844467163086e-01
1.810936480760574341e-01
3.732773065567016602e-01
0.000000000000000000e+00
2.476836591958999634e-01
3.040611557662487030e-02
5.548473447561264038e-02
0.000000000000000000e+00
1.254919916391372681e-01
4.541345685720443726e-02
4.833815395832061768e-01
2.270584926009178162e-02
1.731123805046081543e+00
6.898056268692016602e-01
7.958224415779113770e-01
0.000000000000000000e+00
2.719884872436523438e+00
1.246895268559455872e-01
4.024043679237365723e-01
2.254584580659866333e-01
3.599259629845619202e-02
5.063621997833251953e-01
1.495078086853027344e+00
4.571353495121002197e-01
0.000000000000000000e+00
0.000000000000000000e+00
1.779337297193706036e-03
0.000000000000000000e+00
5.291197299957275391e-01
3.053020872175693512e-02
8.338409662246704102e-02
8.893175721168518066e-01
1.145257949829101562e+00
2.253360271453857422e+00
1.579208523035049438e-01
3.335189446806907654e-02
1.686165481805801392e-02
9.700217843055725098e-02
1.721405051648616791e-02
6.261562556028366089e-02
1.093367785215377808e-01
6.698477081954479218e-03
7.188197374343872070e-01
2.582964897155761719e-01
1.415878772735595703e+00
6.260590076446533203e+00
1.409201383590698242e+00
0.000000000000000000e+00
8.534698188304901123e-02
1.548624318093061447e-02
4.770600497722625732e-01
1.143769323825836182e-01
1.718389034271240234e+00
1.309192627668380737e-01
5.868653953075408936e-02
5.558680891990661621e-01
2.003961708396673203e-03
2.249844186007976532e-02
7.532923221588134766e-01
6.257908884435892105e-03
4.113614261150360107e-01
8.830909132957458496e-01
2.224513590335845947e-01
2.713606059551239014e-01
9.033234417438507080e-02
0.000000000000000000e+00
8.890626020729541779e-03
3.043631911277770996e-01
4.520224034786224365e-02
1.061914682388305664e+00
3.784559201449155807e-03
1.511798948049545288e-01
1.382251977920532227e-01
2.948536157608032227e+00
8.473430573940277100e-02
1.642025262117385864e-02
3.101679801940917969e+00
3.607554361224174500e-02
3.531353473663330078e-01
1.264338016510009766e+00
2.489915937185287476e-01
8.102363348007202148e-02
4.574168324470520020e-01
1.047293771989643574e-03
2.259364277124404907e-01
4.111718237400054932e-01
9.282245039939880371e-01
4.410983920097351074e-01
5.248895883560180664e-01
9.631344676017761230e-01
1.988121628761291504e+00
3.163605928421020508e-02
4.676269292831420898e-01
4.821058273315429688e+00
3.654446005821228027e-01
1.394575119018554688e+00
3.843443393707275391e-01
8.293772935867309570e-01
5.171320214867591858e-02
0.000000000000000000e+00
4.263899102807044983e-02
0.000000000000000000e+00
8.995053172111511230e-01
3.215419650077819824e-01
3.745353221893310547e-01
6.796405464410781860e-02
8.930592536926269531e-01
9.583631753921508789e-01
1.145440414547920227e-01
2.467789888381958008e+00
5.694937705993652344e-02
1.778288558125495911e-02
3.408553600311279297e-01
1.136662721633911133e+00
1.069738984107971191e+00
7.959920912981033325e-02
7.657909989356994629e-01
3.232238769531250000e+00
5.803653225302696228e-02
8.711006641387939453e-01
0.000000000000000000e+00
1.132776737213134766e+00
2.066998779773712158e-01
9.963895082473754883e-01
3.224810659885406494e-01
1.354945302009582520e+00
6.639500856399536133e-01
2.753444574773311615e-02
5.395328998565673828e-01
1.314868777990341187e-01
1.416814047843217850e-02
5.547491908073425293e-01
1.806742995977401733e-01
5.106396675109863281e-01
3.562411526218056679e-03
3.266794979572296143e-01
5.516890436410903931e-02
8.971595168113708496e-01
1.557774841785430908e-01
9.111297130584716797e-01
0.000000000000000000e+00
4.413362741470336914e-01
4.370496571063995361e-01
1.143980398774147034e-01
1.285494565963745117e-01
2.703434824943542480e-01
1.380516171455383301e+00
0.000000000000000000e+00
5.659906193614006042e-02
8.204569816589355469e-01
2.137513607740402222e-01
6.454430222511291504e-01
2.261168807744979858e-01
1.727983057498931885e-01
3.963361084461212158e-01
1.749050259590148926e+00
2.799049317836761475e-01
7.862105965614318848e-03
0.000000000000000000e+00
1.679172366857528687e-01
6.650201976299285889e-02
1.852200925350189209e-01
4.964626729488372803e-01
1.915990233421325684e+00
1.107545137405395508e+00
3.941715061664581299e-01
2.988496422767639160e-01
1.453276425600051880e-01
4.130396842956542969e-01
2.937354743480682373e-01
