7.251313686370849609e+00
4.480839073657989502e-01
1.037143588066101074e+00
1.176077499985694885e-01
6.451438069343566895e-01
0.000000000000000000e+00
0.000000000000000000e+00
1.926708407700061798e-02
6.869039535522460938e-01
0.000000000000000000e+00
4.391235411167144775e-01
0.000000000000000000e+00
9.295244812965393066e-01
0.000000000000000000e+00
3.457626700401306152e-01
5.841286852955818176e-03
4.850559681653976440e-02
0.000000000000000000e+00
1.467402577400207520e-01
2.469531297683715820e-01
5.384725052863359451e-03
1.268168538808822632e-01
2.036509662866592407e-01
8.376368284225463867e-01
1.877230554819107056e-01
1.614723205566406250e-01
2.783665657043457031e-01
2.961207181215286255e-02
5.139703303575515747e-02
0.000000000000000000e+00
3.221201002597808838e-01
9.298831224441528320e-01
0.000000000000000000e+00
1.144140586256980896e-01
3.483204543590545654e-02
2.492199391126632690e-01
4.884734377264976501e-02
7.270415872335433960e-02
1.978735476732254028e-01
1.200389564037322998e-01
2.861523628234863281e-02
7.193433642387390137e-01
4.737831354141235352e-01
0.000000000000000000e+00
4.456743717193603516e+00
1.090741623193025589e-02
4.725960642099380493e-02
2.179076969623565674e-01
1.445897519588470459e-01
2.361742109060287476e-01
6.940757036209106445e-01
3.349335789680480957e-01
3.218080759048461914e+00
1.092769652605056763e-01
2.410032227635383606e-02
1.300368189811706543e+00
4.070378467440605164e-02
6.945383548736572266e-01
1.450663208961486816e+00
1.386096477508544922e-01
3.353021144866943359e-01
1.387032270431518555e-01
0.000000000000000000e+00
4.088779091835021973e-01
0.000000000000000000e+00
2.208169698715209961e-01
2.184889912605285645e-01
5.738009810447692871e-01
1.477638363838195801e+00
8.135083317756652832e-01
1.224275231361389160e+00
7.080306112766265869e-02
0.000000000000000000e+00
7.276844978332519531e-01
2.995059639215469360e-02
5.870957858860492706e-03
4.985460042953491211e-01
0.000000000000000000e+00
9.152517467737197876e-02
0.000000000000000000e+00
2.546705305576324463e-02
0.000000000000000000e+00
1.310185492038726807e-01
5.415240302681922913e-03
7.099232673645019531e-01
2.159917205572128296e-01
0.000000000000000000e+00
4.763353243470191956e-02
1.733548752963542938e-02
8.002685755491256714e-02
0.000000000000000000e+00
0.000000000000000000e+00
6.158465892076492310e-02
4.282985627651214600e-01
0.000000000000000000e+00
8.874323219060897827e-02
3.839747607707977295e-02
9.700492024421691895e-02
2.171583101153373718e-02
0.000000000000000000e+00
4.019913449883460999e-02
2.088820338249206543e-01
0.000000000000000000e+00
2.276584655046463013e-01
1.161069348454475403e-01
1.501390337944030762e-01
4.801772236824035645e-01
0.000000000000000000e+00
4.878981411457061768e-02
3.840355873107910156e-01
1.413356419652700424e-02
8.877385407686233521e-02
0.000000000000000000e+00
9.891275316476821899e-03
2.671523950994014740e-02
1.644075870513916016e+00
1.631674319505691528e-01
2.898249626159667969e-01
6.082628369331359863e-01
5.333711579442024231e-02
3.073973394930362701e-02
0.000000000000000000e+00
0.000000000000000000e+00
4.490797221660614014e-01
4.623302459716796875e+00
2.106011152267456055e+00
0.000000000000000000e+00
1.947377249598503113e-02
0.000000000000000000e+00
2.420936375856399536e-01
6.465789675712585449e-01
0.000000000000000000e+00
1.516169905662536621e+00
3.248628079891204834e-01
0.000000000000000000e+00
0.000000000000000000e+00
4.140099585056304932e-01
0.000000000000000000e+00
6.002376079559326172e-01
5.591368302702903748e-02
3.065151534974575043e-02
5.870475172996520996e-01
0.000000000000000000e+00
3.124455511569976807e-01
0.000000000000000000e+00
3.273517591878771782e-03
2.286651730537414551e-02
0.000000000000000000e+00
5.358816310763359070e-02
0.000000000000000000e+00
9.165871143341064453e-02
3.501352667808532715e-01
1.375614106655120850e-01
1.334531545639038086e+00
5.129200220108032227e-01
0.000000000000000000e+00
5.560059547424316406e-01
0.000000000000000000e+00
5.622164011001586914e-01
4.352856799960136414e-02
0.000000000000000000e+00
1.955481804907321930e-02
0.000000000000000000e+00
7.029471993446350098e-01
1.419281363487243652e-01
1.429794430732727051e+00
9.832898974418640137e-01
4.545846581459045410e-01
1.879726909101009369e-02
9.391285479068756104e-02
3.522349357604980469e+00
2.835278511047363281e-01
0.000000000000000000e+00
0.000000000000000000e+00
2.245813310146331787e-01
9.198847413063049316e-02
9.321334771811962128e-03
0.000000000000000000e+00
5.640929937362670898e-02
9.851109981536865234e-01
5.164850950241088867e-01
0.000000000000000000e+00
0.000000000000000000e+00
1.261159870773553848e-02
3.337028622627258301e-01
6.652941107749938965e-01
2.568043768405914307e-01
0.000000000000000000e+00
0.000000000000000000e+00
0.000000000000000000e+00
4.289501011371612549e-01
7.094877958297729492e-02
7.673157453536987305e-01
1.700471043586730957e-01
9.345115721225738525e-02
7.001186162233352661e-02
4.079845249652862549e-01
2.500969171524047852e-01
2.457005828619003296e-01
9.402545094490051270e-01
1.709719896316528320e+00
7.011160720139741898e-03
3.116037249565124512e-01
0.000000000000000000e+00
1.298680454492568970e-01
5.234759449958801270e-01
1.511038560420274734e-02
7.440150380134582520e-01
0.000000000000000000e+00
3.965923070907592773e+00
2.214518189430236816e-02
0.000000000000000000e+00
1.714740246534347534e-01
0.000000000000000000e+00
2.228304743766784668e-02
9.066174626350402832e-01
8.214310407638549805e-01
1.277898810803890228e-02
6.915787607431411743e-02
0.000000000000000000e+00
2.798612117767333984e-01
2.023756206035614014e-01
2.964362859725952148e+00
2.275106012821197510e-01
8.261223882436752319e-02
0.000000000000000000e+00
1.198954507708549500e-02
4.560721516609191895e-01
0.000000000000000000e+00
4.619003534317016602e-01
1.041281461715698242e+00
5.239916443824768066e-01
0.000000000000000000e+00
5.921575799584388733e-02
3.621517447754740715e-03
7.204416394233703613e-01
0.000000000000000000e+00
8.247805833816528320e-01
1.175857305526733398e+00
8.701645419932901859e-04
1.132501661777496338e-02
7.811372876167297363e-01
9.677379131317138672e-01
9.094419330358505249e-02
1.902811229228973389e-01
2.689928933978080750e-02
0.000000000000000000e+00
3.180263638496398926e-01
3.541772486642003059e-03
0.000000000000000000e+00
0.000000000000000000e+00
5.637256428599357605e-03
0.000000000000000000e+00
1.100269109010696411e-01
5.103355050086975098e-01
2.891437709331512451e-01
8.599361032247543335e-02
2.860819995403289795e-01
2.564148008823394775e-01
5.720369219779968262e-01
5.957391485571861267e-02
1.297999322414398193e-01
0.000000000000000000e+00
9.030596613883972168e-01
0.000000000000000000e+00
2.780945971608161926e-03
7.915882468223571777e-01
3.136377334594726562e-01
0.000000000000000000e+00
0.000000000000000000e+00
1.330796331167221069e-01
0.000000000000000000e+00
5.490350723266601562e-01
1.628893986344337463e-02
4.858053103089332581e-02
4.128381013870239258e-01
1.116246879100799561e-01
2.998980581760406494e-01
3.824900388717651367e-01
5.280323624610900879e-01
3.770772516727447510e-01
2.882702946662902832e-01
0.000000000000000000e+00
3.356642723083496094e-01
1.218271628022193909e-01
6.338438391685485840e-01
1.309079974889755249e-01
2.904021263122558594e+00
2.575222551822662354e-01
7.357937693595886230e-01
7.210266590118408203e-02
2.489236116409301758e+00
1.476037740707397461e+00
0.000000000000000000e+00
1.215231344103813171e-01
5.470515415072441101e-02
9.904874861240386963e-02
2.517464458942413330e-01
8.747588396072387695e-01
0.000000000000000000e+00
1.214954815804958344e-02
0.000000000000000000e+00
6.779981851577758789e-01
0.000000000000000000e+00
6.059260964393615723e-01
1.656520664691925049e-01
3.553375601768493652e-01
1.526111364364624023e-01
1.742299646139144897e-02
2.904784440994262695e+00
1.021371558308601379e-01
3.463502228260040283e-01
3.577548637986183167e-02
4.142307043075561523e-01
2.561442852020263672e-01
1.428968906402587891e-01
6.446417570114135742e-01
2.395838499069213867e-01
3.677446767687797546e-02
8.536557108163833618e-02
4.810485988855361938e-02
9.182562828063964844e-01
0.000000000000000000e+00
1.191117525100708008e+00
1.088585779070854187e-01
0.000000000000000000e+00
9.837180376052856445e-01
8.988844156265258789e-01
6.262347567826509476e-03
2.421348728239536285e-02
0.000000000000000000e+00
5.020462349057197571e-02
6.832442283630371094e-01
5.057917237281799316e-01
3.942310065031051636e-02
2.202140331268310547e+00
1.732587963342666626e-01
2.256159037351608276e-01
1.069750547409057617e+00
1.232490465044975281e-01
1.007869094610214233e-02
5.287921987473964691e-03
1.951747573912143707e-02
0.000000000000000000e+00
1.041522808372974396e-02
0.000000000000000000e+00
0.000000000000000000e+00
3.004610724747180939e-02
1.476905941963195801e+00
1.691688084974884987e-03
2.399248331785202026e-01
1.575642079114913940e-01
1.576970368623733521e-01
8.376703411340713501e-02
9.005228057503700256e-03
5.066655278205871582e-01
5.770537853240966797e-01
1.307705789804458618e-01
3.402106761932373047e-01
8.875312656164169312e-02
2.012503147125244141e-01
9.094720333814620972e-02
3.979966044425964355e-01
1.325831174850463867e+00
5.301159620285034180e-02
7.322139292955398560e-02
6.504713296890258789e-01
1.671104282140731812e-01
1.877652555704116821e-01
0.000000000000000000e+00
2.611219584941864014e-01
0.000000000000000000e+00
0.000000000000000000e+00
0.000000000000000000e+00
2.651611268520355225e-01
1.803212016820907593e-01
5.953400731086730957e-01
2.255861461162567139e-01
5.615111440420150757e-02
1.246759444475173950e-01
0.000000000000000000e+00
2.136903442442417145e-02
1.204113364219665527e-01
3.048914112150669098e-02
8.267199248075485229e-02
2.029424011707305908e-01
4.972265660762786865e-01
6.653918325901031494e-02
2.842457592487335205e-01
4.166612029075622559e-01
1.406472548842430115e-02
1.526927947998046875e-02
3.862206637859344482e-01
0.000000000000000000e+00
8.230743557214736938e-02
1.612893342971801758e+00
4.070525616407394409e-02
3.834888935089111328e+00
6.813426017761230469e-01
0.000000000000000000e+00
5.918129161000251770e-02
2.489218413829803467e-01
2.529698908329010010e-01
8.839459419250488281e-01
2.907673716545104980e-01
8.006350398063659668e-01
8.207731880247592926e-03
1.146806627511978149e-01
4.037612974643707275e-01
1.446267366409301758e-01
3.878089832141995430e-03
1.207664832472801208e-01
3.928767681121826172e+00
1.017602607607841492e-01
4.139941185712814331e-02
0.000000000000000000e+00
0.000000000000000000e+00
1.218724772334098816e-01
7.327900826930999756e-02
7.339662406593561172e-03
9.310806989669799805e-01
2.536760568618774414e-01
6.429995596408843994e-02
8.415963500738143921e-02
1.507449522614479065e-02
0.000000000000000000e+00
0.000000000000000000e+00
1.294274806976318359e+00
0.000000000000000000e+00
4.055235087871551514e-01
0.000000000000000000e+00
1.150527130812406540e-02
1.385267823934555054e-01
1.310753971338272095e-01
4.581251442432403564e-01
1.408639997243881226e-01
2.571591548621654510e-02
5.689830332994461060e-02
6.635945755988359451e-03
5.323187112808227539e-01
1.568481624126434326e-01
3.444518744945526123e-01
0.000000000000000000e+00
4.860169589519500732e-01
6.067523360252380371e-01
0.000000000000000000e+00
2.633816599845886230e-01
1.322653889656066895e-01
1.500782132148742676e+00
7.493194192647933960e-03
3.570485115051269531e-01
0.000000000000000000e+00
6.617510914802551270e-01
0.000000000000000000e+00
0.000000000000000000e+00
2.113233059644699097e-01
0.000000000000000000e+00
2.264139354228973389e-01
0.000000000000000000e+00
3.424628451466560364e-02
2.459912747144699097e-01
1.219790101051330566e+00
1.802143082022666931e-02
1.952607482671737671e-01
1.164016366004943848e+00
4.957385957241058350e-01
9.391827136278152466e-02
1.636719243833795190e-04
3.916069120168685913e-02
0.000000000000000000e+00
2.166227996349334717e-01
7.007690668106079102e-01
7.784805297851562500e-01
8.581621646881103516e-01
1.031033918261528015e-01
1.502541005611419678e-01
0.000000000000000000e+00
1.572422534227371216e-01
0.000000000000000000e+00
1.325945854187011719e+00
0.000000000000000000e+00
1.483275089412927628e-02
3.432232141494750977e-02
9.423789381980895996e-02
1.256061531603336334e-02
1.766207218170166016e+00
3.663061618804931641e+00
1.914426237344741821e-01
2.365414142608642578e+00
2.807593047618865967e-01
3.150415122509002686e-01
1.382172584533691406e+00
1.508409976959228516e-01
0.000000000000000000e+00
1.635853052139282227e-01
3.020856902003288269e-02
3.495385050773620605e-01
3.209095299243927002e-01
0.000000000000000000e+00
4.422430992126464844e-01
1.450368613004684448e-01
1.430335044860839844e-01
3.286547958850860596e-02
7.095862627029418945e-01
0.000000000000000000e+00
4.145389199256896973e-01
0.000000000000000000e+00
0.000000000000000000e+00
4.046398103237152100e-01
5.830758064985275269e-02
0.000000000000000000e+00
3.595936298370361328e-01
1.002704817801713943e-02
8.754336088895797729e-02
1.001889184117317200e-01
1.348055750131607056e-01
0.000000000000000000e+00
4.516751766204833984e-01
0.000000000000000000e+00
8.094242960214614868e-02
0.000000000000000000e+00
2.056778192520141602e+00
0.000000000000000000e+00
8.607839047908782959e-02
2.187208414077758789e+00
1.038134992122650146e-01
7.961997389793395996e-02
6.903851777315139771e-02
5.362084865570068359e+00
9.323213696479797363e-01
7.814915478229522705e-02
7.544122934341430664e-01
0.000000000000000000e+00
3.668603673577308655e-02
0.000000000000000000e+00
1.245551463216543198e-02
2.718803938478231430e-03
0.000000000000000000e+00
1.862557530403137207e-01
1.807934999465942383e+00
1.176940083503723145e+00
0.000000000000000000e+00
0.000000000000000000e+00
0.000000000000000000e+00
0.000000000000000000e+00
1.363287214189767838e-03
1.171552203595638275e-02
3.884325623512268066e-01
6.865930557250976562e-01
3.475892543792724609e-01
2.351363301277160645e-01
8.547037243843078613e-01
1.510634459555149078e-02
1.541573405265808105e+00
0.000000000000000000e+00
4.043238703161478043e-03
4.778796806931495667e-02
2.877401709556579590e-01
1.430405080318450928e-01
0.000000000000000000e+00
4.797186255455017090e-01
1.627385616302490234e+00
2.186834514141082764e-01
0.000000000000000000e+00
1.024532094597816467e-01
1.404185056686401367e+00
1.879201889038085938e+00
2.741128392517566681e-02
3.463365137577056885e-02
3.825847804546356201e-01
6.237334609031677246e-01
2.904112935066223145e-01
1.062128394842147827e-01
3.096492402255535126e-02
0.000000000000000000e+00
2.319418638944625854e-01
2.565707266330718994e-02
1.785246729850769043e-01
8.409788012504577637e-01
4.242757707834243774e-02
0.000000000000000000e+00
0.000000000000000000e+00
9.892089664936065674e-02
0.000000000000000000e+00
2.563894033432006836e+00
0.000000000000000000e+00
9.307110309600830078e-02
1.040317267179489136e-01
0.000000000000000000e+00
3.087775968015193939e-02
0.000000000000000000e+00
3.206321271136403084e-03
5.609989166259765625e-03
1.191693067550659180e+00
0.000000000000000000e+00
0.000000000000000000e+00
2.223664075136184692e-01
4.039905965328216553e-01
0.000000000000000000e+00
1.676881909370422363e+00
8.823287487030029297e-02
2.611360788345336914e+00
0.000000000000000000e+00
2.213013358414173126e-03
1.597069203853607178e-01
1.798082292079925537e-01
6.372786313295364380e-02
1.654057353734970093e-01
0.000000000000000000e+00
1.305552721023559570e-01
9.173281490802764893e-03
0.000000000000000000e+00
0.000000000000000000e+00
1.559493988752365112e-01
5.334740281105041504e-01
2.806276641786098480e-02
6.898618340492248535e-01
1.346751302480697632e-02
8.716911543160676956e-04
0.000000000000000000e+00
0.000000000000000000e+00
0.000000000000000000e+00
7.898092269897460938e-02
6.970409303903579712e-02
7.600390911102294922e-01
1.271222382783889771e-01
4.255430400371551514e-01
0.000000000000000000e+00
2.896097255870699883e-03
0.000000000000000000e+00
1.328089475631713867e+00
2.406205981969833374e-02
1.770176924765110016e-02
4.810786619782447815e-02
7.405935227870941162e-02
0.000000000000000000e+00
2.903477475047111511e-02
9.037819504737854004e-02
1.752218377077952027e-04
0.000000000000000000e+00
2.797457575798034668e-02
3.089013881981372833e-02
2.411296367645263672e+00
1.880224198102951050e-01
0.000000000000000000e+00
9.019278883934020996e-01
3.719240427017211914e+00
2.275229664519429207e-03
5.854194164276123047e-01
0.000000000000000000e+00
3.138574361801147461e-01
2.719547972083091736e-02
0.000000000000000000e+00
1.415693014860153198e-02
2.597451210021972656e-03
3.311930596828460693e-02
2.354550659656524658e-01
6.400536298751831055e-01
2.225677967071533203e-01
0.000000000000000000e+00
9.568347036838531494e-02
9.734482318162918091e-02
4.779003933072090149e-02
9.871716611087322235e-03
0.000000000000000000e+00
8.321169763803482056e-02
0.000000000000000000e+00
1.246155023574829102e+00
0.000000000000000000e+00
2.522793710231781006e-01
4.769519716501235962e-02
9.480105713009834290e-03
2.346246838569641113e-01
3.564650192856788635e-02
1.723854094743728638e-01
1.109418198466300964e-01
3.074864745140075684e-01
0.000000000000000000e+00
2.350216954946517944e-01
5.265217423439025879e-01
0.000000000000000000e+00
6.973550468683242798e-02
1.398573875427246094e+00
5.635847523808479309e-02
0.000000000000000000e+00
3.357830271124839783e-02
0.000000000000000000e+00
4.533119499683380127e-02
2.544389963150024414e-01
1.784143447875976562e-01
2.529248893260955811e-01
0.000000000000000000e+00
0.000000000000000000e+00
0.000000000000000000e+00
2.072046399116516113e-01
4.747390747070312500e-03
8.613054752349853516e-01
2.756296396255493164e-01
2.762882213573902845e-04
0.000000000000000000e+00
2.152870893478393555e-01
6.967833638191223145e-02
1.795069426298141479e-01
0.000000000000000000e+00
0.000000000000000000e+00
7.224904298782348633e-01
0.000000000000000000e+00
2.526108741760253906e+00
3.844359219074249268e-01
0.000000000000000000e+00
2.423103094100952148e+00
1.180098414421081543e+00
1.326770901679992676e+00
1.406309157609939575e-01
0.000000000000000000e+00
2.469613254070281982e-01
1.373902320861816406e+00
0.000000000000000000e+00
1.734032481908798218e-02
4.919824656099081039e-03
8.720044046640396118e-02
1.454464793205261230e-01
1.428226232528686523e-01
1.981468647718429565e-01
4.504222869873046875e-01
2.255708910524845123e-02
1.211641207337379456e-01
0.000000000000000000e+00
0.000000000000000000e+00
0.000000000000000000e+00
1.198529720306396484e+00
5.590643361210823059e-02
1.426257133483886719e+00
2.459497600793838501e-01
6.530691683292388916e-02
2.860602550208568573e-02
2.983800470829010010e-01
6.630532145500183105e-01
2.419239878654479980e-01
2.184239961206912994e-02
1.034539639949798584e-01
9.194632619619369507e-02
1.805903762578964233e-01
9.396123886108398438e-01
8.469902724027633667e-02
2.784063294529914856e-02
6.683273315429687500e-01
4.363068938255310059e-02
1.263240277767181396e-01
3.265742957592010498e-01
1.014300584793090820e+00
3.878623843193054199e-01
9.513916969299316406e-01
6.918376684188842773e-02
2.247992902994155884e-01
0.000000000000000000e+00
2.709503173828125000e+00
1.339734345674514771e-02
7.044232450425624847e-03
8.143264055252075195e-02
1.249147415161132812e+00
2.325718879699707031e+00
9.102272391319274902e-01
6.412426829338073730e-01
8.009230345487594604e-02
8.426473736763000488e-01
0.000000000000000000e+00
2.366219997406005859e+00
4.717334359884262085e-02
1.564360141754150391e+00
4.982419312000274658e-02
8.104588836431503296e-02
8.162507787346839905e-03
5.242595076560974121e-01
5.521927494555711746e-03
0.000000000000000000e+00
2.649316005408763885e-02
6.212757434695959091e-03
0.000000000000000000e+00
1.908658072352409363e-02
4.008161544799804688e+00
3.372875928878784180e+00
5.442153215408325195e-01
0.000000000000000000e+00
6.890078075230121613e-04
0.000000000000000000e+00
5.067418813705444336e-01
1.073223352432250977e+00
6.119014695286750793e-02
6.167738437652587891e-01
0.000000000000000000e+00
1.123794242739677429e-01
4.123864471912384033e-01
2.858710289001464844e-01
2.562122605741024017e-02
0.000000000000000000e+00
1.747382245957851410e-02
1.850384473800659180e-01
6.693773269653320312e-01
1.576807200908660889e-01
0.000000000000000000e+00
5.788177847862243652e-01
1.649816036224365234e-01
0.000000000000000000e+00
7.766866087913513184e-01
9.656857699155807495e-02
1.379174645990133286e-02
3.107156157493591309e-01
8.324146270751953125e-02
5.751093477010726929e-02
1.186607033014297485e-01
1.521797329187393188e-01
0.000000000000000000e+00
0.000000000000000000e+00
5.396193265914916992e-01
2.835400775074958801e-02
0.000000000000000000e+00
1.606918811798095703e+00
0.000000000000000000e+00
9.858562797307968140e-02
6.068879272788763046e-03
8.018815517425537109e-02
0.000000000000000000e+00
4.760091006755828857e-01
2.519889771938323975e-01
9.113891422748565674e-02
0.000000000000000000e+00
1.746021509170532227e-01
3.094755858182907104e-02
2.981789293698966503e-04
3.476128214970231056e-03
1.788440823554992676e+00
1.989319361746311188e-02
5.015704035758972168e-01
1.711750477552413940e-01
0.000000000000000000e+00
2.776654243469238281e+00
3.378213569521903992e-02
4.512889683246612549e-01
0.000000000000000000e+00
1.749418210238218307e-03
3.239647448062896729e-01
0.000000000000000000e+00
1.704283803701400757e-01
2.305980473756790161e-01
2.890516258776187897e-02
4.221820533275604248e-01
0.000000000000000000e+00
8.101241588592529297e-01
0.000000000000000000e+00
4.681434631347656250e+00
2.129624970257282257e-02
9.365119338035583496e-01
4.031262546777725220e-02
0.000000000000000000e+00
1.607435196638107300e-01
4.751259684562683105e-01
8.834022879600524902e-01
1.386025667190551758e+00
1.945004701614379883e+00
2.428705692291259766e+00
1.425957828760147095e-01
4.775998368859291077e-02
9.360744804143905640e-02
0.000000000000000000e+00
2.275555849075317383e+00
0.000000000000000000e+00
1.336569245904684067e-02
0.000000000000000000e+00
4.296301305294036865e-01
4.787406921386718750e-01
4.693837370723485947e-03
0.000000000000000000e+00
3.601370379328727722e-02
1.154070377349853516e+00
1.423162873834371567e-02
3.453190028667449951e-01
5.775712430477142334e-02
1.439077258110046387e+00
0.000000000000000000e+00
3.129222393035888672e-01
6.277677416801452637e-01
2.203921318054199219e+00
2.001939527690410614e-02
1.921491622924804688e+00
0.000000000000000000e+00
0.000000000000000000e+00
5.295580625534057617e-01
2.023332118988037109e-01
0.000000000000000000e+00
1.677569627761840820e+00
1.058940649032592773e+00
7.495269924402236938e-02
1.802258379757404327e-02
2.754208073019981384e-02
3.937850594520568848e-01
3.866763412952423096e-02
0.000000000000000000e+00
0.000000000000000000e+00
0.000000000000000000e+00
0.000000000000000000e+00
1.141303420066833496e+00
3.258435130119323730e-01
1.511587947607040405e-01
3.976900100708007812e+00
4.889544248580932617e-01
1.330136209726333618e-01
6.696121692657470703e-01
9.267038665711879730e-03
1.363893270492553711e+00
4.721131324768066406e-01
1.057680964469909668e+00
2.279404997825622559e-01
2.961092889308929443e-01
0.000000000000000000e+00
4.992737174034118652e-01
7.674088478088378906e-01
1.473695755004882812e+00
5.345874786376953125e+00
2.617180049419403076e-01
3.366418927907943726e-02
4.509389773011207581e-02
5.093683674931526184e-02
0.000000000000000000e+00
0.000000000000000000e+00
4.298205301165580750e-02
3.290337026119232178e-01
1.050225734710693359e+00
6.443522572517395020e-01
0.000000000000000000e+00
3.955461502075195312e+00
4.474892020225524902e-01
3.191565349698066711e-02
4.797171652317047119e-01
1.117943972349166870e-01
3.298811912536621094e-01
0.000000000000000000e+00
5.046490430831909180e-01
4.756326198577880859e+00
1.015446428209543228e-02
4.339086115360260010e-01
9.140373468399047852e-01
6.065572500228881836e-01
3.446568846702575684e-01
2.967033162713050842e-02
0.000000000000000000e+00
4.709839448332786560e-02
1.418601423501968384e-01
3.124586343765258789e-01
1.036812663078308105e+00
3.997545838356018066e-01
3.941572904586791992e-01
2.185983769595623016e-02
0.000000000000000000e+00
5.550171136856079102e-01
0.000000000000000000e+00
1.361177861690521240e-01
9.638967514038085938e-01
8.338150382041931152e-02
0.000000000000000000e+00
4.373282659798860550e-03
6.572461873292922974e-02
1.131648756563663483e-02
2.445599883794784546e-01
2.415201365947723389e-01
3.595949411392211914e-01
2.110382914543151855e-02
0.000000000000000000e+00
3.023653626441955566e-01
0.000000000000000000e+00
2.418362908065319061e-02
2.279400527477264404e-01
5.706866979598999023e-01
0.000000000000000000e+00
7.800326943397521973e-01
8.113513588905334473e-01
1.063269972801208496e+00
1.398343965411186218e-02
0.000000000000000000e+00
0.000000000000000000e+00
5.170443058013916016e+00
5.590612292289733887e-01
0.000000000000000000e+00
0.000000000000000000e+00
0.000000000000000000e+00
0.000000000000000000e+00
3.715959191322326660e-01
1.964132860302925110e-02
1.795287728309631348e+00
2.480122074484825134e-02
3.438477590680122375e-02
1.112181395292282104e-01
1.512760994955897331e-03
1.330684572458267212e-01
1.089730765670537949e-02
4.052686214447021484e+00
5.867068096995353699e-02
9.947136789560317993e-02
2.367990016937255859e-01
2.092422246932983398e-01
0.000000000000000000e+00
1.177827119827270508e+00
3.165643215179443359e-01
4.039832577109336853e-02
8.229088783264160156e-01
2.033458650112152100e-01
4.696203768253326416e-01
5.517286062240600586e-01
2.149315178394317627e-02
0.000000000000000000e+00
0.000000000000000000e+00
9.941113740205764771e-02
2.310545742511749268e-01
8.007688522338867188e-01
1.848075538873672485e-02
0.000000000000000000e+00
2.639798223972320557e-01
0.000000000000000000e+00
0.000000000000000000e+00
0.000000000000000000e+00
1.379031538963317871e-01
3.689318895339965820e-02
6.950607895851135254e-02
2.798731923103332520e-01
0.000000000000000000e+00
2.425617277622222900e-01
0.000000000000000000e+00
1.380743682384490967e-01
0.000000000000000000e+00
9.689829349517822266e-01
1.874502599239349365e-01
0.000000000000000000e+00
0.000000000000000000e+00
1.784186623990535736e-02
1.920751810073852539e+00
4.357546102255582809e-03
5.786611512303352356e-02
0.000000000000000000e+00
1.042421720921993256e-02
4.040786623954772949e-02
3.660122156143188477e-01
4.058290719985961914e-01
7.161220908164978027e-01
9.055642038583755493e-02
4.088193923234939575e-02
0.000000000000000000e+00
2.408183962106704712e-01
4.467459022998809814e-02
2.472292482852935791e-01
1.328417956829071045e-01
0.000000000000000000e+00
2.771207690238952637e-02
1.269833087921142578e+00
2.149773091077804565e-01
1.789963245391845703e+00
3.500009179115295410e-01
0.000000000000000000e+00
6.681197136640548706e-02
5.586149096488952637e-01
2.376002222299575806e-01
4.230302274227142334e-01
3.423425555229187012e-02
4.077501893043518066e-01
0.000000000000000000e+00
1.277587860822677612e-01
1.054632902145385742e+00
2.486428245902061462e-02
5.892445445060729980e-01
3.078438807278871536e-03
5.358416438102722168e-01
5.016357898712158203e-01
1.165650844573974609e+00
5.004338175058364868e-02
3.161331415176391602e+00
1.234573423862457275e-01
0.000000000000000000e+00
0.000000000000000000e+00
2.364950180053710938e+00
0.000000000000000000e+00
2.798453345894813538e-02
6.561927199363708496e-01
1.275432825088500977e+00
0.000000000000000000e+00
0.000000000000000000e+00
0.000000000000000000e+00
4.184869676828384399e-02
0.000000000000000000e+00
4.668159186840057373e-01
9.913480877876281738e-01
2.365590482950210571e-01
0.000000000000000000e+00
0.000000000000000000e+00
1.462445259094238281e+00
1.641714274883270264e-01
5.123094320297241211e-01
3.577589988708496094e-02
9.600444883108139038e-02
1.342861652374267578e-01
0.000000000000000000e+00
3.598082065582275391e-02
5.975868087261915207e-03
4.489552974700927734e-01
1.584499329328536987e-01
1.177632734179496765e-01
7.844762206077575684e-01
0.000000000000000000e+00
3.198278322815895081e-02
5.251036882400512695e-01
1.271960854530334473e+00
6.632611900568008423e-02
4.206526093184947968e-03
1.640358753502368927e-02
9.515467286109924316e-02
2.019189596176147461e-01
4.848804175853729248e-01
1.653357408940792084e-02
3.775650262832641602e-01
0.000000000000000000e+00
1.229169685393571854e-02
3.217828460037708282e-03
1.330406308174133301e+00
2.601347267627716064e-01
4.247991368174552917e-02
4.976395666599273682e-01
1.805799901485443115e-01
8.394613116979598999e-02
8.035737872123718262e-01
1.108632802963256836e+00
1.760559529066085815e-01
1.738122105598449707e-01
1.590428291819989681e-03
3.003151528537273407e-02
2.562053501605987549e-02
6.786090135574340820e-02
7.724481821060180664e-02
6.992576718330383301e-01
1.278491877019405365e-02
5.278465524315834045e-02
1.676159650087356567e-01
8.308295905590057373e-02
4.109906256198883057e-01
2.104057312011718750e+00
1.222441345453262329e-02
0.000000000000000000e+00
0.000000000000000000e+00
3.238282501697540283e-01
8.921857923269271851e-02
6.480601429939270020e-01
5.388688445091247559e-01
3.073397965636104345e-04
8.861074596643447876e-02
0.000000000000000000e+00
1.466624345630407333e-02
8.419426679611206055e-01
2.627528505399823189e-03
0.000000000000000000e+00
7.917656302452087402e-01
1.902262568473815918e-01
5.763859152793884277e-01
1.106612533330917358e-01
6.116927266120910645e-01
1.105787307024002075e-01
1.426983624696731567e-02
3.488602936267852783e-01
6.574171185493469238e-01
3.353142365813255310e-02
6.015533208847045898e-01
4.753738176077604294e-03
9.653866291046142578e-01
0.000000000000000000e+00
1.125656366348266602e+00
1.407884359359741211e+00
1.712405979633331299e-01
0.000000000000000000e+00
1.044916152954101562e+00
9.923892617225646973e-01
0.000000000000000000e+00
1.100063025951385498e-01
0.000000000000000000e+00
0.000000000000000000e+00
5.192509889602661133e-01
1.559519022703170776e-02
5.622069537639617920e-02
2.247892171144485474e-01
2.425032854080200195e-01
2.030860781669616699e-01
0.000000000000000000e+00
2.389651685953140259e-01
0.000000000000000000e+00
1.434842497110366821e-02
4.873591065406799316e-01
3.487799465656280518e-01
1.163647100329399109e-01
0.000000000000000000e+00
1.267057657241821289e-01
1.483085216023027897e-04
4.172919094562530518e-01
1.453656107187271118e-01
0.000000000000000000e+00
1.629390567541122437e-02
5.843821913003921509e-03
1.447161752730607986e-02
3.860718607902526855e-01
1.622022390365600586e-01
0.000000000000000000e+00
2.990881912410259247e-04
1.302809566259384155e-01
1.754469797015190125e-02
5.590376853942871094e-01
7.240033894777297974e-02
4.520875867456197739e-03
1.776004582643508911e-02
9.774142503738403320e-02
1.004465699195861816e+00
1.295065134763717651e-01
1.051212027668952942e-01
0.000000000000000000e+00
7.584090828895568848e-01
0.000000000000000000e+00
0.000000000000000000e+00
6.561318412423133850e-03
0.000000000000000000e+00
3.279617428779602051e-01
2.442025206983089447e-02
0.000000000000000000e+00
1.673813343048095703e+00
3.182554006576538086e+00
1.473542928695678711e+00
2.727825567126274109e-02
1.038776993751525879e+00
7.891976833343505859e-02
1.151602994650602341e-02
5.317801833152770996e-01
1.369270235300064087e-01
7.655774354934692383e-01
1.449514925479888916e-01
4.717834591865539551e-01
6.309244036674499512e-01
2.231885492801666260e-02
8.111729025840759277e-01
1.030902504920959473e+00
7.856799364089965820e-01
1.912453472614288330e-01
4.421077296137809753e-02
1.872511506080627441e-01
6.696264445781707764e-02
4.144117534160614014e-01
1.469675600528717041e-01
2.904528006911277771e-02
6.577530503273010254e-02
6.517398357391357422e-02
5.327768325805664062e-01
5.238319933414459229e-02
1.856552660465240479e-01
0.000000000000000000e+00
8.673501014709472656e-01
0.000000000000000000e+00
8.689203113317489624e-02
0.000000000000000000e+00
0.000000000000000000e+00
2.139079384505748749e-02
0.000000000000000000e+00
3.946970403194427490e-01
6.772177759557962418e-03
3.063030242919921875e-01
7.388521730899810791e-02
7.846572250127792358e-02
3.855511546134948730e-01
4.569246768951416016e-01
8.223963379859924316e-01
7.177606225013732910e-02
0.000000000000000000e+00
0.000000000000000000e+00
0.000000000000000000e+00
0.000000000000000000e+00
2.460723817348480225e-01
0.000000000000000000e+00
0.000000000000000000e+00
1.035952642560005188e-01
0.000000000000000000e+00
2.399686723947525024e-02
1.193645060993731022e-03
5.543767660856246948e-02
4.820951074361801147e-02
0.000000000000000000e+00
2.571809105575084686e-02
1.123318448662757874e-01
1.838162064552307129e+00
0.000000000000000000e+00
9.247458726167678833e-02
2.656445801258087158e-01
3.414455354213714600e-01
0.000000000000000000e+00
2.758149504661560059e-01
0.000000000000000000e+00
8.967066407203674316e-01
4.801816940307617188e+00
5.875568464398384094e-02
4.943826496601104736e-01
8.873359560966491699e-01
8.338269591331481934e-01
2.040947079658508301e-01
1.732638776302337646e-01
2.519616365432739258e+00
8.948456496000289917e-02
1.575093716382980347e-01
5.953113362193107605e-02
4.505112394690513611e-02
6.201318502426147461e-01
2.777602709829807281e-02
0.000000000000000000e+00
0.000000000000000000e+00
3.580681979656219482e-01
0.000000000000000000e+00
0.000000000000000000e+00
3.060544729232788086e+00
3.595396578311920166e-01
1.905896961688995361e-01
1.140281319618225098e+00
3.400006890296936035e-02
1.180347353219985962e-01
0.000000000000000000e+00
2.786630392074584961e-01
2.064632624387741089e-01
1.702829450368881226e-01
0.000000000000000000e+00
2.588891685009002686e-01
9.718287736177444458e-02
4.026276111602783203e+00
1.272668689489364624e-01
0.000000000000000000e+00
3.747827187180519104e-02
0.000000000000000000e+00
3.420407176017761230e-01
1.429085582494735718e-01
3.821914270520210266e-02
6.793398857116699219e-01
2.780102193355560303e-01
2.607974708080291748e-01
1.111712772399187088e-02
4.624764621257781982e-01
1.084367036819458008e-01
2.277312576770782471e-01
0.000000000000000000e+00
4.382134974002838135e-01
1.790319681167602539e+00
3.834655880928039551e-02
0.000000000000000000e+00
0.000000000000000000e+00
8.491321206092834473e-01
3.417412996292114258e+00
3.898868858814239502e-01
4.541885554790496826e-01
1.631355434656143188e-01
1.427995443344116211e+00
5.544969439506530762e-01
9.643515944480895996e-02
1.534695386886596680e+00
2.451491057872772217e-01
1.161785051226615906e-01
1.697758883237838745e-01
0.000000000000000000e+00
0.000000000000000000e+00
2.254353603348135948e-03
6.699372082948684692e-02
1.668955564498901367e+00
5.427104830741882324e-01
2.330480841919779778e-03
5.822577700018882751e-02
1.259650439023971558e-01
0.000000000000000000e+00
0.000000000000000000e+00
1.063267946243286133e+00
2.743876278400421143e-01
4.573236107826232910e-01
5.059868562966585159e-03
4.287181794643402100e-01
1.253804713487625122e-01
1.418414413928985596e-01
0.000000000000000000e+00
4.227150917053222656e+00
2.055693864822387695e-01
0.000000000000000000e+00
1.692904978990554810e-01
6.567851305007934570e-01
3.572152554988861084e-02
0.000000000000000000e+00
1.338482260704040527e+00
2.758885920047760010e-01
0.000000000000000000e+00
7.191464304924011230e-02
0.000000000000000000e+00
3.457665815949440002e-02
5.275660753250122070e-01
5.905200242996215820e-01
1.371519088745117188e+00
1.284862011671066284e-01
8.042971491813659668e-01
0.000000000000000000e+00
6.828440189361572266e+00
2.786081731319427490e-01
0.000000000000000000e+00
0.000000000000000000e+00
8.205299079418182373e-02
9.549289196729660034e-02
0.000000000000000000e+00
2.442087382078170776e-01
2.734406232833862305e+00
5.471289530396461487e-02
0.000000000000000000e+00
3.768895387649536133e+00
0.000000000000000000e+00
7.880160212516784668e-02
1.294644623994827271e-01
2.129070460796356201e-02
9.729723334312438965e-01
0.000000000000000000e+00
1.797770895063877106e-02
1.787251085042953491e-01
3.312243223190307617e-01
1.162817105650901794e-01
1.014919951558113098e-02
1.374183148145675659e-01
1.378762573003768921e-01
3.281879127025604248e-01
0.000000000000000000e+00
2.720379233360290527e-01
0.000000000000000000e+00
0.000000000000000000e+00
1.167744845151901245e-01
5.748146772384643555e-01
9.212334156036376953e-01
1.487169712781906128e-01
0.000000000000000000e+00
3.520151674747467041e-01
0.000000000000000000e+00
8.047913759946823120e-02
4.609760642051696777e-01
2.241690397262573242e+00
9.501897729933261871e-03
3.877803683280944824e-02
5.036766827106475830e-02
1.068776965141296387e+00
9.681012481451034546e-02
4.124887287616729736e-02
2.237196713685989380e-01
2.118663787841796875e-01
2.028412073850631714e-01
3.152405619621276855e-01
3.468451276421546936e-02
7.974421977996826172e-02
0.000000000000000000e+00
3.273571282625198364e-02
0.000000000000000000e+00
1.459830999374389648e-01
3.671454265713691711e-02
0.000000000000000000e+00
0.000000000000000000e+00
2.582902014255523682e-01
1.150728203356266022e-02
7.531166672706604004e-01
2.118185535073280334e-02
6.522332131862640381e-02
0.000000000000000000e+00
2.027839720249176025e-01
1.534445434808731079e-01
0.000000000000000000e+00
2.610333859920501709e-01
1.026905030012130737e-01
2.157054468989372253e-02
1.753591299057006836e-01
9.875583648681640625e-02
1.282381415367126465e+00
8.296792030334472656e+00
2.539430558681488037e-02
1.977412588894367218e-02
2.034655570983886719e+00
8.370411992073059082e-01
8.972737938165664673e-02
1.323147773742675781e+00
0.000000000000000000e+00
1.744013652205467224e-02
2.428542263805866241e-02
3.114319778978824615e-02
1.340278506278991699e+00
4.125753641128540039e-01
3.917696699500083923e-02
0.000000000000000000e+00
2.210052683949470520e-03
3.383912146091461182e-01
0.000000000000000000e+00
1.640085935592651367e+00
1.194905936717987061e-01
6.152564287185668945e-02
0.000000000000000000e+00
1.620007306337356567e-02
0.000000000000000000e+00
0.000000000000000000e+00
0.000000000000000000e+00
1.748276501893997192e-01
2.845322489738464355e-01
1.704765796661376953e+00
5.060192942619323730e-01
2.013538479804992676e-01
4.841364860534667969e+00
5.201009511947631836e-01
1.141874194145202637e+00
6.023189425468444824e-02
8.319210261106491089e-02
3.041780471801757812e+00
1.076775789260864258e+00
6.506297737360000610e-02
2.196502685546875000e+00
6.690600514411926270e-01
0.000000000000000000e+00
1.883831247687339783e-02
0.000000000000000000e+00
1.956944316625595093e-01
0.000000000000000000e+00
6.085363775491714478e-02
0.000000000000000000e+00
0.000000000000000000e+00
1.791309332475066185e-03
1.299174576997756958e-01
1.542629450559616089e-01
2.551168389618396759e-02
8.835008740425109863e-01
0.000000000000000000e+00
0.000000000000000000e+00
1.636734962463378906e+00
4.931639879941940308e-03
3.090803325176239014e-02
6.033152341842651367e-02
6.264657247811555862e-03
2.398673057556152344e+00
6.196219474077224731e-02
0.000000000000000000e+00
3.049881570041179657e-02
2.373238652944564819e-02
7.183052599430084229e-02
8.217519521713256836e-02
6.567067652940750122e-02
2.548810653388500214e-02
5.448582768440246582e-01
3.964892327785491943e-01
4.392399266362190247e-02
2.379341050982475281e-02
0.000000000000000000e+00
9.443372488021850586e-02
0.000000000000000000e+00
1.927483081817626953e-01
1.567767411470413208e-01
2.463336139917373657e-01
9.380127191543579102e-01
1.298712473362684250e-02
2.818868681788444519e-02
8.975173234939575195e-01
6.968065351247787476e-02
1.469541311264038086e+00
0.000000000000000000e+00
3.921350464224815369e-02
1.010292675346136093e-02
1.882449537515640259e-01
1.278403282165527344e+00
2.100528776645660400e-01
0.000000000000000000e+00
4.284873962402343750e+00
4.179561883211135864e-02
2.896953523159027100e-01
0.000000000000000000e+00
7.396457251161336899e-03
4.296312853693962097e-02
3.652363717555999756e-01
0.000000000000000000e+00
9.937781691551208496e-01
1.378324031829833984e-01
1.213707216084003448e-02
1.766040548682212830e-02
1.744377315044403076e-01
0.000000000000000000e+00
1.684612929821014404e-01
1.227699033915996552e-02
6.935029476881027222e-02
1.012301966547966003e-01
0.000000000000000000e+00
4.386923313140869141e-01
1.592618227005004883e-01
0.000000000000000000e+00
2.217384800314903259e-02
2.312909364700317383e-01
0.000000000000000000e+00
0.000000000000000000e+00
0.000000000000000000e+00
0.000000000000000000e+00
0.000000000000000000e+00
2.671341896057128906e+00
3.057186901569366455e-01
1.542658060789108276e-01
1.738022838253527880e-04
0.000000000000000000e+00
1.316951811313629150e-01
1.503575146198272705e-01
3.001021444797515869e-01
6.846486330032348633e-01
5.460345149040222168e-01
0.000000000000000000e+00
4.346200227737426758e-01
0.000000000000000000e+00
1.488032788038253784e-01
1.119854331016540527e+00
4.083892405033111572e-01
3.364297389984130859e+00
3.517895936965942383e-02
9.700228273868560791e-02
0.000000000000000000e+00
1.328875869512557983e-01
0.000000000000000000e+00
3.681808710098266602e-02
6.897973269224166870e-02
0.000000000000000000e+00
3.637004494667053223e-01
0.000000000000000000e+00
6.944425702095031738e-01
2.244123220443725586e-01
2.256026715040206909e-01
2.460162490606307983e-01
7.083160281181335449e-01
0.000000000000000000e+00
1.817167364060878754e-02
3.281157836318016052e-02
1.329749703407287598e+00
1.273321956396102905e-01
2.272940129041671753e-01
4.266509413719177246e-02
9.474158287048339844e-01
0.000000000000000000e+00
3.144013583660125732e-01
1.773637086153030396e-01
1.023475527763366699e-01
2.472361773252487183e-01
6.204448938369750977e-01
1.653428554534912109e+00
7.475464046001434326e-02
0.000000000000000000e+00
0.000000000000000000e+00
1.839162409305572510e-02
1.190840676426887512e-01
0.000000000000000000e+00
2.343934476375579834e-01
2.412630617618560791e-01
3.136764764785766602e+00
2.205008715391159058e-01
2.212502241134643555e+00
0.000000000000000000e+00
2.688710577785968781e-02
1.388028915971517563e-02
2.771549159660935402e-03
3.520471602678298950e-02
3.247576057910919189e-01
9.841570630669593811e-03
0.000000000000000000e+00
0.000000000000000000e+00
2.366399168968200684e-01
1.251632273197174072e-01
1.768096163868904114e-02
1.034605264663696289e+00
8.293545991182327271e-02
1.051448844373226166e-02
0.000000000000000000e+00
0.000000000000000000e+00
4.840300977230072021e-02
2.790009230375289917e-02
1.379239559173583984e-01
0.000000000000000000e+00
0.000000000000000000e+00
9.459093809127807617e-01
3.970431387424468994e-01
2.561460733413696289e-01
0.000000000000000000e+00
6.273289024829864502e-02
0.000000000000000000e+00
1.515012979507446289e-02
0.000000000000000000e+00
1.907062530517578125e-01
7.326303422451019287e-02
5.906243249773979187e-02
4.405187442898750305e-02
1.011838912963867188e-01
0.000000000000000000e+00
6.048965826630592346e-02
0.000000000000000000e+00
5.732717458158731461e-03
1.792308092117309570e-01
7.082115858793258667e-02
0.000000000000000000e+00
0.000000000000000000e+00
3.419233858585357666e-01
1.612523645162582397e-01
1.051636412739753723e-01
9.919328242540359497e-02
3.196010831743478775e-03
9.917399287223815918e-02
3.724450170993804932e-01
1.888315677642822266e+00
9.539528191089630127e-02
1.696620881557464600e-01
2.782346010208129883e-01
0.000000000000000000e+00
1.024366855621337891e+00
1.628428883850574493e-02
0.000000000000000000e+00
5.271481275558471680e-01
0.000000000000000000e+00
0.000000000000000000e+00
0.000000000000000000e+00
6.373090744018554688e-01
1.727224141359329224e-01
5.998268723487854004e-02
0.000000000000000000e+00
3.271851837635040283e-01
1.812423706054687500e+00
3.904212117195129395e-01
4.457404837012290955e-02
6.622110605239868164e-01
2.118436813354492188e+00
0.000000000000000000e+00
2.823742479085922241e-02
3.281429037451744080e-02
1.044075131416320801e+00
2.570384025573730469e+00
1.540147215127944946e-01
3.288624286651611328e-01
8.297141790390014648e-01
5.376755446195602417e-02
1.979230195283889771e-01
7.577504515647888184e-01
0.000000000000000000e+00
4.180552959442138672e+00
3.814639151096343994e-01
0.000000000000000000e+00
3.137634098529815674e-01
2.244540664833039045e-04
1.291649043560028076e-02
2.614702701568603516e+00
1.468207687139511108e-01
8.500610478222370148e-03
7.607432007789611816e-01
2.136509418487548828e+00
1.007452234625816345e-01
0.000000000000000000e+00
0.000000000000000000e+00
0.000000000000000000e+00
8.089548349380493164e-01
2.239280752837657928e-02
3.095882534980773926e-01
2.932295436039566994e-03
6.530384421348571777e-01
1.282487646676599979e-03
8.901245892047882080e-03
9.468638338148593903e-03
0.000000000000000000e+00
4.282504692673683167e-02
2.413160167634487152e-02
9.432299062609672546e-03
3.190334886312484741e-02
8.737031370401382446e-03
6.495420634746551514e-02
1.250747323036193848e+00
0.000000000000000000e+00
0.000000000000000000e+00
1.608722507953643799e-01
2.012779712677001953e-01
0.000000000000000000e+00
6.578831002116203308e-03
4.126437008380889893e-02
8.704870939254760742e-02
1.144706979393959045e-01
6.447946429252624512e-01
5.267352461814880371e-01
1.353627070784568787e-02
1.819663792848587036e-01
1.266146302223205566e-01
3.067310526967048645e-02
1.005730986595153809e+00
3.050909042358398438e+00
2.376381009817123413e-01
5.759752988815307617e-01
3.481601551175117493e-02
0.000000000000000000e+00
0.000000000000000000e+00
4.492609004955738783e-04
5.883652716875076294e-02
2.878719866275787354e-01
1.105656325817108154e-01
1.637037610635161400e-03
9.469818323850631714e-03
0.000000000000000000e+00
7.581754773855209351e-02
3.312052460387349129e-03
1.238948702812194824e-01
2.385229319334030151e-01
0.000000000000000000e+00
1.507758498191833496e-01
1.658655405044555664e+00
0.000000000000000000e+00
3.681335449218750000e+00
4.573360830545425415e-02
1.125213027000427246e+00
1.997361332178115845e-02
2.328174412250518799e-01
1.067408561706542969e+00
1.138826131820678711e+00
2.043243497610092163e-02
5.135810747742652893e-02
0.000000000000000000e+00
4.002382978796958923e-02
5.873310938477516174e-02
4.533847048878669739e-02
0.000000000000000000e+00
8.480435609817504883e-01
1.104268506169319153e-01
9.524027705192565918e-01
6.063686847686767578e+00
1.585320383310317993e-02
0.000000000000000000e+00
4.297652095556259155e-02
2.871830202639102936e-02
4.137490317225456238e-02
7.340856790542602539e-01
4.608983099460601807e-01
0.000000000000000000e+00
1.002771779894828796e-01
6.715669762343168259e-03
3.447134494781494141e-01
0.000000000000000000e+00
1.109861969947814941e+00
6.757994182407855988e-03
1.503364145755767822e-01
4.725953564047813416e-02
8.036181330680847168e-01
0.000000000000000000e+00
0.000000000000000000e+00
0.000000000000000000e+00
1.417997330427169800e-01
2.531434297561645508e-01
0.000000000000000000e+00
2.999462932348251343e-02
0.000000000000000000e+00
6.049726624041795731e-03
2.461324483156204224e-01
0.000000000000000000e+00
0.000000000000000000e+00
1.303194761276245117e+00
0.000000000000000000e+00
5.001252517104148865e-02
4.428691789507865906e-02
0.000000000000000000e+00
2.521270327270030975e-02
1.645123660564422607e-01
1.990034058690071106e-02
0.000000000000000000e+00
5.408617854118347168e-01
2.099032700061798096e-02
8.590810000896453857e-02
1.515878736972808838e-01
0.000000000000000000e+00
1.095435209572315216e-02
7.204032540321350098e-01
2.956329553853720427e-04
2.615401893854141235e-02
0.000000000000000000e+00
1.233014985918998718e-01
1.810618489980697632e-01
1.282102018594741821e-01
4.175121188163757324e-01
0.000000000000000000e+00
0.000000000000000000e+00
0.000000000000000000e+00
2.422159910202026367e+00
0.000000000000000000e+00
1.468213200569152832e-01
1.856724545359611511e-02
2.310416102409362793e-01
2.316087633371353149e-01
2.782253026962280273e-01
7.136924862861633301e-01
2.550419270992279053e-01
1.085155606269836426e+00
4.299087077379226685e-02
4.197377264499664307e-01
2.934441342949867249e-02
7.038479298353195190e-02
7.389014959335327148e-01
0.000000000000000000e+00
0.000000000000000000e+00
1.290095597505569458e-02
2.204955101013183594e+00
0.000000000000000000e+00
4.742097482085227966e-02
1.025204420089721680e+00
0.000000000000000000e+00
0.000000000000000000e+00
0.000000000000000000e+00
0.000000000000000000e+00
1.804628968238830566e-01
2.328079044818878174e-01
2.858706936240196228e-02
2.666957676410675049e-02
1.991941221058368683e-02
6.708463653922080994e-03
2.137584447860717773e+00
1.319006383419036865e-01
0.000000000000000000e+00
3.756652772426605225e-01
4.193255007266998291e-01
9.680951386690139771e-02
7.060761451721191406e-01
4.389360845088958740e-01
1.505970954895019531e-02
1.039962768554687500e-01
2.230911254882812500e-01
0.000000000000000000e+00
1.240930780768394470e-01
3.803007900714874268e-01
1.451039803214371204e-03
7.592187728732824326e-03
2.976841330528259277e-01
0.000000000000000000e+00
8.672706782817840576e-03
3.533751145005226135e-02
3.168663084506988525e-01
0.000000000000000000e+00
1.128514669835567474e-02
0.000000000000000000e+00
9.733165055513381958e-02
4.653812944889068604e-02
0.000000000000000000e+00
0.000000000000000000e+00
1.076861657202243805e-02
0.000000000000000000e+00
1.448310762643814087e-01
4.472688585519790649e-02
9.764992445707321167e-02
1.567644253373146057e-02
6.749477982521057129e-01
1.590985432267189026e-02
5.149902310222387314e-03
2.475008070468902588e-01
0.000000000000000000e+00
0.000000000000000000e+00
0.000000000000000000e+00
3.995897769927978516e-01
8.904291316866874695e-03
1.436892780475318432e-03
0.000000000000000000e+00
7.568965852260589600e-02
0.000000000000000000e+00
0.000000000000000000e+00
2.190935611724853516e-01
2.811854183673858643e-01
7.578142881393432617e-01
1.885898828506469727e+00
1.788159459829330444e-01
0.000000000000000000e+00
1.762464344501495361e-01
0.000000000000000000e+00
1.589028239250183105e-01
4.968292117118835449e-01
1.847289562225341797e+00
2.342566102743148804e-02
0.000000000000000000e+00
2.317358553409576416e-01
2.347138166427612305e+00
8.047517389059066772e-03
2.640501856803894043e-01
1.007328778505325317e-01
9.107203483581542969e-01
7.870845198631286621e-01
6.042671203613281250e-02
3.783530741930007935e-02
0.000000000000000000e+00
1.227174326777458191e-01
0.000000000000000000e+00
6.537572741508483887e-01
4.899428844451904297e+00
4.469507560133934021e-02
1.772622205317020416e-02
1.687901094555854797e-02
4.418411105871200562e-02
2.234741114079952240e-02
5.722732469439506531e-02
0.000000000000000000e+00
1.741961121559143066e+00
0.000000000000000000e+00
1.024818658828735352e+00
0.000000000000000000e+00
1.338910013437271118e-01
2.383691370487213135e-01
9.943312965333461761e-03
2.056301236152648926e-01
1.426841914653778076e-01
4.770866036415100098e-01
1.484977602958679199e-01
6.255425214767456055e-01
2.427644878625869751e-01
0.000000000000000000e+00
7.612116634845733643e-02
0.000000000000000000e+00
2.561701297760009766e+00
0.000000000000000000e+00
4.219157695770263672e-01
3.969056904315948486e-02
0.000000000000000000e+00
1.656129211187362671e-01
2.954631857573986053e-02
2.816887617111206055e+00
3.869253676384687424e-03
3.892767056822776794e-02
0.000000000000000000e+00
0.000000000000000000e+00
1.156387552618980408e-01
3.036621958017349243e-03
1.476286053657531738e-01
0.000000000000000000e+00
3.829246759414672852e-02
1.426440626382827759e-01
9.984502196311950684e-02
5.787131842225790024e-03
4.806426912546157837e-02
1.934880018234252930e-01
6.908505558967590332e-01
2.426884323358535767e-02
3.934950232505798340e-01
3.267147541046142578e-01
7.881235331296920776e-03
0.000000000000000000e+00
0.000000000000000000e+00
1.624766737222671509e-02
2.489454269409179688e+00
5.386331677436828613e-01
0.000000000000000000e+00
7.519206032156944275e-03
8.827567845582962036e-02
1.225672721862792969e+00
0.000000000000000000e+00
0.000000000000000000e+00
1.137906759977340698e-01
1.365432292222976685e-01
