3.436532497406005859e+00
3.743728995323181152e-01
1.095689460635185242e-01
7.249005436897277832e-01
1.213626265525817871e+00
1.324328314512968063e-02
5.513305217027664185e-02
8.156643062829971313e-02
5.449108481407165527e-01
3.302644565701484680e-02
1.542682759463787079e-02
0.000000000000000000e+00
2.111685462296009064e-03
1.088168472051620483e-02
2.814393639564514160e-01
2.405861020088195801e-01
0.000000000000000000e+00
0.000000000000000000e+00
0.000000000000000000e+00
6.819088011980056763e-02
0.000000000000000000e+00
0.000000000000000000e+00
1.067203190177679062e-02
6.974514722824096680e-01
4.108767509460449219e-01
1.137521490454673767e-01
1.361971855163574219e+00
9.046420454978942871e-03
0.000000000000000000e+00
0.000000000000000000e+00
2.317950129508972168e-01
2.503578901290893555e+00
1.374013125896453857e-01
0.000000000000000000e+00
1.745338737964630127e-02
1.648462414741516113e-01
3.377425670623779297e-01
5.369269847869873047e-01
3.405269384384155273e+00
5.696324706077575684e-01
0.000000000000000000e+00
4.470434784889221191e-01
1.384836882352828979e-01
7.598029822111129761e-02
2.951850652694702148e+00
7.368482649326324463e-02
8.608042262494564056e-04
0.000000000000000000e+00
1.287048589438199997e-02
1.463330388069152832e-01
1.142034959048032761e-02
3.776493370532989502e-01
1.274752736091613770e+00
8.637400269508361816e-01
3.469136357307434082e-01
1.053597182035446167e-01
1.556369941681623459e-02
1.825697779655456543e+00
1.636334776878356934e+00
3.769407793879508972e-02
8.299459218978881836e-01
3.260517120361328125e-02
0.000000000000000000e+00
1.708683133125305176e+00
7.050150539726018906e-03
0.000000000000000000e+00
2.395193874835968018e-01
0.000000000000000000e+00
2.505527973175048828e+00
7.714493572711944580e-02
2.523959159851074219e+00
2.281257659196853638e-01
0.000000000000000000e+00
4.717060923576354980e-01
0.000000000000000000e+00
1.204869300127029419e-01
1.496926248073577881e-01
4.718403890728950500e-02
3.626185953617095947e-01
0.000000000000000000e+00
3.454057276248931885e-01
1.967674493789672852e-01
1.154862791299819946e-01
0.000000000000000000e+00
9.270095229148864746e-01
4.088805019855499268e-01
0.000000000000000000e+00
4.778487980365753174e-01
5.719357132911682129e-01
0.000000000000000000e+00
1.251701172441244125e-02
4.085351154208183289e-02
0.000000000000000000e+00
5.264902114868164062e-02
6.524419039487838745e-02
1.027690172195434570e-01
3.034076988697052002e-01
8.549031615257263184e-02
2.412679195404052734e-01
9.308484196662902832e-02
1.084729097783565521e-02
8.781324326992034912e-02
0.000000000000000000e+00
2.176064252853393555e-01
3.206654191017150879e-01
1.824290603399276733e-01
6.554852426052093506e-02
3.955121338367462158e-02
2.278503924608230591e-01
1.420111507177352905e-01
0.000000000000000000e+00
3.210655972361564636e-02
0.000000000000000000e+00
8.978127501904964447e-03
8.970538154244422913e-03
4.734578728675842285e-01
2.097228914499282837e-01
1.201654449105262756e-01
7.907907664775848389e-02
3.853321075439453125e-03
4.760175943374633789e-02
0.000000000000000000e+00
0.000000000000000000e+00
1.105203256011009216e-01
1.866203665733337402e+00
1.208794593811035156e+00
4.569681186694651842e-04
3.617409616708755493e-03
0.000000000000000000e+00
0.000000000000000000e+00
2.069754600524902344e+00
7.756486069411039352e-03
3.132490813732147217e-01
8.649060130119323730e-02
6.180828809738159180e-02
1.865755021572113037e-01
2.996845543384552002e-01
0.000000000000000000e+00
7.536579668521881104e-02
5.133448168635368347e-02
6.239932179450988770e-01
1.072920799255371094e+00
0.000000000000000000e+00
6.133494377136230469e-01
1.995845735073089600e-01
1.014809235930442810e-01
2.207316905260086060e-01
0.000000000000000000e+00
7.724316418170928955e-02
2.168272435665130615e-01
1.848571598529815674e-01
1.488988101482391357e-01
3.479266762733459473e-01
8.407887816429138184e-01
1.075714707374572754e+00
2.342284470796585083e-01
1.088761016726493835e-01
0.000000000000000000e+00
6.278104186058044434e-01
1.499031186103820801e-01
1.528999358415603638e-01
0.000000000000000000e+00
0.000000000000000000e+00
7.669014334678649902e-01
2.528335899114608765e-02
6.032139062881469727e-01
1.794091761112213135e-01
7.702820003032684326e-02
1.547238975763320923e-01
1.677062809467315674e-01
1.281953930854797363e+00
4.220441281795501709e-01
2.796364389359951019e-02
0.000000000000000000e+00
0.000000000000000000e+00
1.964528299868106842e-02
0.000000000000000000e+00
3.569199740886688232e-01
3.057236969470977783e-01
1.587061405181884766e+00
4.236102104187011719e-01
1.992942392826080322e-02
1.700612157583236694e-01
6.180796399712562561e-02
8.932071924209594727e-02
7.263857126235961914e-01
4.210536777973175049e-01
0.000000000000000000e+00
1.312021017074584961e-01
1.523725595325231552e-02
9.472677856683731079e-02
3.134801387786865234e-01
8.796364665031433105e-01
3.356264829635620117e-01
1.794323176145553589e-01
7.011540234088897705e-02
3.398178219795227051e-01
1.595900394022464752e-03
2.025627195835113525e-01
1.757435441017150879e+00
4.608835652470588684e-02
2.188303507864475250e-02
2.150332182645797729e-01
4.142574034631252289e-03
4.827098846435546875e-01
8.501396775245666504e-01
1.681573033332824707e+00
1.846289634704589844e+00
3.349902033805847168e-01
2.861105680465698242e+00
1.069944277405738831e-01
0.000000000000000000e+00
6.656332015991210938e-01
1.257314085960388184e-01
1.271488727070391178e-03
5.660853981971740723e-01
1.532389879226684570e+00
0.000000000000000000e+00
7.222585380077362061e-02
2.286109700798988342e-02
7.904927432537078857e-02
2.501758188009262085e-02
3.270636320114135742e+00
3.210620954632759094e-02
0.000000000000000000e+00
2.360385656356811523e-01
1.623621433973312378e-01
1.566551685333251953e+00
3.287890553474426270e-02
0.000000000000000000e+00
1.066798329353332520e+00
1.388210058212280273e-01
0.000000000000000000e+00
0.000000000000000000e+00
0.000000000000000000e+00
1.576957345008850098e+00
0.000000000000000000e+00
5.988857522606849670e-02
5.026499629020690918e-01
0.000000000000000000e+00
1.302078664302825928e-01
3.032029867172241211e+00
6.306236386299133301e-01
0.000000000000000000e+00
6.971189379692077637e-02
5.158614516258239746e-01
0.000000000000000000e+00
7.860125303268432617e-01
0.000000000000000000e+00
0.000000000000000000e+00
0.000000000000000000e+00
1.679622828960418701e-01
7.088921964168548584e-02
8.133464306592941284e-02
1.897717237472534180e+00
2.765159904956817627e-01
9.800117462873458862e-03
4.477174580097198486e-01
1.583075076341629028e-01
6.435585021972656250e-01
0.000000000000000000e+00
1.546624004840850830e-01
1.719925925135612488e-02
5.581237077713012695e-01
3.536790609359741211e-02
0.000000000000000000e+00
1.721449494361877441e-01
3.052546381950378418e-01
0.000000000000000000e+00
1.522787064313888550e-01
4.493043720722198486e-01
0.000000000000000000e+00
9.625733643770217896e-02
4.127726256847381592e-01
1.437218487262725830e-01
7.013852000236511230e-01
7.909615039825439453e-01
1.252674311399459839e-01
6.054723858833312988e-01
1.900195628404617310e-01
2.406238615512847900e-01
1.068724989891052246e-01
0.000000000000000000e+00
0.000000000000000000e+00
8.365281820297241211e-01
4.811935424804687500e-01
3.821472823619842529e-02
9.739732742309570312e-01
6.107505559921264648e-01
2.353049367666244507e-01
1.601299941539764404e-01
2.184320241212844849e-01
1.646566987037658691e-01
0.000000000000000000e+00
5.761677026748657227e-01
2.907144725322723389e-01
3.365084230899810791e-01
6.319701671600341797e-02
2.995978295803070068e-01
4.996417462825775146e-02
0.000000000000000000e+00
1.213430427014827728e-02
9.892524480819702148e-01
0.000000000000000000e+00
3.600718379020690918e-01
0.000000000000000000e+00
2.283557876944541931e-02
0.000000000000000000e+00
0.000000000000000000e+00
4.405613899230957031e+00
2.852996587753295898e-01
3.144963979721069336e-01
0.000000000000000000e+00
4.025984764099121094e+00
2.050038129091262817e-01
1.450718343257904053e-01
1.470804691314697266e+00
4.331035912036895752e-02
0.000000000000000000e+00
3.868595883250236511e-02
1.678941249847412109e-01
1.660446047782897949e+00
0.000000000000000000e+00
5.311594009399414062e-01
0.000000000000000000e+00
1.236903481185436249e-03
5.643872171640396118e-02
1.148493289947509766e+00
1.460379958152770996e-01
5.421662935987114906e-04
5.734836682677268982e-02
3.418428003787994385e-01
3.958736360073089600e-01
5.949833393096923828e-01
5.934023261070251465e-01
1.570959806442260742e+00
2.099072337150573730e-01
5.329837203025817871e-01
1.665344983339309692e-01
8.952761292457580566e-01
0.000000000000000000e+00
7.932956516742706299e-02
3.708182871341705322e-01
6.412462890148162842e-02
0.000000000000000000e+00
0.000000000000000000e+00
0.000000000000000000e+00
1.760393232107162476e-01
1.793166637420654297e+00
0.000000000000000000e+00
7.042228579521179199e-01
3.684808313846588135e-02
2.766502797603607178e-01
6.950323283672332764e-02
4.531786218285560608e-02
1.944447875022888184e+00
1.401929110288619995e-01
4.467402100563049316e-01
2.546959221363067627e-01
3.038092516362667084e-02
1.950331404805183411e-02
4.880410730838775635e-01
9.656894207000732422e-02
1.448838233947753906e+00
5.442128181457519531e-01
1.142403244972229004e+00
1.284483075141906738e-01
5.296934396028518677e-03
5.153742432594299316e-01
0.000000000000000000e+00
5.051130056381225586e-01
8.814770728349685669e-02
1.138004064559936523e-01
1.563006043434143066e-01
1.434537768363952637e-01
1.383759826421737671e-01
8.811879903078079224e-03
1.194862246513366699e+00
6.030887365341186523e-02
3.177013993263244629e-01
0.000000000000000000e+00
5.753221362829208374e-02
2.055804133415222168e-01
1.896411478519439697e-01
1.466927491128444672e-02
4.921854659914970398e-02
4.901573434472084045e-02
1.028594970703125000e-01
0.000000000000000000e+00
1.182153001427650452e-01
5.293768644332885742e-02
0.000000000000000000e+00
8.672472834587097168e-02
0.000000000000000000e+00
6.193920038640499115e-03
1.052158713340759277e+00
9.706693291664123535e-01
3.101578474044799805e+00
1.175690650939941406e+00
3.778847754001617432e-01
0.000000000000000000e+00
1.000924780964851379e-01
7.353048771619796753e-02
7.880671620368957520e-01
4.679109156131744385e-02
9.052420854568481445e-01
7.747390270233154297e-01
0.000000000000000000e+00
2.337624430656433105e-01
1.198724985122680664e+00
0.000000000000000000e+00
0.000000000000000000e+00
4.251969814300537109e+00
1.329003125429153442e-01
8.746337145566940308e-02
6.672061048448085785e-03
0.000000000000000000e+00
2.036428600549697876e-01
4.364964962005615234e-01
0.000000000000000000e+00
2.638195753097534180e+00
3.119763135910034180e-01
2.311441302299499512e-01
1.444181613624095917e-02
1.478093415498733521e-01
0.000000000000000000e+00
2.047155983746051788e-02
1.054254293441772461e+00
8.073894679546356201e-02
6.584604740142822266e+00
0.000000000000000000e+00
8.613856881856918335e-02
0.000000000000000000e+00
6.098180413246154785e-01
1.342062801122665405e-01
1.495415329933166504e+00
4.195861890912055969e-02
0.000000000000000000e+00
4.844023287296295166e-01
5.092382431030273438e-03
8.885549753904342651e-02
3.563722968101501465e-02
0.000000000000000000e+00
3.647260427474975586e+00
6.976709961891174316e-01
0.000000000000000000e+00
4.200497269630432129e-02
1.406103968620300293e+00
7.938504815101623535e-01
0.000000000000000000e+00
7.047810554504394531e-01
2.565575949847698212e-02
1.338224411010742188e+00
0.000000000000000000e+00
5.481008440256118774e-02
4.801817536354064941e-01
4.506622999906539917e-02
2.701348997652530670e-02
9.031114727258682251e-02
7.936988472938537598e-01
1.123654022812843323e-01
1.048608422279357910e+00
4.957638680934906006e-01
1.006385218352079391e-02
6.316606998443603516e-01
1.355849802494049072e-01
6.294035911560058594e-02
0.000000000000000000e+00
2.520030140876770020e-01
0.000000000000000000e+00
1.066986322402954102e-01
1.083486527204513550e-01
1.148436188697814941e+00
3.867866098880767822e-01
1.655465364456176758e-01
0.000000000000000000e+00
4.228791594505310059e-02
0.000000000000000000e+00
2.758337855339050293e-01
1.655038118362426758e+00
0.000000000000000000e+00
5.473977699875831604e-02
1.224889680743217468e-01
3.699202239513397217e-01
6.816644221544265747e-02
1.223176240921020508e+00
5.543821334838867188e+00
6.532185077667236328e-01
2.478362798690795898e+00
1.865414381027221680e-01
3.170112520456314087e-02
1.292286276817321777e+00
1.486476790159940720e-02
4.028585553169250488e-02
1.843637585639953613e+00
4.968224465847015381e-01
5.243902653455734253e-02
9.947770088911056519e-02
4.862894713878631592e-01
4.020293951034545898e-01
0.000000000000000000e+00
0.000000000000000000e+00
6.661484390497207642e-02
8.216639161109924316e-01
4.080440104007720947e-01
1.932972818613052368e-01
2.101703733205795288e-01
7.292156107723712921e-03
2.925170660018920898e-01
9.062723070383071899e-02
0.000000000000000000e+00
1.570852160453796387e+00
7.487288676202297211e-03
3.717471957206726074e-01
0.000000000000000000e+00
3.810461461544036865e-01
2.603126168251037598e-01
1.325206041336059570e+00
3.009771369397640228e-02
4.012420177459716797e-01
3.540062010288238525e-01
3.086764514446258545e-01
3.733345866203308105e-01
2.433851733803749084e-02
6.850656270980834961e-01
1.810802221298217773e-01
1.457626931369304657e-02
0.000000000000000000e+00
4.925455570220947266e+00
1.153021574020385742e+00
1.388676762580871582e-01
2.898053228855133057e-01
3.962966427206993103e-02
2.744012475013732910e-01
5.061695575714111328e-01
0.000000000000000000e+00
1.070159435272216797e+00
0.000000000000000000e+00
8.543489128351211548e-02
2.099218606948852539e+00
2.426850080490112305e+00
5.550541728734970093e-02
1.160932332277297974e-01
0.000000000000000000e+00
0.000000000000000000e+00
4.740756470710039139e-03
2.258225530385971069e-02
1.381024271249771118e-01
9.599108695983886719e-01
4.673009514808654785e-01
8.214105665683746338e-02
8.327704668045043945e-01
0.000000000000000000e+00
9.036387205123901367e-01
0.000000000000000000e+00
2.052363008260726929e-03
0.000000000000000000e+00
1.017018929123878479e-01
1.859563291072845459e-01
0.000000000000000000e+00
2.382847666740417480e-02
2.522428706288337708e-02
9.520442485809326172e-01
2.357533946633338928e-02
8.131766915321350098e-01
4.051551595330238342e-02
4.750418663024902344e-01
2.189257442951202393e-01
1.840261518955230713e-01
6.436661817133426666e-03
0.000000000000000000e+00
5.257888436317443848e-01
0.000000000000000000e+00
0.000000000000000000e+00
4.648094624280929565e-02
9.468191862106323242e-02
2.453582882881164551e-01
7.831646502017974854e-02
1.515837550163269043e+00
0.000000000000000000e+00
6.945176422595977783e-02
3.002127778017893434e-05
0.000000000000000000e+00
5.068907979875802994e-03
1.230334639549255371e+00
1.710875518620014191e-02
1.631667464971542358e-01
0.000000000000000000e+00
0.000000000000000000e+00
4.321301728487014771e-02
7.971138693392276764e-03
2.755772471427917480e-01
0.000000000000000000e+00
1.869534850120544434e-01
0.000000000000000000e+00
0.000000000000000000e+00
3.193379342555999756e-01
1.034965395927429199e+00
6.073640193790197372e-03
2.732294201850891113e-01
1.655007451772689819e-01
5.262138247489929199e-01
0.000000000000000000e+00
2.960834652185440063e-02
2.951012551784515381e-01
1.459738612174987793e-01
4.390988945960998535e-01
6.683852672576904297e-01
2.832849919795989990e-01
1.107491552829742432e-01
0.000000000000000000e+00
2.080030366778373718e-02
1.521738767623901367e-01
2.665759027004241943e-01
1.085226144641637802e-02
2.302425503730773926e-01
0.000000000000000000e+00
0.000000000000000000e+00
2.255808413028717041e-01
5.414999090135097504e-03
5.494981538504362106e-03
0.000000000000000000e+00
1.078880578279495239e-01
0.000000000000000000e+00
1.961421132087707520e+00
2.839439213275909424e-01
1.198953837156295776e-01
6.769899278879165649e-02
2.071365565061569214e-01
0.000000000000000000e+00
3.329658880829811096e-02
2.587879598140716553e-01
3.314911201596260071e-02
1.432102522812783718e-03
4.718133807182312012e-02
0.000000000000000000e+00
0.000000000000000000e+00
2.900409400463104248e-01
1.742086410522460938e-01
0.000000000000000000e+00
1.934827804565429688e+00
0.000000000000000000e+00
2.100211858749389648e+00
2.781030237674713135e-01
0.000000000000000000e+00
0.000000000000000000e+00
1.325908064842224121e+00
1.525779068470001221e-01
9.083109498023986816e-01
1.422379165887832642e-02
1.171578884124755859e+00
0.000000000000000000e+00
0.000000000000000000e+00
0.000000000000000000e+00
0.000000000000000000e+00
2.898403108119964600e-01
1.094835177063941956e-01
6.899120658636093140e-02
0.000000000000000000e+00
0.000000000000000000e+00
1.782651245594024658e-01
0.000000000000000000e+00
3.179626464843750000e-01
2.120826765894889832e-02
6.586915850639343262e-01
3.422853052616119385e-01
0.000000000000000000e+00
2.598638772964477539e+00
0.000000000000000000e+00
1.067680120468139648e-01
0.000000000000000000e+00
1.955797225236892700e-01
4.686895906925201416e-01
3.430984914302825928e-01
2.159634605050086975e-02
2.529693581163883209e-02
2.137586176395416260e-01
7.699190974235534668e-01
3.002345375716686249e-02
7.715016603469848633e-01
7.579513192176818848e-01
7.702613472938537598e-01
5.336052775382995605e-01
4.510591272264719009e-03
5.597821436822414398e-03
6.590914726257324219e-02
1.277293860912322998e-01
0.000000000000000000e+00
0.000000000000000000e+00
2.868881821632385254e-01
1.753964871168136597e-01
0.000000000000000000e+00
0.000000000000000000e+00
0.000000000000000000e+00
9.378672577440738678e-03
9.569282084703445435e-02
5.167050957679748535e-01
1.082208871841430664e+00
9.252606034278869629e-01
3.714304883033037186e-03
1.328499913215637207e+00
1.817418336868286133e-01
1.011539809405803680e-02
2.451292127370834351e-01
1.713396422564983368e-02
2.148541621863842010e-02
1.217816583812236786e-02
9.027569890022277832e-01
2.054743766784667969e+00
8.777462691068649292e-02
1.791879773139953613e+00
2.876791656017303467e-01
1.729152798652648926e-01
1.994062364101409912e-01
0.000000000000000000e+00
6.196457147598266602e-02
1.795143932104110718e-01
3.699909523129463196e-02
1.219345107674598694e-01
5.336624756455421448e-02
7.247351855039596558e-02
3.635311424732208252e-01
8.901947140693664551e-01
3.263456821441650391e-01
2.178803533315658569e-01
2.938848175108432770e-02
7.147237658500671387e-02
2.400791645050048828e-02
2.105781994760036469e-02
3.120816685259342194e-02
8.941540122032165527e-01
6.950420141220092773e-02
1.597940325736999512e-01
1.584342308342456818e-02
2.775257918983697891e-03
0.000000000000000000e+00
6.316012144088745117e-01
1.752402186393737793e-01
3.398826122283935547e-01
9.106517583131790161e-02
1.142789125442504883e+00
1.341665089130401611e-01
2.633113861083984375e-01
8.527943491935729980e-02
1.950836628675460815e-01
3.412477672100067139e-02
2.900678813457489014e-01
1.295818109065294266e-02
1.444286555051803589e-01
4.961395561695098877e-01
5.912858247756958008e-01
1.670866608619689941e-01
7.307114601135253906e-01
5.587301030755043030e-02
0.000000000000000000e+00
9.686090797185897827e-02
1.679131507873535156e+00
4.583043456077575684e-01
1.533383224159479141e-02
0.000000000000000000e+00
2.358525276184082031e+00
7.519366145133972168e-01
1.132445335388183594e+00
2.513761222362518311e-01
0.000000000000000000e+00
0.000000000000000000e+00
4.161098599433898926e-02
1.536071419715881348e+00
9.902896732091903687e-02
7.620948553085327148e-01
6.785561889410018921e-02
6.234962027519941330e-03
0.000000000000000000e+00
5.903444811701774597e-02
0.000000000000000000e+00
3.133684024214744568e-02
2.061943858861923218e-01
0.000000000000000000e+00
5.004955921322107315e-03
0.000000000000000000e+00
2.255285501480102539e+00
2.409856081008911133e+00
1.462546139955520630e-01
3.827703371644020081e-02
4.306538775563240051e-02
0.000000000000000000e+00
2.253716886043548584e-01
8.925625681877136230e-01
2.785737626254558563e-02
5.071611702442169189e-02
4.287999588996171951e-03
0.000000000000000000e+00
2.814203023910522461e+00
4.179995059967041016e-01
9.243811666965484619e-02
0.000000000000000000e+00
3.320809304714202881e-01
9.852146357297897339e-02
1.786547712981700897e-02
1.813951879739761353e-02
0.000000000000000000e+00
4.610718786716461182e-01
4.779525846242904663e-02
1.480097230523824692e-02
8.591733574867248535e-01
1.443091221153736115e-02
3.900784533470869064e-03
1.159568876028060913e-01
3.812477588653564453e-01
6.755889952182769775e-02
1.594987064599990845e-01
1.490933597087860107e-01
1.685393005609512329e-01
0.000000000000000000e+00
2.535107612609863281e+00
3.435766994953155518e-01
2.353264987468719482e-01
1.374100685119628906e+00
1.425979286432266235e-01
2.399810999631881714e-01
0.000000000000000000e+00
0.000000000000000000e+00
1.699201762676239014e-02
1.316809177398681641e+00
1.940193772315979004e-01
8.364285826683044434e-01
0.000000000000000000e+00
1.136166527867317200e-01
2.732740044593811035e-01
0.000000000000000000e+00
1.613812148571014404e-02
4.435971379280090332e-01
4.966624081134796143e-02
2.189373075962066650e-01
5.980009585618972778e-02
0.000000000000000000e+00
9.644142985343933105e-01
0.000000000000000000e+00
1.246061399579048157e-01
0.000000000000000000e+00
3.995291292667388916e-01
3.425619304180145264e-01
3.202304244041442871e-02
4.317806567996740341e-03
7.901673205196857452e-03
0.000000000000000000e+00
9.224647879600524902e-01
0.000000000000000000e+00
5.603137016296386719e-01
6.075238063931465149e-02
3.266980946063995361e-01
0.000000000000000000e+00
1.502247214317321777e+00
1.020106598734855652e-01
0.000000000000000000e+00
2.486557066440582275e-01
1.423198103904724121e+00
5.541213154792785645e-01
5.778768062591552734e-01
1.398531436920166016e+00
4.690231084823608398e-01
3.469512611627578735e-02
8.214302361011505127e-02
4.625023528933525085e-02
0.000000000000000000e+00
4.146938025951385498e-01
1.119791120290756226e-01
1.475984696298837662e-02
0.000000000000000000e+00
1.208593487739562988e+00
1.741170138120651245e-02
3.164398297667503357e-02
0.000000000000000000e+00
1.399443149566650391e-01
3.395070433616638184e-01
2.707149982452392578e-01
3.799340426921844482e-01
1.283654104918241501e-02
3.824602365493774414e-01
3.919728398323059082e-01
4.698276817798614502e-01
0.000000000000000000e+00
7.953836321830749512e-01
7.695292681455612183e-02
2.385237932205200195e+00
7.554792799055576324e-03
0.000000000000000000e+00
0.000000000000000000e+00
4.568299651145935059e-01
5.550102144479751587e-02
3.441322147846221924e-01
1.359736453741788864e-02
7.812985032796859741e-02
1.368250697851181030e-01
8.025273084640502930e-01
0.000000000000000000e+00
1.598174422979354858e-01
1.164742745459079742e-02
1.841575489379465580e-03
8.251092582941055298e-02
0.000000000000000000e+00
1.026516318321228027e+00
8.408431708812713623e-02
0.000000000000000000e+00
5.956413149833679199e-01
6.262001395225524902e-01
3.726344108581542969e-01
1.462355375289916992e+00
4.395890980958938599e-03
4.802227973937988281e+00
3.381400704383850098e-01
9.595187306404113770e-01
1.750791668891906738e-01
9.922680854797363281e-01
3.526154905557632446e-03
4.822842031717300415e-02
3.683097958564758301e-01
2.183651924133300781e+00
3.695754289627075195e+00
4.687077999114990234e-01
0.000000000000000000e+00
1.071782484650611877e-01
7.812737673521041870e-02
2.866553366184234619e-01
1.639002710580825806e-01
1.220528185367584229e-01
4.645501077175140381e-01
6.330049633979797363e-01
1.436129361391067505e-01
1.438598521053791046e-02
2.009606122970581055e+00
0.000000000000000000e+00
0.000000000000000000e+00
7.891906052827835083e-02
4.644162058830261230e-01
3.686649724841117859e-02
0.000000000000000000e+00
4.771541357040405273e-01
2.658978223800659180e+00
1.116972193121910095e-01
6.325541529804468155e-03
1.025800704956054688e+00
1.388514518737792969e+00
0.000000000000000000e+00
0.000000000000000000e+00
0.000000000000000000e+00
1.335712149739265442e-02
4.158199727535247803e-01
2.430763006210327148e+00
1.592251658439636230e-01
1.509300991892814636e-02
8.618465065956115723e-01
5.600367113947868347e-02
2.194638103246688843e-01
3.576061427593231201e-01
1.679948158562183380e-02
1.353328078985214233e-01
2.938229739665985107e-01
4.690396040678024292e-02
0.000000000000000000e+00
2.646905370056629181e-02
3.764962777495384216e-02
0.000000000000000000e+00
3.256606161594390869e-01
1.387489438056945801e+00
1.089331984519958496e+00
3.612704947590827942e-02
7.644298020750284195e-03
3.327037394046783447e-01
0.000000000000000000e+00
1.223205775022506714e-02
1.444419622421264648e-01
1.616317272186279297e+00
0.000000000000000000e+00
3.523420095443725586e-01
0.000000000000000000e+00
2.874686196446418762e-02
7.703940868377685547e-01
0.000000000000000000e+00
2.249939553439617157e-02
4.363915920257568359e+00
2.902781963348388672e-01
0.000000000000000000e+00
0.000000000000000000e+00
0.000000000000000000e+00
1.397399902343750000e-01
6.199799105525016785e-02
2.256454201415181160e-03
2.995967306196689606e-02
4.761566594243049622e-02
2.347395420074462891e-01
2.366520166397094727e-01
8.806364610791206360e-03
3.725498169660568237e-02
0.000000000000000000e+00
4.502418935298919678e-01
5.437002182006835938e-01
2.197519838809967041e-01
0.000000000000000000e+00
0.000000000000000000e+00
0.000000000000000000e+00
3.502230644226074219e-01
4.321644008159637451e-01
8.533801883459091187e-02
2.581023871898651123e-01
5.813650488853454590e-01
0.000000000000000000e+00
7.832951545715332031e-01
2.529788203537464142e-02
1.140030622482299805e-01
3.928312286734580994e-02
1.866537183523178101e-01
0.000000000000000000e+00
6.034224629402160645e-01
1.247765310108661652e-02
4.171239584684371948e-02
7.182983756065368652e-01
6.983173079788684845e-03
0.000000000000000000e+00
0.000000000000000000e+00
6.050534546375274658e-02
6.091664358973503113e-02
7.288274168968200684e-02
9.762214496731758118e-03
0.000000000000000000e+00
2.760014832019805908e-01
1.220160052180290222e-01
1.644649505615234375e-01
1.962438412010669708e-02
5.200906395912170410e-01
6.595838665962219238e-01
7.906014472246170044e-02
4.615402221679687500e-02
8.138556964695453644e-03
1.280901908874511719e+00
0.000000000000000000e+00
2.329217344522476196e-01
1.117400079965591431e-01
4.400378838181495667e-02
4.162008464336395264e-01
2.454463392496109009e-01
1.548609018325805664e+00
2.790089547634124756e-01
0.000000000000000000e+00
5.314690526574850082e-03
0.000000000000000000e+00
9.744876027107238770e-01
3.370731323957443237e-02
4.166984260082244873e-01
6.845340132713317871e-01
1.141744330525398254e-01
0.000000000000000000e+00
5.731944441795349121e-01
7.165323197841644287e-02
2.305388599634170532e-01
4.782445612363517284e-04
3.393606841564178467e-01
2.926402091979980469e-01
3.571314364671707153e-02
1.555074602365493774e-01
2.099246531724929810e-01
2.115253210067749023e-01
6.005589291453361511e-02
1.598116755485534668e-01
1.099139824509620667e-01
7.934128493070602417e-02
0.000000000000000000e+00
5.507347583770751953e-01
0.000000000000000000e+00
1.514453530311584473e+00
3.988983631134033203e-01
1.672939419746398926e+00
1.738549023866653442e-01
3.042597770690917969e+00
4.215016961097717285e-01
1.052139326930046082e-01
4.718139301985502243e-03
1.118163585662841797e+00
0.000000000000000000e+00
2.393435984849929810e-01
4.810130596160888672e-01
6.985712647438049316e-01
0.000000000000000000e+00
2.955925166606903076e-01
1.069931313395500183e-01
2.419896870851516724e-01
2.231962829828262329e-01
2.173640131950378418e-01
1.154729962348937988e+00
4.334534108638763428e-01
3.122760355472564697e-02
0.000000000000000000e+00
3.821676671504974365e-01
8.462156256427988410e-05
1.236642058938741684e-02
0.000000000000000000e+00
0.000000000000000000e+00
1.367640346288681030e-01
2.107349634170532227e-01
1.290698442608118057e-02
2.522005736827850342e-01
1.203280035406351089e-02
3.584180027246475220e-02
1.532499119639396667e-02
3.980739116668701172e-01
4.118900001049041748e-01
5.571437254548072815e-02
5.156610608100891113e-01
5.615561008453369141e-01
1.460954844951629639e-01
1.190264746546745300e-01
3.817511498928070068e-01
2.207835465669631958e-01
1.304660551249980927e-02
1.311565160751342773e+00
3.495201170444488525e-01
1.324546933174133301e-01
6.859332323074340820e-01
1.258736699819564819e-01
0.000000000000000000e+00
6.172234416007995605e-01
5.874909162521362305e-01
1.750886887311935425e-01
7.983625531196594238e-01
7.942256331443786621e-01
1.856646835803985596e-01
1.243610978126525879e+00
2.083261013031005859e+00
8.183190599083900452e-03
5.107080563902854919e-02
3.159711137413978577e-02
6.556559354066848755e-02
2.294986741617321968e-03
7.183678448200225830e-02
2.958227135241031647e-02
2.574378158897161484e-03
2.966274321079254150e-01
5.661450624465942383e-01
2.335618250072002411e-02
7.194670033641159534e-04
2.161820530891418457e-01
1.674131274223327637e+00
1.193307340145111084e-02
0.000000000000000000e+00
3.321404755115509033e-01
4.892437160015106201e-01
1.578633114695549011e-02
2.225204408168792725e-01
2.303319424390792847e-01
3.729487061500549316e-01
1.643169820308685303e-01
2.028430849313735962e-01
9.983493015170097351e-03
2.515718936920166016e-01
8.766525983810424805e-01
0.000000000000000000e+00
1.683419644832611084e-01
2.426401227712631226e-01
5.545310378074645996e-01
1.371525675058364868e-01
1.953996866941452026e-01
5.066896677017211914e-01
1.143790632486343384e-01
3.841449916362762451e-01
1.627921700477600098e+00
8.250173926353454590e-02
1.217995584011077881e-01
0.000000000000000000e+00
2.317342311143875122e-01
3.519020229578018188e-02
1.095883607864379883e+00
8.227723091840744019e-02
9.342048317193984985e-02
1.603993624448776245e-01
3.604268133640289307e-01
3.888891220092773438e+00
7.884075492620468140e-02
7.355261594057083130e-02
1.122484263032674789e-02
0.000000000000000000e+00
2.988052070140838623e-01
0.000000000000000000e+00
1.071412935853004456e-01
9.022332727909088135e-03
1.843146979808807373e-02
1.153143867850303650e-01
1.645702272653579712e-01
6.445349454879760742e-01
6.598711758852005005e-02
2.532860264182090759e-02
0.000000000000000000e+00
0.000000000000000000e+00
2.785997688770294189e-01
3.919923678040504456e-02
0.000000000000000000e+00
1.105198822915554047e-02
1.095907613635063171e-01
8.001364767551422119e-02
3.444849252700805664e-01
1.307344902306795120e-02
2.497965469956398010e-02
7.315180897712707520e-01
1.620466113090515137e-01
7.401430513709783554e-03
2.508853375911712646e-01
3.869158914312720299e-03
1.409490406513214111e-01
6.179308295249938965e-01
1.811945080757141113e+00
3.284276276826858521e-02
1.155876517295837402e+00
1.347858905792236328e-01
5.829995963722467422e-03
8.645285964012145996e-01
2.530877850949764252e-02
1.668952032923698425e-02
0.000000000000000000e+00
8.249645829200744629e-01
2.065002024173736572e-01
9.852278046309947968e-03
2.125717848539352417e-01
8.929755538702011108e-02
5.989383533596992493e-02
2.097889900207519531e+00
3.120246529579162598e-01
4.443591237068176270e-01
4.301351904869079590e-01
9.662297368049621582e-01
8.572068214416503906e-01
4.771213531494140625e+00
1.856813952326774597e-02
0.000000000000000000e+00
3.539461791515350342e-01
1.581422686576843262e-01
1.122036218643188477e+00
6.655446290969848633e-01
2.573947906494140625e-01
0.000000000000000000e+00
7.248635590076446533e-02
4.148944616317749023e-01
8.166078329086303711e-01
6.320082545280456543e-01
7.315802387893199921e-03
1.265172511339187622e-01
6.451261229813098907e-03
0.000000000000000000e+00
1.667090505361557007e-01
5.962206721305847168e-01
2.759571187198162079e-02
0.000000000000000000e+00
2.004008926451206207e-02
0.000000000000000000e+00
8.547286689281463623e-02
2.239280641078948975e-01
8.402138948440551758e-02
6.052007675170898438e-01
0.000000000000000000e+00
6.649140119552612305e-01
0.000000000000000000e+00
0.000000000000000000e+00
5.113165378570556641e-01
0.000000000000000000e+00
1.003991365432739258e+00
1.847705841064453125e-01
4.712682366371154785e-01
7.419449090957641602e-01
1.726424545049667358e-01
1.586387753486633301e-01
4.330794215202331543e-01
4.952907860279083252e-01
1.195000633597373962e-01
8.397307991981506348e-02
3.022750616073608398e-01
2.707799151539802551e-02
0.000000000000000000e+00
2.905088961124420166e-01
6.350873112678527832e-01
0.000000000000000000e+00
5.219741165637969971e-02
0.000000000000000000e+00
1.129883751273155212e-01
8.559758961200714111e-02
1.163162440061569214e-01
6.442994344979524612e-04
0.000000000000000000e+00
1.913753002882003784e-01
2.568271756172180176e-01
7.387921214103698730e-01
3.724820613861083984e-01
9.903666973114013672e-01
1.538299679756164551e+00
5.563532114028930664e-01
8.090498298406600952e-02
8.508590459823608398e-01
0.000000000000000000e+00
1.707999348640441895e+00
4.634255409240722656e+00
4.512705504894256592e-01
8.353726863861083984e-01
2.153372019529342651e-01
1.942522764205932617e+00
2.916462421417236328e-01
3.943944573402404785e-01
1.203017354011535645e+00
7.875763811171054840e-03
0.000000000000000000e+00
2.034754678606987000e-02
7.816750556230545044e-02
1.401270031929016113e-01
6.298736333847045898e-01
1.049740985035896301e-02
6.739066243171691895e-01
2.651073932647705078e-01
1.709973663091659546e-01
0.000000000000000000e+00
1.383008509874343872e-01
1.165187239646911621e+00
1.654335856437683105e-01
5.969280600547790527e-01
4.464931786060333252e-02
5.487573742866516113e-01
0.000000000000000000e+00
7.846612483263015747e-02
7.086505293846130371e-01
0.000000000000000000e+00
0.000000000000000000e+00
4.902659952640533447e-01
0.000000000000000000e+00
6.618762493133544922e+00
2.461843751370906830e-02
6.113130226731300354e-02
5.320889353752136230e-01
1.933200657367706299e-01
8.951988816261291504e-02
4.218506217002868652e-01
3.989472240209579468e-02
0.000000000000000000e+00
7.554094195365905762e-01
6.103602051734924316e-02
2.067029923200607300e-01
5.568071454763412476e-02
1.973156034946441650e-01
6.560862064361572266e-02
1.101614907383918762e-01
1.791754812002182007e-01
5.776607990264892578e-01
5.497967079281806946e-02
5.049079284071922302e-02
6.570008117705583572e-03
4.616934806108474731e-02
2.718353271484375000e+00
8.768417686223983765e-02
1.354707479476928711e-01
6.454989314079284668e-02
1.480888962745666504e+00
2.102220356464385986e-01
8.617086708545684814e-02
2.174963474273681641e+00
1.402738928794860840e+00
5.814849138259887695e-01
1.186896264553070068e-01
2.285428345203399658e-01
0.000000000000000000e+00
0.000000000000000000e+00
5.351803302764892578e-01
2.728740125894546509e-02
3.811415135860443115e-01
8.030130714178085327e-02
4.240620136260986328e-01
2.871077321469783783e-02
0.000000000000000000e+00
5.429197475314140320e-02
9.235380291938781738e-01
7.342100143432617188e-01
0.000000000000000000e+00
2.651776559650897980e-02
1.093762397766113281e+00
3.564747869968414307e-01
1.696031093597412109e-01
2.875833585858345032e-02
1.576218843460083008e+00
3.526974916458129883e-01
0.000000000000000000e+00
3.419826924800872803e-01
3.926537632942199707e-01
3.243706747889518738e-02
2.763592004776000977e-01
1.165086030960083008e+00
8.350583910942077637e-01
0.000000000000000000e+00
5.354883614927530289e-03
0.000000000000000000e+00
0.000000000000000000e+00
1.360879242420196533e-01
1.497161507606506348e+00
3.697084903717041016e+00
1.917278170585632324e-01
1.875486254692077637e+00
0.000000000000000000e+00
5.937662124633789062e+00
0.000000000000000000e+00
0.000000000000000000e+00
0.000000000000000000e+00
1.411627531051635742e-01
3.579522669315338135e-01
1.866411119699478149e-01
1.554601192474365234e-01
1.075451135635375977e+00
1.407697517424821854e-02
1.585400104522705078e-01
8.446016907691955566e-01
0.000000000000000000e+00
6.602595001459121704e-02
1.700296625494956970e-02
0.000000000000000000e+00
5.898629501461982727e-02
0.000000000000000000e+00
3.798368945717811584e-02
1.292260587215423584e-01
1.852947473526000977e-01
4.252686724066734314e-02
9.499949216842651367e-02
3.341646865010261536e-02
0.000000000000000000e+00
2.965442240238189697e-01
2.029145322740077972e-02
7.287096381187438965e-01
1.346308831125497818e-02
0.000000000000000000e+00
0.000000000000000000e+00
3.030026145279407501e-02
1.508008241653442383e-01
2.382116913795471191e-01
2.283877134323120117e-01
0.000000000000000000e+00
9.155662730336189270e-03
0.000000000000000000e+00
1.806102693080902100e-01
2.331084489822387695e+00
7.843372412025928497e-03
9.590075910091400146e-02
1.903886198997497559e-01
1.555560469627380371e+00
0.000000000000000000e+00
2.971121668815612793e-01
0.000000000000000000e+00
7.028133869171142578e-01
3.361734002828598022e-02
0.000000000000000000e+00
0.000000000000000000e+00
0.000000000000000000e+00
0.000000000000000000e+00
5.528201535344123840e-02
2.466601319611072540e-02
0.000000000000000000e+00
4.835981130599975586e-02
0.000000000000000000e+00
2.489990147296339273e-04
1.025787442922592163e-01
9.383726865053176880e-03
6.862867474555969238e-01
0.000000000000000000e+00
8.958227932453155518e-02
4.190165176987648010e-02
4.028939306735992432e-01
2.479278855025768280e-02
1.380351334810256958e-01
1.267861872911453247e-01
5.707538127899169922e-01
1.667411625385284424e-01
4.456086084246635437e-02
3.864270076155662537e-02
2.348995804786682129e-01
3.405860424041748047e+00
7.062047719955444336e-02
6.935842335224151611e-03
9.560322389006614685e-03
2.852470636367797852e+00
3.699189126491546631e-01
7.469888925552368164e-01
8.472263813018798828e-02
4.903182387351989746e-02
6.529263191623613238e-05
3.565537557005882263e-02
1.008460149168968201e-01
2.926451899111270905e-02
0.000000000000000000e+00
0.000000000000000000e+00
4.914391934871673584e-01
1.982305496931076050e-01
2.567127719521522522e-02
1.538793325424194336e+00
2.283059060573577881e-02
3.328521549701690674e-02
5.087083578109741211e-02
8.324722200632095337e-02
0.000000000000000000e+00
2.645120397210121155e-02
0.000000000000000000e+00
9.629341214895248413e-02
8.136307001113891602e-01
9.550298452377319336e-01
4.854021668434143066e-01
2.097033709287643433e-01
1.132204532623291016e+00
6.429000496864318848e-01
1.649986803531646729e-01
0.000000000000000000e+00
2.388939559459686279e-01
1.239786148071289062e+00
2.760359458625316620e-02
2.393688261508941650e-02
8.146946430206298828e-01
1.052508354187011719e+00
2.412400767207145691e-02
2.093485444784164429e-01
3.529542386531829834e-01
2.173913419246673584e-01
0.000000000000000000e+00
1.652317494153976440e-01
1.704830490052700043e-02
0.000000000000000000e+00
3.542676335200667381e-03
6.583301723003387451e-02
6.364230811595916748e-02
7.576249539852142334e-02
7.470418214797973633e-01
2.843151614069938660e-02
0.000000000000000000e+00
5.674538016319274902e-01
1.856868863105773926e+00
2.413721941411495209e-02
0.000000000000000000e+00
2.728911489248275757e-02
6.770693659782409668e-01
1.464041136205196381e-02
9.332649409770965576e-02
0.000000000000000000e+00
3.197708427906036377e-01
4.894622415304183960e-02
0.000000000000000000e+00
1.065043658018112183e-01
4.122717678546905518e-01
1.695204019546508789e+00
3.494819402694702148e-01
4.348755180835723877e-01
8.564879894256591797e-01
2.409507781267166138e-01
3.976830095052719116e-02
8.182811737060546875e-02
7.162348031997680664e-01
2.307085879147052765e-02
3.395209014415740967e-01
5.550738573074340820e-01
0.000000000000000000e+00
1.760485768318176270e-02
3.894412815570831299e-01
0.000000000000000000e+00
8.734437823295593262e-01
3.455665707588195801e-02
8.519514203071594238e-01
6.416172534227371216e-02
1.799245625734329224e-01
1.992099046707153320e+00
3.733505010604858398e-01
0.000000000000000000e+00
3.654840946197509766e+00
1.818031370639801025e-01
1.114644333720207214e-01
3.099112538620829582e-03
1.029598638415336609e-01
5.498902201652526855e-01
4.555818438529968262e-02
0.000000000000000000e+00
6.900379657745361328e-01
6.251620650291442871e-01
0.000000000000000000e+00
5.367300286889076233e-02
5.077129006385803223e-01
1.737408339977264404e-02
6.206842660903930664e-01
2.963422238826751709e-01
1.152004525065422058e-01
5.046924576163291931e-03
0.000000000000000000e+00
2.405079603195190430e-01
0.000000000000000000e+00
0.000000000000000000e+00
6.583838909864425659e-02
9.432436525821685791e-02
1.788657456636428833e-01
2.198223173618316650e-01
0.000000000000000000e+00
2.637157440185546875e-01
1.600286215543746948e-01
2.597001075744628906e+00
1.318318955600261688e-02
2.920044213533401489e-02
3.532270789146423340e-01
0.000000000000000000e+00
2.357144467532634735e-02
1.930770128965377808e-01
4.712282866239547729e-02
1.028285250067710876e-01
1.626411378383636475e-01
1.110374331474304199e-01
0.000000000000000000e+00
0.000000000000000000e+00
2.384734451770782471e-01
9.152393043041229248e-02
0.000000000000000000e+00
1.777737021446228027e+00
0.000000000000000000e+00
4.357077181339263916e-02
1.055834740400314331e-01
6.748214960098266602e-01
0.000000000000000000e+00
0.000000000000000000e+00
4.349081963300704956e-02
1.876321285963058472e-01
8.310420811176300049e-02
2.914337515830993652e-01
0.000000000000000000e+00
4.001569002866744995e-03
1.147039830684661865e-01
9.706759452819824219e-01
0.000000000000000000e+00
0.000000000000000000e+00
8.565731346607208252e-02
0.000000000000000000e+00
1.588576316833496094e+00
5.596395730972290039e-01
2.085865288972854614e-02
0.000000000000000000e+00
1.171389579772949219e+00
0.000000000000000000e+00
1.726382672786712646e-01
7.307717204093933105e-01
2.743144892156124115e-02
8.827675580978393555e-01
1.772517800331115723e+00
0.000000000000000000e+00
0.000000000000000000e+00
0.000000000000000000e+00
0.000000000000000000e+00
6.868295669555664062e-01
4.417777061462402344e-02
5.087235197424888611e-02
0.000000000000000000e+00
4.497458934783935547e-01
9.520261883735656738e-01
3.279889747500419617e-02
1.030086755752563477e+00
0.000000000000000000e+00
0.000000000000000000e+00
3.062020754441618919e-03
1.084494069218635559e-01
9.034614264965057373e-02
8.899708092212677002e-02
4.644387662410736084e-01
7.544580101966857910e-02
0.000000000000000000e+00
5.038864910602569580e-03
3.072980344295501709e-01
0.000000000000000000e+00
7.439802289009094238e-01
2.904168367385864258e-01
1.169747952371835709e-02
0.000000000000000000e+00
5.676972270011901855e-01
3.830888494849205017e-02
3.365148091688752174e-03
0.000000000000000000e+00
0.000000000000000000e+00
2.095863595604896545e-02
1.719388365745544434e+00
4.750108122825622559e-01
9.174829721450805664e-02
6.788885593414306641e-02
2.126253843307495117e-01
2.748509868979454041e-02
1.178855538368225098e+00
1.293129026889801025e-01
7.087740302085876465e-02
5.213501676917076111e-02
1.148646399378776550e-01
2.008693069219589233e-01
2.117913030087947845e-02
0.000000000000000000e+00
3.917619958519935608e-02
1.196151524782180786e-01
1.755972579121589661e-02
3.218629062175750732e-01
5.422723889350891113e-01
0.000000000000000000e+00
8.805574476718902588e-02
5.936352014541625977e-01
9.130864590406417847e-02
3.188096582889556885e-01
5.498077869415283203e-01
4.714024253189563751e-03
1.960055083036422729e-01
1.075027346611022949e+00
5.318452715873718262e-01
1.283487230539321899e-01
1.838088989257812500e+00
0.000000000000000000e+00
0.000000000000000000e+00
4.274732768535614014e-01
0.000000000000000000e+00
0.000000000000000000e+00
1.920944303274154663e-01
0.000000000000000000e+00
3.203477244824171066e-03
6.047378182411193848e-01
1.764559447765350342e-01
3.112027943134307861e-01
7.185398135334253311e-03
0.000000000000000000e+00
9.318055957555770874e-02
1.326546192169189453e+00
2.875753641128540039e-01
6.369503214955329895e-03
1.934721618890762329e-01
2.420566380023956299e-01
1.170905828475952148e-01
4.238778352737426758e-01
1.542388051748275757e-01
1.549635887145996094e+00
1.390462279319763184e+00
4.174232780933380127e-01
3.876175284385681152e-01
1.942712783813476562e+00
7.805689573287963867e-01
2.919441759586334229e-01
7.164128422737121582e-01
0.000000000000000000e+00
1.771099925041198730e+00
0.000000000000000000e+00
1.899618469178676605e-02
6.376726925373077393e-02
4.115340113639831543e-02
5.032814294099807739e-02
2.649262189865112305e+00
3.913503885269165039e-02
2.497725188732147217e-02
3.550608158111572266e-01
1.832122802734375000e+00
2.658957801759243011e-02
0.000000000000000000e+00
3.572928532958030701e-02
0.000000000000000000e+00
1.182947754859924316e-01
4.015872720628976822e-03
0.000000000000000000e+00
0.000000000000000000e+00
1.086964249610900879e+00
0.000000000000000000e+00
7.620750460773706436e-03
1.438258588314056396e-01
8.988983929157257080e-03
9.903866797685623169e-02
3.706254437565803528e-02
9.847621433436870575e-03
3.098672032356262207e-01
1.485583633184432983e-01
1.485992521047592163e-01
8.694880008697509766e-01
0.000000000000000000e+00
1.754220016300678253e-02
1.837368607521057129e-01
9.490131400525569916e-03
0.000000000000000000e+00
8.923749625682830811e-02
2.979628974571824074e-03
2.576696686446666718e-03
1.335979104042053223e-01
0.000000000000000000e+00
1.181595399975776672e-01
1.888969540596008301e-01
5.323842167854309082e-01
2.546582221984863281e-01
0.000000000000000000e+00
2.156678438186645508e-01
6.137410998344421387e-01
3.980772793292999268e-01
1.114995703101158142e-01
1.007296144962310791e-01
3.043634295463562012e-01
8.128748089075088501e-02
3.203417956829071045e-01
9.936723858118057251e-02
2.172121703624725342e-01
0.000000000000000000e+00
1.839142590761184692e-01
1.865614801645278931e-01
3.382422924041748047e-01
3.389840424060821533e-01
1.566306650638580322e-01
4.234736412763595581e-02
4.967797175049781799e-02
0.000000000000000000e+00
0.000000000000000000e+00
1.332043647766113281e+00
2.896026708185672760e-03
1.027839756011962891e+01
0.000000000000000000e+00
1.042790651321411133e+00
1.072139851748943329e-02
3.297495245933532715e-01
1.124416887760162354e-01
2.409482449293136597e-01
0.000000000000000000e+00
6.050625443458557129e-01
3.534155339002609253e-02
0.000000000000000000e+00
0.000000000000000000e+00
2.612384036183357239e-02
0.000000000000000000e+00
3.019403219223022461e-01
7.731673121452331543e-02
8.404181152582168579e-02
7.714536786079406738e-01
0.000000000000000000e+00
0.000000000000000000e+00
2.298007458448410034e-01
0.000000000000000000e+00
9.877164959907531738e-01
3.311699032783508301e-01
2.744827508926391602e+00
0.000000000000000000e+00
6.728040985763072968e-03
0.000000000000000000e+00
4.810775443911552429e-02
1.561057269573211670e-01
1.128787636756896973e+00
0.000000000000000000e+00
3.648663684725761414e-02
0.000000000000000000e+00
3.025991618633270264e-01
1.623302139341831207e-02
0.000000000000000000e+00
1.290007233619689941e-01
3.090028464794158936e-02
3.051720745861530304e-02
1.242067664861679077e-01
0.000000000000000000e+00
0.000000000000000000e+00
1.995791643857955933e-01
5.541273355484008789e-01
6.347541511058807373e-02
1.254279613494873047e-01
7.813073898432776332e-05
0.000000000000000000e+00
8.788017183542251587e-02
7.462720572948455811e-02
0.000000000000000000e+00
2.635986506938934326e-01
4.213425815105438232e-01
2.573443949222564697e-01
0.000000000000000000e+00
1.920572996139526367e+00
2.817260026931762695e-01
2.290017604827880859e-01
1.022275686264038086e-01
0.000000000000000000e+00
1.282365322113037109e-01
4.916064739227294922e-01
1.241713613271713257e-01
8.205141425132751465e-01
2.290455400943756104e-01
3.286922723054885864e-02
2.456426620483398438e-01
3.778718411922454834e-01
5.674359202384948730e-01
3.829418448731303215e-03
0.000000000000000000e+00
0.000000000000000000e+00
1.327647447586059570e+00
6.113438680768013000e-02
2.289973497390747070e-01
2.681410610675811768e-01
5.088112354278564453e-01
3.325341641902923584e-01
5.426220297813415527e-01
1.939861476421356201e-01
1.529065966606140137e-01
6.085959076881408691e-01
0.000000000000000000e+00
8.385700732469558716e-02
5.468812212347984314e-02
7.107712794095277786e-03
5.794640779495239258e-01
0.000000000000000000e+00
0.000000000000000000e+00
0.000000000000000000e+00
9.796901345252990723e-01
0.000000000000000000e+00
1.021309420466423035e-01
2.151409864425659180e+00
3.361434116959571838e-02
1.437165029346942902e-02
1.812376827001571655e-02
0.000000000000000000e+00
2.518250979483127594e-02
0.000000000000000000e+00
4.865258187055587769e-02
2.129783481359481812e-02
1.245442628860473633e+00
1.419391036033630371e-01
2.433659076690673828e+00
2.697889804840087891e-01
0.000000000000000000e+00
9.983111619949340820e-01
0.000000000000000000e+00
4.117137491703033447e-01
3.397720158100128174e-01
8.098413944244384766e-01
1.107895094901323318e-02
6.061534285545349121e-01
1.322170197963714600e-01
9.005994349718093872e-02
1.487188041210174561e-01
1.850292235612869263e-01
0.000000000000000000e+00
1.245376169681549072e-01
2.413202524185180664e-01
1.769978180527687073e-02
1.675471663475036621e-01
0.000000000000000000e+00
1.042053699493408203e+00
2.578811720013618469e-02
0.000000000000000000e+00
0.000000000000000000e+00
1.850084811449050903e-01
0.000000000000000000e+00
3.604080080986022949e-01
0.000000000000000000e+00
3.481077551841735840e-01
2.843680977821350098e-01
2.743284404277801514e-01
5.775197744369506836e-01
5.265910625457763672e-01
1.046083122491836548e-01
2.718632817268371582e-01
3.882018923759460449e-01
2.190624028444290161e-01
5.680304169654846191e-01
5.523647740483283997e-02
0.000000000000000000e+00
6.713648326694965363e-04
1.831438839435577393e-01
0.000000000000000000e+00
1.398213505744934082e-01
0.000000000000000000e+00
0.000000000000000000e+00
0.000000000000000000e+00
0.000000000000000000e+00
0.000000000000000000e+00
7.171002626419067383e-01
1.799371719360351562e+00
1.344186305999755859e+00
0.000000000000000000e+00
1.889694482088088989e-02
3.288049623370170593e-02
2.383164688944816589e-02
0.000000000000000000e+00
1.734558045864105225e-01
2.257379770278930664e+00
7.257412653416395187e-04
2.223745733499526978e-02
4.658501595258712769e-02
8.762260675430297852e-01
2.228556871414184570e+00
6.381229758262634277e-01
5.757712200284004211e-02
1.350618600845336914e+00
2.786670923233032227e-01
3.430742621421813965e-01
1.580022722482681274e-01
0.000000000000000000e+00
0.000000000000000000e+00
2.309985607862472534e-01
1.361594319343566895e+00
1.651230812072753906e+00
0.000000000000000000e+00
5.896723642945289612e-02
1.535779535770416260e-01
2.622658610343933105e-01
0.000000000000000000e+00
1.149987429380416870e-02
3.577694892883300781e-01
1.267645120620727539e+00
0.000000000000000000e+00
1.332929451018571854e-02
0.000000000000000000e+00
0.000000000000000000e+00
1.774854063987731934e-01
3.051553964614868164e-01
9.275762736797332764e-02
1.438144892454147339e-01
1.955202221870422363e-01
8.870897442102432251e-02
9.882764220237731934e-01
0.000000000000000000e+00
0.000000000000000000e+00
1.989205241203308105e+00
1.586581021547317505e-01
2.167315036058425903e-01
3.968103229999542236e-01
2.752132415771484375e-01
8.387900888919830322e-03
1.888643950223922729e-02
0.000000000000000000e+00
6.060124561190605164e-02
2.282448053359985352e+00
2.603245079517364502e-01
5.423298105597496033e-02
7.864432781934738159e-02
9.017075411975383759e-03
1.249333396553993225e-01
3.667955845594406128e-02
9.753382205963134766e-01
3.944822549819946289e-01
6.361564397811889648e-01
2.444657497107982635e-02
1.771812140941619873e-02
0.000000000000000000e+00
1.383046712726354599e-02
5.502429008483886719e-01
1.736257314682006836e+00
1.887711137533187866e-01
2.148456498980522156e-02
9.707481265068054199e-01
0.000000000000000000e+00
1.676394976675510406e-02
7.902812957763671875e-02
1.403598636388778687e-01
2.890315532684326172e+00
2.269287854433059692e-01
5.570605397224426270e-02
0.000000000000000000e+00
7.245538830757141113e-01
1.230673864483833313e-01
4.932101815938949585e-03
2.027942985296249390e-02
7.724367380142211914e-01
5.486819148063659668e-01
