2.625210523605346680e+00
2.774289622902870178e-02
8.474497795104980469e-01
0.000000000000000000e+00
5.016759410500526428e-02
0.000000000000000000e+00
0.000000000000000000e+00
1.690053194761276245e-02
5.522925257682800293e-01
0.000000000000000000e+00
0.000000000000000000e+00
0.000000000000000000e+00
1.691886782646179199e-01
0.000000000000000000e+00
1.185997575521469116e-01
1.232236716896295547e-02
1.381214521825313568e-02
3.245467245578765869e-01
1.257727593183517456e-01
0.000000000000000000e+00
0.000000000000000000e+00
0.000000000000000000e+00
4.792288318276405334e-02
1.326065421104431152e+00
3.316220760345458984e+00
0.000000000000000000e+00
2.168138980865478516e+00
0.000000000000000000e+00
0.000000000000000000e+00
6.027970090508460999e-02
1.080764830112457275e-02
9.319956302642822266e-01
0.000000000000000000e+00
0.000000000000000000e+00
3.313695266842842102e-02
2.274350076913833618e-01
4.752818495035171509e-03
0.000000000000000000e+00
4.447175562381744385e-01
1.758669018745422363e-01
5.864699557423591614e-02
9.703775644302368164e-01
4.666423797607421875e-02
0.000000000000000000e+00
3.418355464935302734e+00
1.411325037479400635e-01
0.000000000000000000e+00
6.311911344528198242e-02
8.092578500509262085e-03
0.000000000000000000e+00
6.246413588523864746e-01
3.430419042706489563e-02
1.910351991653442383e+00
1.135548483580350876e-02
2.503885328769683838e-02
3.089836239814758301e-01
0.000000000000000000e+00
2.815700769424438477e-01
1.356108188629150391e-01
1.510753512382507324e+00
8.356325030326843262e-01
4.434522390365600586e-01
6.144679151475429535e-03
1.336089611053466797e+00
3.017054498195648193e-02
0.000000000000000000e+00
0.000000000000000000e+00
5.703460574150085449e-01
9.659312665462493896e-02
3.157674968242645264e-01
5.750588417053222656e+00
1.246121712028980255e-02
0.000000000000000000e+00
2.450674027204513550e-01
0.000000000000000000e+00
0.000000000000000000e+00
1.005382061004638672e+00
3.627325594425201416e-01
7.979080677032470703e-01
0.000000000000000000e+00
0.000000000000000000e+00
0.000000000000000000e+00
4.592018201947212219e-02
0.000000000000000000e+00
2.563326954841613770e-01
5.211987495422363281e-01
0.000000000000000000e+00
4.360685646533966064e-01
2.575519979000091553e-01
0.000000000000000000e+00
0.000000000000000000e+00
1.622669212520122528e-02
7.288355380296707153e-02
1.424395561218261719e+00
0.000000000000000000e+00
5.393429100513458252e-02
3.550274968147277832e-01
1.034602075815200806e-01
1.827264130115509033e-01
0.000000000000000000e+00
0.000000000000000000e+00
6.013791561126708984e-01
0.000000000000000000e+00
1.914906799793243408e-01
0.000000000000000000e+00
4.777854681015014648e-02
7.820336222648620605e-01
7.689576596021652222e-02
1.044666022062301636e-02
5.201547741889953613e-01
0.000000000000000000e+00
5.157062038779258728e-02
4.753483459353446960e-02
0.000000000000000000e+00
6.499561667442321777e-01
3.069947242736816406e+00
3.540905117988586426e-01
2.184967845678329468e-01
0.000000000000000000e+00
8.163413405418395996e-02
6.382942944765090942e-02
0.000000000000000000e+00
0.000000000000000000e+00
0.000000000000000000e+00
2.530333280563354492e+00
1.196121573448181152e+00
3.253057971596717834e-02
7.654817454749718308e-05
0.000000000000000000e+00
0.000000000000000000e+00
8.371233344078063965e-01
0.000000000000000000e+00
9.125989675521850586e-02
0.000000000000000000e+00
2.669132372830063105e-04
0.000000000000000000e+00
5.710418820381164551e-01
0.000000000000000000e+00
0.000000000000000000e+00
0.000000000000000000e+00
3.932747840881347656e-01
1.608185917139053345e-01
2.469754368066787720e-01
4.824801087379455566e-01
1.782051473855972290e-02
4.202808439731597900e-01
2.076723277568817139e-01
0.000000000000000000e+00
7.745555788278579712e-02
0.000000000000000000e+00
7.691383957862854004e-01
2.061835080385208130e-01
4.404705017805099487e-02
1.936076879501342773e-01
9.226028621196746826e-02
2.163471467792987823e-02
7.440348863601684570e-01
0.000000000000000000e+00
0.000000000000000000e+00
0.000000000000000000e+00
6.276192069053649902e-01
0.000000000000000000e+00
2.651009559631347656e-01
3.443735599517822266e+00
1.492980774492025375e-02
6.763738393783569336e-01
7.911842465400695801e-01
0.000000000000000000e+00
3.820582032203674316e-01
1.045019272714853287e-02
9.770072102546691895e-01
0.000000000000000000e+00
0.000000000000000000e+00
1.382735325023531914e-03
0.000000000000000000e+00
2.159736454486846924e-01
0.000000000000000000e+00
5.808776244521141052e-02
0.000000000000000000e+00
3.261258602142333984e+00
3.793096840381622314e-01
0.000000000000000000e+00
0.000000000000000000e+00
1.207242086529731750e-01
4.082666039466857910e-01
1.995028257369995117e+00
7.534027099609375000e-02
0.000000000000000000e+00
5.619500763714313507e-03
1.132989395409822464e-02
1.459251940250396729e-01
2.346647232770919800e-01
4.345598816871643066e-01
0.000000000000000000e+00
0.000000000000000000e+00
4.177425429224967957e-02
3.799831569194793701e-01
7.767620682716369629e-02
1.653615757822990417e-02
2.044088602066040039e+00
1.192000389099121094e+00
1.771083623170852661e-01
0.000000000000000000e+00
0.000000000000000000e+00
6.976141780614852905e-02
7.682452201843261719e-01
2.056611925363540649e-01
1.710972338914871216e-01
4.609513655304908752e-02
1.180697441101074219e+00
6.845713406801223755e-02
2.970843315124511719e-01
5.940040946006774902e-02
7.141019683331251144e-03
0.000000000000000000e+00
3.456087782979011536e-02
3.830526769161224365e-01
0.000000000000000000e+00
0.000000000000000000e+00
0.000000000000000000e+00
1.516444981098175049e-01
0.000000000000000000e+00
4.647025108337402344e+00
0.000000000000000000e+00
0.000000000000000000e+00
0.000000000000000000e+00
1.495727151632308960e-01
1.812611222267150879e+00
0.000000000000000000e+00
2.863134741783142090e-01
2.220289409160614014e-01
1.676765382289886475e-01
6.993215996772050858e-03
2.535951435565948486e-01
1.716469377279281616e-01
3.554221987724304199e-01
0.000000000000000000e+00
5.597393959760665894e-02
7.317773699760437012e-01
1.221778988838195801e-01
3.612278029322624207e-02
4.629933238029479980e-01
1.045743465423583984e+00
1.598486602306365967e-01
6.304238457232713699e-03
0.000000000000000000e+00
0.000000000000000000e+00
4.309712648391723633e-01
1.472922414541244507e-01
7.385829091072082520e-01
0.000000000000000000e+00
2.990161627531051636e-02
4.030271992087364197e-02
2.472538203001022339e-01
1.964111924171447754e+00
1.898392319679260254e+00
2.466279640793800354e-02
4.172987341880798340e-01
1.675306633114814758e-02
9.187024831771850586e-02
0.000000000000000000e+00
4.590367674827575684e-01
0.000000000000000000e+00
3.556463718414306641e-01
8.995164185762405396e-03
0.000000000000000000e+00
0.000000000000000000e+00
0.000000000000000000e+00
0.000000000000000000e+00
0.000000000000000000e+00
4.231964349746704102e-01
0.000000000000000000e+00
5.239056423306465149e-02
2.595515847206115723e-01
5.865195766091346741e-02
8.422756195068359375e-02
7.985932230949401855e-01
1.094983339309692383e+00
3.602980375289916992e-01
4.802667796611785889e-01
2.434831857681274414e-01
1.865746974945068359e-01
6.544885635375976562e-01
2.535707131028175354e-02
0.000000000000000000e+00
2.363074570894241333e-01
1.132479459047317505e-01
7.664673030376434326e-02
9.269025325775146484e-01
3.705927133560180664e-01
5.457692593336105347e-02
1.951321959495544434e+00
7.373094558715820312e-01
0.000000000000000000e+00
2.329862117767333984e-01
1.593791097402572632e-01
1.803420297801494598e-02
4.902788400650024414e-01
7.714502811431884766e-01
8.874375373125076294e-02
4.544208943843841553e-02
1.939968764781951904e-02
1.027495265007019043e+00
0.000000000000000000e+00
9.272931218147277832e-01
0.000000000000000000e+00
9.584216773509979248e-02
1.198130939155817032e-02
1.294620218686759472e-03
4.724273204803466797e+00
0.000000000000000000e+00
2.982908487319946289e-01
3.742643445730209351e-02
1.328566312789916992e+00
8.688060566782951355e-03
4.801703989505767822e-01
1.228288292884826660e+00
4.204353317618370056e-03
0.000000000000000000e+00
7.953924685716629028e-02
8.308298885822296143e-03
3.303124606609344482e-01
2.924295514822006226e-02
3.525297343730926514e-01
5.487039685249328613e-02
0.000000000000000000e+00
2.230210602283477783e-02
6.288598775863647461e-01
8.874875903129577637e-01
3.942830488085746765e-02
3.583211451768875122e-02
9.732258319854736328e-02
0.000000000000000000e+00
1.380066871643066406e+00
9.351554908789694309e-04
3.324018239974975586e+00
2.244823575019836426e-01
4.736367762088775635e-01
6.373621225357055664e-01
8.808873891830444336e-01
0.000000000000000000e+00
2.552760951220989227e-02
6.193885207176208496e-02
1.526474952697753906e-02
0.000000000000000000e+00
0.000000000000000000e+00
0.000000000000000000e+00
3.541449084877967834e-02
3.874766349792480469e+00
2.520504295825958252e-01
0.000000000000000000e+00
1.622903160750865936e-02
1.044942140579223633e-01
0.000000000000000000e+00
0.000000000000000000e+00
2.546384632587432861e-01
3.401020914316177368e-02
0.000000000000000000e+00
1.256576776504516602e-01
2.599143423140048981e-02
0.000000000000000000e+00
8.988222479820251465e-02
3.686483949422836304e-02
1.575560092926025391e+00
9.063658714294433594e-01
5.784778296947479248e-02
1.309691429138183594e+00
1.349827507510781288e-03
5.158925056457519531e-01
0.000000000000000000e+00
4.181675314903259277e-01
0.000000000000000000e+00
0.000000000000000000e+00
9.108573794364929199e-01
2.036746591329574585e-03
8.297605067491531372e-02
0.000000000000000000e+00
7.692541182041168213e-02
0.000000000000000000e+00
0.000000000000000000e+00
0.000000000000000000e+00
0.000000000000000000e+00
3.479092717170715332e-01
0.000000000000000000e+00
3.774000331759452820e-02
0.000000000000000000e+00
2.306987941265106201e-01
8.293469250202178955e-02
0.000000000000000000e+00
0.000000000000000000e+00
0.000000000000000000e+00
0.000000000000000000e+00
7.963325977325439453e-01
0.000000000000000000e+00
0.000000000000000000e+00
2.369042158126831055e+00
0.000000000000000000e+00
4.369891643524169922e+00
2.567910254001617432e-01
0.000000000000000000e+00
7.061152905225753784e-02
0.000000000000000000e+00
1.080624833703041077e-01
4.050519466400146484e-01
6.109201312065124512e-01
4.784787446260452271e-02
0.000000000000000000e+00
6.806364655494689941e-02
5.093816518783569336e-01
4.430192708969116211e-02
0.000000000000000000e+00
0.000000000000000000e+00
5.588600158691406250e+00
0.000000000000000000e+00
2.329221218824386597e-01
0.000000000000000000e+00
0.000000000000000000e+00
1.502627134323120117e-01
2.032843977212905884e-02
0.000000000000000000e+00
3.654038429260253906e+00
0.000000000000000000e+00
0.000000000000000000e+00
0.000000000000000000e+00
0.000000000000000000e+00
0.000000000000000000e+00
3.322298452258110046e-02
2.700608372688293457e-01
3.582563949748873711e-03
2.346605777740478516e+00
0.000000000000000000e+00
7.494273036718368530e-02
1.944096758961677551e-02
1.299912929534912109e-01
6.900249123573303223e-01
8.072581291198730469e-01
5.059792194515466690e-03
0.000000000000000000e+00
0.000000000000000000e+00
4.707506671547889709e-02
6.280556321144104004e-01
9.896480478346347809e-03
0.000000000000000000e+00
3.501045405864715576e-01
5.599396228790283203e-01
0.000000000000000000e+00
0.000000000000000000e+00
2.379681542515754700e-02
1.294981002807617188e+00
8.615013957023620605e-02
7.734931111335754395e-01
1.673104823566973209e-03
3.947285562753677368e-02
0.000000000000000000e+00
0.000000000000000000e+00
6.942991167306900024e-02
0.000000000000000000e+00
0.000000000000000000e+00
1.459602918475866318e-02
1.926423609256744385e-01
2.332914322614669800e-01
6.419488787651062012e-01
8.810420036315917969e-01
0.000000000000000000e+00
1.312549471855163574e+00
1.715513132512569427e-02
6.849865429103374481e-03
0.000000000000000000e+00
4.506955742835998535e-01
0.000000000000000000e+00
0.000000000000000000e+00
1.468495465815067291e-03
4.316411316394805908e-01
8.678112626075744629e-01
2.555930912494659424e-01
7.479590829461812973e-03
0.000000000000000000e+00
0.000000000000000000e+00
2.783644497394561768e-01
4.284057140350341797e+00
3.505039587616920471e-02
0.000000000000000000e+00
6.503810640424489975e-03
1.980634033679962158e-01
2.074095308780670166e-01
3.039208352565765381e-01
3.860423088073730469e+00
2.151603437960147858e-02
4.364115715026855469e+00
4.077565073966979980e-01
1.164242744445800781e+00
1.160395592451095581e-01
0.000000000000000000e+00
0.000000000000000000e+00
9.354972243309020996e-01
7.620562613010406494e-02
2.132727503776550293e-01
6.372172832489013672e-01
1.991729140281677246e-01
9.341083467006683350e-02
0.000000000000000000e+00
0.000000000000000000e+00
3.256899118423461914e-01
5.217410922050476074e-01
1.693714968860149384e-02
1.076040938496589661e-01
1.036977991461753845e-01
0.000000000000000000e+00
3.906589448451995850e-01
0.000000000000000000e+00
0.000000000000000000e+00
5.120354294776916504e-01
1.071337983012199402e-01
4.927060604095458984e-01
7.776359468698501587e-02
7.696703821420669556e-02
5.986269712448120117e-01
9.976834803819656372e-02
0.000000000000000000e+00
0.000000000000000000e+00
1.039871107786893845e-02
1.424909103661775589e-02
1.708597876131534576e-02
3.312940523028373718e-02
4.778687477111816406e+00
3.641630988568067551e-03
2.652303278446197510e-01
3.826187252998352051e-01
7.501033782958984375e+00
1.455813169479370117e+00
7.972761243581771851e-02
0.000000000000000000e+00
0.000000000000000000e+00
3.288974761962890625e-01
0.000000000000000000e+00
0.000000000000000000e+00
6.774650514125823975e-02
0.000000000000000000e+00
4.510029256343841553e-01
6.197151541709899902e-01
4.116996765136718750e+00
0.000000000000000000e+00
1.217954009771347046e-01
0.000000000000000000e+00
0.000000000000000000e+00
0.000000000000000000e+00
4.209785908460617065e-02
1.008846331387758255e-03
6.528868675231933594e-01
0.000000000000000000e+00
2.301673963665962219e-02
4.445773735642433167e-02
1.035531088709831238e-01
2.063344866037368774e-01
3.287149826064705849e-03
0.000000000000000000e+00
0.000000000000000000e+00
1.915041059255599976e-01
3.426114320755004883e-01
1.791600021533668041e-03
0.000000000000000000e+00
7.553049921989440918e-01
5.776903405785560608e-02
0.000000000000000000e+00
5.303758978843688965e-01
0.000000000000000000e+00
2.170123338699340820e+00
4.078591763973236084e-01
0.000000000000000000e+00
1.776071488857269287e-01
3.241972923278808594e-01
6.938957571983337402e-01
0.000000000000000000e+00
1.584714278578758240e-02
2.034371793270111084e-01
3.398743569850921631e-01
2.475418522953987122e-02
3.429385721683502197e-01
0.000000000000000000e+00
4.800993576645851135e-02
3.891011774539947510e-01
0.000000000000000000e+00
1.746787577867507935e-01
0.000000000000000000e+00
1.017709374427795410e+00
5.644750595092773438e-02
0.000000000000000000e+00
0.000000000000000000e+00
6.727959215641021729e-02
0.000000000000000000e+00
1.145244166254997253e-01
1.779277622699737549e-01
0.000000000000000000e+00
5.991816893219947815e-02
0.000000000000000000e+00
2.635870594531297684e-03
1.923376228660345078e-03
6.136920768767595291e-03
0.000000000000000000e+00
1.650029897689819336e+00
4.527803510427474976e-02
4.710513949394226074e-01
1.640209704637527466e-01
0.000000000000000000e+00
3.886495232582092285e-01
3.382527211215347052e-04
5.183996558189392090e-01
3.239715397357940674e-01
2.396869659423828125e-02
1.372104138135910034e-01
0.000000000000000000e+00
0.000000000000000000e+00
0.000000000000000000e+00
1.038155928254127502e-01
6.343607306480407715e-01
4.118717275559902191e-03
5.426580905914306641e-01
0.000000000000000000e+00
1.828803122043609619e-02
1.810923963785171509e-01
0.000000000000000000e+00
0.000000000000000000e+00
2.792529165744781494e-01
0.000000000000000000e+00
4.463016986846923828e+00
3.440172970294952393e-01
0.000000000000000000e+00
1.162964582443237305e+00
0.000000000000000000e+00
0.000000000000000000e+00
2.416182011365890503e-01
6.497810781002044678e-02
1.522448807954788208e-01
0.000000000000000000e+00
9.107793867588043213e-02
0.000000000000000000e+00
0.000000000000000000e+00
3.485573455691337585e-02
2.768149375915527344e-01
0.000000000000000000e+00
2.483213663101196289e+00
0.000000000000000000e+00
1.361221671104431152e+00
8.972367048263549805e-01
0.000000000000000000e+00
1.137890815734863281e-01
4.346421718597412109e+00
3.235256299376487732e-02
6.035429239273071289e-01
0.000000000000000000e+00
2.669303417205810547e-01
0.000000000000000000e+00
0.000000000000000000e+00
0.000000000000000000e+00
0.000000000000000000e+00
0.000000000000000000e+00
2.052876912057399750e-02
1.107511743903160095e-01
0.000000000000000000e+00
1.509200632572174072e-01
0.000000000000000000e+00
3.873618319630622864e-03
1.275976896286010742e-01
0.000000000000000000e+00
0.000000000000000000e+00
3.679866716265678406e-02
0.000000000000000000e+00
2.308182477951049805e+00
3.572111204266548157e-02
2.794105112552642822e-01
4.210609942674636841e-02
0.000000000000000000e+00
2.568841278553009033e-01
1.560323126614093781e-02
5.751283466815948486e-02
2.954841405153274536e-02
1.232673525810241699e-01
1.007948145270347595e-01
7.350164931267499924e-03
1.452066749334335327e-01
9.549058973789215088e-02
4.209489524364471436e-01
3.548792377114295959e-02
6.634134799242019653e-02
5.233259126543998718e-02
4.451982080936431885e-01
0.000000000000000000e+00
0.000000000000000000e+00
0.000000000000000000e+00
2.214232273399829865e-02
0.000000000000000000e+00
0.000000000000000000e+00
0.000000000000000000e+00
0.000000000000000000e+00
3.586162626743316650e-01
5.899581313133239746e-01
1.005321145057678223e+00
2.855770111083984375e+00
2.173130512237548828e-01
3.035136731341481209e-03
1.505521059036254883e+00
1.977650448679924011e-02
0.000000000000000000e+00
4.858357459306716919e-02
0.000000000000000000e+00
3.109150230884552002e-01
1.934953480958938599e-01
1.696327328681945801e+00
7.778772115707397461e-01
0.000000000000000000e+00
1.162171244621276855e+00
1.948563754558563232e-01
7.665087580680847168e-01
4.215274378657341003e-02
0.000000000000000000e+00
5.944645963609218597e-03
1.388075590133666992e+00
0.000000000000000000e+00
4.068523347377777100e-01
1.689411699771881104e-01
1.032596975564956665e-01
2.079474739730358124e-03
2.399259507656097412e-01
4.532486945390701294e-02
5.083811879158020020e-01
4.146998375654220581e-02
6.768948435783386230e-01
3.765257820487022400e-02
0.000000000000000000e+00
1.011783536523580551e-02
0.000000000000000000e+00
2.318226546049118042e-01
7.165938615798950195e-01
2.506692707538604736e-01
3.342626988887786865e-01
6.494932621717453003e-02
1.067056179046630859e+00
4.349260032176971436e-01
1.136768341064453125e+00
0.000000000000000000e+00
1.048440188169479370e-01
0.000000000000000000e+00
3.797589987516403198e-02
4.333468377590179443e-01
2.298317663371562958e-02
0.000000000000000000e+00
1.402815580368041992e+00
1.013996154069900513e-01
3.866034746170043945e-02
2.700286507606506348e-01
8.839622884988784790e-02
0.000000000000000000e+00
9.907557396218180656e-04
0.000000000000000000e+00
3.982699289917945862e-02
0.000000000000000000e+00
2.712540626525878906e+00
0.000000000000000000e+00
0.000000000000000000e+00
0.000000000000000000e+00
1.934409588575363159e-01
7.223001122474670410e-02
1.230844259262084961e+00
1.165557265281677246e+00
1.061998307704925537e-02
6.389766931533813477e-02
1.034816447645425797e-02
2.318662881851196289e+00
0.000000000000000000e+00
1.368276476860046387e+00
1.345109939575195312e-02
4.197626840323209763e-04
0.000000000000000000e+00
2.906327545642852783e-01
1.828430965542793274e-02
0.000000000000000000e+00
1.149405837059020996e-01
0.000000000000000000e+00
0.000000000000000000e+00
1.664030849933624268e-01
2.527764797210693359e+00
3.284867286682128906e+00
0.000000000000000000e+00
0.000000000000000000e+00
3.560468787327408791e-03
0.000000000000000000e+00
4.387209191918373108e-02
5.309374332427978516e-01
0.000000000000000000e+00
5.495719313621520996e-01
0.000000000000000000e+00
0.000000000000000000e+00
8.226545453071594238e-01
0.000000000000000000e+00
0.000000000000000000e+00
1.051538810133934021e-02
6.005379185080528259e-02
0.000000000000000000e+00
2.323654480278491974e-02
1.300625316798686981e-02
0.000000000000000000e+00
2.987588644027709961e-01
2.195954136550426483e-02
1.003521308302879333e-02
8.664280921220779419e-02
1.630205102264881134e-02
0.000000000000000000e+00
4.498756229877471924e-01
8.477854728698730469e-01
0.000000000000000000e+00
1.031809374690055847e-01
4.810659885406494141e-01
1.461344808340072632e-01
0.000000000000000000e+00
1.041887521743774414e+00
0.000000000000000000e+00
1.305840909481048584e-01
1.176577210426330566e+00
3.509632349014282227e-01
4.942993521690368652e-01
1.568455621600151062e-02
0.000000000000000000e+00
8.949598670005798340e-02
3.604113459587097168e-01
5.598246455192565918e-01
3.172427713871002197e-01
4.232430830597877502e-03
3.861697763204574585e-02
1.781408116221427917e-02
0.000000000000000000e+00
7.678283751010894775e-02
2.549325942993164062e+00
0.000000000000000000e+00
1.366205364465713501e-01
7.790492475032806396e-02
0.000000000000000000e+00
1.628197729587554932e-01
0.000000000000000000e+00
4.749386757612228394e-02
5.337488837540149689e-03
8.226079493761062622e-02
0.000000000000000000e+00
0.000000000000000000e+00
3.781567513942718506e-01
0.000000000000000000e+00
0.000000000000000000e+00
9.362897276878356934e-01
0.000000000000000000e+00
1.264969557523727417e-01
4.189853742718696594e-02
1.023086786270141602e+00
0.000000000000000000e+00
1.136324167251586914e+00
0.000000000000000000e+00
2.432954125106334686e-02
3.315227925777435303e-01
2.457843571901321411e-01
1.774576425552368164e+00
2.262592464685440063e-01
1.121085882186889648e+00
1.025665163993835449e+00
0.000000000000000000e+00
2.215461283922195435e-01
2.683610096573829651e-02
0.000000000000000000e+00
0.000000000000000000e+00
8.955877856351435184e-04
3.326973691582679749e-02
4.489303231239318848e-01
1.187980294227600098e+00
0.000000000000000000e+00
0.000000000000000000e+00
0.000000000000000000e+00
4.422545433044433594e-01
5.659093856811523438e-01
3.223040997982025146e-01
9.825673103332519531e-01
7.069584727287292480e-02
8.311514854431152344e-01
2.563760280609130859e-01
1.379114985466003418e-01
0.000000000000000000e+00
4.867351949214935303e-01
0.000000000000000000e+00
3.253206253051757812e+00
0.000000000000000000e+00
1.340697705745697021e-01
0.000000000000000000e+00
1.585065126419067383e-01
0.000000000000000000e+00
1.722323656082153320e+00
3.449098169803619385e-01
0.000000000000000000e+00
6.274155457504093647e-04
5.979902925901114941e-04
0.000000000000000000e+00
0.000000000000000000e+00
0.000000000000000000e+00
0.000000000000000000e+00
1.937717497348785400e-01
0.000000000000000000e+00
6.806678175926208496e-01
2.863374538719654083e-03
0.000000000000000000e+00
2.704424381256103516e+00
1.136421114206314087e-01
2.485504597425460815e-01
5.138406753540039062e-01
0.000000000000000000e+00
1.332377672195434570e+00
1.076811254024505615e-01
1.023990213871002197e-01
2.204447425901889801e-02
4.823572188615798950e-02
0.000000000000000000e+00
4.142649769783020020e-01
1.904887706041336060e-01
2.583166360855102539e+00
5.509421825408935547e+00
6.132653951644897461e-01
0.000000000000000000e+00
1.229880750179290771e-02
0.000000000000000000e+00
0.000000000000000000e+00
1.260508783161640167e-02
7.732534781098365784e-03
1.133589744567871094e+00
1.221204042434692383e+00
5.625075846910476685e-02
0.000000000000000000e+00
1.566588163375854492e+00
0.000000000000000000e+00
2.300949394702911377e-02
0.000000000000000000e+00
1.317619979381561279e-01
7.463009953498840332e-01
0.000000000000000000e+00
7.048696279525756836e-02
9.698581099510192871e-01
4.646828398108482361e-02
0.000000000000000000e+00
9.893567562103271484e-01
5.149579644203186035e-01
2.887701243162155151e-02
2.349862307310104370e-01
0.000000000000000000e+00
0.000000000000000000e+00
2.070010453462600708e-02
1.793161630630493164e+00
1.256044656038284302e-01
7.772450894117355347e-02
1.274237334728240967e-01
0.000000000000000000e+00
1.093844231218099594e-02
8.667125105857849121e-01
2.151688793674111366e-03
1.842525525717064738e-04
9.248300641775131226e-02
6.549844145774841309e-02
0.000000000000000000e+00
0.000000000000000000e+00
1.011587679386138916e-02
0.000000000000000000e+00
4.020470976829528809e-01
2.682837963104248047e+00
7.583813667297363281e-01
1.680464856326580048e-02
5.537535622715950012e-02
6.485021114349365234e-01
0.000000000000000000e+00
1.295677293092012405e-02
7.409881949424743652e-01
2.301270365715026855e-01
0.000000000000000000e+00
4.835815429687500000e-01
0.000000000000000000e+00
1.306910663843154907e-01
5.309228785336017609e-03
3.857494145631790161e-02
0.000000000000000000e+00
8.427425384521484375e+00
2.093830585479736328e+00
0.000000000000000000e+00
0.000000000000000000e+00
1.362314727157354355e-02
3.301100432872772217e-02
6.420528888702392578e-02
0.000000000000000000e+00
1.506908982992172241e-01
6.350980699062347412e-02
3.494592905044555664e-01
9.335389360785484314e-03
3.806222463026642799e-03
3.265524283051490784e-02
9.732613340020179749e-03
2.172058343887329102e+00
2.374387718737125397e-02
6.380046904087066650e-02
0.000000000000000000e+00
2.904538251459598541e-02
0.000000000000000000e+00
8.278124034404754639e-03
8.253093808889389038e-02
0.000000000000000000e+00
1.329479962587356567e-01
6.241470575332641602e-02
3.692681342363357544e-02
3.207522332668304443e-01
1.335025280714035034e-01
1.637975573539733887e-01
0.000000000000000000e+00
3.384731244295835495e-03
0.000000000000000000e+00
2.247802019119262695e+00
0.000000000000000000e+00
5.777128338813781738e-01
6.780099868774414062e-02
0.000000000000000000e+00
0.000000000000000000e+00
0.000000000000000000e+00
0.000000000000000000e+00
3.073911927640438080e-02
4.513838514685630798e-02
0.000000000000000000e+00
0.000000000000000000e+00
3.547520637512207031e-01
0.000000000000000000e+00
5.374224483966827393e-02
0.000000000000000000e+00
3.087370991706848145e-01
1.144877791404724121e+00
4.790086671710014343e-02
0.000000000000000000e+00
1.164341643452644348e-01
2.598673343658447266e+00
4.541639983654022217e-01
3.875274956226348877e-01
0.000000000000000000e+00
0.000000000000000000e+00
4.431227222084999084e-02
0.000000000000000000e+00
7.039141058921813965e-01
6.729276180267333984e-01
0.000000000000000000e+00
0.000000000000000000e+00
1.085028401575982571e-03
1.078658998012542725e-01
0.000000000000000000e+00
3.968312442302703857e-01
3.272322416305541992e-01
0.000000000000000000e+00
0.000000000000000000e+00
1.941817104816436768e-01
7.166638225317001343e-02
4.476334527134895325e-02
0.000000000000000000e+00
1.468557417392730713e-01
1.443365931510925293e+00
9.538760781288146973e-01
3.834256902337074280e-02
2.895403206348419189e-01
0.000000000000000000e+00
5.186613798141479492e-01
0.000000000000000000e+00
4.552841186523437500e-03
7.418543845415115356e-02
0.000000000000000000e+00
2.046580791473388672e+00
0.000000000000000000e+00
5.331854820251464844e-01
5.987524986267089844e-01
4.358491420745849609e+00
0.000000000000000000e+00
9.113638877868652344e+00
5.137035846710205078e-01
0.000000000000000000e+00
2.007845230400562286e-02
5.320684239268302917e-02
0.000000000000000000e+00
4.738472402095794678e-01
7.605527639389038086e-01
6.228269338607788086e-01
0.000000000000000000e+00
6.987703032791614532e-03
2.473169937729835510e-02
0.000000000000000000e+00
4.375404212623834610e-03
1.045384049415588379e+00
3.058172464370727539e-01
6.630250811576843262e-02
2.080688923597335815e-01
8.347980678081512451e-03
4.006071388721466064e-01
4.884997010231018066e-02
3.478322327136993408e-01
0.000000000000000000e+00
0.000000000000000000e+00
1.168022900819778442e-01
1.112155802547931671e-02
0.000000000000000000e+00
1.397973205894231796e-02
0.000000000000000000e+00
0.000000000000000000e+00
4.451899603009223938e-02
1.398332230746746063e-02
0.000000000000000000e+00
1.339730154722929001e-02
0.000000000000000000e+00
2.941592335700988770e-01
5.017434433102607727e-02
0.000000000000000000e+00
0.000000000000000000e+00
2.107759192585945129e-02
6.561950594186782837e-02
6.842173337936401367e-01
0.000000000000000000e+00
0.000000000000000000e+00
0.000000000000000000e+00
1.662497222423553467e-01
0.000000000000000000e+00
4.679755866527557373e-01
4.630243405699729919e-02
1.091653406620025635e-01
5.938819646835327148e-01
8.027983903884887695e-01
1.096493657678365707e-02
1.424008727073669434e+00
3.276563882827758789e+00
0.000000000000000000e+00
0.000000000000000000e+00
0.000000000000000000e+00
0.000000000000000000e+00
4.980429261922836304e-02
1.653057932853698730e-01
8.731343597173690796e-02
5.935398489236831665e-02
0.000000000000000000e+00
5.941072106361389160e-02
0.000000000000000000e+00
6.176418066024780273e-02
1.115320771932601929e-01
8.966507911682128906e-01
1.281884498894214630e-02
0.000000000000000000e+00
2.250924147665500641e-02
0.000000000000000000e+00
8.419459918513894081e-04
0.000000000000000000e+00
1.312390118837356567e-01
0.000000000000000000e+00
0.000000000000000000e+00
1.064119767397642136e-02
2.972258627414703369e-01
2.873060703277587891e-01
1.334323547780513763e-02
0.000000000000000000e+00
5.226389765739440918e-01
5.804553031921386719e-01
1.186183243989944458e-01
2.661054432392120361e-01
5.121074989438056946e-02
3.115038760006427765e-02
0.000000000000000000e+00
9.937703609466552734e-01
1.684022247791290283e-01
1.795399188995361328e-01
1.744459271430969238e-01
0.000000000000000000e+00
5.697046592831611633e-02
1.251051388680934906e-02
3.354605436325073242e-01
1.330897808074951172e-01
0.000000000000000000e+00
8.458220958709716797e-02
3.575447946786880493e-02
8.953129649162292480e-01
0.000000000000000000e+00
3.676548367366194725e-04
0.000000000000000000e+00
5.224124714732170105e-02
1.708657443523406982e-01
0.000000000000000000e+00
6.634397804737091064e-02
0.000000000000000000e+00
0.000000000000000000e+00
5.273968353867530823e-02
1.187320239841938019e-02
1.371976852416992188e+00
0.000000000000000000e+00
1.129106603912077844e-04
0.000000000000000000e+00
0.000000000000000000e+00
1.059952527284622192e-01
0.000000000000000000e+00
5.436457321047782898e-02
3.776077181100845337e-02
5.036396980285644531e-01
0.000000000000000000e+00
8.137271553277969360e-02
1.141500473022460938e-02
1.471840739250183105e-01
4.325496847741305828e-04
3.804282844066619873e-01
1.701086908578872681e-01
0.000000000000000000e+00
1.327074617147445679e-01
1.323203206062316895e+00
1.134465485811233521e-01
1.837665677070617676e+00
0.000000000000000000e+00
8.338660746812820435e-02
0.000000000000000000e+00
0.000000000000000000e+00
4.389518126845359802e-02
6.912430524826049805e-01
0.000000000000000000e+00
0.000000000000000000e+00
1.430879116058349609e+00
8.044695109128952026e-02
3.336890786886215210e-02
1.630019545555114746e-01
1.634921878576278687e-01
0.000000000000000000e+00
2.974627017974853516e-01
0.000000000000000000e+00
0.000000000000000000e+00
2.571049034595489502e-01
1.931352734565734863e+00
2.743465006351470947e-01
7.888257503509521484e-01
7.401417940855026245e-03
0.000000000000000000e+00
5.748447030782699585e-02
0.000000000000000000e+00
7.436087727546691895e-01
5.946921184659004211e-02
7.781530171632766724e-02
3.599996119737625122e-02
6.562699377536773682e-02
2.284901291131973267e-01
3.149381279945373535e-01
8.322779536247253418e-01
3.330494090914726257e-02
2.114149555563926697e-02
3.324550017714500427e-02
0.000000000000000000e+00
5.568005144596099854e-02
2.770253643393516541e-02
3.609589487314224243e-02
2.861692942678928375e-02
4.710623249411582947e-02
2.603778243064880371e-01
7.899689674377441406e-02
8.551025390625000000e-01
0.000000000000000000e+00
1.401895936578512192e-02
0.000000000000000000e+00
1.117877215147018433e-01
0.000000000000000000e+00
0.000000000000000000e+00
7.925262674689292908e-03
0.000000000000000000e+00
8.568339943885803223e-01
1.139006316661834717e-01
2.635339200496673584e-01
1.005180552601814270e-02
6.009252369403839111e-02
0.000000000000000000e+00
2.318865299224853516e+00
1.694883346557617188e+00
3.111207783222198486e-01
0.000000000000000000e+00
1.874837838113307953e-02
1.051046419888734818e-02
0.000000000000000000e+00
1.477440595626831055e-01
2.641400396823883057e-01
0.000000000000000000e+00
1.249411702156066895e-01
0.000000000000000000e+00
3.496706783771514893e-01
4.095714092254638672e-01
0.000000000000000000e+00
7.835716940462589264e-03
0.000000000000000000e+00
1.144726350903511047e-01
4.743120074272155762e-02
7.877168655395507812e-01
5.585591197013854980e-01
1.507101416587829590e+00
1.503844857215881348e-01
0.000000000000000000e+00
0.000000000000000000e+00
1.254435926675796509e-01
0.000000000000000000e+00
4.098147451877593994e-01
6.676613330841064453e+00
4.799969494342803955e-03
5.723183602094650269e-02
4.853702783584594727e-01
7.052616477012634277e-01
0.000000000000000000e+00
2.098261006176471710e-02
2.785277605056762695e+00
4.345204308629035950e-02
9.718525223433971405e-03
3.984659910202026367e-02
0.000000000000000000e+00
3.628051877021789551e-01
1.675974726676940918e-01
0.000000000000000000e+00
5.199084281921386719e-01
5.340027809143066406e-01
0.000000000000000000e+00
2.155419439077377319e-01
0.000000000000000000e+00
5.307558178901672363e-01
8.327388018369674683e-02
9.418640732765197754e-01
3.120553679764270782e-03
1.361447334289550781e+00
0.000000000000000000e+00
3.012773022055625916e-02
1.309701353311538696e-01
7.180535793304443359e-02
0.000000000000000000e+00
1.563176885247230530e-02
0.000000000000000000e+00
8.032286643981933594e+00
4.298036396503448486e-01
5.669265519827604294e-03
2.083729356527328491e-01
3.651210665702819824e-02
6.087074875831604004e-01
0.000000000000000000e+00
2.944179251790046692e-02
2.250601649284362793e-01
8.517181873321533203e-02
1.034194137901067734e-03
1.530957221984863281e-01
0.000000000000000000e+00
1.097561195492744446e-01
1.954064890742301941e-02
6.472229957580566406e-03
4.266305267810821533e-01
3.299213409423828125e+00
0.000000000000000000e+00
5.995195731520652771e-02
0.000000000000000000e+00
2.205385118722915649e-01
2.145408868789672852e+00
6.172300782054662704e-03
3.872384130954742432e-01
9.152836352586746216e-02
1.734607458114624023e+00
3.499730676412582397e-02
1.769274286925792694e-02
2.580188751220703125e+00
1.350619316101074219e+00
8.185187354683876038e-03
5.051208138465881348e-01
4.696838185191154480e-02
4.590991884469985962e-02
3.436630219221115112e-02
1.125178635120391846e-01
3.666844367980957031e-01
4.459970295429229736e-01
0.000000000000000000e+00
5.199353024363517761e-02
1.649117916822433472e-01
0.000000000000000000e+00
0.000000000000000000e+00
7.063743472099304199e-01
3.814272955060005188e-02
6.133599877357482910e-01
2.072800183668732643e-03
2.149549573659896851e-01
6.850124150514602661e-02
3.126154094934463501e-02
0.000000000000000000e+00
1.003611564636230469e+00
5.232475996017456055e-01
0.000000000000000000e+00
5.338092446327209473e-01
4.732382595539093018e-01
0.000000000000000000e+00
5.126855969429016113e-01
0.000000000000000000e+00
1.224469423294067383e+00
3.466538339853286743e-02
0.000000000000000000e+00
0.000000000000000000e+00
0.000000000000000000e+00
1.122485756874084473e+00
0.000000000000000000e+00
1.119922757148742676e+00
4.897112399339675903e-02
5.970954895019531250e-01
0.000000000000000000e+00
6.356739997863769531e+00
1.116316765546798706e-02
7.882145233452320099e-03
0.000000000000000000e+00
1.815487258136272430e-02
8.389016985893249512e-01
0.000000000000000000e+00
0.000000000000000000e+00
1.774343013763427734e+00
0.000000000000000000e+00
0.000000000000000000e+00
1.949543237686157227e+00
0.000000000000000000e+00
1.384882926940917969e-01
2.393783628940582275e-01
0.000000000000000000e+00
3.357371091842651367e-01
0.000000000000000000e+00
3.756579384207725525e-02
2.289150357246398926e-01
0.000000000000000000e+00
4.035842721350491047e-05
3.470357656478881836e-01
0.000000000000000000e+00
0.000000000000000000e+00
1.329096555709838867e-01
4.123372957110404968e-02
7.543090581893920898e-01
3.037197589874267578e-01
0.000000000000000000e+00
2.324256896972656250e-01
5.769672617316246033e-02
1.044852584600448608e-01
1.345981657505035400e-01
7.056281715631484985e-02
8.030641824007034302e-02
0.000000000000000000e+00
0.000000000000000000e+00
8.816195279359817505e-02
2.708586931228637695e+00
1.856701448559761047e-02
2.196128070354461670e-01
1.012544631958007812e-01
1.652171969413757324e+00
0.000000000000000000e+00
6.931888312101364136e-02
3.623641282320022583e-02
1.569240987300872803e-01
3.208899497985839844e-02
0.000000000000000000e+00
0.000000000000000000e+00
0.000000000000000000e+00
0.000000000000000000e+00
1.594744808971881866e-02
0.000000000000000000e+00
0.000000000000000000e+00
0.000000000000000000e+00
0.000000000000000000e+00
1.177473440766334534e-01
4.812587499618530273e-01
3.353848308324813843e-02
7.999855279922485352e-01
4.100054036825895309e-03
1.705945096909999847e-02
0.000000000000000000e+00
5.961709618568420410e-01
1.326982118189334869e-02
9.769617021083831787e-02
1.055462956428527832e-01
4.326012358069419861e-02
8.518637157976627350e-03
2.786795496940612793e-01
9.169111400842666626e-02
4.983877018094062805e-02
4.576423645019531250e+00
8.238579332828521729e-02
0.000000000000000000e+00
4.100560769438743591e-02
3.610613107681274414e+00
2.436842173337936401e-01
1.659624576568603516e-01
2.228122055530548096e-01
1.457479298114776611e-01
0.000000000000000000e+00
1.336653083562850952e-01
1.323909908533096313e-01
0.000000000000000000e+00
0.000000000000000000e+00
0.000000000000000000e+00
6.478847563266754150e-02
1.541868209838867188e+00
0.000000000000000000e+00
2.396816253662109375e+00
3.098225079156691208e-06
0.000000000000000000e+00
4.005749709904193878e-03
0.000000000000000000e+00
1.816462492570281029e-03
1.668932475149631500e-02
8.107973262667655945e-03
2.199169993400573730e-02
3.173909783363342285e-01
2.225916683673858643e-01
4.845331013202667236e-01
2.141386084258556366e-02
2.999663591384887695e+00
1.283125020563602448e-02
1.424085497856140137e+00
0.000000000000000000e+00
5.946894884109497070e-01
2.551675558090209961e+00
8.008991181850433350e-02
8.489505946636199951e-02
3.036612033843994141e+00
5.315285325050354004e-01
4.892802610993385315e-02
0.000000000000000000e+00
0.000000000000000000e+00
0.000000000000000000e+00
0.000000000000000000e+00
2.726143691688776016e-03
6.321766227483749390e-02
0.000000000000000000e+00
0.000000000000000000e+00
9.692291170358657837e-02
3.141054511070251465e-01
1.998777240514755249e-01
7.473751902580261230e-01
0.000000000000000000e+00
0.000000000000000000e+00
9.236479997634887695e-01
0.000000000000000000e+00
1.733573675155639648e-01
4.984568059444427490e-02
0.000000000000000000e+00
6.000252366065979004e-01
2.641892246901988983e-02
0.000000000000000000e+00
0.000000000000000000e+00
4.856837540864944458e-02
0.000000000000000000e+00
2.173226475715637207e-01
0.000000000000000000e+00
3.147844225168228149e-02
1.844957590103149414e+00
1.434829086065292358e-01
1.142353788018226624e-01
6.994392275810241699e-01
0.000000000000000000e+00
1.837581954896450043e-02
2.210468286648392677e-03
0.000000000000000000e+00
5.580294877290725708e-02
3.219326436519622803e-01
2.020189911127090454e-02
0.000000000000000000e+00
0.000000000000000000e+00
6.634277105331420898e-01
1.094093639403581619e-02
2.300383895635604858e-01
0.000000000000000000e+00
3.139551877975463867e-01
0.000000000000000000e+00
2.628505229949951172e-01
1.314929604530334473e+00
2.612089924514293671e-02
0.000000000000000000e+00
3.129900932312011719e+00
3.588696196675300598e-02
8.394606411457061768e-02
0.000000000000000000e+00
0.000000000000000000e+00
8.584150671958923340e-02
1.644828170537948608e-02
0.000000000000000000e+00
5.495224595069885254e-01
3.126499354839324951e-01
0.000000000000000000e+00
3.223124891519546509e-03
4.345704615116119385e-01
7.696881424635648727e-03
0.000000000000000000e+00
1.567957922816276550e-02
3.504592459648847580e-03
1.712795463390648365e-03
0.000000000000000000e+00
2.011788189411163330e-01
4.582957364618778229e-03
0.000000000000000000e+00
7.572577595710754395e-01
8.294625282287597656e-01
0.000000000000000000e+00
2.256046086549758911e-01
0.000000000000000000e+00
0.000000000000000000e+00
6.859584711492061615e-03
1.924571871757507324e+00
2.020835876464843750e-03
0.000000000000000000e+00
0.000000000000000000e+00
0.000000000000000000e+00
2.120539844036102295e-01
0.000000000000000000e+00
8.834656327962875366e-03
1.021118164062500000e-01
7.994077205657958984e-01
0.000000000000000000e+00
1.503766514360904694e-02
0.000000000000000000e+00
3.710885532200336456e-03
1.435219645500183105e+00
6.797751411795616150e-04
1.998234510421752930e+00
0.000000000000000000e+00
0.000000000000000000e+00
1.199745852500200272e-02
2.784906141459941864e-02
0.000000000000000000e+00
1.355778705328702927e-02
1.218698471784591675e-01
3.658207356929779053e-01
3.591483458876609802e-02
3.254000039305537939e-04
3.623254969716072083e-02
1.522537320852279663e-02
5.895690917968750000e-01
5.798587203025817871e-01
5.740428343415260315e-03
2.605173289775848389e-01
0.000000000000000000e+00
0.000000000000000000e+00
1.363974452018737793e+00
6.518699526786804199e-01
2.303850352764129639e-01
0.000000000000000000e+00
2.217868119478225708e-01
0.000000000000000000e+00
2.609642446041107178e-01
6.087160483002662659e-02
3.698449134826660156e-01
4.008572548627853394e-02
9.304513931274414062e-01
3.701420873403549194e-02
5.634238198399543762e-02
6.061853375285863876e-03
1.957574859261512756e-02
6.462207436561584473e-02
6.340225040912628174e-02
2.407817915081977844e-02
8.027858100831508636e-03
8.418048918247222900e-02
5.019720196723937988e-01
3.034302592277526855e-01
1.031623959541320801e+00
0.000000000000000000e+00
0.000000000000000000e+00
5.966467782855033875e-02
7.445258088409900665e-03
0.000000000000000000e+00
0.000000000000000000e+00
8.095782250165939331e-02
0.000000000000000000e+00
1.315131690353155136e-02
0.000000000000000000e+00
6.037125363945960999e-03
0.000000000000000000e+00
1.351742029190063477e+00
3.200721740722656250e-02
0.000000000000000000e+00
0.000000000000000000e+00
2.609065501019358635e-03
4.077436402440071106e-02
4.375978931784629822e-02
0.000000000000000000e+00
0.000000000000000000e+00
0.000000000000000000e+00
4.904254674911499023e-01
6.565681099891662598e-01
0.000000000000000000e+00
3.004705347120761871e-02
1.085739880800247192e-01
0.000000000000000000e+00
3.564960658550262451e-01
0.000000000000000000e+00
8.018213510513305664e-02
5.540853738784790039e-01
6.248444318771362305e-01
5.296193994581699371e-03
0.000000000000000000e+00
1.254771649837493896e-01
0.000000000000000000e+00
2.013164013624191284e-01
9.204632788896560669e-02
5.308533832430839539e-02
0.000000000000000000e+00
0.000000000000000000e+00
0.000000000000000000e+00
1.885105669498443604e-01
0.000000000000000000e+00
2.043175995349884033e-01
2.799983322620391846e-02
0.000000000000000000e+00
0.000000000000000000e+00
6.655650734901428223e-01
2.067903995513916016e+00
0.000000000000000000e+00
5.126101374626159668e-01
5.193807184696197510e-02
0.000000000000000000e+00
5.077022314071655273e-02
0.000000000000000000e+00
0.000000000000000000e+00
3.384836018085479736e-01
1.028937026858329773e-01
0.000000000000000000e+00
0.000000000000000000e+00
6.616612523794174194e-02
5.091717243194580078e-01
4.687072709202766418e-02
2.132752537727355957e-02
3.176510632038116455e-01
2.824168205261230469e+00
1.880193203687667847e-01
7.037509232759475708e-02
1.945286989212036133e+00
1.582938432693481445e-01
0.000000000000000000e+00
0.000000000000000000e+00
2.736611962318420410e-01
9.069165587425231934e-01
1.105130434036254883e+00
4.502113461494445801e-01
0.000000000000000000e+00
1.712588429450988770e+00
6.869782507419586182e-02
3.166486918926239014e-01
3.895522654056549072e-01
0.000000000000000000e+00
8.025182485580444336e-01
0.000000000000000000e+00
6.912382692098617554e-02
2.505085989832878113e-02
2.007265090942382812e-01
1.418289728462696075e-02
1.997187852859497070e+00
6.188690662384033203e-01
7.186696678400039673e-02
3.622976690530776978e-02
1.935399293899536133e+00
5.896040424704551697e-02
0.000000000000000000e+00
0.000000000000000000e+00
0.000000000000000000e+00
5.302155017852783203e-01
0.000000000000000000e+00
2.602466642856597900e-01
0.000000000000000000e+00
1.390972852706909180e+00
1.325712911784648895e-02
3.224722295999526978e-02
0.000000000000000000e+00
3.856712428387254477e-04
0.000000000000000000e+00
3.312362590804696083e-03
3.764582797884941101e-02
1.688675731420516968e-01
3.048070939257740974e-03
2.727992599830031395e-03
2.458194732666015625e+00
7.454659789800643921e-02
0.000000000000000000e+00
1.703132502734661102e-02
4.322856292128562927e-02
0.000000000000000000e+00
1.099983528256416321e-01
1.613249331712722778e-01
2.969997236505150795e-03
5.419483780860900879e-02
0.000000000000000000e+00
4.571452364325523376e-02
2.046258300542831421e-01
3.474615514278411865e-01
9.862423688173294067e-02
0.000000000000000000e+00
1.850184679031372070e+00
5.376297950744628906e+00
1.172076612710952759e-01
2.184280753135681152e-02
2.479492425918579102e-01
3.313655406236648560e-02
1.083570420742034912e-01
1.152536943554878235e-01
3.048369288444519043e-02
8.067832589149475098e-01
0.000000000000000000e+00
0.000000000000000000e+00
1.266004443168640137e-01
1.769128590822219849e-01
2.580697536468505859e-01
9.386289119720458984e-01
0.000000000000000000e+00
5.632284283638000488e-01
0.000000000000000000e+00
2.385164797306060791e-02
2.045103162527084351e-01
4.108864348381757736e-03
9.377542495727539062e+00
0.000000000000000000e+00
1.545028090476989746e-01
4.617634415626525879e-02
7.216215133666992188e-01
1.341246515512466431e-01
2.113448679447174072e-01
0.000000000000000000e+00
4.683842658996582031e-01
0.000000000000000000e+00
0.000000000000000000e+00
4.354147240519523621e-03
2.399020828306674957e-02
0.000000000000000000e+00
1.420370209962129593e-02
0.000000000000000000e+00
5.724440217018127441e-01
6.523816108703613281e+00
0.000000000000000000e+00
2.428840659558773041e-02
0.000000000000000000e+00
0.000000000000000000e+00
9.570413269102573395e-03
1.187043905258178711e+00
5.583978176116943359e+00
0.000000000000000000e+00
4.430201649665832520e-02
0.000000000000000000e+00
2.435838282108306885e-01
0.000000000000000000e+00
1.560982108116149902e+00
1.616103947162628174e-02
1.040008887648582458e-01
0.000000000000000000e+00
4.228523746132850647e-02
0.000000000000000000e+00
0.000000000000000000e+00
0.000000000000000000e+00
1.068677306175231934e-01
0.000000000000000000e+00
0.000000000000000000e+00
3.788590431213378906e-03
4.872819408774375916e-03
3.012670874595642090e-01
3.575333207845687866e-02
0.000000000000000000e+00
1.452577579766511917e-02
0.000000000000000000e+00
0.000000000000000000e+00
1.358945816755294800e-01
3.156637400388717651e-02
3.332326933741569519e-02
0.000000000000000000e+00
6.568973511457443237e-02
3.861417528241872787e-03
0.000000000000000000e+00
1.525842905044555664e+00
0.000000000000000000e+00
2.649841271340847015e-02
0.000000000000000000e+00
0.000000000000000000e+00
4.107641056180000305e-02
0.000000000000000000e+00
9.025902301073074341e-02
5.303803831338882446e-03
0.000000000000000000e+00
0.000000000000000000e+00
7.632179558277130127e-02
0.000000000000000000e+00
6.937962174415588379e-01
0.000000000000000000e+00
0.000000000000000000e+00
0.000000000000000000e+00
1.224273681640625000e+00
0.000000000000000000e+00
6.651589274406433105e-01
2.089982926845550537e-01
4.578790068626403809e-01
2.890825510025024414e+00
9.434244781732559204e-02
5.903696641325950623e-02
7.731646765023469925e-03
5.424275621771812439e-02
0.000000000000000000e+00
6.373859047889709473e-01
3.500451799482107162e-03
3.561757802963256836e-01
9.554408192634582520e-01
3.160139545798301697e-02
5.777742341160774231e-02
0.000000000000000000e+00
1.370325237512588501e-01
0.000000000000000000e+00
1.288784760981798172e-02
0.000000000000000000e+00
0.000000000000000000e+00
0.000000000000000000e+00
0.000000000000000000e+00
0.000000000000000000e+00
0.000000000000000000e+00
0.000000000000000000e+00
0.000000000000000000e+00
1.628091335296630859e-01
0.000000000000000000e+00
0.000000000000000000e+00
2.435224056243896484e+00
5.918932333588600159e-02
0.000000000000000000e+00
7.087098956108093262e-01
2.953431569039821625e-02
2.590684592723846436e-01
1.059732794761657715e+00
2.203605473041534424e-01
0.000000000000000000e+00
2.031691372394561768e-01
0.000000000000000000e+00
1.593340635299682617e-01
7.484149336814880371e-01
0.000000000000000000e+00
3.875472117215394974e-03
2.329873479902744293e-02
9.761800989508628845e-03
8.237313013523817062e-04
0.000000000000000000e+00
1.823715306818485260e-02
1.670832782983779907e-01
2.109415829181671143e-01
2.230498753488063812e-02
0.000000000000000000e+00
2.445715479552745819e-02
0.000000000000000000e+00
1.859189867973327637e-01
0.000000000000000000e+00
6.341961622238159180e-01
7.618551701307296753e-02
0.000000000000000000e+00
3.807843895629048347e-03
3.914039433002471924e-01
4.284117221832275391e-01
1.292506009340286255e-01
4.583024978637695312e-02
1.280477941036224365e-01
6.560444086790084839e-02
0.000000000000000000e+00
0.000000000000000000e+00
0.000000000000000000e+00
0.000000000000000000e+00
6.449733395129442215e-03
0.000000000000000000e+00
0.000000000000000000e+00
1.971920579671859741e-02
6.596603244543075562e-02
0.000000000000000000e+00
4.304865747690200806e-02
3.275051414966583252e-01
3.978313207626342773e-01
3.171995162963867188e+00
0.000000000000000000e+00
1.373058650642633438e-02
2.370420843362808228e-02
0.000000000000000000e+00
0.000000000000000000e+00
1.137409806251525879e-01
4.310277700424194336e-01
1.370245814323425293e-01
0.000000000000000000e+00
2.078337362036108971e-03
1.165445804595947266e+00
4.726228863000869751e-02
6.074559092521667480e-01
5.016643553972244263e-02
1.709585040807723999e-01
8.026810735464096069e-02
1.335378140211105347e-01
0.000000000000000000e+00
0.000000000000000000e+00
0.000000000000000000e+00
6.865157932043075562e-02
2.642995357513427734e+00
1.546783447265625000e+00
0.000000000000000000e+00
0.000000000000000000e+00
7.883695885539054871e-03
4.077115058898925781e-01
5.431192740797996521e-02
0.000000000000000000e+00
1.252585649490356445e-01
1.109536767005920410e+00
0.000000000000000000e+00
1.521181762218475342e-01
0.000000000000000000e+00
2.007122896611690521e-02
5.251179337501525879e-01
1.714900732040405273e-01
0.000000000000000000e+00
2.697072625160217285e-01
1.250940859317779541e-01
3.045321255922317505e-02
2.786680683493614197e-02
3.808522596955299377e-03
0.000000000000000000e+00
1.525255441665649414e+00
4.633167013525962830e-02
7.707091569900512695e-01
2.180002443492412567e-02
0.000000000000000000e+00
1.868277229368686676e-02
7.991523295640945435e-02
0.000000000000000000e+00
0.000000000000000000e+00
9.156842827796936035e-01
8.796779811382293701e-02
0.000000000000000000e+00
0.000000000000000000e+00
0.000000000000000000e+00
0.000000000000000000e+00
2.288806736469268799e-01
1.069573611021041870e-01
9.325102902948856354e-03
2.654399350285530090e-02
0.000000000000000000e+00
2.019949024543166161e-03
1.818913035094738007e-03
0.000000000000000000e+00
5.696921050548553467e-02
2.460399717092514038e-01
3.794764280319213867e-01
0.000000000000000000e+00
2.902022004127502441e-01
4.370797425508499146e-02
0.000000000000000000e+00
1.449468452483415604e-02
3.472630977630615234e-01
4.973608493804931641e+00
1.119215935468673706e-01
1.187548115849494934e-01
1.416304428130388260e-02
0.000000000000000000e+00
4.194699823856353760e-01
0.000000000000000000e+00
1.486404985189437866e-01
0.000000000000000000e+00
4.330271780490875244e-01
