2.515272855758666992e+00
1.809606105089187622e-01
7.298073768615722656e-01
2.068385630846023560e-01
1.546301722526550293e+00
5.651541054248809814e-02
0.000000000000000000e+00
1.738263487815856934e+00
7.489916682243347168e-01
0.000000000000000000e+00
7.373967170715332031e-01
2.715349197387695312e-03
5.492334365844726562e-01
0.000000000000000000e+00
0.000000000000000000e+00
2.752433717250823975e-01
1.120622903108596802e-01
0.000000000000000000e+00
1.155332252383232117e-01
9.004382789134979248e-02
0.000000000000000000e+00
0.000000000000000000e+00
5.417137145996093750e-01
2.141653597354888916e-01
1.312545180320739746e+00
1.184497475624084473e-01
1.727830171585083008e+00
1.480873823165893555e-01
1.326487492769956589e-02
1.324119687080383301e+00
8.101390302181243896e-02
3.144134879112243652e-01
1.600214396603405476e-03
1.155692413449287415e-01
0.000000000000000000e+00
6.736525893211364746e-02
0.000000000000000000e+00
3.231937885284423828e-01
5.591337203979492188e+00
1.331823766231536865e-01
0.000000000000000000e+00
4.806328713893890381e-01
1.240846328437328339e-02
0.000000000000000000e+00
1.327493190765380859e+00
5.068863630294799805e-01
0.000000000000000000e+00
2.956201322376728058e-02
1.628235578536987305e-01
8.009960502386093140e-02
5.047726258635520935e-02
6.944272518157958984e-01
3.597272634506225586e+00
3.404205739498138428e-01
4.107275977730751038e-03
1.060454130172729492e+00
8.942916989326477051e-01
2.852637052536010742e+00
4.082970917224884033e-01
4.235006496310234070e-02
1.009507104754447937e-01
1.847680360078811646e-01
5.630096048116683960e-02
1.604442238807678223e+00
8.050365000963211060e-02
4.990431666374206543e-02
3.277627378702163696e-02
3.410739600658416748e-01
4.482952594757080078e+00
2.559610605239868164e-01
1.746454954147338867e+00
6.789456009864807129e-01
6.497030146420001984e-03
4.919701721519231796e-03
0.000000000000000000e+00
3.724844157695770264e-01
4.987085163593292236e-01
2.780081331729888916e-02
9.594182483851909637e-03
1.824846267700195312e-01
0.000000000000000000e+00
3.723391145467758179e-02
0.000000000000000000e+00
6.204305216670036316e-02
1.992544159293174744e-02
1.882066875696182251e-01
1.424025893211364746e-01
8.231302350759506226e-02
9.599962830543518066e-02
0.000000000000000000e+00
1.020761858671903610e-02
0.000000000000000000e+00
7.785364240407943726e-02
0.000000000000000000e+00
2.405806444585323334e-02
1.304930541664361954e-02
4.804047942161560059e-01
1.078238859772682190e-01
0.000000000000000000e+00
0.000000000000000000e+00
4.464599862694740295e-02
1.866153627634048462e-01
0.000000000000000000e+00
8.843979239463806152e-02
9.731162786483764648e-01
0.000000000000000000e+00
0.000000000000000000e+00
0.000000000000000000e+00
3.883494436740875244e-02
4.453488811850547791e-02
9.789042919874191284e-02
1.516101360321044922e-01
1.060432717204093933e-01
0.000000000000000000e+00
6.003305688500404358e-02
1.219848513603210449e+00
3.711181581020355225e-01
0.000000000000000000e+00
1.297919601202011108e-01
5.880063399672508240e-02
0.000000000000000000e+00
0.000000000000000000e+00
0.000000000000000000e+00
9.101536870002746582e-02
3.492454051971435547e+00
7.213360667228698730e-01
3.039214015007019043e-01
2.989711612462997437e-02
5.673356354236602783e-02
3.385911229997873306e-03
2.816403806209564209e-01
0.000000000000000000e+00
0.000000000000000000e+00
0.000000000000000000e+00
1.395491696894168854e-02
6.468111183494329453e-03
2.499213367700576782e-01
0.000000000000000000e+00
3.411035053431987762e-03
4.377289116382598877e-02
0.000000000000000000e+00
1.091818585991859436e-01
1.224767230451107025e-02
0.000000000000000000e+00
2.012365758419036865e-01
1.161122992634773254e-01
3.072333931922912598e-01
0.000000000000000000e+00
2.442534118890762329e-01
1.262189298868179321e-01
4.274206236004829407e-02
1.100558876991271973e+00
5.642573237419128418e-01
8.687722496688365936e-03
2.988744340837001801e-02
1.461874842643737793e-01
2.984929084777832031e-01
9.060604870319366455e-02
2.257135152816772461e+00
0.000000000000000000e+00
4.858181998133659363e-02
7.913789153099060059e-02
0.000000000000000000e+00
1.353907346725463867e+00
4.147927463054656982e-02
1.216530203819274902e+00
8.662817627191543579e-02
8.543170243501663208e-02
1.112529635429382324e-01
5.774045363068580627e-03
1.871804356575012207e+00
6.772617697715759277e-01
0.000000000000000000e+00
0.000000000000000000e+00
0.000000000000000000e+00
0.000000000000000000e+00
0.000000000000000000e+00
7.625748962163925171e-02
2.161824405193328857e-01
2.025375366210937500e+00
2.992368042469024658e-01
0.000000000000000000e+00
7.315146923065185547e-02
1.927688717842102051e-02
1.600758284330368042e-01
1.010245323181152344e+00
7.395487278699874878e-02
0.000000000000000000e+00
1.596885919570922852e-01
1.091358736157417297e-01
1.209990829229354858e-01
3.751335442066192627e-01
4.224818944931030273e-01
3.043766915798187256e-01
5.990231037139892578e-01
6.347159296274185181e-02
2.579917907714843750e-01
4.140058159828186035e-02
3.508402442093938589e-04
7.002493143081665039e-01
4.247266054153442383e-01
1.113884057849645615e-02
2.053485065698623657e-02
1.425444185733795166e-01
2.568858303129673004e-02
1.654220074415206909e-01
9.841015934944152832e-01
1.202790617942810059e+00
7.768020778894424438e-02
2.380033969879150391e+00
3.038266673684120178e-02
1.978019475936889648e-01
2.495080232620239258e-01
3.870075643062591553e-01
2.276004292070865631e-02
1.514034509658813477e+00
5.747443437576293945e-01
0.000000000000000000e+00
2.682398771867156029e-03
2.348027974367141724e-01
0.000000000000000000e+00
1.414889693260192871e-01
1.670548319816589355e+00
1.073068007826805115e-02
1.145756095647811890e-01
4.424800574779510498e-01
0.000000000000000000e+00
2.627920866012573242e+00
0.000000000000000000e+00
0.000000000000000000e+00
0.000000000000000000e+00
2.621728368103504181e-02
3.256849646568298340e-01
0.000000000000000000e+00
2.067605499178171158e-03
2.274743080139160156e+00
0.000000000000000000e+00
4.945033043622970581e-02
5.136052966117858887e-01
5.968930944800376892e-02
3.824586747214198112e-03
2.920720338821411133e+00
4.000582098960876465e-01
9.723476134240627289e-03
2.504933476448059082e-01
5.230377987027168274e-02
0.000000000000000000e+00
7.897607684135437012e-01
4.167557954788208008e-01
1.706270128488540649e-01
0.000000000000000000e+00
2.948354184627532959e-02
0.000000000000000000e+00
1.184758543968200684e-01
1.104133486747741699e+00
8.477608561515808105e-01
2.925524860620498657e-02
1.056118234992027283e-01
1.027666702866554260e-01
1.656921505928039551e-01
1.653663665056228638e-01
2.434357255697250366e-01
0.000000000000000000e+00
6.774225234985351562e-01
0.000000000000000000e+00
1.895116292871534824e-03
1.000969950109720230e-02
3.019035756587982178e-01
1.118798181414604187e-02
1.998231709003448486e-01
6.445249319076538086e-01
0.000000000000000000e+00
5.300337821245193481e-02
1.740981340408325195e-01
1.389188878238201141e-02
2.915461063385009766e-01
9.402674436569213867e-02
8.499651551246643066e-01
1.575161069631576538e-01
3.518434762954711914e-01
8.148012310266494751e-02
1.457281559705734253e-01
1.083479896187782288e-01
9.275446087121963501e-02
5.919468402862548828e-01
3.153795301914215088e-01
9.024338722229003906e-01
1.348576426506042480e+00
2.264074981212615967e-01
6.328037977218627930e-01
2.507330477237701416e-01
1.318822741508483887e+00
3.411652326583862305e+00
9.304516017436981201e-02
5.682289227843284607e-02
2.482171356678009033e-01
1.372286379337310791e-01
1.031656861305236816e+00
6.991635560989379883e-01
6.861584633588790894e-02
0.000000000000000000e+00
0.000000000000000000e+00
1.325591444969177246e+00
0.000000000000000000e+00
7.675855755805969238e-01
9.423427283763885498e-02
8.270940929651260376e-02
1.508668959140777588e-01
1.564304232597351074e-01
3.332376956939697266e+00
1.822364926338195801e-01
9.574683755636215210e-02
5.980534106492996216e-02
3.809264183044433594e+00
1.315241605043411255e-01
1.278726100921630859e+00
2.503069341182708740e-01
6.516687273979187012e-01
0.000000000000000000e+00
0.000000000000000000e+00
5.652122199535369873e-03
3.407961130142211914e-02
0.000000000000000000e+00
3.267879188060760498e-01
9.834098815917968750e-02
0.000000000000000000e+00
0.000000000000000000e+00
3.176339566707611084e-01
5.060003325343132019e-02
0.000000000000000000e+00
0.000000000000000000e+00
4.791015684604644775e-01
0.000000000000000000e+00
6.484640240669250488e-01
3.693526238203048706e-02
1.130228519439697266e+00
3.753852471709251404e-02
3.163760304450988770e-01
4.614409059286117554e-02
5.253987312316894531e-01
5.310851614922285080e-03
4.485433548688888550e-02
1.717901825904846191e-01
9.598979353904724121e-02
5.063583850860595703e-01
2.845339477062225342e-02
0.000000000000000000e+00
0.000000000000000000e+00
1.436661720275878906e+00
6.648050993680953979e-02
3.128941059112548828e-01
4.572523757815361023e-02
3.568223118782043457e-02
0.000000000000000000e+00
4.628744721412658691e-02
2.834542036056518555e+00
9.525092691183090210e-02
5.869429707527160645e-01
4.705857485532760620e-03
2.054220288991928101e-01
0.000000000000000000e+00
1.529315263032913208e-01
7.404702901840209961e-02
7.050206065177917480e-01
4.730412364006042480e-01
1.563549280166625977e+00
0.000000000000000000e+00
2.036933414638042450e-02
3.557889461517333984e-01
4.024694263935089111e-01
2.038340270519256592e-01
0.000000000000000000e+00
3.853999972343444824e-01
4.506335407495498657e-02
0.000000000000000000e+00
1.305957208387553692e-03
7.964785397052764893e-02
1.296630222350358963e-02
4.922278225421905518e-02
0.000000000000000000e+00
1.509145647287368774e-01
3.165495768189430237e-02
8.088686317205429077e-02
4.987165704369544983e-02
7.211333513259887695e-01
6.524860858917236328e-01
8.595517873764038086e-01
1.911428421735763550e-01
0.000000000000000000e+00
1.691423654556274414e-01
2.049057632684707642e-01
0.000000000000000000e+00
7.046129703521728516e-01
0.000000000000000000e+00
0.000000000000000000e+00
7.330823689699172974e-02
3.097563982009887695e-01
4.160019874572753906e+00
5.435213446617126465e-01
2.893497049808502197e-01
2.373263239860534668e-02
1.253390163183212280e-01
4.410297274589538574e-01
6.896585226058959961e-01
1.990263760089874268e-01
7.841904163360595703e-01
4.982990622520446777e-01
1.672913283109664917e-01
1.800043582916259766e-01
5.257170796394348145e-01
5.272460356354713440e-02
0.000000000000000000e+00
1.385966062545776367e+00
1.242108736187219620e-02
1.403198838233947754e-01
1.365604531019926071e-02
1.731561720371246338e-01
1.733652651309967041e-01
9.265660047531127930e-01
0.000000000000000000e+00
1.147732660174369812e-01
5.119922161102294922e-01
1.712215989828109741e-01
0.000000000000000000e+00
2.553125284612178802e-02
4.099204838275909424e-01
1.992528326809406281e-02
1.014924407005310059e+00
0.000000000000000000e+00
8.055948257446289062e+00
1.278609619475901127e-03
0.000000000000000000e+00
0.000000000000000000e+00
5.325008034706115723e-01
1.184541359543800354e-01
2.789411246776580811e-01
2.662925720214843750e-01
0.000000000000000000e+00
2.063135057687759399e-01
3.475417941808700562e-02
1.488126039505004883e+00
2.318152412772178650e-02
1.512770056724548340e+00
1.780613183975219727e+00
6.390910595655441284e-02
0.000000000000000000e+00
3.793811500072479248e-01
7.851219177246093750e-02
8.342007547616958618e-02
0.000000000000000000e+00
4.261281192302703857e-01
5.792053416371345520e-02
8.772876113653182983e-02
0.000000000000000000e+00
2.292363047599792480e-01
2.492733597755432129e-01
0.000000000000000000e+00
4.209267795085906982e-01
2.627051062881946564e-02
8.311562538146972656e-01
1.200282201170921326e-01
4.205672740936279297e-01
3.316486775875091553e-01
3.216708824038505554e-02
7.341534495353698730e-01
5.153994560241699219e-01
5.039498209953308105e-02
0.000000000000000000e+00
0.000000000000000000e+00
1.334294080734252930e-01
1.502443403005599976e-01
1.951686739921569824e-01
6.597489118576049805e-01
1.323662698268890381e-01
7.201538085937500000e-01
3.077765926718711853e-02
1.976858079433441162e-01
4.945859685540199280e-02
0.000000000000000000e+00
2.337216615676879883e+00
2.012034505605697632e-01
1.841436177492141724e-01
4.400508105754852295e-02
2.166198752820491791e-02
1.709372401237487793e-01
1.123837232589721680e-01
2.466203689575195312e+00
2.034708738327026367e+00
2.489621639251708984e+00
5.677623152732849121e-01
3.061302602291107178e-01
1.326498866081237793e+00
1.544568240642547607e-01
0.000000000000000000e+00
2.911684274673461914e+00
4.369663596153259277e-01
3.337606787681579590e-02
2.122295461595058441e-02
6.598286032676696777e-01
0.000000000000000000e+00
3.512917784973978996e-03
2.615981735289096832e-02
1.199388727545738220e-01
1.440883398056030273e+00
8.288742303848266602e-01
2.670174464583396912e-02
5.504150316119194031e-02
3.470928072929382324e-01
1.267778575420379639e-01
0.000000000000000000e+00
0.000000000000000000e+00
8.415024280548095703e-01
0.000000000000000000e+00
2.176936529576778412e-02
1.514551639556884766e-01
3.723482042551040649e-02
5.964658260345458984e-01
1.025524854660034180e+00
0.000000000000000000e+00
1.830570995807647705e-01
8.350010029971599579e-03
8.079288005828857422e-01
1.587618701159954071e-02
1.772965788841247559e-01
2.437722496688365936e-02
3.668504208326339722e-02
1.043397560715675354e-02
0.000000000000000000e+00
3.746217012405395508e+00
4.606706798076629639e-01
2.741675078868865967e-02
2.425733506679534912e-01
0.000000000000000000e+00
0.000000000000000000e+00
2.293499186635017395e-02
0.000000000000000000e+00
5.699509382247924805e-01
4.599539935588836670e-02
0.000000000000000000e+00
4.405189156532287598e-01
1.998231709003448486e-01
1.450654566287994385e-01
0.000000000000000000e+00
1.494644582271575928e-02
0.000000000000000000e+00
0.000000000000000000e+00
1.050664335489273071e-01
2.506318315863609314e-02
1.030596256256103516e+00
0.000000000000000000e+00
2.234268039464950562e-01
2.533445358276367188e+00
0.000000000000000000e+00
2.326765060424804688e+00
0.000000000000000000e+00
0.000000000000000000e+00
0.000000000000000000e+00
4.197638034820556641e-01
9.764716029167175293e-02
1.221742667257785797e-02
5.117328837513923645e-02
5.636841803789138794e-02
3.048791885375976562e-01
1.046295762062072754e-01
5.919258296489715576e-02
3.070136606693267822e-01
1.706763029098510742e+00
1.449764609336853027e+00
6.013050079345703125e-01
2.066835880279541016e+00
2.949677407741546631e-01
3.653234243392944336e-01
0.000000000000000000e+00
1.579124629497528076e-01
7.895549759268760681e-03
1.622802615165710449e-01
2.649418711662292480e-01
3.077877126634120941e-02
6.017946004867553711e-01
0.000000000000000000e+00
1.024392843246459961e+00
1.079162806272506714e-01
2.559352479875087738e-02
1.372042894363403320e-01
1.456965088844299316e+00
3.634701296687126160e-02
5.948218107223510742e-01
4.593374673277139664e-03
2.838877029716968536e-02
1.638084650039672852e-01
3.713558614253997803e-01
8.011652156710624695e-03
3.133103251457214355e-01
4.115934297442436218e-02
2.700223326683044434e-01
2.022731117904186249e-02
3.369495868682861328e-01
2.917869985103607178e-01
0.000000000000000000e+00
3.989767655730247498e-02
3.623203188180923462e-02
1.468288779258728027e+00
5.319212377071380615e-02
6.883245427161455154e-03
0.000000000000000000e+00
1.118385195732116699e+00
3.780426084995269775e-01
5.055985450744628906e-01
2.604158222675323486e-01
8.110255002975463867e-02
0.000000000000000000e+00
0.000000000000000000e+00
3.871402442455291748e-01
3.640895783901214600e-01
0.000000000000000000e+00
1.066914945840835571e-01
3.474834188818931580e-02
0.000000000000000000e+00
5.830059200525283813e-02
0.000000000000000000e+00
0.000000000000000000e+00
5.703362822532653809e-02
4.622814711183309555e-03
2.135082706809043884e-02
6.583093404769897461e-01
2.101857773959636688e-02
5.856105685234069824e-02
4.539485089480876923e-03
1.618661433458328247e-01
0.000000000000000000e+00
5.586968734860420227e-02
0.000000000000000000e+00
0.000000000000000000e+00
0.000000000000000000e+00
3.149858117103576660e-02
4.248905181884765625e-02
3.323415666818618774e-02
8.388661593198776245e-02
5.326324105262756348e-01
0.000000000000000000e+00
7.346234917640686035e-01
0.000000000000000000e+00
2.039165019989013672e+00
9.377924352884292603e-02
4.239829257130622864e-02
0.000000000000000000e+00
2.281132459640502930e+00
1.998469233512878418e-01
1.874347627162933350e-01
8.917336910963058472e-02
1.125150248408317566e-01
1.309165358543395996e+00
0.000000000000000000e+00
0.000000000000000000e+00
1.926390528678894043e-01
8.675682544708251953e-02
1.459754854440689087e-01
1.064359545707702637e+00
4.593392834067344666e-03
7.535640895366668701e-02
0.000000000000000000e+00
1.409771144390106201e-01
8.372723311185836792e-02
8.462782949209213257e-02
2.495752125978469849e-01
2.791532874107360840e-01
0.000000000000000000e+00
1.269751310348510742e+00
0.000000000000000000e+00
3.920499980449676514e-02
7.704753428697586060e-02
3.545838892459869385e-01
1.211647912859916687e-01
2.283053398132324219e+00
3.284705057740211487e-02
3.222874179482460022e-02
2.578893899917602539e-01
1.683956682682037354e-01
6.101768929511308670e-03
6.948623806238174438e-02
5.730666518211364746e-01
6.184175983071327209e-02
2.875202596187591553e-01
2.149170637130737305e-01
3.331092372536659241e-02
1.460472401231527328e-02
2.415732145309448242e-01
0.000000000000000000e+00
4.027377814054489136e-02
3.067951500415802002e-01
2.657680809497833252e-01
0.000000000000000000e+00
0.000000000000000000e+00
6.331249140202999115e-03
1.214081197977066040e-01
4.559911414980888367e-02
1.500854134559631348e+00
1.425924897193908691e-01
5.233840644359588623e-02
6.956120021641254425e-03
1.072255730628967285e+00
5.837959051132202148e-02
1.097143348306417465e-02
1.650559902191162109e-01
2.165292650461196899e-01
7.516266405582427979e-02
7.499828934669494629e-02
1.198497891426086426e+00
2.517585456371307373e-01
0.000000000000000000e+00
2.271971851587295532e-01
3.048990964889526367e-01
1.117256164550781250e+00
5.884854122996330261e-03
3.822340667247772217e-01
4.283297359943389893e-01
3.430939093232154846e-02
0.000000000000000000e+00
4.924034178256988525e-01
4.344402998685836792e-02
3.067088127136230469e-02
1.244393229484558105e+00
1.171073317527770996e+00
2.148060351610183716e-01
2.376466095447540283e-01
1.267758011817932129e-01
6.575673818588256836e-02
0.000000000000000000e+00
0.000000000000000000e+00
1.161178946495056152e-01
1.213657259941101074e+00
2.255128510296344757e-02
4.648394286632537842e-01
1.166725531220436096e-01
4.484762623906135559e-02
4.197926819324493408e-01
1.678161025047302246e+00
7.947566360235214233e-02
8.543096780776977539e-01
0.000000000000000000e+00
1.064864039421081543e+00
1.229680795222520828e-02
2.043850533664226532e-02
1.236326545476913452e-01
7.540026307106018066e-02
0.000000000000000000e+00
2.450174242258071899e-01
6.005805358290672302e-02
3.266109824180603027e-01
1.643995940685272217e-01
3.548922240734100342e-01
2.575637996196746826e-01
2.038415819406509399e-01
0.000000000000000000e+00
0.000000000000000000e+00
1.824503205716609955e-02
1.913954019546508789e-01
7.285065650939941406e-01
1.706151515245437622e-01
0.000000000000000000e+00
1.036673307418823242e+00
2.753424346446990967e-01
1.341111660003662109e-01
1.120378375053405762e-01
0.000000000000000000e+00
1.621139496564865112e-01
0.000000000000000000e+00
3.339956283569335938e+00
1.655547320842742920e-02
5.226891040802001953e-01
9.157589636743068695e-03
6.266866624355316162e-02
1.834445893764495850e-01
5.827743411064147949e-01
1.157819572836160660e-02
1.324707567691802979e-01
3.559089079499244690e-02
6.020283699035644531e-02
0.000000000000000000e+00
1.799244619905948639e-02
2.841330289840698242e+00
2.315605878829956055e+00
3.067384660243988037e-02
4.662171900272369385e-01
2.417797408998012543e-02
2.921625673770904541e-01
2.931585609912872314e-01
1.475027918815612793e+00
1.558369025588035583e-02
3.131445348262786865e-01
5.919151008129119873e-03
9.009412676095962524e-02
1.794014930725097656e+00
4.522820413112640381e-01
1.237805485725402832e-01
0.000000000000000000e+00
6.425127387046813965e-02
2.728114370256662369e-03
2.657193243503570557e-01
4.772726595401763916e-01
1.018905360251665115e-02
8.660217523574829102e-01
0.000000000000000000e+00
0.000000000000000000e+00
5.032451152801513672e-01
1.067752242088317871e-01
0.000000000000000000e+00
5.749280005693435669e-02
9.716880321502685547e-02
3.192070499062538147e-02
8.506555110216140747e-02
5.861358344554901123e-02
2.218051627278327942e-02
4.538271725177764893e-01
7.786863446235656738e-01
1.744593381881713867e-01
1.495451852679252625e-02
5.799081921577453613e-01
7.453059777617454529e-03
3.530093133449554443e-01
1.629826873540878296e-01
0.000000000000000000e+00
3.148851916193962097e-02
9.327303171157836914e-01
1.476772278547286987e-01
4.369685053825378418e-01
7.237698417156934738e-03
2.218488752841949463e-01
2.798179984092712402e-01
1.558376550674438477e-01
8.068878203630447388e-03
3.011921882629394531e+00
0.000000000000000000e+00
1.042684018611907959e-01
8.119588019326329231e-04
3.526301309466362000e-02
8.915631771087646484e-01
2.883222140371799469e-02
2.359904289245605469e+00
0.000000000000000000e+00
1.711936742067337036e-01
2.721905149519443512e-02
0.000000000000000000e+00
2.048703581094741821e-01
5.825711488723754883e-01
1.097937375307083130e-01
3.626931831240653992e-02
2.526873722672462463e-02
3.078155405819416046e-02
3.541927039623260498e-02
6.703785657882690430e-01
0.000000000000000000e+00
1.031300306320190430e+00
1.071662362664937973e-02
0.000000000000000000e+00
3.776144683361053467e-01
2.812329769134521484e+00
5.441583395004272461e-01
8.317729234695434570e-01
1.950827986001968384e-01
1.930130124092102051e-01
7.167028188705444336e-01
2.757088094949722290e-02
1.160525679588317871e-01
0.000000000000000000e+00
1.210061386227607727e-01
8.156332969665527344e-01
4.042348638176918030e-02
2.420704960823059082e-01
1.876582056283950806e-01
1.798251271247863770e-01
1.117447670549154282e-02
1.256044022738933563e-02
0.000000000000000000e+00
6.945636272430419922e-01
5.165758728981018066e-01
0.000000000000000000e+00
1.267728023231029510e-02
3.116636574268341064e-01
3.541754782199859619e-01
1.535476744174957275e-01
1.825882315635681152e+00
5.575245022773742676e-01
2.248231917619705200e-01
5.870580673217773438e-01
1.823315918445587158e-01
3.483562963083386421e-03
0.000000000000000000e+00
3.333782255649566650e-01
0.000000000000000000e+00
1.412407517433166504e+00
6.570342928171157837e-02
4.683866724371910095e-02
8.600494265556335449e-01
8.669463396072387695e-01
0.000000000000000000e+00
9.114268235862255096e-03
1.862519606947898865e-02
5.173929780721664429e-02
2.370884455740451813e-02
0.000000000000000000e+00
1.675469517707824707e+00
1.667533665895462036e-01
1.472000684589147568e-02
1.077309131622314453e+00
1.225695684552192688e-01
8.199103176593780518e-03
3.060774803161621094e-01
2.589299902319908142e-02
5.101329326629638672e+00
6.911555528640747070e-01
2.285867929458618164e+00
5.770677924156188965e-01
4.377898871898651123e-01
2.031045779585838318e-02
2.518053352832794189e-01
3.979096710681915283e-01
1.072005748748779297e+00
5.891720294952392578e+00
1.411770582199096680e-01
1.105075478553771973e-01
0.000000000000000000e+00
4.013824835419654846e-02
0.000000000000000000e+00
2.473262697458267212e-02
1.049632905051112175e-03
2.528904974460601807e-01
3.396644353866577148e+00
1.230855379253625870e-02
3.984008450061082840e-03
3.688178956508636475e-01
0.000000000000000000e+00
0.000000000000000000e+00
0.000000000000000000e+00
4.408337175846099854e-02
1.377089023590087891e-01
1.034762933850288391e-01
1.027821600437164307e-01
2.716176033020019531e+00
0.000000000000000000e+00
0.000000000000000000e+00
3.703231811523437500e-01
2.105837613344192505e-01
1.582547873258590698e-01
1.348766731098294258e-03
0.000000000000000000e+00
9.576308727264404297e-02
1.540084183216094971e-01
6.573318839073181152e-01
8.553224802017211914e-02
1.185185536742210388e-01
6.079288572072982788e-02
7.486464828252792358e-02
4.035099446773529053e-01
4.472312033176422119e-01
4.587022587656974792e-02
4.211425408720970154e-02
1.168918013572692871e-01
3.105867207050323486e-01
4.697854220867156982e-01
3.826828673481941223e-02
1.687590479850769043e-01
4.973888397216796875e-02
4.699369072914123535e-01
1.211806416511535645e+00
0.000000000000000000e+00
0.000000000000000000e+00
1.098620072007179260e-01
1.062486529350280762e+00
0.000000000000000000e+00
1.813106536865234375e-01
0.000000000000000000e+00
7.929359078407287598e-01
2.059519477188587189e-02
5.429651737213134766e-01
0.000000000000000000e+00
0.000000000000000000e+00
8.392100334167480469e-01
2.467183470726013184e-01
2.049251459538936615e-02
2.221275568008422852e+00
3.013101816177368164e-01
0.000000000000000000e+00
0.000000000000000000e+00
0.000000000000000000e+00
0.000000000000000000e+00
8.539383411407470703e-01
3.107159212231636047e-02
2.061546407639980316e-02
6.647348403930664062e-01
3.562536835670471191e-02
1.054706145077943802e-02
0.000000000000000000e+00
0.000000000000000000e+00
5.910624191164970398e-02
1.637842953205108643e-01
9.125640392303466797e-01
1.605157613754272461e+00
3.069628961384296417e-02
0.000000000000000000e+00
0.000000000000000000e+00
8.617206215858459473e-01
7.720445990562438965e-01
4.786143079400062561e-02
1.209920048713684082e+00
2.652142047882080078e-01
9.882675856351852417e-02
1.052094250917434692e-01
8.807601989246904850e-04
1.527047157287597656e-01
2.659135460853576660e-01
3.975569084286689758e-02
1.600811928510665894e-01
1.282743215560913086e+00
5.895490758121013641e-03
1.069235801696777344e-01
7.980415225028991699e-01
0.000000000000000000e+00
0.000000000000000000e+00
0.000000000000000000e+00
1.201259866356849670e-01
1.241615321487188339e-02
9.610928893089294434e-01
1.598061621189117432e-01
1.116488873958587646e-02
9.211422801017761230e-01
0.000000000000000000e+00
1.020999789237976074e+00
5.023024510592222214e-03
2.933553457260131836e-01
7.835213541984558105e-01
6.281118839979171753e-02
0.000000000000000000e+00
1.781854778528213501e-01
1.692534327507019043e+00
0.000000000000000000e+00
2.148605883121490479e-01
3.123503625392913818e-01
6.040297821164131165e-02
2.667255997657775879e-01
1.388746895827353001e-03
4.738230705261230469e-01
6.103233434259891510e-03
0.000000000000000000e+00
1.791991442441940308e-01
9.518986940383911133e-02
1.349539875984191895e+00
2.890458330512046814e-02
6.497880816459655762e-01
1.301002651453018188e-01
4.849348217248916626e-02
1.206944584846496582e-01
3.980986475944519043e-01
2.472756057977676392e-01
5.778726935386657715e-01
1.646572053432464600e-01
5.201790016144514084e-03
8.599738776683807373e-02
0.000000000000000000e+00
1.258701086044311523e-01
3.222651481628417969e-01
4.738243296742439270e-02
1.135403960943222046e-01
0.000000000000000000e+00
4.014110863208770752e-01
3.968676924705505371e-02
2.833656668663024902e-01
2.766234278678894043e-01
6.574114412069320679e-02
7.475575208663940430e-01
7.959046959877014160e-02
8.472480177879333496e-01
3.462566062808036804e-02
3.717876434326171875e+00
3.082596464082598686e-03
5.610411986708641052e-02
1.572351716458797455e-02
7.829147577285766602e-01
0.000000000000000000e+00
2.268843352794647217e-02
1.060592532157897949e+00
1.244987249374389648e+00
2.588552609086036682e-02
0.000000000000000000e+00
3.006712533533573151e-02
3.104919381439685822e-02
5.021787285804748535e-01
1.726197242736816406e+00
1.081202626228332520e+00
6.205594167113304138e-02
0.000000000000000000e+00
0.000000000000000000e+00
1.159502938389778137e-01
8.109664916992187500e-01
3.071286380290985107e-01
3.674120409414172173e-03
4.569795355200767517e-02
0.000000000000000000e+00
2.992693781852722168e-01
2.748974412679672241e-02
3.183123469352722168e-01
1.199911758303642273e-01
5.100370943546295166e-02
1.456727534532546997e-01
7.879196107387542725e-02
8.751499652862548828e-02
7.391419261693954468e-02
1.707238554954528809e-01
1.219443082809448242e-01
1.919853687286376953e-02
2.224681340157985687e-02
1.766217499971389771e-01
2.179789990186691284e-01
1.626611351966857910e-01
2.382969396421685815e-04
2.648665383458137512e-02
1.280878186225891113e+00
3.560291975736618042e-02
3.549092411994934082e-01
1.108278520405292511e-02
1.701690554618835449e-01
1.962388038635253906e+00
9.808888435363769531e-01
2.043309956789016724e-01
2.541059017181396484e+00
8.118748664855957031e-03
4.364639520645141602e-01
9.186150431632995605e-01
4.070156440138816833e-02
7.197484970092773438e-01
1.765782535076141357e-01
0.000000000000000000e+00
8.123151659965515137e-01
0.000000000000000000e+00
0.000000000000000000e+00
3.121975995600223541e-02
1.168260350823402405e-01
5.751359462738037109e-01
1.377615183591842651e-01
1.493698060512542725e-01
5.349472761154174805e-01
1.624183058738708496e+00
2.445201389491558075e-04
1.416308060288429260e-02
2.274851351976394653e-01
8.199679255485534668e-01
6.146981120109558105e-01
2.328323572874069214e-01
4.140740334987640381e-01
6.643217802047729492e-02
3.511475920677185059e-01
1.331027224659919739e-02
8.638722822070121765e-03
2.475142627954483032e-01
1.436396092176437378e-01
0.000000000000000000e+00
1.156874001026153564e-01
0.000000000000000000e+00
2.192054409533739090e-03
6.739597916603088379e-01
1.011449918150901794e-01
1.211610198020935059e+00
1.189495809376239777e-02
2.913771271705627441e-01
2.242686986923217773e+00
0.000000000000000000e+00
9.279768913984298706e-02
0.000000000000000000e+00
2.943772971630096436e-01
9.202204644680023193e-02
1.524837017059326172e-01
2.007622271776199341e-01
1.604828834533691406e-01
5.767947435379028320e-02
1.225769296288490295e-01
4.791870594024658203e+00
3.850180190056562424e-03
3.392540812492370605e-01
0.000000000000000000e+00
1.000287593342363834e-03
8.488774299621582031e-01
0.000000000000000000e+00
1.679356843233108521e-01
1.304704695940017700e-01
0.000000000000000000e+00
4.042868614196777344e-01
1.612629592418670654e-01
7.725871205329895020e-01
0.000000000000000000e+00
2.812801003456115723e-01
2.524837665259838104e-02
6.821542978286743164e-02
6.836265921592712402e-01
1.564546078443527222e-01
0.000000000000000000e+00
0.000000000000000000e+00
3.287228941917419434e-02
2.959864735603332520e-01
6.159024238586425781e-01
5.427220463752746582e-01
8.326817303895950317e-02
5.438769236207008362e-02
6.169607043266296387e-01
7.502146065235137939e-02
9.328799843788146973e-01
1.538210455328226089e-02
2.126304805278778076e-01
3.448814153671264648e-01
5.347790122032165527e-01
8.743325248360633850e-03
2.148104310035705566e-01
0.000000000000000000e+00
2.870671683922410011e-03
1.396869063377380371e+00
0.000000000000000000e+00
2.407877594232559204e-01
8.831872791051864624e-02
3.946165554225444794e-03
1.056390523910522461e+00
3.196969628334045410e-02
1.163475662469863892e-01
9.900832921266555786e-02
3.079964593052864075e-02
3.446835279464721680e+00
9.393012523651123047e-01
4.070736467838287354e-02
5.799596011638641357e-02
1.902744174003601074e-01
2.249836444854736328e+00
2.041267633438110352e+00
1.553139835596084595e-01
2.760201990604400635e-01
2.480232529342174530e-02
4.450232982635498047e-01
7.040604352951049805e-01
1.942239552736282349e-01
0.000000000000000000e+00
7.768129557371139526e-02
3.865557014942169189e-01
3.096096515655517578e-01
7.175145149230957031e-01
7.450144737958908081e-02
2.283879788592457771e-03
3.905620798468589783e-02
7.073349952697753906e-01
0.000000000000000000e+00
1.439147740602493286e-01
3.105775594711303711e+00
4.545388743281364441e-02
0.000000000000000000e+00
6.981048732995986938e-02
1.093505322933197021e-01
4.522412270307540894e-02
1.400484144687652588e-01
3.528526425361633301e-02
3.363696634769439697e-01
0.000000000000000000e+00
0.000000000000000000e+00
1.628051325678825378e-02
0.000000000000000000e+00
1.241121292114257812e+00
0.000000000000000000e+00
1.313375085592269897e-01
1.589479297399520874e-01
1.632840037345886230e-01
9.411047101020812988e-01
0.000000000000000000e+00
6.854028701782226562e-01
9.022070169448852539e-01
5.316366907209157944e-03
2.566708438098430634e-02
4.742313921451568604e-02
7.208333611488342285e-01
1.216019988059997559e-01
2.921053394675254822e-02
2.535457909107208252e-01
1.000075340270996094e+00
1.293020963668823242e+00
4.836339876055717468e-02
8.242635726928710938e-01
9.337441623210906982e-02
9.649760276079177856e-02
6.490064412355422974e-02
0.000000000000000000e+00
0.000000000000000000e+00
4.219953343272209167e-02
2.477701008319854736e-02
4.361211061477661133e-01
1.755251437425613403e-01
0.000000000000000000e+00
1.857989549636840820e+00
3.518582582473754883e-01
0.000000000000000000e+00
8.466200828552246094e-01
2.724052965641021729e-02
1.349206686019897461e+00
4.520879745483398438e+00
8.580914139747619629e-02
3.370900750160217285e-01
4.716247320175170898e-02
7.690391540527343750e-01
9.544023275375366211e-01
3.652099519968032837e-02
1.420969724655151367e+00
0.000000000000000000e+00
9.405282139778137207e-02
4.969459474086761475e-01
3.130293637514114380e-02
0.000000000000000000e+00
0.000000000000000000e+00
1.262846440076828003e-01
1.737003177404403687e-01
8.440091013908386230e-01
1.054921030998229980e+00
1.303262859582901001e-01
3.291515260934829712e-02
8.397436141967773438e-01
6.558834761381149292e-02
4.398868978023529053e-01
0.000000000000000000e+00
3.280882835388183594e-01
2.292774617671966553e-02
3.473563992884010077e-04
1.685277074575424194e-01
0.000000000000000000e+00
0.000000000000000000e+00
3.983795270323753357e-02
1.792139708995819092e-01
3.711798906326293945e+00
6.379857659339904785e-02
5.529615283012390137e-01
1.119243651628494263e-01
3.853144645690917969e-01
2.184201031923294067e-01
0.000000000000000000e+00
3.914872184395790100e-03
7.582414150238037109e-02
1.020978212356567383e+00
1.504409313201904297e-01
9.760067462921142578e-01
1.255557179450988770e+00
1.736382581293582916e-02
1.208846047520637512e-01
2.544157439842820168e-03
2.169371098279953003e-01
7.671702504158020020e-01
7.447636686265468597e-03
1.312324218451976776e-02
0.000000000000000000e+00
2.377405762672424316e-01
2.850808620452880859e+00
9.902865290641784668e-01
0.000000000000000000e+00
2.310739010572433472e-01
1.404226303100585938e+00
4.818310495465993881e-03
0.000000000000000000e+00
1.148917794227600098e+00
6.553081870079040527e-01
6.403775513172149658e-02
1.133440017700195312e+00
1.072073471732437611e-03
2.444243058562278748e-03
8.937335759401321411e-02
1.224151253700256348e+00
4.683742523193359375e-01
3.561780229210853577e-02
5.838007200509309769e-03
1.484583377838134766e+00
6.386631727218627930e-02
2.472904277965426445e-03
0.000000000000000000e+00
8.382959365844726562e-01
2.127528488636016846e-01
7.713896036148071289e-02
4.493341315537691116e-03
5.618697404861450195e-01
0.000000000000000000e+00
8.231201022863388062e-02
3.813303261995315552e-02
1.415234565734863281e+00
8.144196867942810059e-02
0.000000000000000000e+00
1.560007631778717041e-01
1.304573416709899902e+00
4.687427580356597900e-01
6.695843338966369629e-01
3.858969807624816895e-01
1.186980247497558594e+00
0.000000000000000000e+00
3.923455253243446350e-02
1.116276755928993225e-01
1.520495302975177765e-02
7.382783293724060059e-02
7.406348586082458496e-01
2.591134071350097656e+00
2.839806675910949707e-02
1.873390555381774902e+00
0.000000000000000000e+00
3.710826635360717773e+00
1.398035790771245956e-03
0.000000000000000000e+00
2.669384516775608063e-02
1.955588161945343018e-02
1.563076525926589966e-01
4.258316159248352051e-01
0.000000000000000000e+00
1.306671500205993652e+00
9.365748614072799683e-02
1.982152462005615234e-01
1.119103312492370605e+00
0.000000000000000000e+00
3.431179746985435486e-02
1.552247405052185059e-01
0.000000000000000000e+00
0.000000000000000000e+00
0.000000000000000000e+00
3.137319087982177734e-01
4.499355331063270569e-03
6.105136275291442871e-01
9.046922624111175537e-02
7.105307579040527344e-01
1.639439761638641357e-01
0.000000000000000000e+00
4.576730430126190186e-01
0.000000000000000000e+00
8.957595229148864746e-01
3.870817720890045166e-01
0.000000000000000000e+00
3.716939091682434082e-01
7.947296835482120514e-03
1.013950705528259277e+00
1.814062297344207764e-01
3.821086138486862183e-02
1.848142594099044800e-01
3.749051690101623535e-02
0.000000000000000000e+00
0.000000000000000000e+00
8.791360855102539062e-01
2.394240498542785645e-01
1.886271983385086060e-01
1.525766104459762573e-01
2.176453351974487305e+00
1.934643983840942383e-01
1.303201466798782349e-01
2.409516870975494385e-01
2.430229932069778442e-01
2.356985211372375488e-02
5.507805347442626953e-01
1.061391234397888184e-01
0.000000000000000000e+00
0.000000000000000000e+00
1.818751730024814606e-02
1.824911236763000488e-01
6.696201115846633911e-02
0.000000000000000000e+00
2.100644856691360474e-01
0.000000000000000000e+00
4.692489206790924072e-01
0.000000000000000000e+00
3.340352773666381836e-01
1.850239038467407227e-01
2.436784207820892334e-01
3.734479099512100220e-02
7.979480922222137451e-02
4.196540638804435730e-02
2.477250844240188599e-01
1.880571842193603516e-01
0.000000000000000000e+00
1.459442358464002609e-02
0.000000000000000000e+00
4.083378911018371582e-01
4.203300178050994873e-01
1.570069909095764160e+00
9.479059278964996338e-02
1.923453658819198608e-01
3.538858890533447266e-01
1.101085782051086426e+00
4.757663905620574951e-01
2.063560038805007935e-01
7.094103693962097168e-01
5.510258302092552185e-02
0.000000000000000000e+00
1.310858279466629028e-01
7.880237102508544922e-01
4.656708613038063049e-02
8.754870295524597168e-02
0.000000000000000000e+00
6.608398556709289551e-01
5.839890837669372559e-01
0.000000000000000000e+00
0.000000000000000000e+00
0.000000000000000000e+00
0.000000000000000000e+00
0.000000000000000000e+00
4.446341097354888916e-01
0.000000000000000000e+00
1.379253924824297428e-03
2.292839065194129944e-02
7.512845396995544434e-01
0.000000000000000000e+00
1.606179952621459961e+00
3.216665610671043396e-02
1.862693950533866882e-02
1.307445883750915527e+00
7.811475396156311035e-01
1.791642427444458008e+00
0.000000000000000000e+00
0.000000000000000000e+00
5.014401078224182129e-01
1.276646107435226440e-01
1.286375522613525391e-01
9.859883189201354980e-01
9.243004024028778076e-02
0.000000000000000000e+00
0.000000000000000000e+00
1.346344470977783203e+00
1.425218731164932251e-01
0.000000000000000000e+00
2.320019453763961792e-01
0.000000000000000000e+00
0.000000000000000000e+00
1.874663121998310089e-02
1.388080120086669922e-01
1.379558920860290527e+00
3.175879642367362976e-02
2.789345085620880127e-01
2.019806951284408569e-02
0.000000000000000000e+00
1.543253898620605469e+00
9.634816646575927734e-01
0.000000000000000000e+00
0.000000000000000000e+00
0.000000000000000000e+00
5.563992261886596680e-01
0.000000000000000000e+00
1.738921180367469788e-02
0.000000000000000000e+00
8.386774361133575439e-02
6.783860269933938980e-03
0.000000000000000000e+00
0.000000000000000000e+00
5.724049732089042664e-02
7.731190323829650879e-02
2.004854381084442139e-01
7.181406021118164062e-01
9.627710282802581787e-02
1.129443272948265076e-01
0.000000000000000000e+00
1.163516119122505188e-01
1.165456175804138184e-01
9.033140540122985840e-02
1.868112944066524506e-03
2.348292827606201172e+00
0.000000000000000000e+00
6.417583674192428589e-02
4.539557397365570068e-01
1.041605249047279358e-01
1.678808927536010742e+00
0.000000000000000000e+00
2.473686821758747101e-02
0.000000000000000000e+00
1.901550218462944031e-02
5.431267619132995605e-01
3.627774491906166077e-02
1.588147282600402832e-01
2.335781574249267578e+00
0.000000000000000000e+00
2.298379404237493873e-04
1.655717343091964722e-01
3.797606006264686584e-02
5.744472742080688477e-01
1.186596415936946869e-02
4.007693231105804443e-01
3.212447762489318848e-01
3.727521002292633057e-01
0.000000000000000000e+00
3.222377970814704895e-02
2.491184175014495850e-01
1.309757977724075317e-01
6.506338715553283691e-02
2.452714135870337486e-03
5.607788562774658203e-01
0.000000000000000000e+00
0.000000000000000000e+00
2.642181217670440674e-01
0.000000000000000000e+00
3.127890229225158691e-01
4.124297946691513062e-02
2.307679355144500732e-01
1.140372231602668762e-01
2.956601679325103760e-01
2.797815017402172089e-02
2.052892893552780151e-01
1.244536042213439941e-01
3.846224248409271240e-01
6.427353620529174805e-02
4.214792698621749878e-02
2.258392572402954102e-01
2.575809657573699951e-01
0.000000000000000000e+00
1.938325464725494385e-01
5.932024493813514709e-02
1.665053516626358032e-01
1.843775971792638302e-03
3.901578951627016068e-03
0.000000000000000000e+00
4.724118043668568134e-04
0.000000000000000000e+00
6.310852617025375366e-02
1.284482982009649277e-02
1.264101028442382812e+00
7.343876175582408905e-03
1.829860508441925049e-01
5.817899703979492188e-01
3.015375323593616486e-02
3.419974073767662048e-02
0.000000000000000000e+00
3.399687111377716064e-01
3.961255028843879700e-02
1.571539975702762604e-02
1.265962719917297363e+00
7.163724303245544434e-02
0.000000000000000000e+00
1.602660268545150757e-01
1.195315957069396973e+00
2.861610054969787598e-01
0.000000000000000000e+00
0.000000000000000000e+00
1.037989184260368347e-01
1.016946315765380859e+00
1.059790551662445068e-01
1.434319764375686646e-01
0.000000000000000000e+00
4.215452373027801514e-01
2.822322770953178406e-02
7.120131701231002808e-02
9.461407661437988281e-01
6.955777406692504883e-01
1.451667994260787964e-01
8.428974747657775879e-01
4.844552651047706604e-02
3.413771092891693115e-02
2.457000780850648880e-03
0.000000000000000000e+00
2.372089959681034088e-02
3.617784753441810608e-02
0.000000000000000000e+00
2.014919072389602661e-01
5.691528320312500000e-03
4.371967613697052002e-01
5.132755637168884277e-01
1.010635018348693848e+00
0.000000000000000000e+00
4.855309799313545227e-02
0.000000000000000000e+00
4.369138181209564209e-02
0.000000000000000000e+00
2.810034900903701782e-02
3.694700002670288086e-01
1.645181700587272644e-02
0.000000000000000000e+00
2.219922989606857300e-01
1.482985913753509521e-01
0.000000000000000000e+00
3.906058967113494873e-01
6.076233834028244019e-02
7.048262953758239746e-01
2.784179337322711945e-02
1.099639534950256348e+00
2.004660367965698242e-01
2.825162373483181000e-02
7.041708566248416901e-03
0.000000000000000000e+00
0.000000000000000000e+00
1.364114046096801758e+00
0.000000000000000000e+00
1.268659532070159912e-01
1.781061887741088867e-01
6.174596548080444336e-01
1.456732451915740967e-01
0.000000000000000000e+00
3.365254029631614685e-03
4.323917627334594727e-02
0.000000000000000000e+00
1.097593083977699280e-01
4.361468255519866943e-01
3.276065981481224298e-04
0.000000000000000000e+00
7.208210974931716919e-02
0.000000000000000000e+00
4.525092616677284241e-02
7.126144766807556152e-01
8.338076621294021606e-02
0.000000000000000000e+00
2.101720683276653290e-02
1.549265384674072266e-01
0.000000000000000000e+00
2.593162357807159424e-01
4.617623388767242432e-01
0.000000000000000000e+00
1.279405206441879272e-01
4.771056771278381348e-01
1.572177767753601074e+00
8.905324339866638184e-01
1.122836828231811523e+00
0.000000000000000000e+00
6.486969441175460815e-02
7.717031240463256836e-02
6.022288277745246887e-02
0.000000000000000000e+00
5.417817831039428711e-01
3.817411661148071289e-01
1.654254496097564697e-01
1.275153011083602905e-01
1.802709996700286865e-01
9.961626678705215454e-02
7.364647835493087769e-02
1.167549416422843933e-01
3.704410195350646973e-01
4.201033711433410645e-01
5.011018365621566772e-02
1.384182251058518887e-03
1.969574205577373505e-02
1.091043502092361450e-01
2.763667702674865723e-02
5.736543536186218262e-01
0.000000000000000000e+00
1.583838760852813721e-01
9.732217788696289062e-01
7.344606518745422363e-01
5.577502250671386719e-01
3.174984455108642578e+00
3.842966854572296143e-01
7.660426199436187744e-02
7.726091742515563965e-01
0.000000000000000000e+00
3.014424324035644531e+00
0.000000000000000000e+00
0.000000000000000000e+00
5.396667122840881348e-01
4.757150113582611084e-01
0.000000000000000000e+00
1.875062465667724609e+00
1.018539965152740479e-01
6.545348465442657471e-02
0.000000000000000000e+00
1.418993234634399414e+00
0.000000000000000000e+00
0.000000000000000000e+00
3.508343175053596497e-02
2.079536020755767822e-02
1.900153905153274536e-01
0.000000000000000000e+00
0.000000000000000000e+00
4.121172428131103516e-01
4.559600949287414551e-01
5.243645310401916504e-01
5.278854817152023315e-02
4.563368484377861023e-02
1.814943552017211914e-01
1.005598604679107666e-01
1.488107442855834961e-01
9.952598251402378082e-03
2.999773621559143066e-01
0.000000000000000000e+00
1.871501058340072632e-01
3.658337891101837158e-01
0.000000000000000000e+00
0.000000000000000000e+00
0.000000000000000000e+00
9.739802032709121704e-02
0.000000000000000000e+00
2.704328894615173340e-01
1.334968861192464828e-02
0.000000000000000000e+00
5.600078776478767395e-02
3.123356262221932411e-03
8.276987671852111816e-01
8.828992722555994987e-04
4.592264071106910706e-03
3.662375509738922119e-01
0.000000000000000000e+00
3.974944055080413818e-01
1.854695528745651245e-01
6.016548275947570801e-01
4.446198940277099609e-01
0.000000000000000000e+00
8.370644599199295044e-02
1.234801769256591797e+00
2.302937209606170654e-01
1.212659552693367004e-01
3.143184632062911987e-02
0.000000000000000000e+00
2.358835627092048526e-04
1.015316694974899292e-02
3.255939185619354248e-01
2.154231965541839600e-01
3.425284326076507568e-01
1.521044373512268066e-01
3.423583507537841797e-02
4.381738230586051941e-02
3.496052026748657227e-01
1.269438505172729492e+00
0.000000000000000000e+00
4.065715789794921875e+00
0.000000000000000000e+00
6.291618943214416504e-01
6.112739071249961853e-02
5.865144729614257812e-01
3.203954547643661499e-02
3.600375652313232422e-01
0.000000000000000000e+00
2.379917949438095093e-01
2.727803289890289307e-01
8.609610050916671753e-02
0.000000000000000000e+00
1.794583499431610107e-01
0.000000000000000000e+00
1.437571644783020020e+00
4.236606955528259277e-01
0.000000000000000000e+00
1.384852528572082520e+00
5.566648207604885101e-03
3.448555245995521545e-02
2.145829647779464722e-01
8.134876191616058350e-02
9.902743101119995117e-01
1.086533293128013611e-01
2.142532110214233398e+00
4.431823641061782837e-02
6.203511357307434082e-02
6.271778792142868042e-02
0.000000000000000000e+00
6.147814914584159851e-02
5.584469437599182129e-01
0.000000000000000000e+00
5.352467298507690430e-02
8.506905287504196167e-02
7.549591064453125000e-01
0.000000000000000000e+00
6.630410905927419662e-03
1.792103424668312073e-02
4.943823814392089844e-02
0.000000000000000000e+00
2.563376352190971375e-02
1.074321791529655457e-01
0.000000000000000000e+00
2.807672917842864990e-01
1.357163041830062866e-01
2.303704768419265747e-01
3.372392356395721436e-01
1.585335582494735718e-01
0.000000000000000000e+00
0.000000000000000000e+00
6.359418854117393494e-03
2.311220951378345490e-02
0.000000000000000000e+00
1.839834847487509251e-03
6.162181124091148376e-02
0.000000000000000000e+00
9.378243088722229004e-01
5.588545650243759155e-02
1.162959411740303040e-01
0.000000000000000000e+00
0.000000000000000000e+00
1.601146459579467773e-01
4.431349411606788635e-02
1.881819367408752441e-01
4.378255307674407959e-01
2.070855498313903809e-01
0.000000000000000000e+00
9.211678504943847656e-01
5.268106609582901001e-02
2.219404093921184540e-02
0.000000000000000000e+00
7.429388910531997681e-02
0.000000000000000000e+00
4.029537439346313477e-01
7.129755616188049316e-02
7.092806100845336914e-01
2.628749907016754150e-01
1.162828683853149414e+00
6.293388456106185913e-02
5.411931872367858887e-01
2.057287991046905518e-01
6.711130589246749878e-02
2.504495978355407715e-01
0.000000000000000000e+00
1.021231174468994141e+00
3.945444524288177490e-02
1.668963134288787842e-01
2.028071880340576172e+00
1.976533792912960052e-03
1.652549207210540771e-01
0.000000000000000000e+00
2.748010158538818359e-01
5.612556822597980499e-03
5.954952165484428406e-02
1.491077184677124023e+00
4.968288838863372803e-01
5.573241412639617920e-02
9.234857745468616486e-03
3.331268951296806335e-02
1.602587997913360596e-01
2.940698340535163879e-02
0.000000000000000000e+00
8.602164685726165771e-02
4.131372272968292236e-01
2.697216570377349854e-01
1.045266628265380859e+00
7.130680978298187256e-02
0.000000000000000000e+00
9.801102802157402039e-03
6.546884030103683472e-02
1.781597584486007690e-01
3.417812287807464600e-01
1.344032764434814453e+00
0.000000000000000000e+00
1.796698011457920074e-02
4.613032564520835876e-02
5.721350908279418945e-01
0.000000000000000000e+00
7.325024604797363281e-01
0.000000000000000000e+00
0.000000000000000000e+00
1.473849117755889893e-01
0.000000000000000000e+00
3.917858302593231201e-01
3.541093170642852783e-01
1.638017594814300537e-01
8.995161205530166626e-02
0.000000000000000000e+00
1.022651512175798416e-02
2.043096721172332764e-01
4.224018007516860962e-02
3.509870171546936035e-02
0.000000000000000000e+00
9.110249280929565430e-01
4.131892323493957520e-02
4.038838297128677368e-02
2.259711027145385742e-01
2.062201946973800659e-01
8.954210579395294189e-02
3.787196278572082520e-01
3.675421001389622688e-03
3.827925026416778564e-02
2.122372388839721680e-01
2.551210522651672363e-01
1.084790565073490143e-02
0.000000000000000000e+00
7.125892490148544312e-02
3.416695818305015564e-02
0.000000000000000000e+00
2.153527140617370605e-01
3.778981044888496399e-02
0.000000000000000000e+00
1.460491400212049484e-02
0.000000000000000000e+00
9.274844527244567871e-01
2.006137847900390625e+00
3.992289602756500244e-01
0.000000000000000000e+00
0.000000000000000000e+00
3.692195937037467957e-02
2.286179959774017334e-01
4.853054136037826538e-02
1.399948894977569580e-01
1.192136406898498535e+00
1.284631434828042984e-02
7.048100978136062622e-02
7.804948370903730392e-03
4.109857380390167236e-01
3.630950748920440674e-01
9.305320978164672852e-01
2.463833987712860107e-01
6.470604538917541504e-01
0.000000000000000000e+00
2.288983613252639771e-01
4.949104040861129761e-02
3.694263100624084473e-02
8.410378359258174896e-03
1.120742440223693848e+00
2.245544195175170898e+00
2.898993730545043945e+00
9.019614011049270630e-02
2.568255364894866943e-02
5.195965245366096497e-02
7.777348160743713379e-02
0.000000000000000000e+00
4.106963053345680237e-03
7.267324328422546387e-01
5.737733244895935059e-01
3.868249058723449707e-02
4.387213289737701416e-01
1.350293867290019989e-02
5.085940659046173096e-02
3.725948929786682129e-02
1.076543182134628296e-01
0.000000000000000000e+00
2.379615418612957001e-02
4.802829027175903320e-02
6.704112887382507324e-02
8.139624595642089844e-01
5.283655133098363876e-03
0.000000000000000000e+00
2.281987428665161133e+00
1.177426651120185852e-01
1.328617036342620850e-01
2.523891329765319824e-01
2.366368472576141357e-01
1.173682138323783875e-01
4.601418599486351013e-02
0.000000000000000000e+00
2.990530990064144135e-02
1.908278226852416992e+00
7.410477846860885620e-02
7.995834946632385254e-01
8.534339815378189087e-02
5.496764555573463440e-03
0.000000000000000000e+00
8.623673021793365479e-02
1.232446283102035522e-01
2.582685835659503937e-02
1.055634260177612305e+00
5.704154819250106812e-02
1.305535435676574707e-01
0.000000000000000000e+00
5.369412302970886230e-01
6.206622123718261719e-01
6.192070841789245605e-01
0.000000000000000000e+00
2.711314260959625244e-01
5.785078927874565125e-02
2.247784845530986786e-02
0.000000000000000000e+00
6.722018867731094360e-02
9.878093004226684570e-02
9.616637229919433594e+00
4.177964627742767334e-01
1.424611080437898636e-02
1.407410204410552979e-01
9.334596246480941772e-02
2.967141866683959961e-01
7.321349345147609711e-03
0.000000000000000000e+00
6.908061504364013672e-01
1.155768893659114838e-02
