7.984302520751953125e+00
9.962278604507446289e-01
3.907911479473114014e-01
4.144526124000549316e-01
4.790871739387512207e-01
3.784780204296112061e-02
1.738747954368591309e-01
7.255170494318008423e-02
4.191415309906005859e-01
0.000000000000000000e+00
1.225593150593340397e-03
1.504548359662294388e-02
4.658867418766021729e-02
0.000000000000000000e+00
2.956914305686950684e-01
1.122220605611801147e-01
4.674832150340080261e-02
0.000000000000000000e+00
3.839814662933349609e-02
0.000000000000000000e+00
0.000000000000000000e+00
7.997453212738037109e-02
7.523624226450920105e-03
5.782136917114257812e-01
5.407338738441467285e-01
8.613358139991760254e-01
1.742010749876499176e-02
1.748930513858795166e-01
0.000000000000000000e+00
3.510689362883567810e-03
1.072652861475944519e-01
7.735956907272338867e-01
8.188656647689640522e-04
0.000000000000000000e+00
1.664699427783489227e-02
8.552031964063644409e-02
0.000000000000000000e+00
3.815165460109710693e-01
4.425735950469970703e+00
1.867388337850570679e-01
0.000000000000000000e+00
1.607360363006591797e+00
1.217354387044906616e-01
2.450374811887741089e-01
2.095478057861328125e+00
0.000000000000000000e+00
6.483955681324005127e-02
9.225024282932281494e-02
1.106488779187202454e-01
0.000000000000000000e+00
0.000000000000000000e+00
1.186593472957611084e-01
2.885547876358032227e+00
1.643595844507217407e-01
0.000000000000000000e+00
2.255367785692214966e-01
7.821801118552684784e-03
3.134582340717315674e-01
1.025743007659912109e+00
2.932788729667663574e-01
1.076320290565490723e+00
4.050916433334350586e-02
0.000000000000000000e+00
2.928245961666107178e-01
2.325495481491088867e-01
5.955170989036560059e-01
9.305294952355325222e-04
8.824528455734252930e-01
1.015800833702087402e-01
4.318794608116149902e-02
5.619021654129028320e-01
5.919548869132995605e-01
3.926296159625053406e-02
1.085829854011535645e+00
0.000000000000000000e+00
1.383203119039535522e-01
1.173241615295410156e+00
7.320111989974975586e-02
7.671846747398376465e-01
1.195125188678503036e-02
1.753203272819519043e-01
0.000000000000000000e+00
6.803977489471435547e-02
1.698606908321380615e-01
1.722837984561920166e-01
3.104372918605804443e-01
0.000000000000000000e+00
2.260857820510864258e-01
6.787438876926898956e-03
3.324862122535705566e-01
0.000000000000000000e+00
1.643674448132514954e-02
2.912290161475539207e-03
3.632488101720809937e-02
1.153696179389953613e-01
9.277241304516792297e-03
4.316599071025848389e-01
5.774011369794607162e-04
9.324911981821060181e-02
5.596023201942443848e-01
1.193519473075866699e+00
6.336823850870132446e-02
0.000000000000000000e+00
0.000000000000000000e+00
0.000000000000000000e+00
5.994560942053794861e-02
5.442001298069953918e-02
0.000000000000000000e+00
1.457218229770660400e-01
7.476432323455810547e-01
7.145959138870239258e-02
8.162897080183029175e-03
1.612837612628936768e-02
0.000000000000000000e+00
0.000000000000000000e+00
5.729146003723144531e-01
6.799958646297454834e-02
7.313263602554798126e-03
2.954381518065929413e-02
1.472550928592681885e-01
3.423427343368530273e-01
0.000000000000000000e+00
0.000000000000000000e+00
2.293590605258941650e-01
3.622113227844238281e+00
5.335940718650817871e-01
0.000000000000000000e+00
0.000000000000000000e+00
0.000000000000000000e+00
2.900479361414909363e-02
7.712101340293884277e-01
3.165761381387710571e-02
3.791189491748809814e-01
0.000000000000000000e+00
4.899467229843139648e-01
0.000000000000000000e+00
3.458146154880523682e-01
1.459659310057759285e-03
1.158110350370407104e-01
4.465321004390716553e-01
6.452041119337081909e-02
6.228545308113098145e-01
6.923784967511892319e-03
0.000000000000000000e+00
6.503739953041076660e-02
7.654898613691329956e-02
4.494320154190063477e-01
0.000000000000000000e+00
2.480971515178680420e-01
3.973780840169638395e-04
0.000000000000000000e+00
2.353188693523406982e-01
2.229987978935241699e-01
2.830911397933959961e+00
1.358715772628784180e+00
0.000000000000000000e+00
1.509234428405761719e+00
0.000000000000000000e+00
1.998512297868728638e-01
2.437416836619377136e-02
8.320351690053939819e-02
1.475185602903366089e-01
4.350290447473526001e-02
2.013397663831710815e-01
0.000000000000000000e+00
2.204057872295379639e-01
2.126448899507522583e-01
4.131263494491577148e-01
8.445068448781967163e-02
0.000000000000000000e+00
5.678924322128295898e-01
3.040534630417823792e-02
0.000000000000000000e+00
0.000000000000000000e+00
1.568856090307235718e-01
6.187891587615013123e-03
0.000000000000000000e+00
1.825930550694465637e-02
3.574106143787503242e-03
2.816573858261108398e+00
1.290912181138992310e-01
0.000000000000000000e+00
4.877943545579910278e-02
0.000000000000000000e+00
3.317168056964874268e-01
6.161438822746276855e-01
6.073482334613800049e-03
0.000000000000000000e+00
7.404709607362747192e-02
0.000000000000000000e+00
2.298244507983326912e-03
3.690059483051300049e-01
1.208733439445495605e+00
1.356997340917587280e-02
1.572767019271850586e+00
1.621074527502059937e-01
3.568286448717117310e-02
0.000000000000000000e+00
5.728684067726135254e-01
1.337108969688415527e+00
0.000000000000000000e+00
2.664855718612670898e-01
1.225658729672431946e-01
0.000000000000000000e+00
0.000000000000000000e+00
9.508057236671447754e-01
3.868524730205535889e-01
2.294281870126724243e-01
4.797665476799011230e-01
1.258937001228332520e+00
2.699617147445678711e-01
2.244102209806442261e-02
1.724675893783569336e-01
0.000000000000000000e+00
1.933418400585651398e-02
1.330065876245498657e-01
1.943668246269226074e+00
0.000000000000000000e+00
0.000000000000000000e+00
1.370262056589126587e-01
1.283168327063322067e-02
2.435477524995803833e-01
2.536205053329467773e+00
7.822205871343612671e-02
5.512741580605506897e-02
2.207707017660140991e-01
1.063937619328498840e-01
6.388381868600845337e-02
0.000000000000000000e+00
1.446282565593719482e-01
4.146859049797058105e-01
1.687162965536117554e-01
5.498385801911354065e-02
0.000000000000000000e+00
0.000000000000000000e+00
6.920392513275146484e-01
0.000000000000000000e+00
1.202370882034301758e+00
4.364275932312011719e-01
0.000000000000000000e+00
1.651833020150661469e-02
2.874736189842224121e-01
1.798480868339538574e+00
0.000000000000000000e+00
1.307097315788269043e+00
9.611665271222591400e-03
3.421281278133392334e-01
3.057781606912612915e-03
0.000000000000000000e+00
0.000000000000000000e+00
1.397643820382654667e-03
1.023793709464371204e-03
0.000000000000000000e+00
3.051931969821453094e-02
1.161641478538513184e+00
2.090947628021240234e+00
5.587955936789512634e-02
8.992453105747699738e-03
0.000000000000000000e+00
9.500717371702194214e-02
0.000000000000000000e+00
1.408463809639215469e-02
1.015331372618675232e-01
0.000000000000000000e+00
0.000000000000000000e+00
1.221489980816841125e-01
0.000000000000000000e+00
8.517675846815109253e-02
0.000000000000000000e+00
1.256703287363052368e-01
8.049339056015014648e-01
0.000000000000000000e+00
1.401825807988643646e-03
1.469417065382003784e-01
7.126101851463317871e-02
5.435968637466430664e-01
1.810365766286849976e-01
7.702141404151916504e-01
2.732052281498908997e-02
1.552842617034912109e+00
8.956690877676010132e-02
3.584550619125366211e-01
1.622581034898757935e-01
7.906081527471542358e-02
4.021984100341796875e+00
1.686728239059448242e+00
4.154832065105438232e-01
5.936479568481445312e-01
4.200115501880645752e-01
5.895178914070129395e-01
2.598280906677246094e-01
9.479736089706420898e-01
1.023682713508605957e+00
0.000000000000000000e+00
5.005628466606140137e-01
1.785241365432739258e-01
4.344456642866134644e-02
1.923327147960662842e-01
2.911038994789123535e-01
4.812450334429740906e-02
0.000000000000000000e+00
0.000000000000000000e+00
6.425324082374572754e-01
8.612076938152313232e-02
1.239662885665893555e+00
1.826548427343368530e-01
1.564578562974929810e-01
1.698585301637649536e-01
7.696408033370971680e-02
5.038399219512939453e+00
3.249470889568328857e-02
2.518563568592071533e-01
7.562553286552429199e-01
1.163928881287574768e-01
2.063139900565147400e-02
4.969267919659614563e-02
2.942042350769042969e-01
1.665896270424127579e-03
8.689541220664978027e-01
5.187092423439025879e-01
5.072473082691431046e-03
1.666620969772338867e+00
0.000000000000000000e+00
4.322161376476287842e-01
6.775643229484558105e-01
0.000000000000000000e+00
1.191708564758300781e+00
2.466127872467041016e-01
1.310448348522186279e-01
0.000000000000000000e+00
6.110571121098473668e-05
8.847389817237854004e-01
2.682367861270904541e-01
2.696375548839569092e-01
0.000000000000000000e+00
8.558129072189331055e-01
3.286883234977722168e-02
1.465945839881896973e+00
9.391434192657470703e-01
8.394922614097595215e-01
0.000000000000000000e+00
2.904556225985288620e-03
2.747147977352142334e-01
1.612764038145542145e-02
0.000000000000000000e+00
1.105566136538982391e-02
0.000000000000000000e+00
3.183001577854156494e-01
3.579988956451416016e+00
0.000000000000000000e+00
5.385428667068481445e-01
8.304237574338912964e-02
4.237568937242031097e-03
9.655407816171646118e-02
3.309477865695953369e-01
2.156671524047851562e+00
3.149221837520599365e-01
7.514785975217819214e-02
7.139847427606582642e-02
1.030713990330696106e-01
9.684039279818534851e-03
7.315166294574737549e-02
4.600868523120880127e-01
7.364361286163330078e-01
1.344415843486785889e-01
3.085270291194319725e-03
4.971275478601455688e-02
1.661123707890510559e-02
0.000000000000000000e+00
0.000000000000000000e+00
1.187622994184494019e-01
0.000000000000000000e+00
1.258217096328735352e-01
5.323282629251480103e-02
5.538075566291809082e-01
5.196800231933593750e-01
1.768021434545516968e-01
0.000000000000000000e+00
2.314390391111373901e-01
3.042234182357788086e-01
0.000000000000000000e+00
0.000000000000000000e+00
0.000000000000000000e+00
5.995597317814826965e-02
1.491072960197925568e-02
7.896400988101959229e-02
4.252623766660690308e-03
1.828646752983331680e-03
2.128343731164932251e-01
8.992653489112854004e-01
0.000000000000000000e+00
0.000000000000000000e+00
5.570995807647705078e-01
0.000000000000000000e+00
1.059898287057876587e-01
5.408952236175537109e-01
1.801249146461486816e+00
6.676190376281738281e+00
5.016522482037544250e-02
4.884707741439342499e-03
1.517769973725080490e-02
0.000000000000000000e+00
4.082141816616058350e-01
1.655014753341674805e-01
1.227171346545219421e-01
6.315807104110717773e-01
3.422677889466285706e-02
4.909771680831909180e-02
5.801337584853172302e-02
1.164725065231323242e+00
0.000000000000000000e+00
0.000000000000000000e+00
4.923373699188232422e+00
0.000000000000000000e+00
0.000000000000000000e+00
0.000000000000000000e+00
5.586525052785873413e-02
3.446134328842163086e-01
2.294738888740539551e-01
9.190211072564125061e-03
3.185573965311050415e-03
0.000000000000000000e+00
2.544524520635604858e-02
5.902541428804397583e-02
1.116415858268737793e-01
1.432598801329731941e-03
1.267985552549362183e-01
1.676480054855346680e+00
1.343001872301101685e-01
7.897000789642333984e+00
0.000000000000000000e+00
2.620680071413516998e-02
0.000000000000000000e+00
8.876826614141464233e-02
0.000000000000000000e+00
2.463223218917846680e+00
2.050888724625110626e-03
0.000000000000000000e+00
0.000000000000000000e+00
4.242936670780181885e-01
2.254164457321166992e+00
1.622713208198547363e-01
0.000000000000000000e+00
1.487431406974792480e+00
2.743141949176788330e-01
0.000000000000000000e+00
2.620896697044372559e-01
3.127290725708007812e+00
1.579405218362808228e-01
0.000000000000000000e+00
1.470851540565490723e+00
0.000000000000000000e+00
1.902181982994079590e+00
3.745394060388207436e-03
1.123066693544387817e-01
1.895775049924850464e-01
0.000000000000000000e+00
5.565061569213867188e-01
0.000000000000000000e+00
7.301443219184875488e-01
2.064652144908905029e-01
2.439597398042678833e-01
0.000000000000000000e+00
2.779615484178066254e-02
3.779263257980346680e+00
4.827915430068969727e-01
1.543931514024734497e-01
0.000000000000000000e+00
7.179692387580871582e-01
0.000000000000000000e+00
2.691347002983093262e-01
4.749043583869934082e-01
1.045383885502815247e-01
1.629345774650573730e+00
5.716702938079833984e-01
1.210040133446455002e-02
0.000000000000000000e+00
0.000000000000000000e+00
4.080845788121223450e-02
2.300333231687545776e-01
0.000000000000000000e+00
8.723339065909385681e-03
3.277247399091720581e-02
4.913403689861297607e-01
4.669152945280075073e-02
9.541857838630676270e-01
4.770794391632080078e+00
9.522197246551513672e-01
2.315135002136230469e+00
4.549340605735778809e-01
3.706918060779571533e-01
3.132612407207489014e-01
2.502670325338840485e-02
3.381431847810745239e-02
1.303986310958862305e-01
7.403158396482467651e-02
1.929499506950378418e-01
1.618950068950653076e-01
0.000000000000000000e+00
3.807246312499046326e-02
0.000000000000000000e+00
0.000000000000000000e+00
4.393507912755012512e-02
2.651278376579284668e-01
4.206897318363189697e-01
5.581905245780944824e-01
1.315597444772720337e-01
2.237632311880588531e-02
1.758967787027359009e-01
0.000000000000000000e+00
5.797925218939781189e-02
4.877975955605506897e-02
3.833980858325958252e-01
0.000000000000000000e+00
9.605459054000675678e-04
3.240908384323120117e-01
3.057655394077301025e-01
1.129603147506713867e+00
0.000000000000000000e+00
1.069453358650207520e-01
1.798488795757293701e-01
1.586381554603576660e+00
0.000000000000000000e+00
1.591037958860397339e-02
1.742774099111557007e-01
0.000000000000000000e+00
1.599552184343338013e-01
6.726994514465332031e-01
3.564937591552734375e+00
6.091067194938659668e-01
4.988457858562469482e-01
2.262529432773590088e-01
0.000000000000000000e+00
3.198504447937011719e-03
3.908102959394454956e-02
0.000000000000000000e+00
2.287451326847076416e-01
0.000000000000000000e+00
0.000000000000000000e+00
2.610115408897399902e-01
0.000000000000000000e+00
0.000000000000000000e+00
0.000000000000000000e+00
0.000000000000000000e+00
0.000000000000000000e+00
6.682186853140592575e-03
0.000000000000000000e+00
0.000000000000000000e+00
1.426992863416671753e-01
3.122124671936035156e-01
4.598843753337860107e-01
1.711315035820007324e+00
0.000000000000000000e+00
2.402096271514892578e+00
0.000000000000000000e+00
1.345326006412506104e-02
0.000000000000000000e+00
9.661249071359634399e-02
3.948368504643440247e-02
0.000000000000000000e+00
2.682064175605773926e-01
2.578834071755409241e-02
2.590039372444152832e-01
1.630269736051559448e-02
2.147676229476928711e+00
1.398452669382095337e-01
2.191655635833740234e+00
4.980133175849914551e-01
7.372757419943809509e-03
0.000000000000000000e+00
1.116057783365249634e-01
1.844942271709442139e-01
2.624821104109287262e-02
0.000000000000000000e+00
3.526206687092781067e-02
2.039464265108108521e-01
3.115374129265546799e-03
0.000000000000000000e+00
8.679385185241699219e-01
4.264397919178009033e-01
1.134168624877929688e+00
0.000000000000000000e+00
2.280831895768642426e-02
0.000000000000000000e+00
7.273125052452087402e-01
0.000000000000000000e+00
0.000000000000000000e+00
2.517535984516143799e-01
8.537164330482482910e-02
8.771874308586120605e-01
0.000000000000000000e+00
0.000000000000000000e+00
0.000000000000000000e+00
2.170524120330810547e+00
0.000000000000000000e+00
0.000000000000000000e+00
4.077907204627990723e-01
1.312373757362365723e+00
3.182565048336982727e-02
1.134239912033081055e+00
0.000000000000000000e+00
3.751762151718139648e+00
0.000000000000000000e+00
2.767156576737761497e-03
3.788185492157936096e-02
1.522763133049011230e+00
8.584509044885635376e-02
1.385999083518981934e+00
1.672025024890899658e-02
6.968581676483154297e-01
0.000000000000000000e+00
0.000000000000000000e+00
2.900901138782501221e-01
1.939430087804794312e-01
2.108283489942550659e-01
0.000000000000000000e+00
3.537770360708236694e-02
9.861301630735397339e-02
0.000000000000000000e+00
6.404910981655120850e-02
0.000000000000000000e+00
0.000000000000000000e+00
0.000000000000000000e+00
1.132589355111122131e-01
0.000000000000000000e+00
9.943794608116149902e-01
1.482094675302505493e-01
0.000000000000000000e+00
0.000000000000000000e+00
0.000000000000000000e+00
4.297725260257720947e-01
5.280923247337341309e-01
1.477231383323669434e-01
7.611851394176483154e-02
0.000000000000000000e+00
0.000000000000000000e+00
9.399005025625228882e-02
7.778100669384002686e-02
0.000000000000000000e+00
0.000000000000000000e+00
2.389167845249176025e-01
6.866665482521057129e-01
1.711399197578430176e+00
7.348101586103439331e-02
0.000000000000000000e+00
3.066289238631725311e-03
1.791121482849121094e+00
5.120961070060729980e-01
2.055147588253021240e-01
0.000000000000000000e+00
1.666733741760253906e+00
2.050492465496063232e-01
0.000000000000000000e+00
0.000000000000000000e+00
0.000000000000000000e+00
1.018593367189168930e-02
0.000000000000000000e+00
8.441784977912902832e-02
8.421367406845092773e-02
0.000000000000000000e+00
1.189870163798332214e-01
0.000000000000000000e+00
2.883143424987792969e-01
2.159910053014755249e-01
2.950789332389831543e-01
0.000000000000000000e+00
2.575188688933849335e-02
2.174646407365798950e-01
1.789581961929798126e-03
1.791640371084213257e-02
5.344213452190160751e-03
0.000000000000000000e+00
1.943649798631668091e-01
2.135856389999389648e+00
0.000000000000000000e+00
2.728618867695331573e-02
0.000000000000000000e+00
0.000000000000000000e+00
0.000000000000000000e+00
1.158501580357551575e-01
0.000000000000000000e+00
2.318461835384368896e-01
3.048031330108642578e+00
7.343782782554626465e-01
3.575560450553894043e-02
3.610993921756744385e-01
4.291727244853973389e-01
0.000000000000000000e+00
1.863370183855295181e-03
9.247807264328002930e-01
1.198028922080993652e+00
0.000000000000000000e+00
0.000000000000000000e+00
4.934425465762615204e-03
0.000000000000000000e+00
1.981759518384933472e-01
9.777491092681884766e-01
2.165318012237548828e+00
9.413899481296539307e-02
7.316966541111469269e-03
6.261348724365234375e-02
5.543772131204605103e-02
0.000000000000000000e+00
9.256471693515777588e-02
5.984985455870628357e-02
2.617977559566497803e-01
0.000000000000000000e+00
6.962499022483825684e-02
1.079934015870094299e-01
0.000000000000000000e+00
1.959727108478546143e-01
1.077876329421997070e+00
7.165732383728027344e-01
1.452234089374542236e-01
3.522078692913055420e-02
5.041614919900894165e-02
1.305173784494400024e-01
1.443632040172815323e-02
1.013760939240455627e-01
2.679839432239532471e-01
1.114971283823251724e-02
1.155625581741333008e-01
1.361658811569213867e+00
3.039738833904266357e-01
2.334418743848800659e-01
0.000000000000000000e+00
3.246138691902160645e-01
9.367393329739570618e-03
6.383760273456573486e-02
1.967365890741348267e-01
0.000000000000000000e+00
0.000000000000000000e+00
4.562186300754547119e-01
1.442499011754989624e-01
2.774584889411926270e-01
5.898972041904926300e-03
6.080713495612144470e-02
1.075846403837203979e-01
1.386211663484573364e-01
0.000000000000000000e+00
6.099048852920532227e-01
1.787426710128784180e+00
2.909197658300399780e-02
4.019878804683685303e-01
3.537080064415931702e-02
3.222358599305152893e-02
5.465219616889953613e-01
0.000000000000000000e+00
9.817603975534439087e-03
2.516283094882965088e-01
3.510868251323699951e-01
0.000000000000000000e+00
3.765688464045524597e-02
1.414294634014368057e-02
1.043607741594314575e-01
1.552719157189130783e-02
2.901480913162231445e+00
1.461429707705974579e-02
0.000000000000000000e+00
0.000000000000000000e+00
6.888743638992309570e-01
5.902410745620727539e-01
4.277098476886749268e-01
4.941014945507049561e-01
0.000000000000000000e+00
4.005056619644165039e-02
0.000000000000000000e+00
2.153870344161987305e+00
4.277715384960174561e-01
6.563361883163452148e-01
1.249159872531890869e-01
2.517274394631385803e-02
0.000000000000000000e+00
1.102991849184036255e-01
3.528074175119400024e-02
1.341281980276107788e-01
4.286271333694458008e-02
0.000000000000000000e+00
0.000000000000000000e+00
1.103964447975158691e-01
4.085056304931640625e+00
1.788504123687744141e+00
4.136318266391754150e-01
6.974476575851440430e-02
1.452102791517972946e-02
0.000000000000000000e+00
4.001510441303253174e-01
1.538337916135787964e-01
5.836861953139305115e-02
2.442970871925354004e-01
2.202696651220321655e-01
7.614425383508205414e-03
1.856350541114807129e+00
5.997844338417053223e-01
1.937028914690017700e-01
0.000000000000000000e+00
1.260673999786376953e+00
0.000000000000000000e+00
3.690608143806457520e-01
9.583165049552917480e-01
0.000000000000000000e+00
1.434876173734664917e-01
8.663539588451385498e-02
0.000000000000000000e+00
5.207530856132507324e-01
3.144902177155017853e-03
3.626149147748947144e-02
7.212867587804794312e-02
2.090712934732437134e-01
1.225127256475389004e-03
7.835645973682403564e-02
0.000000000000000000e+00
2.516352944076061249e-02
0.000000000000000000e+00
1.302367687225341797e+00
0.000000000000000000e+00
0.000000000000000000e+00
5.550940632820129395e-01
8.716913871467113495e-03
9.818096458911895752e-02
0.000000000000000000e+00
0.000000000000000000e+00
1.236955448985099792e-02
7.624320387840270996e-01
1.648518145084381104e-01
1.429717093706130981e-01
1.231036614626646042e-02
1.681260764598846436e-02
1.933408528566360474e-02
0.000000000000000000e+00
0.000000000000000000e+00
3.818451762199401855e-01
1.458352804183959961e-01
0.000000000000000000e+00
0.000000000000000000e+00
3.113407827913761139e-02
8.646296262741088867e-01
3.000899218022823334e-03
9.395382404327392578e-01
7.910577952861785889e-02
2.485319823026657104e-01
1.413271188735961914e+00
0.000000000000000000e+00
1.699343137443065643e-02
6.818043589591979980e-01
0.000000000000000000e+00
5.560341104865074158e-02
2.133572995662689209e-01
3.291989564895629883e-01
0.000000000000000000e+00
2.631609201431274414e+00
0.000000000000000000e+00
1.150663256645202637e+00
0.000000000000000000e+00
0.000000000000000000e+00
5.071149021387100220e-02
1.963205814361572266e+00
1.740406632423400879e+00
1.770719289779663086e+00
6.253774166107177734e-01
1.420003890991210938e+00
4.434108436107635498e-01
2.209496498107910156e-02
2.699969410896301270e-01
3.138462454080581665e-02
2.595718204975128174e-02
1.521568149328231812e-01
0.000000000000000000e+00
0.000000000000000000e+00
7.677544653415679932e-02
0.000000000000000000e+00
0.000000000000000000e+00
0.000000000000000000e+00
0.000000000000000000e+00
1.457227468490600586e+00
5.335975885391235352e-01
3.355053020641207695e-03
7.059434801340103149e-02
3.721286952495574951e-01
6.499330699443817139e-02
3.938852846622467041e-01
1.239764168858528137e-01
2.467245161533355713e-01
1.823017358779907227e+00
1.079399734735488892e-01
2.076873034238815308e-01
0.000000000000000000e+00
2.022577263414859772e-02
3.969403356313705444e-02
3.995908424258232117e-02
1.190802931785583496e+00
6.137928366661071777e-02
6.418281048536300659e-02
5.730238556861877441e-02
1.255029559135437012e+00
1.308075487613677979e-01
1.889015138149261475e-01
0.000000000000000000e+00
0.000000000000000000e+00
1.530327945947647095e-01
0.000000000000000000e+00
3.333389520645141602e+00
1.863712221384048462e-01
8.126062899827957153e-02
9.461216926574707031e-01
9.541343450546264648e-01
8.545397967100143433e-02
1.957607626914978027e+00
0.000000000000000000e+00
4.097313404083251953e+00
2.145453989505767822e-01
1.019281625747680664e+00
3.043667376041412354e-01
1.578732579946517944e-01
2.219183370471000671e-02
5.443810224533081055e-01
5.972322821617126465e-01
2.267008543014526367e+00
2.987380027770996094e+00
1.998711228370666504e-01
4.764393270015716553e-01
2.023982442915439606e-02
0.000000000000000000e+00
0.000000000000000000e+00
1.204349771142005920e-01
2.760466001927852631e-02
6.267018616199493408e-02
2.935889959335327148e+00
0.000000000000000000e+00
2.521364688873291016e-01
1.471198558807373047e+00
0.000000000000000000e+00
4.277937412261962891e-01
1.408994674682617188e+00
2.856506593525409698e-02
9.728327393531799316e-03
7.601587474346160889e-02
2.456747055053710938e+00
5.645935058593750000e+00
3.934033215045928955e-02
5.060260295867919922e-01
5.209801793098449707e-01
0.000000000000000000e+00
4.483652710914611816e-01
6.006234511733055115e-02
3.597026467323303223e-01
0.000000000000000000e+00
6.456474661827087402e-01
1.388291567564010620e-01
5.577208101749420166e-02
1.835316270589828491e-01
5.612045899033546448e-02
0.000000000000000000e+00
0.000000000000000000e+00
1.168497920036315918e+00
0.000000000000000000e+00
1.796317845582962036e-01
3.782496228814125061e-02
7.810105085372924805e-01
6.420010328292846680e-02
9.844312816858291626e-02
2.930445969104766846e-01
8.023032918572425842e-03
3.313635289669036865e-01
1.137313008308410645e+00
2.285075746476650238e-02
4.881245549768209457e-03
0.000000000000000000e+00
3.584425747394561768e-01
8.122407644987106323e-02
4.657361190766096115e-03
0.000000000000000000e+00
1.346970349550247192e-01
0.000000000000000000e+00
1.231517434120178223e+00
1.676312237977981567e-01
4.006695374846458435e-02
9.111763536930084229e-02
0.000000000000000000e+00
5.872818827629089355e-02
3.190142631530761719e+00
1.578731685876846313e-01
1.880528330802917480e-01
0.000000000000000000e+00
0.000000000000000000e+00
3.088750876486301422e-02
1.767814010381698608e-01
7.964508235454559326e-02
5.079674124717712402e-01
0.000000000000000000e+00
3.368398919701576233e-02
2.727842889726161957e-02
0.000000000000000000e+00
0.000000000000000000e+00
0.000000000000000000e+00
2.997723579406738281e+00
0.000000000000000000e+00
5.083089470863342285e-01
0.000000000000000000e+00
0.000000000000000000e+00
0.000000000000000000e+00
1.088665366172790527e+00
1.101502656936645508e+00
3.425908461213111877e-02
2.906211912631988525e-01
3.839840888977050781e-01
0.000000000000000000e+00
2.947679460048675537e-01
0.000000000000000000e+00
2.423484027385711670e-01
1.206362526863813400e-02
6.003206968307495117e-02
9.418191015720367432e-02
5.166469097137451172e+00
4.054229333996772766e-02
0.000000000000000000e+00
6.285060048103332520e-01
0.000000000000000000e+00
2.513380944728851318e-01
0.000000000000000000e+00
7.317071408033370972e-02
7.687573321163654327e-03
0.000000000000000000e+00
5.664665102958679199e-01
4.892665310762822628e-04
4.283026158809661865e-01
2.429442852735519409e-01
2.961631715297698975e-01
0.000000000000000000e+00
6.140142679214477539e-01
2.247759699821472168e-01
0.000000000000000000e+00
0.000000000000000000e+00
1.606546640396118164e-01
7.900080680847167969e-01
2.481124103069305420e-01
1.136422529816627502e-01
2.347914427518844604e-01
1.154228150844573975e-01
2.092777490615844727e-01
8.516983389854431152e-01
1.047636754810810089e-02
1.335983872413635254e+00
1.780031919479370117e-01
0.000000000000000000e+00
1.561588048934936523e-01
5.803077816963195801e-01
3.898287937045097351e-02
2.561418116092681885e-01
0.000000000000000000e+00
1.362515389919281006e-01
4.302935674786567688e-02
2.410913556814193726e-01
3.730537295341491699e-01
1.014901883900165558e-02
4.722991213202476501e-02
9.873456321656703949e-03
4.117982387542724609e-01
5.847891047596931458e-02
5.452805757522583008e-02
9.225692749023437500e-01
1.042241081595420837e-01
3.033049171790480614e-03
0.000000000000000000e+00
1.216176301240921021e-01
4.618019610643386841e-02
9.084146469831466675e-03
7.144281268119812012e-01
1.100504919886589050e-01
3.180523812770843506e-01
5.352003872394561768e-02
1.530034065246582031e+00
6.102259829640388489e-02
3.363387107849121094e+00
1.278915256261825562e-01
9.333460777997970581e-02
8.414716459810733795e-03
1.782799839973449707e+00
0.000000000000000000e+00
0.000000000000000000e+00
6.731241941452026367e-02
7.162331342697143555e-01
0.000000000000000000e+00
8.983742445707321167e-02
1.089652031660079956e-01
0.000000000000000000e+00
2.004536092281341553e-01
6.849178671836853027e-01
2.510734498500823975e-01
9.467960149049758911e-02
1.232193708419799805e-01
0.000000000000000000e+00
1.677150130271911621e+00
0.000000000000000000e+00
1.950751394033432007e-01
1.464046686887741089e-01
0.000000000000000000e+00
0.000000000000000000e+00
1.146425530314445496e-01
5.441670119762420654e-02
5.666607525199651718e-03
1.030629780143499374e-02
0.000000000000000000e+00
3.117890655994415283e-01
4.199541807174682617e-01
0.000000000000000000e+00
3.447338938713073730e-02
2.644905447959899902e-02
1.157899270765483379e-03
5.022054910659790039e-02
0.000000000000000000e+00
9.227110445499420166e-02
2.608583569526672363e-01
7.008827291429042816e-03
1.092676818370819092e-01
4.914049804210662842e-01
7.046606391668319702e-02
0.000000000000000000e+00
1.971898227930068970e-02
2.572634443640708923e-02
1.669754832983016968e-01
1.360039591789245605e+00
1.257185190916061401e-01
9.982065558433532715e-01
1.777288436889648438e+00
2.855958640575408936e-01
8.385605812072753906e-01
3.351483345031738281e-01
2.155140042304992676e-03
1.306951045989990234e+00
8.383333683013916016e-03
0.000000000000000000e+00
8.179857730865478516e-01
6.972412019968032837e-02
2.656902652233839035e-03
2.867251634597778320e-01
3.142533898353576660e-01
0.000000000000000000e+00
7.903749346733093262e-01
0.000000000000000000e+00
0.000000000000000000e+00
3.792924642562866211e+00
1.046457663178443909e-01
5.227880179882049561e-02
1.980133913457393646e-02
1.661937117576599121e+00
6.870217323303222656e-01
3.454188108444213867e-01
1.506650805473327637e+00
2.147760242223739624e-01
9.413061290979385376e-02
1.143260672688484192e-02
6.223495677113533020e-02
2.196667790412902832e-01
0.000000000000000000e+00
2.703921496868133545e-02
4.090473055839538574e-01
1.009876132011413574e-01
1.273760944604873657e-01
2.188770100474357605e-02
0.000000000000000000e+00
3.464044928550720215e-01
0.000000000000000000e+00
6.153309345245361328e-01
1.991822242736816406e+00
0.000000000000000000e+00
1.610268354415893555e-01
0.000000000000000000e+00
2.720857620239257812e+00
0.000000000000000000e+00
1.265139937400817871e+00
7.644924521446228027e-01
6.083694696426391602e-01
4.801348224282264709e-02
1.177661657333374023e+00
4.539360046386718750e+00
0.000000000000000000e+00
3.168028891086578369e-01
0.000000000000000000e+00
4.312145523726940155e-03
1.346616446971893311e-01
0.000000000000000000e+00
9.901884943246841431e-02
1.277243345975875854e-02
2.498297579586505890e-02
1.720217466354370117e-01
0.000000000000000000e+00
8.389642834663391113e-01
1.069779694080352783e-01
9.131507575511932373e-02
5.905874371528625488e-01
8.942009806632995605e-01
1.431906502693891525e-02
0.000000000000000000e+00
0.000000000000000000e+00
0.000000000000000000e+00
2.591224014759063721e-02
0.000000000000000000e+00
7.146002054214477539e-01
1.026303842663764954e-01
1.612857170403003693e-02
5.331876873970031738e-01
3.290392756462097168e-01
1.830349713563919067e-01
3.149862168356776237e-03
2.370837330818176270e-02
1.887265220284461975e-02
1.377428621053695679e-01
1.963472813367843628e-01
3.934072256088256836e-01
0.000000000000000000e+00
1.085751205682754517e-01
0.000000000000000000e+00
5.217216610908508301e-01
4.456770047545433044e-02
0.000000000000000000e+00
3.391858935356140137e-02
4.120664000511169434e-01
5.682282149791717529e-03
0.000000000000000000e+00
0.000000000000000000e+00
1.398998975753784180e+00
1.010937452316284180e+00
6.044837236404418945e-01
2.297352552413940430e-01
4.587906301021575928e-01
2.700035572052001953e-01
5.544672012329101562e-01
9.043965339660644531e-01
2.036115884780883789e+00
2.087213099002838135e-01
9.104514867067337036e-02
7.907808423042297363e-01
0.000000000000000000e+00
3.073704242706298828e+00
1.769783720374107361e-02
0.000000000000000000e+00
4.928636923432350159e-02
0.000000000000000000e+00
1.327059030532836914e+00
8.184392452239990234e-01
1.621346622705459595e-01
3.609075909480452538e-03
0.000000000000000000e+00
1.504703909158706665e-01
9.205392748117446899e-02
4.554891884326934814e-01
3.375940918922424316e-01
4.844689741730690002e-02
1.054713353514671326e-01
2.253231406211853027e-02
1.293199956417083740e-01
1.338557340204715729e-03
6.444755792617797852e-01
3.995369747281074524e-02
6.705675125122070312e-01
6.231444329023361206e-02
2.074285596609115601e-01
0.000000000000000000e+00
0.000000000000000000e+00
8.417696692049503326e-03
8.002030104398727417e-02
1.731515228748321533e-01
3.876833617687225342e-01
4.763517677783966064e-01
5.600862503051757812e-01
2.224700711667537689e-02
0.000000000000000000e+00
8.331427574157714844e-01
3.339374661445617676e-01
1.196714341640472412e-01
0.000000000000000000e+00
7.327872514724731445e-02
0.000000000000000000e+00
0.000000000000000000e+00
1.537689715623855591e-01
0.000000000000000000e+00
0.000000000000000000e+00
5.126344561576843262e-01
2.267586253583431244e-02
3.015327155590057373e-01
0.000000000000000000e+00
2.358711659908294678e-01
0.000000000000000000e+00
0.000000000000000000e+00
6.860715802758932114e-03
5.395953655242919922e-01
1.174283981323242188e+00
1.051839143037796021e-01
0.000000000000000000e+00
9.860270023345947266e-01
4.228304922580718994e-01
0.000000000000000000e+00
4.950111806392669678e-01
5.609288346022367477e-03
9.687302112579345703e-01
5.203114509582519531e+00
2.072524577379226685e-01
0.000000000000000000e+00
0.000000000000000000e+00
9.684428572654724121e-01
5.237493291497230530e-02
2.185005098581314087e-01
2.667362213134765625e+00
0.000000000000000000e+00
0.000000000000000000e+00
3.273445367813110352e-02
0.000000000000000000e+00
1.001077368855476379e-01
0.000000000000000000e+00
4.104196652770042419e-02
2.491193860769271851e-01
2.227415293455123901e-01
0.000000000000000000e+00
1.775363385677337646e-01
7.308290958404541016e+00
2.056142240762710571e-01
4.820656403899192810e-02
9.524417519569396973e-01
0.000000000000000000e+00
1.963360905647277832e-01
0.000000000000000000e+00
2.826036699116230011e-02
0.000000000000000000e+00
4.926419854164123535e-01
0.000000000000000000e+00
0.000000000000000000e+00
1.259745806455612183e-01
8.646746635437011719e+00
0.000000000000000000e+00
0.000000000000000000e+00
3.785827383399009705e-02
9.465522319078445435e-02
6.538580637425184250e-04
1.253207683563232422e+00
1.831042766571044922e-02
2.499112859368324280e-02
5.301015973091125488e-01
4.825258851051330566e-01
6.387763470411300659e-02
5.053135752677917480e-02
3.376819789409637451e-01
7.409553527832031250e-01
0.000000000000000000e+00
1.096048280596733093e-01
1.225316762924194336e+00
0.000000000000000000e+00
4.873356968164443970e-02
0.000000000000000000e+00
4.750553518533706665e-02
2.728213310241699219e+00
3.746954798698425293e-01
5.538196116685867310e-02
5.221390724182128906e-01
1.057336449623107910e+00
1.753916382789611816e+00
1.433240994811058044e-02
9.601837396621704102e-01
2.835155129432678223e-01
2.858644165098667145e-02
3.448471128940582275e-01
0.000000000000000000e+00
3.513227105140686035e-01
0.000000000000000000e+00
3.881147205829620361e-01
3.176106512546539307e-01
7.096973061561584473e-02
0.000000000000000000e+00
5.981159806251525879e-01
1.095969751477241516e-01
0.000000000000000000e+00
0.000000000000000000e+00
1.461913436651229858e-02
1.154952049255371094e+00
7.043134570121765137e-01
9.522995948791503906e-01
1.255215257406234741e-01
3.465485870838165283e-01
2.056969702243804932e-02
0.000000000000000000e+00
6.991775631904602051e-01
0.000000000000000000e+00
2.554653398692607880e-02
1.505632251501083374e-01
0.000000000000000000e+00
1.195492863655090332e+00
0.000000000000000000e+00
9.530606865882873535e-01
4.554274678230285645e-02
0.000000000000000000e+00
0.000000000000000000e+00
2.526088804006576538e-02
1.574280322529375553e-03
6.359333544969558716e-02
1.652229189872741699e+00
1.278113722801208496e-01
0.000000000000000000e+00
5.910856127738952637e-01
0.000000000000000000e+00
3.938479900360107422e+00
0.000000000000000000e+00
0.000000000000000000e+00
0.000000000000000000e+00
3.242206275463104248e-01
3.328052163124084473e-02
0.000000000000000000e+00
2.164728641510009766e-01
2.862071692943572998e-01
5.710144340991973877e-02
2.515746653079986572e-02
1.843200325965881348e+00
1.230168808251619339e-02
2.108438611030578613e-01
1.491561811417341232e-02
2.779524028301239014e-01
5.545751452445983887e-01
0.000000000000000000e+00
0.000000000000000000e+00
6.836076825857162476e-02
3.295437991619110107e-01
7.349721193313598633e-01
1.450341343879699707e-01
1.084196474403142929e-02
0.000000000000000000e+00
1.120603829622268677e-01
0.000000000000000000e+00
6.757698953151702881e-02
0.000000000000000000e+00
0.000000000000000000e+00
3.335843235254287720e-02
0.000000000000000000e+00
9.029271006584167480e-01
3.457984030246734619e-01
5.161194801330566406e-01
3.029483556747436523e-01
3.014056570827960968e-02
7.590720057487487793e-02
7.641216367483139038e-02
3.256531953811645508e+00
0.000000000000000000e+00
1.954898610711097717e-02
9.235464334487915039e-01
3.358936309814453125e-01
0.000000000000000000e+00
1.132939815521240234e+00
0.000000000000000000e+00
2.010453939437866211e-01
5.754476070404052734e+00
3.089586086571216583e-02
0.000000000000000000e+00
1.022014692425727844e-01
4.752615466713905334e-03
4.197865426540374756e-01
4.596701264381408691e-01
1.685295626521110535e-02
0.000000000000000000e+00
0.000000000000000000e+00
0.000000000000000000e+00
0.000000000000000000e+00
2.314225286245346069e-01
4.272785484790802002e-01
0.000000000000000000e+00
3.553113492671400309e-05
0.000000000000000000e+00
2.938572764396667480e-01
2.691160328686237335e-02
2.967294305562973022e-03
2.273530364036560059e-01
0.000000000000000000e+00
0.000000000000000000e+00
9.636796265840530396e-02
5.908445119857788086e-01
1.036480218172073364e-01
3.431975364685058594e+00
0.000000000000000000e+00
2.369829686358571053e-03
1.900431632995605469e+00
1.603188067674636841e-01
1.049323201179504395e+00
2.005725860595703125e+00
8.330666273832321167e-02
0.000000000000000000e+00
0.000000000000000000e+00
4.200047999620437622e-02
5.011971592903137207e-01
2.041800618171691895e-01
0.000000000000000000e+00
2.100821584463119507e-01
8.035056293010711670e-03
8.995268940925598145e-01
0.000000000000000000e+00
4.965241551399230957e-01
2.696235477924346924e-01
0.000000000000000000e+00
2.504262030124664307e-01
1.342253983020782471e-01
0.000000000000000000e+00
7.285587489604949951e-03
0.000000000000000000e+00
8.666665852069854736e-02
1.464273929595947266e-01
4.650768041610717773e-01
2.632379531860351562e-01
9.841123595833778381e-03
1.821053981781005859e+00
1.251823604106903076e-01
0.000000000000000000e+00
2.429304644465446472e-02
4.170085787773132324e-01
2.018996000289916992e+00
2.706101536750793457e-01
2.003132402896881104e-01
1.587255716323852539e+00
1.049203634262084961e+00
1.279226131737232208e-02
0.000000000000000000e+00
1.706688553094863892e-01
1.236667335033416748e-01
0.000000000000000000e+00
2.368572056293487549e-01
1.356612704694271088e-02
0.000000000000000000e+00
8.871820755302906036e-03
0.000000000000000000e+00
2.752762079238891602e+00
2.078218152746558189e-03
1.611016690731048584e-01
0.000000000000000000e+00
0.000000000000000000e+00
9.089636802673339844e-01
1.079027801752090454e-01
4.488301277160644531e-02
1.779849827289581299e-01
0.000000000000000000e+00
1.171606034040451050e-01
4.301556050777435303e-01
0.000000000000000000e+00
0.000000000000000000e+00
0.000000000000000000e+00
1.366973668336868286e-01
1.307193096727132797e-02
0.000000000000000000e+00
1.080742001533508301e+00
2.171903662383556366e-02
7.251549363136291504e-01
1.512619495391845703e+00
4.386328756809234619e-01
0.000000000000000000e+00
2.439160831272602081e-03
0.000000000000000000e+00
1.104732632637023926e+00
0.000000000000000000e+00
4.860478918999433517e-03
1.442863196134567261e-01
1.215097755193710327e-01
0.000000000000000000e+00
5.007549747824668884e-02
6.018051877617835999e-02
5.190614461898803711e-01
0.000000000000000000e+00
1.571840792894363403e-01
3.694750834256410599e-03
3.682103753089904785e-02
5.100515484809875488e-01
1.304608187638223171e-03
3.855041414499282837e-02
2.587540864944458008e+00
1.444880291819572449e-02
1.644087672233581543e+00
0.000000000000000000e+00
4.093700554221868515e-03
1.198445335030555725e-01
3.615829348564147949e-01
2.674543298780918121e-02
1.374954581260681152e-01
3.993028998374938965e-01
1.377893239259719849e-02
7.727890461683273315e-02
1.399771422147750854e-01
0.000000000000000000e+00
2.783090472221374512e-01
4.300929233431816101e-02
0.000000000000000000e+00
1.802447587251663208e-01
0.000000000000000000e+00
6.310006231069564819e-02
3.698749840259552002e-02
1.288555711507797241e-01
1.170397270470857620e-02
7.949607074260711670e-02
4.116193577647209167e-02
4.310394451022148132e-02
0.000000000000000000e+00
8.303470909595489502e-02
2.154065221548080444e-01
1.125893115997314453e+00
0.000000000000000000e+00
3.530792891979217529e-02
1.211345270276069641e-01
0.000000000000000000e+00
1.223494261503219604e-01
1.946668326854705811e-02
3.224432170391082764e-01
7.690210342407226562e-01
2.546661496162414551e-01
0.000000000000000000e+00
2.042324282228946686e-02
0.000000000000000000e+00
0.000000000000000000e+00
1.417288541793823242e+00
3.855132758617401123e-01
1.223543882369995117e+00
5.290884375572204590e-01
2.053604871034622192e-01
0.000000000000000000e+00
2.543758153915405273e-01
0.000000000000000000e+00
0.000000000000000000e+00
3.172093629837036133e-02
5.323455333709716797e-01
3.458689665421843529e-03
1.335661649703979492e+00
3.176842927932739258e-01
5.960116907954216003e-02
3.612603247165679932e-01
1.076088428497314453e+00
1.388641595840454102e-01
0.000000000000000000e+00
0.000000000000000000e+00
1.163851469755172729e-01
2.227886319160461426e-01
5.077344831079244614e-03
1.922016404569149017e-02
1.378953158855438232e-01
2.536426067352294922e+00
0.000000000000000000e+00
2.143436223268508911e-01
3.966974616050720215e-01
1.565993577241897583e-01
2.924686670303344727e-01
2.620972633361816406e+00
1.239318370819091797e+00
2.810324728488922119e-01
0.000000000000000000e+00
0.000000000000000000e+00
0.000000000000000000e+00
1.403418779373168945e-01
0.000000000000000000e+00
5.168075440451502800e-04
2.936850786209106445e-01
1.589569449424743652e+00
4.847684502601623535e-02
2.968183159828186035e-01
3.578769788146018982e-02
0.000000000000000000e+00
0.000000000000000000e+00
9.042514115571975708e-02
1.489811390638351440e-01
0.000000000000000000e+00
1.539886146783828735e-01
0.000000000000000000e+00
1.517213322222232819e-02
1.394062638282775879e+00
5.103392153978347778e-02
2.976785898208618164e-01
8.197864890098571777e-01
2.670629136264324188e-02
9.293103590607643127e-03
4.708454310894012451e-01
6.122031211853027344e-01
0.000000000000000000e+00
2.748446539044380188e-02
8.368828892707824707e-02
9.943337179720401764e-03
0.000000000000000000e+00
3.216149806976318359e+00
3.116036392748355865e-02
9.927042722702026367e-01
4.553422331809997559e-02
9.228922426700592041e-03
6.335927639156579971e-03
5.414439737796783447e-02
0.000000000000000000e+00
0.000000000000000000e+00
3.479001298546791077e-02
2.928932569921016693e-02
1.821510493755340576e-01
1.110572218894958496e-01
0.000000000000000000e+00
1.085023512132465839e-03
3.190738260746002197e-01
1.845106109976768494e-02
2.007556147873401642e-02
9.127877652645111084e-02
0.000000000000000000e+00
0.000000000000000000e+00
2.603864073753356934e-01
6.903280019760131836e-01
5.453803110867738724e-03
1.521775484085083008e+00
0.000000000000000000e+00
1.176955103874206543e-01
1.458688229322433472e-01
2.220639586448669434e-01
1.576780527830123901e-01
1.321585178375244141e+00
2.534140944480895996e-01
0.000000000000000000e+00
1.343389391899108887e+00
3.698641657829284668e-01
1.178953610360622406e-02
2.602239251136779785e-01
0.000000000000000000e+00
4.033673405647277832e-01
0.000000000000000000e+00
5.208012461662292480e-01
1.604348123073577881e-01
3.064424097537994385e-01
3.199885189533233643e-01
2.624385356903076172e+00
1.175377249717712402e+00
2.403101098025217652e-04
5.183566361665725708e-03
4.847944155335426331e-02
2.625543475151062012e-01
0.000000000000000000e+00
0.000000000000000000e+00
9.760611504316329956e-02
2.211698740720748901e-01
4.475265502929687500e+00
2.152723312377929688e+00
7.668977975845336914e-02
1.344037890434265137e+00
1.404778957366943359e-01
0.000000000000000000e+00
2.812646329402923584e-01
1.579763181507587433e-02
5.483637809753417969e+00
1.613054424524307251e-02
1.644728891551494598e-02
3.567932248115539551e-01
0.000000000000000000e+00
0.000000000000000000e+00
1.434873104095458984e+00
3.443454951047897339e-02
8.089850097894668579e-02
1.133747994899749756e-01
2.346505075693130493e-01
3.190885856747627258e-02
0.000000000000000000e+00
9.224864770658314228e-04
0.000000000000000000e+00
9.475830793380737305e-01
0.000000000000000000e+00
5.527897924184799194e-02
1.003734394907951355e-02
4.639368504285812378e-02
1.231322530657052994e-03
0.000000000000000000e+00
1.468820273876190186e-01
3.904444864019751549e-03
8.170993328094482422e-01
1.445491611957550049e-01
1.112128347158432007e-01
2.492149919271469116e-01
2.238128483295440674e-01
1.228402405977249146e-01
1.456945300102233887e+00
0.000000000000000000e+00
0.000000000000000000e+00
1.051056310534477234e-01
7.194659113883972168e-01
1.803657412528991699e-01
4.983657225966453552e-02
0.000000000000000000e+00
0.000000000000000000e+00
0.000000000000000000e+00
0.000000000000000000e+00
5.221138596534729004e-01
3.535034880042076111e-02
9.222784638404846191e-02
1.985807344317436218e-02
0.000000000000000000e+00
1.449736952781677246e+00
5.955131351947784424e-02
2.911833226680755615e-01
7.040387988090515137e-01
2.287490665912628174e-01
0.000000000000000000e+00
4.663875997066497803e-01
4.104045405983924866e-02
3.498549386858940125e-02
9.695345908403396606e-02
0.000000000000000000e+00
0.000000000000000000e+00
7.484102249145507812e-02
1.090312004089355469e-02
0.000000000000000000e+00
1.178734302520751953e+00
3.215548768639564514e-02
2.651321887969970703e-02
0.000000000000000000e+00
9.661246091127395630e-02
9.700058698654174805e-01
1.356160044670104980e-01
2.801561355590820312e-01
0.000000000000000000e+00
1.257205128669738770e+00
0.000000000000000000e+00
8.687842637300491333e-03
3.834549188613891602e-01
2.770883142948150635e-01
0.000000000000000000e+00
9.058608859777450562e-02
3.645341694355010986e-01
3.320130705833435059e-01
3.284603357315063477e-02
2.059261873364448547e-02
4.505489766597747803e-02
9.979560971260070801e-01
2.944070398807525635e-01
3.170267641544342041e-01
2.716799974441528320e+00
1.706292480230331421e-01
0.000000000000000000e+00
1.930743604898452759e-01
1.869035325944423676e-02
7.890330553054809570e-01
0.000000000000000000e+00
3.380074501037597656e-01
0.000000000000000000e+00
4.639163911342620850e-01
0.000000000000000000e+00
0.000000000000000000e+00
5.595174059271812439e-02
1.651214003562927246e+00
1.108804792165756226e-01
9.765115380287170410e-02
0.000000000000000000e+00
6.575661301612854004e-01
2.065569013357162476e-01
0.000000000000000000e+00
1.187700126320123672e-02
0.000000000000000000e+00
3.348784521222114563e-02
0.000000000000000000e+00
1.910047531127929688e-01
0.000000000000000000e+00
3.387207537889480591e-02
4.851431399583816528e-02
7.143237162381410599e-03
0.000000000000000000e+00
3.312424421310424805e+00
0.000000000000000000e+00
4.824547842144966125e-02
2.342818677425384521e-02
0.000000000000000000e+00
1.585778594017028809e-02
1.948983371257781982e-01
1.498122513294219971e-01
0.000000000000000000e+00
3.571342825889587402e-01
1.660062819719314575e-01
2.984511852264404297e-01
0.000000000000000000e+00
0.000000000000000000e+00
0.000000000000000000e+00
2.140661031007766724e-01
4.610052704811096191e-02
3.017914891242980957e-01
6.706753373146057129e-01
0.000000000000000000e+00
9.150731563568115234e-01
2.326151430606842041e-01
2.169953584671020508e-01
2.550772726535797119e-01
0.000000000000000000e+00
0.000000000000000000e+00
6.376997232437133789e-01
1.727960705757141113e-01
1.126826286315917969e+00
1.280736625194549561e-01
1.192340478301048279e-01
4.114114344120025635e-01
6.477934718132019043e-01
3.943165391683578491e-02
1.113140955567359924e-01
2.429657727479934692e-01
2.423263154923915863e-02
3.085422813892364502e-01
7.797557115554809570e-02
3.644081996753811836e-03
1.655036926269531250e+00
2.694794535636901855e-02
0.000000000000000000e+00
4.061256721615791321e-02
4.372811794281005859e+00
0.000000000000000000e+00
5.870171189308166504e-01
4.394916057586669922e+00
0.000000000000000000e+00
0.000000000000000000e+00
0.000000000000000000e+00
0.000000000000000000e+00
5.161895751953125000e-01
9.631477878428995609e-04
0.000000000000000000e+00
5.931374803185462952e-02
1.821915805339813232e-01
4.375033825635910034e-02
2.845493257045745850e-01
4.574597477912902832e-01
1.884012483060359955e-02
3.453050851821899414e-01
1.216465532779693604e-01
5.211301445960998535e-01
6.262176036834716797e-01
1.930993199348449707e-01
3.346151858568191528e-02
1.542217284440994263e-01
2.011551707983016968e-01
1.116567254066467285e+00
0.000000000000000000e+00
2.348776720464229584e-02
6.671166047453880310e-03
5.314131081104278564e-02
1.078081727027893066e-01
9.694499522447586060e-02
2.797570228576660156e-01
1.048706322908401489e-01
8.500422351062297821e-03
2.269405126571655273e+00
0.000000000000000000e+00
0.000000000000000000e+00
2.416416108608245850e-01
0.000000000000000000e+00
3.754107356071472168e-01
0.000000000000000000e+00
0.000000000000000000e+00
0.000000000000000000e+00
5.131069570779800415e-03
1.831953525543212891e-01
5.291511416435241699e-01
7.474529556930065155e-03
3.652704507112503052e-02
0.000000000000000000e+00
2.185483723878860474e-01
1.607386395335197449e-02
3.741066902875900269e-02
0.000000000000000000e+00
0.000000000000000000e+00
9.253740906715393066e-01
1.624149642884731293e-02
1.101458817720413208e-01
1.317790389060974121e+00
0.000000000000000000e+00
0.000000000000000000e+00
0.000000000000000000e+00
2.528263926506042480e-01
0.000000000000000000e+00
1.108557701110839844e+00
7.042546868324279785e-01
6.425834447145462036e-02
3.402647003531455994e-02
1.591327935457229614e-01
1.468617916107177734e-01
2.174807041883468628e-01
0.000000000000000000e+00
1.100427627563476562e+00
2.439247369766235352e-01
0.000000000000000000e+00
0.000000000000000000e+00
1.240394949913024902e+00
0.000000000000000000e+00
8.979223370552062988e-01
4.071542024612426758e-01
4.487884938716888428e-01
4.282222688198089600e-01
2.367608482018113136e-03
6.413318682461977005e-03
0.000000000000000000e+00
0.000000000000000000e+00
3.794684773311018944e-03
1.889193534851074219e+00
4.017367362976074219e+00
0.000000000000000000e+00
1.329512987285852432e-02
4.192484170198440552e-02
2.265008926391601562e+00
7.637500762939453125e-03
1.765964031219482422e-01
6.692756414413452148e-01
4.365642070770263672e-01
5.271549820899963379e-01
1.421791911125183105e+00
0.000000000000000000e+00
6.045635938644409180e-01
4.881440401077270508e-01
6.661836802959442139e-02
1.355558540672063828e-02
1.227169632911682129e-01
6.858319044113159180e-02
4.035024046897888184e-01
1.573237657546997070e+00
0.000000000000000000e+00
1.388341188430786133e-01
3.220534920692443848e-01
3.643943667411804199e-01
0.000000000000000000e+00
3.420575857162475586e-01
8.931562304496765137e-01
5.801680032163858414e-03
0.000000000000000000e+00
0.000000000000000000e+00
1.327232420444488525e-01
5.733153596520423889e-02
1.749402433633804321e-01
8.383723348379135132e-02
5.272207260131835938e-01
0.000000000000000000e+00
5.913911387324333191e-02
2.156609296798706055e-01
3.606130182743072510e-02
0.000000000000000000e+00
8.214327692985534668e-01
2.755580656230449677e-02
2.751904539763927460e-02
0.000000000000000000e+00
0.000000000000000000e+00
0.000000000000000000e+00
1.612238049507141113e+00
5.743789672851562500e-02
2.489570826292037964e-01
1.382885932922363281e+00
7.752377539873123169e-02
0.000000000000000000e+00
1.379756033420562744e-01
1.463336497545242310e-01
8.353878974914550781e+00
3.079583644866943359e-01
2.229118160903453827e-02
4.692077636718750000e-03
5.301574617624282837e-02
8.024936169385910034e-02
5.632128100842237473e-03
1.228722482919692993e-01
7.466287165880203247e-02
0.000000000000000000e+00
