4.314283847808837891e+00
2.356111556291580200e-01
2.088847011327743530e-01
4.610032439231872559e-01
3.059044480323791504e-01
0.000000000000000000e+00
0.000000000000000000e+00
1.902424991130828857e-01
7.476115822792053223e-01
0.000000000000000000e+00
2.791749872267246246e-02
1.862104833126068115e-01
1.725075989961624146e-01
1.835056766867637634e-02
3.380563557147979736e-01
3.683733344078063965e-01
0.000000000000000000e+00
4.069383442401885986e-02
1.314921379089355469e+00
3.382456004619598389e-01
0.000000000000000000e+00
0.000000000000000000e+00
3.889079689979553223e-01
3.264074623584747314e-01
3.999226912856101990e-02
3.478324413299560547e-01
7.705668210983276367e-01
2.327419966459274292e-01
8.195930160582065582e-03
0.000000000000000000e+00
6.465001106262207031e-01
3.413479566574096680e+00
1.332035381346940994e-02
4.273831844329833984e-01
0.000000000000000000e+00
7.296870350837707520e-01
9.515753015875816345e-03
1.046025276184082031e+00
5.600247859954833984e+00
5.881514549255371094e-01
4.002630710601806641e-01
5.646983981132507324e-01
9.917006492614746094e-01
6.385788321495056152e-02
2.869766473770141602e+00
2.930310438387095928e-04
0.000000000000000000e+00
0.000000000000000000e+00
2.181957066059112549e-01
5.560283735394477844e-02
4.438684880733489990e-02
3.122958913445472717e-02
7.049334049224853516e-01
1.159360170364379883e+00
2.778630256652832031e-01
3.979151248931884766e-01
4.469593241810798645e-02
2.153858184814453125e+00
7.511664181947708130e-02
0.000000000000000000e+00
3.843674957752227783e-01
0.000000000000000000e+00
5.046915262937545776e-03
1.528390049934387207e+00
5.007460713386535645e-02
7.928289473056793213e-02
0.000000000000000000e+00
8.205420523881912231e-02
1.172873735427856445e+00
4.496302008628845215e-01
6.834193468093872070e-01
1.323195695877075195e-01
0.000000000000000000e+00
6.394665241241455078e-01
4.741136133670806885e-01
2.848828583955764771e-02
1.903834044933319092e-01
0.000000000000000000e+00
7.198478579521179199e-01
8.693900890648365021e-03
0.000000000000000000e+00
2.198712527751922607e-02
4.940591454505920410e-01
3.972362354397773743e-02
2.545385062694549561e-02
4.563949108123779297e-01
0.000000000000000000e+00
5.632557719945907593e-02
1.546114385128021240e-01
7.093624472618103027e-01
0.000000000000000000e+00
1.380248427391052246e+00
5.822829008102416992e-01
1.356283482164144516e-02
1.174831879325211048e-03
0.000000000000000000e+00
4.075597524642944336e-01
3.941737115383148193e-02
1.152405858039855957e+00
2.225666046142578125e-01
0.000000000000000000e+00
0.000000000000000000e+00
0.000000000000000000e+00
1.356200337409973145e+00
1.103310823440551758e+00
0.000000000000000000e+00
2.317794114351272583e-01
7.289386540651321411e-02
9.898433089256286621e-02
1.963596791028976440e-02
4.645721055567264557e-03
1.575282514095306396e-01
6.015106663107872009e-02
0.000000000000000000e+00
3.912870958447456360e-02
4.144358038902282715e-01
4.529819190502166748e-01
4.760351777076721191e-02
1.633028984069824219e+00
3.245022892951965332e-02
0.000000000000000000e+00
0.000000000000000000e+00
6.349916569888591766e-03
1.081113517284393311e-01
1.475179195404052734e+00
9.617300033569335938e-01
6.778363883495330811e-02
0.000000000000000000e+00
0.000000000000000000e+00
3.922278061509132385e-02
1.509365439414978027e+00
1.050015017390251160e-01
0.000000000000000000e+00
4.856602847576141357e-02
2.077682316303253174e-01
0.000000000000000000e+00
1.795841008424758911e-01
1.810183078050613403e-01
1.321773161180317402e-03
0.000000000000000000e+00
2.695586681365966797e-01
6.314366310834884644e-02
0.000000000000000000e+00
5.391357466578483582e-02
1.947809569537639618e-02
1.693381518125534058e-01
1.628147088922560215e-03
0.000000000000000000e+00
9.570713639259338379e-01
2.080915421247482300e-01
7.682681679725646973e-01
1.921895891427993774e-02
0.000000000000000000e+00
4.017476141452789307e-01
1.004671812057495117e+00
1.749356389045715332e-01
5.442907214164733887e-01
0.000000000000000000e+00
0.000000000000000000e+00
8.494240790605545044e-02
4.077576473355293274e-02
2.623008377850055695e-02
1.108918860554695129e-01
3.277616798877716064e-01
0.000000000000000000e+00
2.488602884113788605e-02
1.125007346272468567e-01
0.000000000000000000e+00
6.072607636451721191e-02
7.403554022312164307e-02
7.256351113319396973e-01
5.891935229301452637e-01
0.000000000000000000e+00
1.419196277856826782e-01
9.995993226766586304e-03
0.000000000000000000e+00
7.943057268857955933e-02
1.432633865624666214e-02
1.456429660320281982e-01
2.119977921247482300e-01
1.005548119544982910e+00
1.177048776298761368e-03
2.829468809068202972e-02
5.872371792793273926e-02
0.000000000000000000e+00
3.011763095855712891e-01
0.000000000000000000e+00
0.000000000000000000e+00
2.474258393049240112e-01
2.323414087295532227e-01
1.593808680772781372e-01
4.052177667617797852e-01
1.220316141843795776e-01
6.471282988786697388e-02
1.056132555007934570e+00
1.942171901464462280e-01
2.652943879365921021e-02
2.184537053108215332e-01
3.072304725646972656e-01
1.319931626319885254e+00
1.442179441452026367e+00
3.470215573906898499e-02
2.721661627292633057e-01
2.235413938760757446e-01
0.000000000000000000e+00
1.095312759280204773e-01
3.643909096717834473e-01
1.850959181785583496e+00
1.453480031341314316e-02
9.902328252792358398e-01
2.009780332446098328e-02
4.136682152748107910e-01
1.349102139472961426e+00
1.598395109176635742e-01
9.412242099642753601e-03
9.443202018737792969e-01
4.168123900890350342e-01
0.000000000000000000e+00
5.971002578735351562e-01
1.643009781837463379e+00
1.121639534831047058e-01
7.084146887063980103e-02
1.274829030036926270e+00
2.228480130434036255e-01
3.557821735739707947e-02
3.839402496814727783e-01
4.196214675903320312e-02
9.836257435381412506e-03
0.000000000000000000e+00
0.000000000000000000e+00
1.219473361968994141e+00
8.804734796285629272e-02
2.335643172264099121e-01
7.848454639315605164e-03
1.727786511182785034e-01
1.652671456336975098e+00
0.000000000000000000e+00
1.302977055311203003e-01
9.920665025711059570e-01
1.869883239269256592e-01
5.216436833143234253e-02
2.775581836700439453e+00
2.561610657721757889e-03
2.202160060405731201e-01
7.151105999946594238e-01
8.469627499580383301e-01
0.000000000000000000e+00
3.452012836933135986e-01
2.447269856929779053e-02
0.000000000000000000e+00
8.032803982496261597e-02
1.416924502700567245e-02
5.390100479125976562e-01
0.000000000000000000e+00
1.354002952575683594e+00
1.740503460168838501e-01
2.986858040094375610e-02
2.995946705341339111e-01
3.714559972286224365e-01
2.533762156963348389e-01
0.000000000000000000e+00
1.434970647096633911e-02
9.206230938434600830e-02
2.985834777355194092e-01
6.370373885147273540e-04
0.000000000000000000e+00
9.613472968339920044e-02
1.437827497720718384e-01
2.732335356995463371e-03
4.901636764407157898e-02
1.832391768693923950e-01
0.000000000000000000e+00
0.000000000000000000e+00
1.843419373035430908e-01
1.182835828512907028e-02
1.500872373580932617e-01
3.113269507884979248e-01
0.000000000000000000e+00
5.768369138240814209e-02
7.160142809152603149e-02
0.000000000000000000e+00
8.618701249361038208e-02
1.613497018814086914e+00
2.732634544372558594e-01
1.565866947174072266e+00
9.076435565948486328e-01
3.242464363574981689e-02
9.057730436325073242e-02
4.635241627693176270e-01
1.710478514432907104e-01
3.900530040264129639e-01
1.610938310623168945e-01
6.642777007073163986e-03
0.000000000000000000e+00
3.847666680812835693e-01
5.764449238777160645e-01
6.889073252677917480e-01
2.047782391309738159e-01
2.065117508172988892e-01
6.120058521628379822e-02
3.812385350465774536e-02
1.152446307241916656e-02
2.142569273710250854e-01
0.000000000000000000e+00
0.000000000000000000e+00
1.941463947296142578e-01
0.000000000000000000e+00
1.139036938548088074e-02
0.000000000000000000e+00
9.659491539001464844e+00
1.876817084848880768e-02
2.348125278949737549e-01
0.000000000000000000e+00
1.887591123580932617e+00
0.000000000000000000e+00
7.957966625690460205e-02
6.100639104843139648e-01
1.105534434318542480e+00
0.000000000000000000e+00
1.337053775787353516e-01
9.345241705887019634e-04
1.160395503044128418e+00
0.000000000000000000e+00
3.396261632442474365e-01
5.614241585135459900e-03
0.000000000000000000e+00
3.386089205741882324e-01
1.223139286041259766e+00
1.365221023559570312e+00
2.758844196796417236e-02
0.000000000000000000e+00
0.000000000000000000e+00
7.934364676475524902e-02
4.079538956284523010e-02
2.012984752655029297e-01
1.515903592109680176e+00
5.458177253603935242e-02
1.522004306316375732e-01
4.706190526485443115e-01
4.100394621491432190e-02
6.580553948879241943e-02
0.000000000000000000e+00
4.925089776515960693e-01
0.000000000000000000e+00
1.291731595993041992e-01
2.119418606162071228e-02
0.000000000000000000e+00
0.000000000000000000e+00
2.869788885116577148e+00
4.269909262657165527e-01
7.601009011268615723e-01
8.132520318031311035e-02
6.252577900886535645e-02
9.373283386230468750e-02
2.782658487558364868e-02
9.371874928474426270e-01
0.000000000000000000e+00
4.512130320072174072e-01
1.648056507110595703e-01
1.431389600038528442e-01
5.621449947357177734e-01
3.187893331050872803e-01
7.204890996217727661e-02
1.857392311096191406e+00
9.692273139953613281e-01
1.482973098754882812e+00
8.980984566733241081e-04
3.304246068000793457e-02
2.572759628295898438e+00
0.000000000000000000e+00
0.000000000000000000e+00
2.377778664231300354e-02
3.145062625408172607e-01
8.783078789710998535e-01
2.590415254235267639e-02
7.621703147888183594e-01
1.582001447677612305e-01
3.681073188781738281e-01
7.758134603500366211e-02
7.262120489031076431e-03
0.000000000000000000e+00
2.518857419490814209e-01
1.230871081352233887e-01
5.879623349756002426e-03
7.010710984468460083e-02
3.397937119007110596e-02
3.738409578800201416e-01
2.884232997894287109e-01
3.838695958256721497e-02
5.403070449829101562e-01
5.937124490737915039e-01
0.000000000000000000e+00
1.162891015410423279e-01
0.000000000000000000e+00
3.557599782943725586e-01
1.348243933171033859e-02
6.984412670135498047e-01
3.630688190460205078e+00
1.676195144653320312e+00
0.000000000000000000e+00
5.544899031519889832e-02
8.547633886337280273e-02
0.000000000000000000e+00
9.435559064149856567e-02
2.230258882045745850e-01
4.473521113395690918e-01
6.830617189407348633e-01
0.000000000000000000e+00
3.037262856960296631e-01
4.381035268306732178e-01
0.000000000000000000e+00
1.005174368619918823e-01
9.030751585960388184e-01
3.831582516431808472e-02
6.341787427663803101e-02
3.731951713562011719e-01
9.115645289421081543e-02
8.966802060604095459e-02
2.582037746906280518e-01
0.000000000000000000e+00
3.979576587677001953e+00
6.778469681739807129e-01
0.000000000000000000e+00
0.000000000000000000e+00
5.679967403411865234e-01
2.181243337690830231e-02
5.671606212854385376e-02
2.822016738355159760e-02
0.000000000000000000e+00
7.071900844573974609e+00
5.246668588370084763e-04
3.647220320999622345e-03
6.533882766962051392e-02
8.102002739906311035e-02
0.000000000000000000e+00
1.743364334106445312e+00
0.000000000000000000e+00
2.986490540206432343e-02
1.643743067979812622e-01
0.000000000000000000e+00
1.083069205284118652e+00
2.399829775094985962e-02
1.364090740680694580e-01
2.431629657745361328e+00
6.187103316187858582e-02
0.000000000000000000e+00
9.130121469497680664e-01
2.517192661762237549e-01
4.586710631847381592e-01
0.000000000000000000e+00
7.289311289787292480e-01
0.000000000000000000e+00
0.000000000000000000e+00
0.000000000000000000e+00
2.840550839900970459e-01
7.483761310577392578e-01
1.028215289115905762e-01
0.000000000000000000e+00
0.000000000000000000e+00
1.469570994377136230e-01
0.000000000000000000e+00
4.579738676548004150e-01
0.000000000000000000e+00
2.150166928768157959e-01
3.199093937873840332e-01
6.786649227142333984e-01
2.460948228836059570e-01
5.650242045521736145e-02
9.786540269851684570e-01
0.000000000000000000e+00
5.052811652421951294e-02
6.836784631013870239e-02
5.511575937271118164e-02
0.000000000000000000e+00
1.032369285821914673e-01
0.000000000000000000e+00
1.709609776735305786e-01
3.197236061096191406e-01
0.000000000000000000e+00
0.000000000000000000e+00
2.043628245592117310e-01
2.366352677345275879e-01
1.078864932060241699e+00
1.159014776349067688e-01
1.079442575573921204e-01
4.408984780311584473e-01
8.569620132446289062e+00
7.785322070121765137e-01
5.881818532943725586e-01
1.885151714086532593e-01
4.344472661614418030e-02
9.809179306030273438e-01
0.000000000000000000e+00
0.000000000000000000e+00
3.708608627319335938e+00
7.270352244377136230e-01
5.485337972640991211e-02
3.290043398737907410e-02
4.108377099037170410e-01
8.317854255437850952e-02
0.000000000000000000e+00
2.858870290219783783e-02
9.764179587364196777e-02
6.673266291618347168e-01
2.739191949367523193e-01
1.530161947011947632e-01
1.541983634233474731e-01
3.707507997751235962e-02
8.044096757657825947e-04
1.658392101526260376e-01
0.000000000000000000e+00
1.340248584747314453e+00
3.684615716338157654e-02
0.000000000000000000e+00
3.185621649026870728e-02
3.170854747295379639e-01
2.189234644174575806e-01
4.317238330841064453e-01
1.905151456594467163e-02
2.310398966073989868e-01
1.116842508316040039e+00
3.962147831916809082e-01
0.000000000000000000e+00
0.000000000000000000e+00
2.765869200229644775e-01
1.527901291847229004e-01
4.379556979984045029e-03
1.881936937570571899e-02
2.519254207611083984e+00
2.625189721584320068e-01
7.474933564662933350e-02
4.854323863983154297e-01
0.000000000000000000e+00
3.961872309446334839e-03
2.411799579858779907e-01
1.420075073838233948e-02
6.217783093452453613e-01
1.471204757690429688e-01
0.000000000000000000e+00
9.040661156177520752e-02
1.056347012519836426e+00
9.107710421085357666e-02
1.368863433599472046e-01
1.042786836624145508e-01
0.000000000000000000e+00
7.813465595245361328e-01
4.787057638168334961e-02
7.078961469233036041e-03
2.047282695770263672e+00
2.193822264671325684e-01
0.000000000000000000e+00
2.132161140441894531e+00
0.000000000000000000e+00
1.599692702293395996e+00
0.000000000000000000e+00
4.691300690174102783e-01
1.134194806218147278e-01
1.808540970087051392e-01
3.110593557357788086e-01
6.946913152933120728e-02
0.000000000000000000e+00
0.000000000000000000e+00
3.358575105667114258e-01
4.354430139064788818e-01
2.783048629760742188e+00
3.322243690490722656e-01
1.750165224075317383e+00
1.117444515228271484e+00
5.041403770446777344e-01
1.223005950450897217e-01
6.064264476299285889e-02
4.587707668542861938e-02
3.972836770117282867e-03
1.131228208541870117e-01
3.235553205013275146e-02
6.917327642440795898e-02
1.586344242095947266e-01
6.656046956777572632e-02
2.964360475540161133e+00
1.431374698877334595e-01
1.479776352643966675e-01
1.315834838896989822e-02
8.830936253070831299e-02
1.589197665452957153e-02
3.757209062576293945e+00
1.805444955825805664e-01
3.502426147460937500e-01
1.053664163919165730e-05
4.172080010175704956e-02
3.342536687850952148e-01
2.198786661028862000e-02
6.484558433294296265e-02
2.472620457410812378e-01
0.000000000000000000e+00
4.917748083244077861e-05
2.194346161559224129e-03
0.000000000000000000e+00
1.666835993528366089e-01
0.000000000000000000e+00
9.474609047174453735e-02
3.502703309059143066e-01
1.984247922897338867e+00
4.311344400048255920e-02
0.000000000000000000e+00
7.679185271263122559e-02
1.110595107078552246e+00
3.329052031040191650e-01
3.118817210197448730e-01
1.179176345467567444e-01
5.459889769554138184e-01
4.631189703941345215e-01
1.799150370061397552e-03
3.079780563712120056e-02
6.308674812316894531e-01
1.399990729987621307e-02
2.074458450078964233e-01
8.034833520650863647e-02
1.450944691896438599e-01
9.121326357126235962e-02
1.265081912279129028e-01
0.000000000000000000e+00
0.000000000000000000e+00
1.414277851581573486e-01
0.000000000000000000e+00
6.514571309089660645e-01
4.276239871978759766e-01
1.928594559431076050e-01
0.000000000000000000e+00
1.825716644525527954e-01
1.432647556066513062e-01
0.000000000000000000e+00
0.000000000000000000e+00
6.046424154192209244e-03
2.340446924790740013e-03
2.537643611431121826e-01
1.115393936634063721e-01
0.000000000000000000e+00
0.000000000000000000e+00
1.443075686693191528e-01
1.523431092500686646e-01
2.590128183364868164e+00
0.000000000000000000e+00
5.381717681884765625e-01
3.100775778293609619e-01
0.000000000000000000e+00
1.351299405097961426e+00
3.169016242027282715e-01
6.688772141933441162e-02
0.000000000000000000e+00
0.000000000000000000e+00
1.883807480335235596e-01
1.749846339225769043e-01
0.000000000000000000e+00
0.000000000000000000e+00
7.067125439643859863e-01
2.278096042573451996e-02
5.497765541076660156e-01
6.128721237182617188e-01
0.000000000000000000e+00
0.000000000000000000e+00
2.875525355339050293e-01
7.947206497192382812e-01
6.424362957477569580e-02
9.287528693675994873e-03
2.663244958966970444e-03
1.841492503881454468e-01
0.000000000000000000e+00
5.432120561599731445e-01
1.957335919141769409e-01
0.000000000000000000e+00
2.109558088704943657e-03
1.050012260675430298e-01
0.000000000000000000e+00
1.333989381790161133e+00
1.486467421054840088e-01
6.324945390224456787e-02
2.780591249465942383e-01
7.316017746925354004e-01
1.807044297456741333e-01
2.258854657411575317e-01
3.415978908538818359e+00
5.271627902984619141e-01
2.276962280273437500e+00
3.560783565044403076e-01
0.000000000000000000e+00
4.493767917156219482e-01
4.354141280055046082e-02
9.042963385581970215e-03
2.015947550535202026e-02
1.270609140396118164e+00
2.862331867218017578e-01
0.000000000000000000e+00
0.000000000000000000e+00
3.712722361087799072e-01
1.376369409263134003e-02
6.431953310966491699e-01
8.401181101799011230e-01
3.408737480640411377e-01
9.702004492282867432e-02
1.126565188169479370e-01
6.692556142807006836e-01
1.164567843079566956e-01
9.921875000000000000e-01
4.339768588542938232e-01
2.121027708053588867e-01
5.684092175215482712e-03
5.405309200286865234e-01
1.218485236167907715e+00
1.520672798156738281e+00
0.000000000000000000e+00
1.815629005432128906e+00
2.091133296489715576e-01
5.358211696147918701e-02
0.000000000000000000e+00
2.979593873023986816e-01
5.380963087081909180e-01
5.933518521487712860e-03
0.000000000000000000e+00
0.000000000000000000e+00
8.387902751564979553e-03
2.381043881177902222e-01
1.648447811603546143e-01
2.168045490980148315e-01
5.252599343657493591e-02
6.506499648094177246e-01
2.207104861736297607e-02
1.555249989032745361e-01
3.438617289066314697e-01
3.322803182527422905e-03
3.760190308094024658e-02
2.619112014770507812e+00
3.653000108897686005e-03
1.405024528503417969e-01
2.508072927594184875e-02
1.480761021375656128e-01
1.174692273139953613e+00
1.919480562210083008e-01
3.071853145956993103e-02
1.094850748777389526e-01
2.278201878070831299e-01
5.929137468338012695e-01
1.550368070602416992e-01
0.000000000000000000e+00
0.000000000000000000e+00
5.116873383522033691e-01
4.957479834556579590e-01
1.042213439941406250e-01
0.000000000000000000e+00
7.558471560478210449e-01
1.641608774662017822e-01
1.183770895004272461e+00
3.666113689541816711e-02
3.365583717823028564e-01
6.708882004022598267e-02
1.051808595657348633e-01
1.120212823152542114e-01
1.151335716247558594e+00
0.000000000000000000e+00
7.763952016830444336e-02
0.000000000000000000e+00
1.366568922996520996e+00
4.305212199687957764e-01
1.306036710739135742e+00
6.124539300799369812e-02
1.196835190057754517e-01
1.414099186658859253e-01
6.448016036301851273e-03
7.057073712348937988e-01
2.745242789387702942e-02
1.093317344784736633e-01
1.001906767487525940e-01
2.245753444731235504e-02
0.000000000000000000e+00
2.821549177169799805e-01
4.210180137306451797e-03
1.259454011917114258e+00
1.638357043266296387e-01
1.395159661769866943e-01
8.676465600728988647e-03
1.146615743637084961e-01
2.474662542343139648e+00
1.356176435947418213e-01
4.191012382507324219e-01
7.776565104722976685e-02
0.000000000000000000e+00
1.187654614448547363e+00
0.000000000000000000e+00
2.399092316627502441e-01
9.117422252893447876e-02
1.917847990989685059e-01
2.939721802249550819e-03
5.291303619742393494e-03
2.420516729354858398e+00
1.276994496583938599e-01
7.240922655910253525e-03
0.000000000000000000e+00
1.872125864028930664e-01
2.086348086595535278e-01
3.425471186637878418e-01
0.000000000000000000e+00
1.960088759660720825e-01
3.019940853118896484e-01
4.942438378930091858e-02
1.635112985968589783e-02
7.974514961242675781e-01
0.000000000000000000e+00
1.333412807434797287e-02
5.385050922632217407e-02
0.000000000000000000e+00
5.527314916253089905e-02
6.608381122350692749e-02
1.244113072752952576e-01
1.143578529357910156e+00
3.258399963378906250e-01
2.907515764236450195e+00
5.434948801994323730e-01
5.204994678497314453e-01
6.260158419609069824e-01
1.129961088299751282e-01
6.740403175354003906e-01
1.335308104753494263e-01
9.701933013275265694e-04
7.942974567413330078e-02
3.724682569503784180e+00
5.733703374862670898e-01
3.794153034687042236e-01
1.769094616174697876e-01
4.282059520483016968e-02
3.418487906455993652e-01
5.014640837907791138e-02
8.050819486379623413e-02
6.290897727012634277e-01
1.522684586234390736e-03
0.000000000000000000e+00
3.847608808428049088e-03
8.692354708909988403e-02
5.642957687377929688e-01
1.675166934728622437e-02
4.136005640029907227e-01
0.000000000000000000e+00
4.009356498718261719e-01
1.747763305902481079e-01
1.817564596422016621e-03
1.318174898624420166e-01
3.228173404932022095e-02
3.267308771610260010e-01
6.015568505972623825e-03
1.006784141063690186e-01
3.388879001140594482e-01
1.804412901401519775e-01
2.917378842830657959e-01
6.084487959742546082e-02
5.731440186500549316e-01
1.568126082420349121e-01
0.000000000000000000e+00
7.498766779899597168e-01
4.994215488433837891e+00
6.725449115037918091e-02
6.040564775466918945e-01
3.433642163872718811e-02
2.115752220153808594e+00
2.378446795046329498e-02
4.952427744865417480e-01
1.431604176759719849e-01
3.866357728838920593e-03
1.086706638336181641e+00
2.555432081222534180e+00
0.000000000000000000e+00
5.463540926575660706e-02
7.760509848594665527e-01
7.150900959968566895e-01
7.028961777687072754e-01
3.426561597734689713e-03
8.798404783010482788e-02
1.187634110450744629e+00
0.000000000000000000e+00
1.237237975001335144e-01
7.438272237777709961e-02
2.738712355494499207e-02
7.022714242339134216e-03
7.651827335357666016e-01
1.673233807086944580e-01
1.099820852279663086e+00
1.513275206089019775e-01
7.468205690383911133e-01
0.000000000000000000e+00
1.240869909524917603e-01
0.000000000000000000e+00
5.974026322364807129e-01
0.000000000000000000e+00
7.667462229728698730e-01
5.878632068634033203e-01
2.338244020938873291e-01
5.122985839843750000e-01
2.460208386182785034e-01
3.062338568270206451e-02
2.465927749872207642e-01
0.000000000000000000e+00
9.193191677331924438e-02
3.644863367080688477e-01
0.000000000000000000e+00
2.613428831100463867e-01
1.354616731405258179e-01
3.445975482463836670e-02
3.941586241126060486e-02
8.499642461538314819e-02
6.816303730010986328e-02
2.896394133567810059e-01
0.000000000000000000e+00
3.905319213867187500e+00
6.726685911417007446e-02
2.612295001745223999e-02
7.390321046113967896e-02
4.834195598959922791e-02
1.091487854719161987e-01
1.507026702165603638e-01
8.253526687622070312e-01
5.240072011947631836e-01
5.166807174682617188e+00
1.025968343019485474e-01
2.002875655889511108e-01
7.097038626670837402e-01
1.128613203763961792e-01
1.529146730899810791e-01
2.353811860084533691e-01
5.758574604988098145e-01
1.145776435732841492e-01
1.207959875464439392e-01
3.811788931488990784e-02
0.000000000000000000e+00
9.617556929588317871e-01
4.654452204704284668e-02
0.000000000000000000e+00
1.622024327516555786e-01
1.689441129565238953e-02
5.419570803642272949e-01
6.471309065818786621e-02
8.892394602298736572e-03
9.900422096252441406e+00
1.965879648923873901e-01
4.028338491916656494e-01
6.137511730194091797e-01
1.709751009941101074e+00
5.797975063323974609e-01
0.000000000000000000e+00
3.438813388347625732e-01
5.000218749046325684e-02
3.016311228275299072e-01
2.443033456802368164e+00
4.253274202346801758e-02
0.000000000000000000e+00
2.865023910999298096e-01
1.355040818452835083e-01
7.099904417991638184e-01
1.304975748062133789e-01
7.776321470737457275e-02
5.249675363302230835e-02
9.255356341600418091e-02
4.334352910518646240e-01
2.556410618126392365e-02
3.120265603065490723e-01
1.686584055423736572e-01
0.000000000000000000e+00
0.000000000000000000e+00
1.165019154548645020e+00
0.000000000000000000e+00
0.000000000000000000e+00
6.108615081757307053e-03
7.062259316444396973e-02
0.000000000000000000e+00
9.713790565729141235e-02
0.000000000000000000e+00
0.000000000000000000e+00
6.823522504419088364e-03
0.000000000000000000e+00
1.263287570327520370e-02
3.512253984808921814e-02
2.152492046356201172e+00
1.069641709327697754e+00
9.348778985440731049e-03
3.441121578216552734e+00
1.580033153295516968e-01
0.000000000000000000e+00
0.000000000000000000e+00
0.000000000000000000e+00
0.000000000000000000e+00
1.043223589658737183e-01
0.000000000000000000e+00
5.236459150910377502e-02
0.000000000000000000e+00
1.141429021954536438e-01
1.827688366174697876e-01
0.000000000000000000e+00
2.134910374879837036e-01
2.920535951852798462e-02
9.451187849044799805e-01
2.888845801353454590e-01
6.282372474670410156e-01
3.339247778058052063e-02
0.000000000000000000e+00
0.000000000000000000e+00
1.780821561813354492e+00
1.618345022201538086e+00
8.251433260738849640e-03
1.821373105049133301e-01
2.246787995100021362e-01
3.283620253205299377e-02
2.706945687532424927e-02
0.000000000000000000e+00
5.646833181381225586e-01
3.346932530403137207e-01
4.559258930385112762e-03
0.000000000000000000e+00
1.009403169155120850e-01
2.479356247931718826e-03
7.404403090476989746e-01
6.773318052291870117e-01
4.116428084671497345e-03
0.000000000000000000e+00
1.152588147670030594e-02
8.979409933090209961e-01
0.000000000000000000e+00
0.000000000000000000e+00
1.462424695491790771e-01
0.000000000000000000e+00
1.901859492063522339e-01
6.894007325172424316e-02
7.159607410430908203e-01
0.000000000000000000e+00
1.197898462414741516e-01
2.036426961421966553e-01
2.021653652191162109e-01
4.939242824912071228e-02
0.000000000000000000e+00
7.639946341514587402e-01
1.151537001132965088e-01
9.904095530509948730e-02
2.572886273264884949e-02
1.623512357473373413e-01
5.883205309510231018e-02
8.226858079433441162e-02
1.076857924461364746e+00
8.553308248519897461e-02
2.009411305189132690e-01
9.697288274765014648e-02
0.000000000000000000e+00
0.000000000000000000e+00
8.913822472095489502e-02
1.367721240967512131e-02
4.674873501062393188e-02
0.000000000000000000e+00
1.744248270988464355e-01
1.796842068433761597e-01
8.245668411254882812e-01
2.039014101028442383e+00
2.391035109758377075e-01
8.727168664336204529e-03
2.851243317127227783e-01
1.123281754553318024e-02
1.199136376380920410e-01
5.782943367958068848e-01
9.137658029794692993e-02
1.224434450268745422e-01
1.641157865524291992e-01
8.107001334428787231e-02
9.072045981884002686e-02
0.000000000000000000e+00
4.754446446895599365e-01
0.000000000000000000e+00
4.480167388916015625e+00
0.000000000000000000e+00
5.125674605369567871e-01
1.253574639558792114e-01
2.203714370727539062e+00
6.223162636160850525e-03
1.385554224252700806e-01
9.656470268964767456e-02
2.266090512275695801e-01
0.000000000000000000e+00
1.899019777774810791e-01
2.108146995306015015e-02
3.455008566379547119e-01
0.000000000000000000e+00
3.184801638126373291e-01
8.750307559967041016e-01
8.551732636988162994e-03
2.094923257827758789e+00
4.587649106979370117e-01
2.773732244968414307e-01
3.616171181201934814e-01
3.559128940105438232e-01
1.302540022879838943e-02
1.784055233001708984e-01
0.000000000000000000e+00
2.467977814376354218e-02
1.632780209183692932e-02
3.917092680931091309e-01
4.594631120562553406e-02
0.000000000000000000e+00
2.759838476777076721e-03
1.148816108703613281e+00
3.906327113509178162e-02
5.422576069831848145e-01
2.864078283309936523e-01
1.162822395563125610e-01
0.000000000000000000e+00
8.238818645477294922e-01
5.933126062154769897e-02
0.000000000000000000e+00
0.000000000000000000e+00
0.000000000000000000e+00
2.234883978962898254e-02
1.770421490073204041e-02
1.388292908668518066e-01
5.075317025184631348e-01
8.026195168495178223e-01
8.662264347076416016e-01
5.950735211372375488e-01
2.847027219831943512e-02
1.277410089969635010e-01
2.669797241687774658e-01
1.630481600761413574e+00
2.585115134716033936e-01
5.199032425880432129e-01
2.322464942932128906e+00
5.375725775957107544e-02
2.361117117106914520e-02
1.046521902084350586e+00
1.839208602905273438e-01
0.000000000000000000e+00
1.402426138520240784e-02
1.085740700364112854e-02
0.000000000000000000e+00
1.875902712345123291e-02
0.000000000000000000e+00
6.757633388042449951e-02
1.446324825286865234e+00
0.000000000000000000e+00
0.000000000000000000e+00
2.240840196609497070e-01
4.024322032928466797e-01
1.901658475399017334e-01
3.371392488479614258e-01
0.000000000000000000e+00
2.428638748824596405e-02
1.031625270843505859e+00
1.883255690336227417e-01
1.017398238182067871e+00
1.068902090191841125e-01
1.491743922233581543e-01
6.702634692192077637e-01
5.723721534013748169e-02
4.188184440135955811e-01
2.685282826423645020e-01
6.970267891883850098e-01
0.000000000000000000e+00
1.096816956996917725e-01
2.578558623790740967e-01
1.768150806427001953e+00
1.341654825955629349e-02
0.000000000000000000e+00
2.125756502151489258e+00
4.020307585597038269e-02
3.133698403835296631e-01
2.419845581054687500e+00
8.870276808738708496e-02
6.168239712715148926e-01
0.000000000000000000e+00
1.155126243829727173e-01
4.725380837917327881e-01
8.070180565118789673e-02
1.497949510812759399e-01
2.244070172309875488e-02
6.877211481332778931e-02
7.112403512001037598e-01
4.152288913726806641e+00
0.000000000000000000e+00
2.075473070144653320e-01
6.979262828826904297e-02
0.000000000000000000e+00
2.833167016506195068e-01
1.562585383653640747e-01
2.063697576522827148e-01
6.057188287377357483e-02
0.000000000000000000e+00
2.915594028308987617e-03
1.951933950185775757e-01
8.476547002792358398e-01
0.000000000000000000e+00
2.669197916984558105e-01
1.216149237006902695e-02
2.534168660640716553e-01
3.991719782352447510e-01
0.000000000000000000e+00
0.000000000000000000e+00
5.339626669883728027e-01
0.000000000000000000e+00
1.601247116923332214e-02
3.395807743072509766e-01
7.211730629205703735e-02
1.720916246995329857e-03
2.616536617279052734e-01
2.741627693176269531e-01
0.000000000000000000e+00
2.625582739710807800e-02
1.792937517166137695e-01
4.227322936058044434e-01
8.385457396507263184e-01
3.071094512939453125e+00
4.519079253077507019e-02
0.000000000000000000e+00
2.507321834564208984e-01
0.000000000000000000e+00
1.539234042167663574e+00
0.000000000000000000e+00
7.656580209732055664e-01
2.464704215526580811e-02
1.523045420646667480e+00
1.659757457673549652e-02
1.576470583677291870e-01
1.239868849515914917e-01
1.530291795730590820e+00
3.708885312080383301e-01
1.355977296829223633e+00
1.286625504493713379e+00
2.258320339024066925e-03
3.155319392681121826e-02
2.687127590179443359e-01
3.200399689376354218e-03
4.035550594329833984e+00
1.416911035776138306e-01
0.000000000000000000e+00
6.296525243669748306e-03
7.647028565406799316e-02
1.680381596088409424e-01
3.120058402419090271e-02
6.234605610370635986e-02
1.392677575349807739e-01
6.285355892032384872e-03
1.506454050540924072e-01
3.324395418167114258e-02
2.649696111679077148e+00
0.000000000000000000e+00
1.700826525688171387e+00
6.447880715131759644e-02
2.561053493991494179e-03
2.999669015407562256e-01
4.797115921974182129e-02
7.397437840700149536e-02
1.097891852259635925e-01
0.000000000000000000e+00
0.000000000000000000e+00
5.498827900737524033e-03
0.000000000000000000e+00
2.522527873516082764e-01
6.453179568052291870e-02
3.769495710730552673e-02
6.990753859281539917e-02
1.367904096841812134e-01
0.000000000000000000e+00
2.778042554855346680e+00
2.639965899288654327e-02
6.875985115766525269e-02
3.245843574404716492e-02
8.023526668548583984e-01
8.419135212898254395e-01
2.327558100223541260e-01
2.639659941196441650e-01
5.453615915030241013e-03
2.995171584188938141e-02
3.714896738529205322e-01
2.415153533220291138e-01
4.691385924816131592e-01
1.107621669769287109e+00
1.820089370012283325e-01
7.748320233076810837e-03
3.971923142671585083e-02
0.000000000000000000e+00
2.254968434572219849e-01
2.687519975006580353e-02
1.513030380010604858e-02
1.298762440681457520e+00
5.108040571212768555e-01
5.573541522026062012e-01
0.000000000000000000e+00
3.306458517909049988e-02
5.188965797424316406e-01
2.231907099485397339e-02
3.874193429946899414e-01
1.833325386047363281e+00
5.262103557586669922e+00
2.608626186847686768e-01
1.620111614465713501e-02
1.880531571805477142e-02
1.677261292934417725e-01
1.924321532249450684e+00
8.040574073791503906e+00
1.105646565556526184e-01
2.786020934581756592e-01
4.250105619430541992e-01
1.218141555786132812e+00
3.989534974098205566e-01
1.470033377408981323e-01
7.768573164939880371e-01
0.000000000000000000e+00
6.907689385116100311e-03
3.440214395523071289e-01
6.501442193984985352e-02
3.006749451160430908e-01
2.210063695907592773e+00
1.775505840778350830e-01
3.435427248477935791e-01
8.377747535705566406e-01
2.846153497695922852e+00
3.195147961378097534e-02
2.903868556022644043e-01
4.283315837383270264e-01
9.447447955608367920e-03
4.585703611373901367e-01
2.473280727863311768e-01
7.553438544273376465e-01
0.000000000000000000e+00
0.000000000000000000e+00
7.142754197120666504e-01
0.000000000000000000e+00
2.132682688534259796e-02
1.134790480136871338e-02
2.524857521057128906e-01
4.315600872039794922e+00
3.524171188473701477e-02
8.321059346199035645e-01
1.354355085641145706e-02
5.849080681800842285e-01
1.092258334159851074e+00
1.301123738288879395e+00
2.073595486581325531e-02
5.295495502650737762e-04
1.757410168647766113e-01
1.421964168548583984e-01
1.988255977630615234e-01
3.430330753326416016e-01
6.466846913099288940e-02
1.631950139999389648e-01
9.639712981879711151e-03
0.000000000000000000e+00
3.026325404644012451e-01
1.099235936999320984e-01
6.488285213708877563e-02
1.455937474966049194e-01
2.333632297813892365e-02
1.563243269920349121e+00
2.417556345462799072e-01
3.203303217887878418e-01
0.000000000000000000e+00
2.064803123474121094e+00
1.645086258649826050e-01
0.000000000000000000e+00
9.331879615783691406e-01
7.856294512748718262e-01
2.630648612976074219e-01
8.936460316181182861e-02
0.000000000000000000e+00
0.000000000000000000e+00
0.000000000000000000e+00
9.977323412895202637e-01
0.000000000000000000e+00
1.145141646265983582e-01
5.182276964187622070e-01
7.636668533086776733e-02
6.811376661062240601e-02
0.000000000000000000e+00
3.175998926162719727e-01
3.488522768020629883e-01
1.854319095611572266e+00
1.031335145235061646e-01
6.436374187469482422e-01
7.862928509712219238e-01
4.454847872257232666e-01
1.130493730306625366e-01
3.689431026577949524e-02
2.130595684051513672e+00
1.116722702980041504e+00
0.000000000000000000e+00
3.230971992015838623e-01
5.590150598436594009e-03
1.469708532094955444e-01
5.999119281768798828e-01
1.484791636466979980e-01
1.702289432287216187e-01
2.015636861324310303e-02
2.024311125278472900e-01
0.000000000000000000e+00
0.000000000000000000e+00
1.063768751919269562e-02
1.445724487304687500e+00
4.953792572021484375e+00
6.897892951965332031e-01
2.106346845626831055e+00
0.000000000000000000e+00
7.843147754669189453e+00
4.719028621912002563e-02
4.787369631230831146e-03
4.523456692695617676e-01
3.917859867215156555e-02
6.033603101968765259e-02
1.523759812116622925e-01
2.057854831218719482e-01
0.000000000000000000e+00
4.122093021869659424e-01
1.088309288024902344e+00
0.000000000000000000e+00
0.000000000000000000e+00
2.813126742839813232e-01
7.315075397491455078e-02
1.546574570238590240e-02
6.245917826890945435e-02
1.176700368523597717e-01
8.921860903501510620e-02
5.903120040893554688e-01
8.634828031063079834e-03
0.000000000000000000e+00
5.521087720990180969e-02
1.831804066896438599e-01
1.471408307552337646e-01
6.656142324209213257e-02
0.000000000000000000e+00
6.315600275993347168e-01
0.000000000000000000e+00
0.000000000000000000e+00
1.227277610450983047e-02
1.167789101600646973e+00
1.635194271802902222e-01
2.505771443247795105e-02
1.577095128595829010e-03
4.832531809806823730e-01
9.059891104698181152e-02
0.000000000000000000e+00
5.385512858629226685e-02
1.285836815834045410e+00
3.366947472095489502e-01
1.787191182374954224e-01
4.087478518486022949e-01
3.563188314437866211e+00
1.203659772872924805e-01
3.716442286968231201e-01
3.564287424087524414e-01
0.000000000000000000e+00
2.011380910873413086e+00
5.288413763046264648e-01
2.154737412929534912e-01
0.000000000000000000e+00
0.000000000000000000e+00
0.000000000000000000e+00
1.801877319812774658e-01
1.628153212368488312e-02
4.651557654142379761e-03
8.616682142019271851e-02
0.000000000000000000e+00
5.099031329154968262e-02
6.509638577699661255e-02
1.990741133689880371e+00
0.000000000000000000e+00
0.000000000000000000e+00
4.871786534786224365e-01
2.031176835298538208e-01
5.322920680046081543e-01
4.010156542062759399e-02
1.863749772310256958e-01
1.389337629079818726e-01
4.181359708309173584e-01
0.000000000000000000e+00
1.070741176605224609e+00
3.708971738815307617e-01
9.796909056603908539e-03
2.327500432729721069e-01
7.908932864665985107e-02
1.150574684143066406e+00
1.592854976654052734e+00
1.714584976434707642e-01
2.576770782470703125e-01
5.684671401977539062e-01
5.146794319152832031e-01
3.591440152376890182e-03
3.246924281120300293e-02
1.819871068000793457e-01
1.252128649502992630e-02
1.822639703750610352e-01
0.000000000000000000e+00
2.496998012065887451e-01
1.403433918952941895e+00
7.904288917779922485e-02
1.554787755012512207e+00
0.000000000000000000e+00
9.658143669366836548e-02
0.000000000000000000e+00
0.000000000000000000e+00
0.000000000000000000e+00
1.794925183057785034e-01
0.000000000000000000e+00
9.883276373147964478e-02
1.031961943954229355e-02
1.593363881111145020e+00
7.268309593200683594e-01
2.942497134208679199e-01
8.815239667892456055e-01
1.210154742002487183e-01
3.084285557270050049e-01
1.584789715707302094e-02
4.244943261146545410e-01
6.902442574501037598e-01
1.642226725816726685e-01
2.475910782814025879e-01
4.940527975559234619e-01
7.473968267440795898e-01
2.475625090301036835e-02
6.477863341569900513e-02
9.835878610610961914e-01
5.976933985948562622e-02
0.000000000000000000e+00
0.000000000000000000e+00
0.000000000000000000e+00
1.811177469789981842e-02
6.747391074895858765e-02
3.500756323337554932e-01
9.178413748741149902e-01
4.941348731517791748e-02
2.559816092252731323e-02
0.000000000000000000e+00
0.000000000000000000e+00
7.119798660278320312e-02
7.752321958541870117e-01
2.449896186590194702e-02
0.000000000000000000e+00
0.000000000000000000e+00
2.911468744277954102e-01
1.086161062121391296e-01
5.012042522430419922e-01
0.000000000000000000e+00
2.518174946308135986e-01
0.000000000000000000e+00
1.511729694902896881e-02
2.300566434860229492e-01
1.007364749908447266e+00
7.554957270622253418e-01
1.413754071108996868e-03
1.909841001033782959e-01
4.371468722820281982e-01
2.307651638984680176e-01
2.264966815710067749e-02
5.932319536805152893e-02
9.758745133876800537e-02
3.342662751674652100e-01
0.000000000000000000e+00
4.909014701843261719e-01
0.000000000000000000e+00
0.000000000000000000e+00
6.747330725193023682e-02
1.959937363862991333e-01
6.018151044845581055e-01
2.002500183880329132e-02
4.099265038967132568e-01
1.439561415463685989e-02
7.274379581212997437e-02
3.481792211532592773e-01
6.306713819503784180e-02
1.344121992588043213e-02
1.805657982826232910e+00
4.758302494883537292e-02
2.147438004612922668e-02
4.373449832201004028e-02
1.696635037660598755e-01
2.356505095958709717e-01
0.000000000000000000e+00
3.346484303474426270e-01
2.568871259689331055e+00
3.292475268244743347e-02
0.000000000000000000e+00
5.730515122413635254e-01
5.287586525082588196e-02
3.118549846112728119e-02
5.085454508662223816e-02
0.000000000000000000e+00
9.778711944818496704e-02
3.385419398546218872e-02
0.000000000000000000e+00
0.000000000000000000e+00
3.576515987515449524e-02
0.000000000000000000e+00
2.227099537849426270e-01
1.233176216483116150e-01
1.398718953132629395e-01
9.905723333358764648e-01
1.246947702020406723e-02
2.615340352058410645e-01
1.011356525123119354e-02
2.950888395309448242e+00
6.458688974380493164e-01
3.248728439211845398e-02
1.044725298881530762e+00
1.810051500797271729e-01
0.000000000000000000e+00
1.616746485233306885e-01
0.000000000000000000e+00
2.963379919528961182e-01
9.395945072174072266e-01
7.553973048925399780e-02
3.660531342029571533e-01
0.000000000000000000e+00
0.000000000000000000e+00
0.000000000000000000e+00
0.000000000000000000e+00
1.324160099029541016e+00
2.559303492307662964e-02
0.000000000000000000e+00
1.394946575164794922e-01
1.920027658343315125e-02
0.000000000000000000e+00
1.189205050468444824e-01
6.645749211311340332e-01
1.068816259503364563e-01
1.644250899553298950e-01
1.161419134587049484e-02
0.000000000000000000e+00
9.380527585744857788e-02
1.180939748883247375e-01
1.781727671623229980e+00
4.286071956157684326e-01
0.000000000000000000e+00
0.000000000000000000e+00
5.177339315414428711e-01
6.349359750747680664e-01
2.139770193025469780e-03
2.524487907066941261e-03
0.000000000000000000e+00
9.412579983472824097e-02
2.570013999938964844e-01
7.621984183788299561e-02
4.768183827400207520e-02
0.000000000000000000e+00
6.122735212557017803e-04
2.471250057220458984e+00
1.593912988901138306e-01
2.746672332286834717e-01
0.000000000000000000e+00
0.000000000000000000e+00
1.257648020982742310e-01
9.950472740456461906e-04
1.210203170776367188e-01
1.011742874979972839e-01
4.748449847102165222e-02
6.770771741867065430e-01
2.399140149354934692e-01
2.222036570310592651e-02
1.380274444818496704e-01
4.569699987769126892e-02
8.255556225776672363e-03
1.400514543056488037e-01
0.000000000000000000e+00
3.939860165119171143e-01
1.733228117227554321e-01
1.260245591402053833e-02
1.530569195747375488e-01
0.000000000000000000e+00
4.259161949157714844e-01
4.830141551792621613e-04
2.281609326601028442e-01
4.373490810394287109e-03
0.000000000000000000e+00
2.000062316656112671e-01
8.264856934547424316e-01
1.250534176826477051e+00
2.741582393646240234e-01
4.142047464847564697e-01
8.854381740093231201e-02
0.000000000000000000e+00
7.806915044784545898e-01
0.000000000000000000e+00
1.501720070838928223e+00
0.000000000000000000e+00
0.000000000000000000e+00
4.184381663799285889e-01
1.893967539072036743e-01
8.787130564451217651e-02
1.312810927629470825e-01
1.803837269544601440e-01
3.034410253167152405e-02
1.108319997787475586e+00
1.375292092561721802e-01
0.000000000000000000e+00
0.000000000000000000e+00
3.843912854790687561e-02
0.000000000000000000e+00
4.894890189170837402e-01
3.463240563869476318e-01
0.000000000000000000e+00
0.000000000000000000e+00
1.332532614469528198e-02
2.200474031269550323e-02
1.786174834705889225e-04
9.883056282997131348e-01
0.000000000000000000e+00
8.521131426095962524e-02
6.580867618322372437e-02
2.755891382694244385e-01
3.500966131687164307e-01
5.098589062690734863e-01
0.000000000000000000e+00
0.000000000000000000e+00
1.868189275264739990e-01
3.462958931922912598e-01
2.421750873327255249e-02
1.719865947961807251e-01
0.000000000000000000e+00
5.118076130747795105e-02
3.970323801040649414e-01
1.129434034228324890e-01
4.420793950557708740e-01
9.346874058246612549e-02
2.829957567155361176e-02
3.205291748046875000e+00
6.834829449653625488e-01
2.398108243942260742e-01
4.434008300304412842e-01
0.000000000000000000e+00
4.244145750999450684e-01
3.400200605392456055e-02
1.554822921752929688e+00
4.103786647319793701e-01
2.554343938827514648e+00
2.644406795501708984e+00
4.804435670375823975e-01
5.784386396408081055e-01
3.406560420989990234e-01
2.908508181571960449e-01
1.404762268066406250e-01
9.480497241020202637e-01
5.506167653948068619e-03
7.347390055656433105e-01
1.832738965749740601e-01
0.000000000000000000e+00
4.975740015506744385e-01
2.017060071229934692e-01
2.442332506179809570e-01
2.001235187053680420e-01
2.012441009283065796e-01
5.032655224204063416e-02
0.000000000000000000e+00
1.790484666824340820e+00
0.000000000000000000e+00
0.000000000000000000e+00
1.526093631982803345e-01
0.000000000000000000e+00
2.523419857025146484e-01
0.000000000000000000e+00
0.000000000000000000e+00
1.959116198122501373e-02
2.010597437620162964e-01
6.016271114349365234e-01
4.455834999680519104e-02
1.104465872049331665e-01
1.037303358316421509e-01
5.950388312339782715e-01
5.052549839019775391e-01
9.444653987884521484e-02
1.467005491256713867e+00
3.591591864824295044e-02
0.000000000000000000e+00
6.783450245857238770e-01
2.022557407617568970e-01
4.425702095031738281e-01
3.507779166102409363e-02
3.065643087029457092e-02
0.000000000000000000e+00
1.199665427207946777e+00
4.932168871164321899e-02
0.000000000000000000e+00
1.055484175682067871e+00
0.000000000000000000e+00
1.817398071289062500e-01
0.000000000000000000e+00
2.146013826131820679e-01
2.994174696505069733e-02
0.000000000000000000e+00
9.347938895225524902e-01
1.422334760427474976e-01
1.103801727294921875e-01
1.066033169627189636e-02
3.862601239234209061e-03
4.945298135280609131e-01
3.329417705535888672e-01
7.080214470624923706e-02
1.236658170819282532e-01
4.975288733839988708e-02
0.000000000000000000e+00
5.773230791091918945e-01
3.653815388679504395e-01
2.526853978633880615e-01
2.757957279682159424e-01
5.843266248703002930e-01
0.000000000000000000e+00
7.932217791676521301e-03
0.000000000000000000e+00
1.035413146018981934e+00
2.906889677047729492e+00
0.000000000000000000e+00
8.073245048522949219e+00
0.000000000000000000e+00
6.072344258427619934e-02
1.314986050128936768e-01
6.307456642389297485e-02
0.000000000000000000e+00
7.328078150749206543e-02
9.221223182976245880e-03
5.040438175201416016e-01
0.000000000000000000e+00
0.000000000000000000e+00
0.000000000000000000e+00
4.072223603725433350e-02
2.391815930604934692e-02
2.644163966178894043e-01
1.006266236305236816e+00
1.008046865463256836e+00
3.484373986721038818e-01
1.998593807220458984e-01
5.451088398694992065e-02
2.604491710662841797e-01
2.508255839347839355e-02
4.123153686523437500e-01
1.390766166150569916e-02
2.258407831192016602e+00
2.152586542069911957e-02
3.857005015015602112e-02
4.914230108261108398e-01
1.346212774515151978e-01
4.964335262775421143e-01
3.994186520576477051e-01
7.863622158765792847e-02
1.441931724548339844e-01
9.068546444177627563e-02
5.381252765655517578e-01
0.000000000000000000e+00
0.000000000000000000e+00
1.811389476060867310e-01
4.565253388136625290e-03
0.000000000000000000e+00
2.273921296000480652e-02
5.892447009682655334e-02
2.956957928836345673e-02
0.000000000000000000e+00
6.097210571169853210e-02
2.249933034181594849e-01
0.000000000000000000e+00
1.195832252502441406e+00
0.000000000000000000e+00
4.570342600345611572e-02
2.465661764144897461e-01
1.287727713584899902e+00
5.153265595436096191e-01
6.814650893211364746e-01
2.011179625988006592e-01
5.978319048881530762e-02
4.942717254161834717e-01
1.062501817941665649e-01
3.739082813262939453e-01
1.266259104013442993e-01
3.370608389377593994e-02
1.606021672487258911e-01
8.092700242996215820e-01
0.000000000000000000e+00
2.777876138687133789e+00
8.306964486837387085e-02
0.000000000000000000e+00
1.515182375907897949e+00
3.459595739841461182e-01
5.501725673675537109e-01
2.959374338388442993e-03
1.852170564234256744e-03
1.757265031337738037e-01
4.470204412937164307e-01
0.000000000000000000e+00
2.379169911146163940e-01
5.100648105144500732e-02
2.890343666076660156e-01
1.098120570182800293e+00
1.428481698036193848e+00
2.053788630291819572e-03
6.760624796152114868e-02
0.000000000000000000e+00
7.934252917766571045e-02
7.991896867752075195e-01
4.236469510942697525e-03
0.000000000000000000e+00
1.605143100023269653e-01
1.415830105543136597e-01
1.526967585086822510e-01
0.000000000000000000e+00
3.547058999538421631e-01
1.397251933813095093e-01
5.721087567508220673e-03
2.454111576080322266e+00
7.234995365142822266e-01
6.008185818791389465e-02
5.109108239412307739e-02
4.118675589561462402e-01
6.680562496185302734e-01
1.145503993029706180e-04
1.124731637537479401e-02
1.937384158372879028e-01
2.204195022583007812e+00
8.050507865846157074e-03
9.263511300086975098e-01
5.248894914984703064e-02
1.610599458217620850e-02
2.056763693690299988e-02
0.000000000000000000e+00
0.000000000000000000e+00
2.566985785961151123e-01
2.715986490249633789e+00
4.091466218233108521e-02
2.899009287357330322e-01
4.453472048044204712e-02
4.992428719997406006e-01
6.214711442589759827e-02
2.607349753379821777e-01
0.000000000000000000e+00
1.117494925856590271e-01
3.697079718112945557e-01
0.000000000000000000e+00
2.041007950901985168e-02
1.303211331367492676e+00
7.991200685501098633e-01
1.147630140185356140e-01
2.050738781690597534e-01
0.000000000000000000e+00
1.922144442796707153e-01
0.000000000000000000e+00
8.122978359460830688e-02
1.285463571548461914e-01
6.439709067344665527e-01
6.861035823822021484e-01
0.000000000000000000e+00
1.058365225791931152e+00
4.292779564857482910e-01
8.663661777973175049e-02
7.357110828161239624e-02
8.846727013587951660e-02
4.314826056361198425e-02
8.975129127502441406e-01
3.475902974605560303e-02
0.000000000000000000e+00
0.000000000000000000e+00
2.809899449348449707e-01
8.962708711624145508e-02
4.639930427074432373e-01
2.192324399948120117e-01
2.782025374472141266e-02
0.000000000000000000e+00
0.000000000000000000e+00
0.000000000000000000e+00
1.755969166755676270e+00
5.851860046386718750e+00
8.473742008209228516e-01
0.000000000000000000e+00
8.519728481769561768e-02
4.341692924499511719e-01
0.000000000000000000e+00
6.511935591697692871e-02
1.663161873817443848e+00
8.986411690711975098e-01
1.736294031143188477e-01
1.244315430521965027e-01
0.000000000000000000e+00
0.000000000000000000e+00
2.877057075500488281e+00
5.528646707534790039e-01
2.720262110233306885e-02
2.533158659934997559e-01
2.715452611446380615e-01
3.329096734523773193e-02
7.256397604942321777e-02
1.210520341992378235e-01
1.229878664016723633e+00
1.339155554771423340e+00
4.966285824775695801e-01
2.124919652938842773e+00
1.386291980743408203e-01
0.000000000000000000e+00
4.216521978378295898e-02
1.699437573552131653e-02
0.000000000000000000e+00
1.410287711769342422e-02
1.183558106422424316e+00
8.154507875442504883e-01
3.732878342270851135e-02
1.720250817015767097e-03
2.298697382211685181e-01
8.997649699449539185e-02
1.445037424564361572e-01
4.636875540018081665e-02
9.547171592712402344e-01
1.895517692901194096e-03
0.000000000000000000e+00
1.662178523838520050e-02
4.811269938945770264e-01
6.260166317224502563e-02
0.000000000000000000e+00
9.758101701736450195e-01
8.719283342361450195e-02
1.205689311027526855e-01
2.018354833126068115e-01
3.022588491439819336e-01
2.502797842025756836e-01
1.994307711720466614e-02
0.000000000000000000e+00
7.632229328155517578e-01
3.327905416488647461e+00
0.000000000000000000e+00
6.149960681796073914e-02
5.122488737106323242e-01
0.000000000000000000e+00
5.019908025860786438e-02
1.435436308383941650e-01
7.343712449073791504e-01
9.988203048706054688e-01
1.093151092529296875e+00
0.000000000000000000e+00
8.065984398126602173e-02
1.575339771807193756e-02
4.404935538768768311e-01
9.872431755065917969e-01
2.280238270759582520e-01
2.252821624279022217e-02
1.485063433647155762e-01
8.113064169883728027e-01
9.206323884427547455e-03
0.000000000000000000e+00
1.310107409954071045e-01
2.012400329113006592e-01
3.306161642074584961e+00
7.526630908250808716e-02
5.857978481799364090e-03
1.019264832139015198e-01
4.088295623660087585e-02
2.602735757827758789e-01
0.000000000000000000e+00
1.655606180429458618e-02
1.828431606292724609e+00
6.752379536628723145e-01
