4.361232757568359375e+00
1.520755290985107422e-01
5.612894892692565918e-01
2.842382788658142090e-01
2.538166940212249756e-02
2.443463308736681938e-03
2.011647969484329224e-01
1.600828915834426880e-01
7.133486866950988770e-02
0.000000000000000000e+00
3.711272403597831726e-02
2.509303949773311615e-02
9.572426229715347290e-02
1.430827736854553223e+00
2.927366197109222412e-01
1.258934289216995239e-01
0.000000000000000000e+00
3.877602517604827881e-01
3.508948385715484619e-01
0.000000000000000000e+00
5.889023467898368835e-02
8.976631611585617065e-02
3.518602252006530762e-02
0.000000000000000000e+00
8.371773362159729004e-02
1.014930605888366699e+00
2.127872705459594727e-01
0.000000000000000000e+00
1.701667666435241699e+00
0.000000000000000000e+00
0.000000000000000000e+00
7.993305921554565430e-01
4.173740446567535400e-01
0.000000000000000000e+00
1.509969532489776611e-01
8.532551117241382599e-03
4.049227386713027954e-02
1.729180812835693359e+00
4.961209297180175781e+00
6.454677134752273560e-02
1.745943278074264526e-01
1.189593911170959473e+00
4.832282960414886475e-01
2.133296988904476166e-02
2.293451309204101562e+00
2.842676639556884766e-02
4.442259371280670166e-01
6.180768609046936035e-01
2.042467240244150162e-03
2.941707074642181396e-01
2.194342911243438721e-01
1.405942440032958984e-01
1.204948186874389648e+00
2.013433694839477539e+00
4.718530178070068359e-01
2.246592938899993896e-01
1.839805841445922852e-01
2.611947618424892426e-02
8.049393445253372192e-02
1.808473025448620319e-03
2.535316348075866699e-01
7.501052226871252060e-03
0.000000000000000000e+00
7.359888553619384766e-01
8.108961395919322968e-03
6.269829869270324707e-01
2.048987150192260742e-01
1.386518329381942749e-01
8.213640749454498291e-02
0.000000000000000000e+00
9.134504944086074829e-02
5.059470534324645996e-01
0.000000000000000000e+00
7.647737860679626465e-01
4.840378835797309875e-02
1.543751545250415802e-02
3.343293964862823486e-01
1.214919686317443848e-01
3.333446681499481201e-01
1.734343051910400391e+00
2.604748308658599854e-01
2.377258427441120148e-02
2.322941459715366364e-02
1.050864458084106445e-01
6.557681411504745483e-02
4.977717101573944092e-01
0.000000000000000000e+00
2.439713776111602783e-01
1.008807495236396790e-01
9.685913473367691040e-02
1.089054346084594727e-01
4.441100656986236572e-01
7.635291665792465210e-02
0.000000000000000000e+00
7.418154925107955933e-02
1.733027547597885132e-01
5.266886949539184570e-01
6.514906883239746094e-03
0.000000000000000000e+00
1.645920425653457642e-01
1.684249639511108398e-01
6.818590760231018066e-01
0.000000000000000000e+00
0.000000000000000000e+00
9.704266488552093506e-02
7.935431599617004395e-02
2.364959567785263062e-01
1.423969119787216187e-02
7.214602231979370117e-01
7.928668260574340820e-01
0.000000000000000000e+00
5.648442506790161133e-01
1.923951953649520874e-01
2.058049663901329041e-02
4.722519218921661377e-02
2.077993452548980713e-01
5.127964615821838379e-01
5.796950459480285645e-01
0.000000000000000000e+00
1.053230836987495422e-02
2.262143492698669434e-01
4.407279193401336670e-02
0.000000000000000000e+00
9.270609617233276367e-01
2.463512897491455078e+00
2.502903155982494354e-02
1.062098518013954163e-01
1.140340864658355713e-01
4.652997851371765137e-02
2.703489661216735840e-01
8.251869082450866699e-01
5.361685752868652344e-01
9.531280957162380219e-03
3.769618272781372070e-02
3.214679285883903503e-02
0.000000000000000000e+00
4.124221503734588623e-01
0.000000000000000000e+00
0.000000000000000000e+00
0.000000000000000000e+00
7.496231794357299805e-01
0.000000000000000000e+00
0.000000000000000000e+00
0.000000000000000000e+00
1.181594561785459518e-03
1.075185835361480713e-01
0.000000000000000000e+00
0.000000000000000000e+00
6.797341257333755493e-02
3.606757223606109619e-01
1.042380452156066895e+00
1.194219961762428284e-01
2.259065508842468262e-01
1.677824020385742188e+00
4.467445611953735352e-01
1.597641348838806152e+00
3.465184569358825684e-01
9.331014938652515411e-03
1.722526736557483673e-02
0.000000000000000000e+00
3.320520818233489990e-01
6.646156311035156250e-03
0.000000000000000000e+00
3.609728813171386719e-01
1.213033273816108704e-01
1.795727908611297607e-01
0.000000000000000000e+00
1.720798611640930176e-01
1.142065748572349548e-01
7.500793784856796265e-02
0.000000000000000000e+00
6.553538143634796143e-02
0.000000000000000000e+00
4.668435752391815186e-01
0.000000000000000000e+00
1.329148095101118088e-02
1.835308596491813660e-02
6.709055304527282715e-01
2.373057901859283447e-01
1.088250637054443359e+00
8.022431135177612305e-01
0.000000000000000000e+00
7.114487290382385254e-01
1.635659635066986084e-01
2.686150744557380676e-02
5.158198475837707520e-01
3.348338976502418518e-02
7.184027228504419327e-03
1.812803149223327637e-01
0.000000000000000000e+00
0.000000000000000000e+00
1.835375651717185974e-02
7.222039252519607544e-02
2.639671862125396729e-01
9.366015791893005371e-01
3.786394000053405762e-02
4.789004325866699219e-01
0.000000000000000000e+00
8.820854425430297852e-01
8.969148397445678711e-01
1.039816737174987793e+00
2.848983509466052055e-03
6.069492697715759277e-01
5.465390086174011230e-01
9.389839768409729004e-01
4.453729093074798584e-01
6.715234518051147461e-01
7.148498892784118652e-01
0.000000000000000000e+00
0.000000000000000000e+00
0.000000000000000000e+00
5.492667108774185181e-02
2.001563459634780884e-01
4.897417873144149780e-02
4.083842504769563675e-03
0.000000000000000000e+00
2.523104667663574219e+00
1.081873942166566849e-02
3.362981602549552917e-03
8.014816045761108398e-02
8.925694823265075684e-01
0.000000000000000000e+00
3.036276578903198242e+00
1.323940455913543701e-01
0.000000000000000000e+00
2.095947414636611938e-01
1.022667586803436279e-01
2.873449921607971191e-01
6.305652856826782227e-02
2.443360239267349243e-01
3.311973214149475098e-01
2.172303348779678345e-01
1.046546846628189087e-01
1.356855221092700958e-02
0.000000000000000000e+00
1.213577343150973320e-03
7.612078916281461716e-03
5.224965810775756836e-01
3.144642710685729980e-02
1.274666488170623779e-01
2.465342730283737183e-01
4.973900318145751953e-01
6.786201149225234985e-02
0.000000000000000000e+00
1.155886948108673096e-01
2.155108690261840820e+00
5.376676321029663086e-01
6.147176623344421387e-01
3.487504273653030396e-02
0.000000000000000000e+00
1.246256288141012192e-02
3.616451025009155273e-01
4.220077022910118103e-02
1.891992390155792236e-01
4.595627188682556152e-01
9.213640093803405762e-01
6.957686855457723141e-04
6.022867932915687561e-02
1.838151365518569946e-02
4.634330049157142639e-02
2.864353358745574951e-01
1.641162037849426270e-01
6.689025759696960449e-01
6.203988194465637207e-01
8.453639596700668335e-02
0.000000000000000000e+00
4.678312838077545166e-01
0.000000000000000000e+00
0.000000000000000000e+00
4.656095430254936218e-02
1.139777451753616333e-01
0.000000000000000000e+00
1.511240720748901367e+00
2.758918404579162598e-01
7.736121118068695068e-02
8.823807537555694580e-02
4.609561339020729065e-02
3.221898972988128662e-01
5.723795294761657715e-02
2.110987901687622070e-01
5.851077437400817871e-01
0.000000000000000000e+00
4.570243880152702332e-02
0.000000000000000000e+00
1.647721290588378906e+00
1.115792274475097656e+00
2.065212130546569824e-01
1.550340503454208374e-01
1.537246108055114746e+00
0.000000000000000000e+00
5.816940665245056152e-01
9.377709031105041504e-02
5.587340891361236572e-02
5.422576069831848145e-01
3.253422304987907410e-02
3.285068273544311523e-02
2.064893208444118500e-02
3.896015286445617676e-01
1.708546420559287071e-03
6.743769645690917969e-01
2.228450216352939606e-02
9.699337184429168701e-02
6.256448626518249512e-01
0.000000000000000000e+00
9.578920900821685791e-03
5.109142661094665527e-01
1.052954047918319702e-02
3.238557279109954834e-02
5.601912271231412888e-04
5.825779438018798828e+00
0.000000000000000000e+00
4.618000090122222900e-01
5.180528163909912109e-01
1.689023017883300781e+00
6.621224433183670044e-02
5.720857530832290649e-03
9.657343029975891113e-01
2.429767549037933350e-01
1.825175993144512177e-02
5.073465779423713684e-02
4.075370263308286667e-03
6.561437845230102539e-01
8.906017988920211792e-02
1.759809628129005432e-02
1.334439367055892944e-01
0.000000000000000000e+00
6.300087571144104004e-01
2.304323762655258179e-01
3.788899779319763184e-01
1.271684288978576660e+00
1.473826915025711060e-01
0.000000000000000000e+00
9.947116672992706299e-02
2.299205362796783447e-01
6.433401107788085938e-01
1.808457970619201660e+00
8.751823902130126953e-01
0.000000000000000000e+00
2.566816210746765137e-01
5.290631204843521118e-02
0.000000000000000000e+00
9.817588925361633301e-01
3.998252376914024353e-02
0.000000000000000000e+00
8.536551892757415771e-02
8.257553726434707642e-02
0.000000000000000000e+00
2.828051149845123291e-01
2.076303958892822266e+00
0.000000000000000000e+00
4.240376949310302734e-01
5.343352630734443665e-02
9.929314255714416504e-02
2.965587377548217773e-01
1.143280714750289917e-01
1.476592659950256348e+00
7.627413272857666016e-01
6.884512305259704590e-02
4.018300399184226990e-02
0.000000000000000000e+00
5.643571168184280396e-02
3.276275396347045898e-01
1.412865370512008667e-01
1.266582489013671875e+00
3.982856869697570801e-01
6.274027228355407715e-01
9.187368154525756836e-01
0.000000000000000000e+00
3.985880911350250244e-01
1.783577725291252136e-02
1.241559609770774841e-01
0.000000000000000000e+00
2.175808884203433990e-02
3.629124164581298828e-01
5.997730884701013565e-03
6.660498976707458496e-01
1.409827470779418945e-01
2.820415794849395752e-01
4.831253085285425186e-03
7.089911401271820068e-02
0.000000000000000000e+00
3.052959740161895752e-01
2.357322908937931061e-02
1.107200328260660172e-02
3.368782624602317810e-02
2.133633792400360107e-01
0.000000000000000000e+00
0.000000000000000000e+00
2.807430177927017212e-02
3.312954902648925781e-01
8.925754576921463013e-03
0.000000000000000000e+00
7.770941853523254395e-01
0.000000000000000000e+00
2.759586833417415619e-02
3.472603082656860352e+00
4.042411446571350098e-01
4.090060710906982422e+00
3.077916800975799561e-01
1.268291026353836060e-01
4.204654991626739502e-01
1.057836487889289856e-01
1.216026209294795990e-02
1.367709636688232422e-01
8.626924455165863037e-02
2.135955810546875000e+00
2.543140649795532227e-01
1.366348713636398315e-01
2.879083454608917236e-01
2.018678665161132812e+00
1.404886366799473763e-03
1.308728158473968506e-01
1.230409622192382812e+00
8.551462292671203613e-01
0.000000000000000000e+00
2.614528127014636993e-02
1.175348535180091858e-01
0.000000000000000000e+00
3.590311389416456223e-03
4.735641181468963623e-02
1.451295495033264160e+00
1.097877416759729385e-02
1.541739050298929214e-02
1.547005176544189453e-01
1.125984072685241699e+00
0.000000000000000000e+00
4.273695349693298340e-01
2.130019903182983398e+00
7.168906158767640591e-04
4.932200431823730469e+00
1.555786430835723877e-01
7.274771928787231445e-01
4.745914041996002197e-01
0.000000000000000000e+00
0.000000000000000000e+00
1.411252498626708984e+00
0.000000000000000000e+00
3.691809624433517456e-02
0.000000000000000000e+00
0.000000000000000000e+00
3.207402706146240234e+00
1.144252866506576538e-01
0.000000000000000000e+00
1.079820752143859863e+00
4.684721529483795166e-01
0.000000000000000000e+00
1.091634035110473633e-01
7.561721801757812500e-01
7.775845527648925781e-01
0.000000000000000000e+00
1.012938737869262695e+00
2.639258280396461487e-03
1.421654969453811646e-02
2.018002234399318695e-02
2.977373078465461731e-02
1.548534333705902100e-01
8.541706949472427368e-02
1.073777675628662109e-02
4.585438873618841171e-03
1.285795122385025024e-01
9.527766704559326172e-01
8.729505538940429688e-01
1.703287363052368164e+00
4.535886645317077637e-02
8.643057942390441895e-01
4.695070092566311359e-04
1.634625792503356934e-01
9.155406802892684937e-02
8.507624864578247070e-01
1.970727555453777313e-02
1.484076082706451416e-01
1.169698685407638550e-01
2.216893248260021210e-02
1.977622151374816895e+00
0.000000000000000000e+00
3.641751408576965332e-01
0.000000000000000000e+00
0.000000000000000000e+00
1.571126282215118408e-01
2.891029715538024902e-01
2.473395466804504395e-01
0.000000000000000000e+00
7.379608750343322754e-01
7.767682522535324097e-02
2.368027418851852417e-01
4.346953332424163818e-01
3.718499898910522461e+00
0.000000000000000000e+00
6.705183982849121094e-01
7.712318003177642822e-02
2.542479634284973145e-01
5.519104599952697754e-01
0.000000000000000000e+00
2.389576472342014313e-02
2.226920366287231445e+00
3.517625033855438232e-01
0.000000000000000000e+00
1.153973460197448730e+00
9.111514687538146973e-02
3.428659960627555847e-02
3.547471389174461365e-02
0.000000000000000000e+00
5.115915834903717041e-02
0.000000000000000000e+00
3.053909540176391602e-01
3.614857792854309082e-01
1.361238360404968262e-01
8.617360144853591919e-03
2.129793167114257812e-01
0.000000000000000000e+00
0.000000000000000000e+00
2.732408046722412109e-01
7.010801136493682861e-02
1.654967814683914185e-01
3.320671319961547852e-01
3.039638102054595947e-01
4.353505559265613556e-03
0.000000000000000000e+00
0.000000000000000000e+00
5.593186616897583008e-02
5.307345837354660034e-02
1.836176395416259766e+00
1.915056258440017700e-01
0.000000000000000000e+00
3.586698556318879128e-03
3.125249966979026794e-02
0.000000000000000000e+00
0.000000000000000000e+00
2.270503342151641846e-01
1.184721946716308594e+00
1.249735206365585327e-01
1.460384279489517212e-01
0.000000000000000000e+00
5.450145527720451355e-02
0.000000000000000000e+00
3.246912360191345215e-02
3.095615506172180176e-01
2.508812248706817627e-01
4.629673436284065247e-02
1.825558990240097046e-01
4.339505359530448914e-02
2.944365888833999634e-02
0.000000000000000000e+00
0.000000000000000000e+00
0.000000000000000000e+00
1.734138578176498413e-01
1.033047027885913849e-02
0.000000000000000000e+00
1.543481647968292236e-01
5.493281781673431396e-02
0.000000000000000000e+00
2.194999605417251587e-01
2.441599369049072266e-01
8.060524463653564453e-01
5.492474511265754700e-02
2.543272972106933594e-01
1.095337271690368652e-01
6.322524547576904297e-01
1.655251681804656982e-01
1.791211962699890137e-02
0.000000000000000000e+00
1.561816334724426270e-01
1.495759487152099609e-01
1.086392998695373535e+00
6.141742467880249023e-01
1.117062941193580627e-01
1.186307430267333984e+00
0.000000000000000000e+00
1.752914162352681160e-03
0.000000000000000000e+00
9.161277674138545990e-03
0.000000000000000000e+00
0.000000000000000000e+00
1.198498159646987915e-01
4.253287240862846375e-02
9.406308829784393311e-02
3.662072420120239258e-01
3.258963301777839661e-02
3.371827602386474609e-01
1.443164199590682983e-01
8.119159340858459473e-01
0.000000000000000000e+00
3.450281918048858643e-01
1.494112610816955566e-01
1.278460741043090820e+00
0.000000000000000000e+00
1.422118246555328369e-01
0.000000000000000000e+00
8.914438486099243164e-01
3.316558524966239929e-02
4.855404142290353775e-03
2.238385677337646484e-01
1.708611845970153809e-01
2.993215918540954590e-01
1.497588865458965302e-02
0.000000000000000000e+00
3.043685853481292725e-02
0.000000000000000000e+00
0.000000000000000000e+00
1.097575068473815918e+00
9.480860084295272827e-02
9.833093881607055664e-01
6.883497349917888641e-03
0.000000000000000000e+00
1.342646963894367218e-02
2.804966270923614502e-01
4.130175411701202393e-01
3.165413141250610352e-01
0.000000000000000000e+00
9.038635492324829102e-01
0.000000000000000000e+00
9.288506507873535156e-01
6.224105358123779297e-01
1.616833172738552094e-02
1.364976819604635239e-02
0.000000000000000000e+00
0.000000000000000000e+00
3.845240473747253418e-01
0.000000000000000000e+00
5.905972123146057129e-01
1.270313411951065063e-01
0.000000000000000000e+00
4.245358705520629883e-02
2.090874463319778442e-01
1.302428543567657471e-02
1.032039299607276917e-01
1.654869079589843750e+00
1.770649477839469910e-02
1.684890687465667725e-01
0.000000000000000000e+00
3.224880248308181763e-02
0.000000000000000000e+00
2.254530489444732666e-01
1.083026826381683350e-01
1.704412251710891724e-01
1.075838088989257812e+00
6.720290984958410263e-03
2.203911393880844116e-01
2.631031274795532227e-01
3.983401879668235779e-02
2.038886308670043945e+00
0.000000000000000000e+00
9.617576003074645996e-01
1.626821309328079224e-01
0.000000000000000000e+00
3.302598297595977783e-01
8.047057390213012695e-01
6.252483278512954712e-02
4.312780201435089111e-01
0.000000000000000000e+00
1.161883622407913208e-01
9.874830022454261780e-03
2.427593916654586792e-01
0.000000000000000000e+00
3.606465831398963928e-02
6.019018124788999557e-03
1.375321019440889359e-02
2.029043734073638916e-01
3.819928765296936035e-01
0.000000000000000000e+00
2.528146505355834961e-01
2.383849024772644043e-02
1.773298978805541992e-01
2.054942846298217773e-01
5.655274391174316406e-01
8.848816156387329102e-02
4.874454066157341003e-02
3.131130635738372803e-01
3.510078787803649902e-01
4.471304416656494141e-01
0.000000000000000000e+00
0.000000000000000000e+00
7.021135836839675903e-02
3.811052143573760986e-01
1.667795889079570770e-02
4.942139610648155212e-03
3.185267150402069092e-01
1.456873491406440735e-02
0.000000000000000000e+00
2.214783057570457458e-02
1.731432557106018066e+00
2.736967802047729492e+00
1.708149194717407227e+00
2.729730129241943359e+00
4.033553600311279297e-01
4.797097742557525635e-01
8.374891281127929688e-01
0.000000000000000000e+00
8.946243524551391602e-01
1.117241859436035156e+00
8.415025472640991211e-02
0.000000000000000000e+00
0.000000000000000000e+00
4.329255223274230957e-02
7.207769434899091721e-03
1.500043421983718872e-01
2.421750575304031372e-01
6.797821521759033203e-01
3.199683725833892822e-01
3.218157887458801270e-01
1.513242572546005249e-01
1.314843893051147461e-01
4.257076606154441833e-02
5.722985044121742249e-02
0.000000000000000000e+00
2.045584321022033691e-01
0.000000000000000000e+00
5.473873615264892578e-01
8.298720419406890869e-02
1.086598187685012817e-01
1.815617918968200684e+00
0.000000000000000000e+00
2.358249127864837646e-01
3.351234793663024902e-01
6.408049911260604858e-02
7.555966265499591827e-03
4.679726064205169678e-02
0.000000000000000000e+00
0.000000000000000000e+00
1.194822311401367188e+00
0.000000000000000000e+00
1.868941485881805420e-01
2.758211791515350342e-01
0.000000000000000000e+00
5.816134214401245117e-01
2.877540290355682373e-01
7.874822616577148438e-02
3.703593090176582336e-02
0.000000000000000000e+00
2.707220986485481262e-02
2.514990866184234619e-01
1.041076555848121643e-01
1.959137171506881714e-01
6.210957765579223633e-01
1.426344871520996094e+00
1.357011348009109497e-01
2.399044185876846313e-01
1.224699765443801880e-01
5.937650799751281738e-01
9.314266592264175415e-02
5.197555292397737503e-03
2.644100189208984375e-01
5.575028657913208008e-01
2.699328958988189697e-01
5.438009500503540039e-01
1.199166402220726013e-01
3.672960773110389709e-02
2.188385277986526489e-02
2.841374397277832031e+00
3.008794784545898438e-02
0.000000000000000000e+00
0.000000000000000000e+00
2.577911615371704102e-01
0.000000000000000000e+00
0.000000000000000000e+00
0.000000000000000000e+00
7.726855874061584473e-01
9.400047361850738525e-03
4.064256250858306885e-01
3.441447019577026367e-02
9.142964482307434082e-01
5.554900318384170532e-02
3.464337587356567383e-01
0.000000000000000000e+00
1.612673327326774597e-02
1.346158534288406372e-01
0.000000000000000000e+00
0.000000000000000000e+00
1.402482669800519943e-02
6.879567503929138184e-01
4.662233591079711914e-02
3.558579832315444946e-03
1.230899468064308167e-01
2.725679054856300354e-02
0.000000000000000000e+00
3.904705494642257690e-02
1.762488484382629395e+00
1.273994054645299911e-02
3.155181184411048889e-02
1.076168939471244812e-01
4.937968254089355469e-01
8.752582073211669922e-01
3.773014545440673828e-01
2.019480429589748383e-02
5.296888295561075211e-03
6.625366210937500000e-01
1.412488985806703568e-03
2.123867720365524292e-02
2.008792757987976074e-02
0.000000000000000000e+00
1.012804079800844193e-02
1.044330094009637833e-02
3.309726953506469727e+00
8.041044324636459351e-02
2.698027901351451874e-02
0.000000000000000000e+00
5.345700979232788086e-01
3.625504672527313232e-02
7.545091956853866577e-02
5.591103434562683105e-02
6.724257953464984894e-03
3.553390204906463623e-01
5.768019240349531174e-03
2.649456448853015900e-02
1.213416814804077148e+00
0.000000000000000000e+00
8.130057156085968018e-02
7.501403093338012695e-01
4.013548418879508972e-02
0.000000000000000000e+00
1.203647181391716003e-01
4.052604734897613525e-01
2.125477641820907593e-01
5.768002476543188095e-03
8.263420462608337402e-01
1.399829983711242676e+00
0.000000000000000000e+00
3.350028395652770996e-02
2.593461424112319946e-02
4.630939364433288574e-01
2.056954056024551392e-01
2.527503669261932373e-01
0.000000000000000000e+00
1.191641688346862793e+00
2.103845357894897461e+00
0.000000000000000000e+00
1.938259415328502655e-02
4.486687853932380676e-02
0.000000000000000000e+00
0.000000000000000000e+00
3.013164997100830078e-01
9.456060826778411865e-03
7.483915425837039948e-03
1.311896741390228271e-01
1.372206211090087891e-01
6.592997908592224121e-01
3.753717839717864990e-01
4.716894924640655518e-01
2.794330008327960968e-02
3.350078761577606201e-01
9.085679799318313599e-02
1.334578637033700943e-02
3.484645783901214600e-01
8.254837244749069214e-02
3.985420167446136475e-01
8.165036141872406006e-02
5.946835502982139587e-03
0.000000000000000000e+00
1.093321517109870911e-01
2.136278152465820312e-02
0.000000000000000000e+00
1.236558891832828522e-02
2.273043394088745117e-01
8.497333526611328125e-02
0.000000000000000000e+00
1.720960378646850586e+00
3.523113965988159180e+00
1.375399678945541382e-01
1.194284036755561829e-01
2.155052870512008667e-01
8.568784594535827637e-01
3.102495670318603516e-01
0.000000000000000000e+00
0.000000000000000000e+00
0.000000000000000000e+00
5.907757282257080078e-01
8.741374611854553223e-01
6.605143547058105469e-01
0.000000000000000000e+00
7.523847222328186035e-01
3.909625709056854248e-01
3.634652793407440186e-01
0.000000000000000000e+00
3.460398018360137939e-01
1.267211914062500000e+00
0.000000000000000000e+00
1.706489622592926025e-01
2.301006205379962921e-02
1.254484653472900391e+00
2.572949975728988647e-02
4.997094869613647461e-01
1.228689868003129959e-02
0.000000000000000000e+00
0.000000000000000000e+00
8.340951800346374512e-01
0.000000000000000000e+00
7.077528629451990128e-03
4.910528957843780518e-01
2.642950296401977539e+00
0.000000000000000000e+00
6.225587055087089539e-02
0.000000000000000000e+00
6.853354722261428833e-02
7.472088336944580078e-01
4.699805378913879395e-01
0.000000000000000000e+00
0.000000000000000000e+00
4.226830601692199707e-02
1.171818375587463379e-01
0.000000000000000000e+00
0.000000000000000000e+00
6.567244529724121094e-01
0.000000000000000000e+00
5.506883859634399414e-01
8.346956372261047363e-01
1.251965463161468506e-01
5.387783050537109375e-03
1.525966078042984009e-01
3.511648252606391907e-02
9.405938982963562012e-01
6.224013492465019226e-02
4.172889590263366699e-01
0.000000000000000000e+00
4.245491325855255127e-02
6.334275472909212112e-03
6.420311331748962402e-01
1.879906952381134033e-01
9.016011655330657959e-02
2.018817186355590820e+00
2.613199949264526367e-01
8.102343231439590454e-02
1.948843449354171753e-01
7.639116048812866211e-02
2.670350857079029083e-02
3.146845474839210510e-02
1.262279599905014038e-01
7.335726916790008545e-02
4.828375875949859619e-01
0.000000000000000000e+00
0.000000000000000000e+00
7.662717700004577637e-01
0.000000000000000000e+00
8.465011715888977051e-01
0.000000000000000000e+00
7.676399312913417816e-03
0.000000000000000000e+00
4.794837161898612976e-02
4.941302817314863205e-03
6.846107959747314453e+00
1.492626848630607128e-03
2.645997762680053711e+00
3.045797348022460938e+00
0.000000000000000000e+00
6.788102984428405762e-01
2.904141545295715332e-01
3.309728205204010010e-01
4.032416269183158875e-02
2.670533180236816406e+00
3.728234529495239258e+00
3.033630549907684326e-02
0.000000000000000000e+00
7.571559548377990723e-01
1.380484700202941895e-01
4.083628766238689423e-03
6.955981254577636719e-02
4.149229824542999268e-01
6.488789319992065430e-01
0.000000000000000000e+00
1.438755635172128677e-02
2.317002415657043457e-01
0.000000000000000000e+00
3.050271868705749512e-01
0.000000000000000000e+00
6.880859136581420898e-01
1.141637325286865234e+00
0.000000000000000000e+00
2.772995084524154663e-02
0.000000000000000000e+00
0.000000000000000000e+00
0.000000000000000000e+00
2.130610123276710510e-02
0.000000000000000000e+00
0.000000000000000000e+00
3.523446321487426758e-01
6.663337945938110352e-01
2.663197368383407593e-02
4.294123873114585876e-02
2.423367351293563843e-01
0.000000000000000000e+00
1.114614084362983704e-01
2.342596292495727539e+00
3.804940283298492432e-01
0.000000000000000000e+00
7.618439197540283203e-02
0.000000000000000000e+00
0.000000000000000000e+00
2.182728610932826996e-02
6.580352783203125000e-01
3.889618217945098877e-01
0.000000000000000000e+00
1.918253600597381592e-01
6.476683616638183594e-01
0.000000000000000000e+00
5.702952854335308075e-03
0.000000000000000000e+00
2.623992860317230225e-01
1.648867130279541016e-01
2.736856974661350250e-02
0.000000000000000000e+00
1.226058322936296463e-02
0.000000000000000000e+00
7.937913388013839722e-02
0.000000000000000000e+00
4.544018581509590149e-02
0.000000000000000000e+00
9.761320352554321289e-01
3.573980554938316345e-02
7.173213362693786621e-02
6.333242654800415039e-01
0.000000000000000000e+00
2.139172405004501343e-01
6.587052345275878906e-01
0.000000000000000000e+00
2.223335206508636475e-01
0.000000000000000000e+00
4.167387187480926514e-01
4.441863596439361572e-01
0.000000000000000000e+00
3.433658480644226074e-01
0.000000000000000000e+00
2.308248728513717651e-01
1.434144228696823120e-01
4.518876373767852783e-01
4.792610555887222290e-02
1.715801656246185303e-01
1.916357576847076416e-01
1.103653851896524429e-02
8.429260551929473877e-02
2.030761912465095520e-03
9.252411872148513794e-02
8.199724555015563965e-02
0.000000000000000000e+00
2.545699179172515869e-01
1.876084133982658386e-03
5.266603827476501465e-01
3.777437657117843628e-02
8.875620365142822266e-01
3.092844188213348389e-01
0.000000000000000000e+00
4.042152762413024902e-01
1.782683879137039185e-01
2.542187452316284180e+00
1.279513388872146606e-01
8.186912536621093750e-02
0.000000000000000000e+00
0.000000000000000000e+00
0.000000000000000000e+00
1.100607961416244507e-01
1.047836989164352417e-01
0.000000000000000000e+00
7.815568149089813232e-02
0.000000000000000000e+00
8.322601318359375000e-01
1.802181452512741089e-02
0.000000000000000000e+00
8.177258074283599854e-02
0.000000000000000000e+00
3.534969389438629150e-01
1.874761581420898438e-01
1.764648407697677612e-02
3.059105873107910156e-01
2.707889080047607422e-01
0.000000000000000000e+00
0.000000000000000000e+00
8.545672148466110229e-02
0.000000000000000000e+00
2.251547574996948242e-01
5.159171223640441895e-01
0.000000000000000000e+00
3.440106391906738281e+00
0.000000000000000000e+00
2.763594388961791992e+00
2.139893770217895508e-01
3.425778122618794441e-03
1.807931438088417053e-02
5.966693758964538574e-01
1.581479422748088837e-02
4.538690149784088135e-01
2.259253859519958496e-01
1.757422089576721191e-01
7.106886804103851318e-02
1.452247947454452515e-01
1.225090250372886658e-01
0.000000000000000000e+00
2.613401710987091064e-01
5.356644392013549805e-01
1.088502467609941959e-03
3.844600915908813477e-02
3.326904959976673126e-03
2.774908244609832764e-01
1.001657173037528992e-01
0.000000000000000000e+00
1.130416616797447205e-01
9.993825806304812431e-04
6.356547772884368896e-02
9.058696031570434570e-02
7.687470316886901855e-02
0.000000000000000000e+00
1.704563200473785400e-02
1.084045693278312683e-01
6.903788447380065918e-02
1.895963698625564575e-01
1.439633872359991074e-02
3.337519615888595581e-02
1.965441852807998657e-01
0.000000000000000000e+00
1.109814286231994629e+00
2.081354111433029175e-01
0.000000000000000000e+00
2.478521764278411865e-01
5.223119258880615234e-01
1.366966217756271362e-01
7.376801371574401855e-01
9.448975324630737305e-01
1.660023331642150879e+00
2.198031693696975708e-01
0.000000000000000000e+00
0.000000000000000000e+00
0.000000000000000000e+00
5.679539442062377930e-01
2.763308286666870117e-01
4.329777956008911133e-01
3.036024868488311768e-01
2.221221774816513062e-01
8.270855545997619629e-01
0.000000000000000000e+00
6.101754307746887207e-01
6.538922190666198730e-01
2.198808789253234863e-01
0.000000000000000000e+00
3.924520686268806458e-03
3.747098147869110107e-02
0.000000000000000000e+00
2.847512811422348022e-02
3.247752785682678223e-01
0.000000000000000000e+00
1.284386873245239258e+00
2.739386260509490967e-01
5.279570072889328003e-02
0.000000000000000000e+00
1.644445359706878662e-01
2.361968159675598145e-02
8.696334362030029297e-01
3.143546879291534424e-01
3.546344339847564697e-01
1.949862390756607056e-01
1.038258001208305359e-01
4.022893011569976807e-01
5.321872979402542114e-02
8.266863413155078888e-03
3.708944618701934814e-01
9.657875448465347290e-02
1.440653949975967407e-01
6.971780955791473389e-02
5.182681232690811157e-02
0.000000000000000000e+00
6.214934960007667542e-02
2.006627082824707031e+00
8.848043084144592285e-01
2.322185635566711426e-01
0.000000000000000000e+00
1.679103374481201172e-01
0.000000000000000000e+00
2.089673280715942383e-01
5.866404175758361816e-01
1.294269442558288574e+00
0.000000000000000000e+00
0.000000000000000000e+00
3.261272609233856201e-02
2.671630144119262695e+00
1.395980715751647949e-01
4.618261381983757019e-02
3.320006281137466431e-02
2.735354751348495483e-02
3.171471059322357178e-01
3.668587923049926758e+00
1.263798447325825691e-03
4.429309070110321045e-02
5.462259054183959961e-01
1.473325043916702271e-01
4.060109704732894897e-02
0.000000000000000000e+00
1.897394955158233643e-01
4.020745158195495605e-01
0.000000000000000000e+00
4.532173043116927147e-04
0.000000000000000000e+00
2.261276692152023315e-01
0.000000000000000000e+00
8.840724080801010132e-02
0.000000000000000000e+00
0.000000000000000000e+00
1.592667996883392334e-01
0.000000000000000000e+00
1.093367561697959900e-01
0.000000000000000000e+00
1.260600984096527100e-01
6.094398559071123600e-04
4.106124490499496460e-02
0.000000000000000000e+00
5.987910032272338867e-01
3.610952943563461304e-02
1.517357118427753448e-02
1.727913133800029755e-02
3.627897426486015320e-02
8.774357289075851440e-02
6.289570331573486328e-01
3.835297748446464539e-02
7.094583511352539062e-01
1.488918066024780273e+00
2.099424041807651520e-02
0.000000000000000000e+00
1.323715895414352417e-01
6.467372775077819824e-01
8.143891096115112305e-01
4.314891695976257324e-01
5.137224122881889343e-02
1.155899047851562500e+00
0.000000000000000000e+00
1.315692961215972900e-01
1.998481154441833496e-01
5.855074524879455566e-01
2.344384938478469849e-01
1.203434616327285767e-01
0.000000000000000000e+00
0.000000000000000000e+00
1.678063869476318359e-01
2.645028352737426758e+00
1.563771665096282959e-01
3.063267767429351807e-01
8.712841570377349854e-02
2.202413976192474365e-02
4.962620511651039124e-02
5.009465217590332031e-01
4.068738222122192383e-01
2.561168000102043152e-02
2.633049488067626953e+00
5.071968585252761841e-02
0.000000000000000000e+00
1.397455483675003052e-02
3.496416509151458740e-01
2.205560803413391113e-01
1.747380755841732025e-02
2.328417301177978516e-01
0.000000000000000000e+00
1.762817054986953735e-02
5.439144968986511230e-01
2.522552572190761566e-02
2.013989957049489021e-03
0.000000000000000000e+00
3.042699098587036133e-01
9.934580884873867035e-03
5.943971872329711914e-02
2.430982112884521484e+00
1.042775735259056091e-01
6.060996279120445251e-02
2.558164298534393311e-01
9.236714988946914673e-02
1.752329915761947632e-01
0.000000000000000000e+00
2.060017108917236328e+00
1.731718778610229492e-01
0.000000000000000000e+00
1.396794687025249004e-03
0.000000000000000000e+00
6.065472960472106934e-02
6.991106271743774414e-01
1.562469732016324997e-02
2.958815097808837891e-01
6.021954584866762161e-03
1.543473219498991966e-03
0.000000000000000000e+00
4.798975288867950439e-01
9.498243778944015503e-02
8.141873031854629517e-02
1.114880666136741638e-01
2.949607372283935547e-01
8.061007596552371979e-03
2.205860316753387451e-01
2.363957231864333153e-03
5.560070276260375977e-01
1.368205666542053223e+00
1.399607777595520020e+00
2.403477951884269714e-02
0.000000000000000000e+00
0.000000000000000000e+00
4.781326651573181152e-01
3.981834053993225098e-01
5.740927532315254211e-02
5.571873858571052551e-02
4.792070865631103516e+00
3.787157591432332993e-03
5.556592345237731934e-02
1.413476187735795975e-02
0.000000000000000000e+00
3.421488404273986816e-01
2.487823486328125000e+00
5.292162299156188965e-01
6.272371113300323486e-02
1.555272936820983887e+00
6.455052495002746582e-01
1.208627447485923767e-01
5.973249673843383789e-01
1.500243663787841797e+00
0.000000000000000000e+00
0.000000000000000000e+00
5.883924663066864014e-03
3.616485744714736938e-02
4.248594641685485840e-01
1.547518819570541382e-01
0.000000000000000000e+00
5.700201913714408875e-02
1.012190699577331543e+00
5.296028032898902893e-02
4.644138514995574951e-01
3.312164247035980225e-01
1.599026471376419067e-02
0.000000000000000000e+00
2.317883968353271484e-01
1.210624352097511292e-01
8.372443318367004395e-01
7.207650691270828247e-02
1.402097195386886597e-01
2.007088422775268555e+00
1.033425331115722656e-02
7.837849855422973633e-02
2.108926922082901001e-01
4.576534777879714966e-02
2.734295845031738281e+00
0.000000000000000000e+00
4.710109531879425049e-01
2.982840538024902344e-01
6.960847973823547363e-02
5.049675107002258301e-01
3.057851791381835938e-01
8.753523230552673340e-03
1.363951861858367920e-01
1.767018139362335205e-01
1.853683963418006897e-02
0.000000000000000000e+00
2.191272675991058350e-01
1.183931604027748108e-01
3.829635307192802429e-02
2.936601638793945312e-02
8.506362326443195343e-03
4.394766807556152344e+00
6.456411443650722504e-03
1.914214342832565308e-01
2.040425837039947510e-01
1.329542417079210281e-02
7.375060319900512695e-01
0.000000000000000000e+00
5.209902301430702209e-02
1.301493216305971146e-02
4.060927331447601318e-01
5.762146413326263428e-02
0.000000000000000000e+00
4.142818748950958252e-01
1.744594126939773560e-01
5.893956422805786133e-01
1.127867773175239563e-02
4.299853742122650146e-02
3.863183557987213135e-01
0.000000000000000000e+00
2.430754341185092926e-02
0.000000000000000000e+00
1.778989553451538086e+00
0.000000000000000000e+00
4.345779307186603546e-03
2.481352351605892181e-02
0.000000000000000000e+00
1.327239125967025757e-01
5.430034995079040527e-01
1.065429091453552246e+00
1.393087208271026611e-01
2.858613431453704834e-02
5.215947031974792480e-01
4.277064204216003418e-01
7.255465537309646606e-02
4.460947215557098389e-02
6.103712320327758789e-01
1.523644924163818359e-01
3.370960354804992676e-01
2.206926941871643066e-01
0.000000000000000000e+00
3.531717881560325623e-02
4.418629035353660583e-02
1.009835451841354370e-01
3.363787233829498291e-01
0.000000000000000000e+00
0.000000000000000000e+00
0.000000000000000000e+00
1.661389172077178955e-01
3.718096297234296799e-03
5.235993862152099609e-01
5.409680679440498352e-02
1.611929200589656830e-02
1.134403347969055176e+00
1.400879025459289551e-01
2.624631404876708984e+00
0.000000000000000000e+00
0.000000000000000000e+00
0.000000000000000000e+00
0.000000000000000000e+00
6.980773061513900757e-02
2.059881985187530518e-01
8.423912525177001953e-02
6.429861783981323242e-01
3.600669279694557190e-02
1.518553793430328369e-01
1.567550152540206909e-01
0.000000000000000000e+00
7.541148662567138672e-01
0.000000000000000000e+00
6.437681913375854492e-01
4.698581621050834656e-02
6.356913596391677856e-02
1.629807986319065094e-02
1.843145489692687988e-01
0.000000000000000000e+00
8.992716670036315918e-02
1.865062266588211060e-01
6.785517930984497070e-02
0.000000000000000000e+00
0.000000000000000000e+00
2.377427415922284126e-03
1.028525084257125854e-01
0.000000000000000000e+00
0.000000000000000000e+00
1.102664113044738770e+00
1.671778969466686249e-03
4.410030543804168701e-01
1.320098489522933960e-01
1.307521015405654907e-01
4.632395505905151367e-02
5.029894039034843445e-02
6.133842468261718750e-01
2.931513488292694092e-01
1.280974507331848145e+00
3.641377985477447510e-01
7.813957519829273224e-03
6.289998292922973633e-01
1.698495626449584961e+00
1.672811657190322876e-01
1.186962723731994629e+00
8.471000008285045624e-03
7.785096727275231387e-07
1.114065170288085938e+00
1.614852109923958778e-03
6.860633846372365952e-03
0.000000000000000000e+00
6.461716443300247192e-02
0.000000000000000000e+00
7.665486633777618408e-02
0.000000000000000000e+00
3.751172870397567749e-02
0.000000000000000000e+00
0.000000000000000000e+00
0.000000000000000000e+00
1.681483685970306396e-01
2.171944826841354370e-01
0.000000000000000000e+00
2.436985727399587631e-03
3.058331273496150970e-02
5.234662815928459167e-02
6.219614744186401367e-01
0.000000000000000000e+00
7.018221020698547363e-01
2.122302949428558350e-01
1.319410372525453568e-02
3.838782906532287598e-01
6.777729988098144531e-01
0.000000000000000000e+00
5.779377818107604980e-01
0.000000000000000000e+00
3.434977680444717407e-02
3.945631384849548340e-01
1.869532585144042969e+00
5.340039730072021484e-01
3.604319393634796143e-01
1.430366635322570801e+00
2.094143331050872803e-01
0.000000000000000000e+00
2.694336771965026855e-01
1.070115994662046432e-02
1.788985133171081543e-01
7.520504295825958252e-02
1.311942283064126968e-02
2.546977996826171875e-02
2.636817097663879395e-01
5.365013703703880310e-02
1.021051168441772461e+00
3.056914173066616058e-02
0.000000000000000000e+00
0.000000000000000000e+00
8.593510836362838745e-02
9.827276319265365601e-02
3.348208218812942505e-02
0.000000000000000000e+00
2.376840822398662567e-02
3.175911307334899902e-01
5.454820394515991211e-01
1.507265567779541016e+00
4.249416664242744446e-02
2.336236536502838135e-01
1.062303483486175537e-01
3.206799030303955078e-01
0.000000000000000000e+00
6.352915763854980469e-01
3.263449192047119141e+00
5.031333565711975098e-01
7.460009455680847168e-01
7.672466635704040527e-01
4.673204123973846436e-01
4.359318614006042480e-01
1.495683193206787109e-02
1.506282985210418701e-01
6.924768537282943726e-02
0.000000000000000000e+00
0.000000000000000000e+00
8.055874705314636230e-02
3.772531170397996902e-03
9.416168928146362305e-02
0.000000000000000000e+00
2.090616337954998016e-02
2.583563886582851410e-02
8.083122968673706055e-02
0.000000000000000000e+00
0.000000000000000000e+00
0.000000000000000000e+00
0.000000000000000000e+00
1.103252768516540527e-01
1.298478722572326660e+00
1.417036950588226318e-01
7.675838656723499298e-03
3.916923701763153076e-02
7.841410636901855469e-01
5.023666471242904663e-02
8.319633603096008301e-01
1.846134364604949951e-01
0.000000000000000000e+00
2.416046336293220520e-02
8.103240728378295898e-01
3.833274915814399719e-02
6.056923270225524902e-01
2.857656776905059814e-01
1.121146157383918762e-01
2.103490680456161499e-01
9.152419865131378174e-02
4.029070734977722168e-01
1.198739334940910339e-01
1.334317028522491455e-01
0.000000000000000000e+00
6.656190007925033569e-02
1.650959253311157227e-01
0.000000000000000000e+00
1.504689734429121017e-02
5.830122828483581543e-01
3.755317628383636475e-01
3.593416810035705566e-01
1.841148436069488525e-01
2.921350896358489990e-01
0.000000000000000000e+00
4.232652187347412109e-01
0.000000000000000000e+00
1.277737766504287720e-01
1.135292172431945801e+00
0.000000000000000000e+00
4.934522807598114014e-01
0.000000000000000000e+00
4.879219830036163330e-02
5.544303357601165771e-02
5.963758230209350586e-01
4.727626219391822815e-02
1.114221811294555664e+00
1.074537940439768136e-04
9.869171306490898132e-03
9.675373136997222900e-02
5.600686073303222656e-01
0.000000000000000000e+00
1.546572148799896240e-01
3.574744239449501038e-02
0.000000000000000000e+00
6.616375595331192017e-02
0.000000000000000000e+00
3.483334183692932129e-02
3.792701987549662590e-03
2.186362072825431824e-02
6.678299903869628906e-01
5.798910260200500488e-01
2.247431315481662750e-02
2.678162753582000732e-01
0.000000000000000000e+00
3.744160756468772888e-02
4.932240024209022522e-02
1.122225522994995117e+00
0.000000000000000000e+00
4.824649393558502197e-01
1.371727734804153442e-01
1.802540272474288940e-01
5.009124279022216797e-01
2.633699774742126465e-01
8.497305959463119507e-02
3.696841895580291748e-01
4.249835014343261719e-01
1.755633652210235596e-01
3.753843605518341064e-01
1.978544518351554871e-02
2.264447882771492004e-02
1.016211390495300293e+00
0.000000000000000000e+00
2.648460268974304199e-01
1.436490128980949521e-04
3.623207211494445801e-01
6.761049479246139526e-02
2.185581028461456299e-01
0.000000000000000000e+00
8.109277486801147461e-02
4.872891306877136230e-01
3.716172277927398682e-01
0.000000000000000000e+00
4.080298244953155518e-01
3.658837825059890747e-02
0.000000000000000000e+00
3.752914024516940117e-03
8.688834309577941895e-02
3.201494459062814713e-03
2.851766068488359451e-03
0.000000000000000000e+00
3.310465812683105469e-01
1.600027233362197876e-01
5.565115436911582947e-02
3.454219177365303040e-02
0.000000000000000000e+00
4.354016184806823730e-01
6.298804283142089844e-01
1.061284765601158142e-01
2.989069558680057526e-02
8.101191371679306030e-02
3.286365047097206116e-02
2.201687574386596680e+00
4.834125563502311707e-02
0.000000000000000000e+00
0.000000000000000000e+00
0.000000000000000000e+00
8.592738211154937744e-02
2.683187127113342285e-01
1.568989306688308716e-01
1.686052083969116211e-01
2.246684394776821136e-02
2.686015069484710693e-01
1.789787769317626953e+00
1.402145028114318848e-01
0.000000000000000000e+00
1.788061857223510742e-01
0.000000000000000000e+00
1.990744657814502716e-02
0.000000000000000000e+00
3.097732067108154297e-01
1.806985884904861450e-01
0.000000000000000000e+00
1.787171661853790283e-01
0.000000000000000000e+00
3.052263855934143066e-01
0.000000000000000000e+00
2.719506621360778809e-01
0.000000000000000000e+00
6.730155646800994873e-02
7.901394367218017578e-02
7.806552946567535400e-02
9.655926227569580078e-01
2.425360381603240967e-01
1.222181320190429688e-01
0.000000000000000000e+00
0.000000000000000000e+00
1.779000520706176758e+00
7.849409431219100952e-02
3.121231794357299805e+00
6.092195585370063782e-02
1.497623138129711151e-02
0.000000000000000000e+00
2.391186505556106567e-01
3.004802465438842773e-01
1.115390062332153320e-01
2.777861654758453369e-01
5.526979453861713409e-03
1.304059475660324097e-01
0.000000000000000000e+00
6.995650008320808411e-03
6.763570904731750488e-01
2.530500590801239014e-01
4.781799316406250000e-01
4.201407432556152344e-01
9.989442676305770874e-02
3.446268849074840546e-03
1.580463945865631104e-01
6.415457725524902344e-01
3.782075047492980957e-01
1.675619743764400482e-02
1.376796811819076538e-01
1.222133114933967590e-01
5.512112379074096680e-01
8.793113827705383301e-01
2.188701480627059937e-01
3.487237393856048584e-01
9.214080125093460083e-02
1.131278574466705322e-01
1.506620198488235474e-01
2.180635452270507812e+00
1.029367446899414062e+00
3.632491454482078552e-02
0.000000000000000000e+00
0.000000000000000000e+00
1.269927341490983963e-02
1.577351838350296021e-01
2.343858033418655396e-02
4.369774460792541504e-02
0.000000000000000000e+00
5.486723184585571289e-01
4.120647430419921875e+00
1.629440426826477051e+00
5.738523229956626892e-02
1.259428262710571289e+00
0.000000000000000000e+00
2.902662009000778198e-02
5.902214907109737396e-03
6.486895680427551270e-02
4.123444557189941406e-01
7.170076370239257812e-01
5.383616685867309570e-01
2.690359354019165039e+00
7.860758304595947266e-01
0.000000000000000000e+00
2.148569077253341675e-01
3.155111670494079590e-01
2.547833621501922607e-01
2.581216208636760712e-02
4.964533746242523193e-01
4.196699336171150208e-02
0.000000000000000000e+00
4.067178964614868164e-01
7.011496275663375854e-02
0.000000000000000000e+00
9.294582009315490723e-01
4.476211615838110447e-04
0.000000000000000000e+00
0.000000000000000000e+00
7.818220257759094238e-01
2.356532961130142212e-01
5.244139581918716431e-02
1.970303803682327271e-02
0.000000000000000000e+00
1.265415668487548828e+00
8.020599186420440674e-02
3.058436140418052673e-02
2.864857669919729233e-03
2.441740781068801880e-01
6.721842288970947266e-02
3.167715370655059814e-01
2.881885766983032227e-01
7.921911776065826416e-02
6.581530570983886719e-01
3.922015726566314697e-01
3.034787774085998535e-01
3.416414558887481689e-02
0.000000000000000000e+00
5.063499808311462402e-01
3.818663060665130615e-01
4.319779202342033386e-02
6.437885761260986328e-02
3.747444599866867065e-02
9.657396003603935242e-03
7.289770245552062988e-02
3.649806678295135498e-01
0.000000000000000000e+00
0.000000000000000000e+00
1.151554360985755920e-01
0.000000000000000000e+00
3.094379007816314697e-01
0.000000000000000000e+00
7.186146825551986694e-02
1.176691576838493347e-01
1.398873478174209595e-01
1.183337450027465820e+00
9.408039450645446777e-01
2.926416695117950439e-01
2.747039124369621277e-02
7.314115762710571289e-02
4.091956838965415955e-02
4.247480630874633789e-01
1.018115282058715820e-01
5.116268221172504127e-05
0.000000000000000000e+00
0.000000000000000000e+00
1.841757595539093018e-01
6.685251593589782715e-01
2.312030345201492310e-01
8.033939637243747711e-03
2.736576080322265625e+00
0.000000000000000000e+00
1.556634455919265747e-01
0.000000000000000000e+00
1.743004843592643738e-02
1.237415432929992676e+00
0.000000000000000000e+00
2.432013988494873047e+00
2.200360000133514404e-01
1.565054655075073242e-01
4.696806967258453369e-01
3.732983767986297607e-01
0.000000000000000000e+00
2.605586647987365723e-01
0.000000000000000000e+00
2.427258342504501343e-01
2.252536267042160034e-01
1.145425587892532349e-01
3.662334755063056946e-02
0.000000000000000000e+00
2.522098422050476074e-01
5.256943106651306152e-01
4.071934700012207031e+00
1.177211046218872070e+00
3.366172075271606445e+00
3.569389134645462036e-02
2.996452152729034424e-02
1.159972790628671646e-02
1.534273922443389893e-01
4.444759786128997803e-01
0.000000000000000000e+00
7.325748801231384277e-01
0.000000000000000000e+00
0.000000000000000000e+00
9.821519255638122559e-02
2.312778979539871216e-01
5.891977548599243164e-01
8.492616415023803711e-01
3.138769790530204773e-02
4.232872426509857178e-01
2.916356921195983887e-01
8.155810236930847168e-01
1.687208935618400574e-02
6.912817060947418213e-02
7.951182872056961060e-02
0.000000000000000000e+00
1.169669404625892639e-01
4.777515679597854614e-02
1.471635699272155762e-01
1.287643611431121826e-01
7.865022867918014526e-02
6.143649574369192123e-03
0.000000000000000000e+00
7.151164114475250244e-02
4.464108496904373169e-02
0.000000000000000000e+00
1.000373810529708862e-01
3.306234627962112427e-02
0.000000000000000000e+00
1.701289564371109009e-01
7.753002643585205078e-02
0.000000000000000000e+00
0.000000000000000000e+00
9.995733499526977539e-01
4.753403365612030029e-02
1.235921382904052734e+00
1.022228896617889404e-01
4.615652188658714294e-02
4.905701577663421631e-01
3.695869445800781250e-01
0.000000000000000000e+00
6.871358156204223633e-01
7.903514504432678223e-01
0.000000000000000000e+00
0.000000000000000000e+00
4.936343431472778320e-02
7.945811003446578979e-02
0.000000000000000000e+00
2.436873763799667358e-01
5.247833672910928726e-03
1.797901093959808350e-01
1.015344168990850449e-02
0.000000000000000000e+00
1.438295748084783554e-02
2.639459967613220215e-01
1.196101188659667969e+00
2.837572712451219559e-03
3.582375943660736084e-01
1.205481439828872681e-01
7.583563923835754395e-01
0.000000000000000000e+00
1.307156831026077271e-01
1.831827312707901001e-02
6.367848068475723267e-02
1.647758930921554565e-01
1.010160669684410095e-01
5.214717984199523926e-02
2.331799268722534180e-01
3.096803128719329834e-01
0.000000000000000000e+00
4.089142382144927979e-02
1.790973544120788574e+00
9.416743516921997070e-01
8.034939318895339966e-02
7.507409155368804932e-02
1.014863997697830200e-01
6.631427407264709473e-01
0.000000000000000000e+00
0.000000000000000000e+00
1.987308561801910400e-01
1.454608738422393799e-01
0.000000000000000000e+00
2.123542688786983490e-02
1.503090467303991318e-02
0.000000000000000000e+00
4.903748035430908203e-01
0.000000000000000000e+00
9.182978421449661255e-02
1.795195788145065308e-01
1.250262618064880371e+00
1.529562026262283325e-01
8.686184883117675781e-04
4.036935418844223022e-02
5.387825369834899902e-01
0.000000000000000000e+00
1.419995725154876709e-01
6.655741482973098755e-03
5.430322885513305664e-01
1.111404448747634888e-01
1.313263624906539917e-01
1.978081166744232178e-01
2.294867336750030518e-01
2.091725766658782959e-01
3.157822787761688232e-01
9.834286570549011230e-02
0.000000000000000000e+00
1.713843643665313721e-01
9.444582276046276093e-03
3.251495957374572754e-01
4.418691620230674744e-03
5.761376619338989258e-01
1.376386079937219620e-02
0.000000000000000000e+00
1.072458148002624512e+00
5.469576641917228699e-02
1.208982691168785095e-01
2.850375175476074219e-01
8.431494235992431641e-02
2.234271317720413208e-01
7.699325084686279297e-01
6.166535988450050354e-02
1.556611806154251099e-01
0.000000000000000000e+00
1.248714089393615723e+00
1.585258245468139648e-01
3.837203606963157654e-02
3.101629018783569336e-01
4.626297578215599060e-02
2.587347328662872314e-01
0.000000000000000000e+00
3.774941340088844299e-02
4.648497700691223145e-02
2.541962146759033203e+00
8.502122946083545685e-03
0.000000000000000000e+00
5.304729938507080078e-01
9.630378484725952148e-01
0.000000000000000000e+00
6.032561138272285461e-02
3.576288465410470963e-03
7.453674674034118652e-01
1.171555370092391968e-02
1.429075747728347778e-01
1.381073705852031708e-02
9.935068488121032715e-01
1.236096024513244629e+00
8.193076848983764648e-01
3.321629762649536133e-01
3.802682459354400635e-01
2.387290121987462044e-03
3.623593226075172424e-02
2.982169091701507568e-01
0.000000000000000000e+00
0.000000000000000000e+00
1.101212725043296814e-01
6.017592549324035645e-01
1.570424139499664307e-01
1.415006723254919052e-02
2.519924342632293701e-01
2.107405364513397217e-01
1.208803281188011169e-01
1.144300103187561035e-01
0.000000000000000000e+00
1.500622034072875977e-01
0.000000000000000000e+00
6.971320509910583496e-02
2.184929400682449341e-01
0.000000000000000000e+00
1.029803380370140076e-01
9.611280262470245361e-02
3.019108437001705170e-03
4.547001793980598450e-02
2.567262649536132812e-01
7.347465958446264267e-03
1.504091173410415649e-01
4.510321840643882751e-02
6.772450171411037445e-03
6.686032563447952271e-02
1.001808568835258484e-01
4.517301321029663086e-01
1.477033272385597229e-02
0.000000000000000000e+00
2.685680091381072998e-01
0.000000000000000000e+00
0.000000000000000000e+00
0.000000000000000000e+00
0.000000000000000000e+00
2.482406422495841980e-02
2.895275354385375977e-01
0.000000000000000000e+00
0.000000000000000000e+00
2.222588285803794861e-02
0.000000000000000000e+00
4.555194675922393799e-01
0.000000000000000000e+00
1.524566113948822021e-01
6.980534195899963379e-01
0.000000000000000000e+00
0.000000000000000000e+00
5.215431377291679382e-02
0.000000000000000000e+00
0.000000000000000000e+00
1.722676008939743042e-01
1.475592702627182007e-01
3.769209142774343491e-03
4.877572059631347656e+00
0.000000000000000000e+00
1.564771533012390137e-01
0.000000000000000000e+00
8.623247146606445312e-01
2.089129447937011719e+00
0.000000000000000000e+00
5.172790884971618652e-01
1.238235384225845337e-01
0.000000000000000000e+00
0.000000000000000000e+00
3.625856479629874229e-03
3.597205504775047302e-02
5.438075661659240723e-01
2.955526411533355713e-01
