5.640658855438232422e+00
1.725546270608901978e-02
2.050900906324386597e-01
6.421574950218200684e-02
2.356149069964885712e-02
8.051767945289611816e-03
1.220227256417274475e-01
4.475318267941474915e-02
0.000000000000000000e+00
0.000000000000000000e+00
0.000000000000000000e+00
0.000000000000000000e+00
9.644350409507751465e-02
2.509544417262077332e-02
5.416343212127685547e-01
1.501339375972747803e-01
0.000000000000000000e+00
1.338059548288583755e-03
2.898333035409450531e-02
0.000000000000000000e+00
1.725869812071323395e-02
2.204226888716220856e-02
1.821797788143157959e-01
4.156172871589660645e-01
6.580331921577453613e-01
9.684525430202484131e-03
3.717501163482666016e-01
0.000000000000000000e+00
1.167959813028573990e-02
0.000000000000000000e+00
5.571306943893432617e-01
1.316271781921386719e+00
6.493879556655883789e-01
2.213713154196739197e-02
2.905930392444133759e-02
0.000000000000000000e+00
0.000000000000000000e+00
1.212614178657531738e-01
4.403830528259277344e+00
2.925038337707519531e-01
3.327890485525131226e-02
7.097376585006713867e-01
2.299354672431945801e-01
6.951650232076644897e-02
3.601140975952148438e+00
2.050025165081024170e-01
1.659901253879070282e-02
0.000000000000000000e+00
4.856938496232032776e-03
8.984973281621932983e-02
2.111267112195491791e-02
1.118625849485397339e-01
6.779673695564270020e-01
2.695130407810211182e-01
3.720354437828063965e-01
2.228510379791259766e-01
2.326996996998786926e-02
2.073018550872802734e-01
3.983385562896728516e-01
0.000000000000000000e+00
4.563603997230529785e-01
0.000000000000000000e+00
0.000000000000000000e+00
1.448193550109863281e+00
1.136640459299087524e-01
0.000000000000000000e+00
0.000000000000000000e+00
0.000000000000000000e+00
4.101271331310272217e-01
0.000000000000000000e+00
2.021569728851318359e+00
0.000000000000000000e+00
0.000000000000000000e+00
1.736491322517395020e+00
1.268919743597507477e-02
5.958328489214181900e-03
1.519196778535842896e-01
0.000000000000000000e+00
1.455318212509155273e+00
0.000000000000000000e+00
0.000000000000000000e+00
1.455136016011238098e-02
1.940293163061141968e-01
0.000000000000000000e+00
5.799075588583946228e-02
1.487092733383178711e+00
1.916336268186569214e-02
4.201591014862060547e-01
2.048428654670715332e-01
0.000000000000000000e+00
1.518092304468154907e-01
1.338543742895126343e-01
1.042853854596614838e-02
5.721103772521018982e-02
1.198853738605976105e-02
0.000000000000000000e+00
1.282942295074462891e-02
0.000000000000000000e+00
4.118013679981231689e-01
4.245110750198364258e-01
0.000000000000000000e+00
4.525020420551300049e-01
0.000000000000000000e+00
1.931712478399276733e-01
0.000000000000000000e+00
6.612675637006759644e-02
5.262738838791847229e-02
2.613152377307415009e-02
1.383885592222213745e-01
3.693449869751930237e-02
3.544418215751647949e-01
6.113147363066673279e-03
1.633466631174087524e-01
1.005115453153848648e-02
0.000000000000000000e+00
8.709080219268798828e-01
4.691838845610618591e-02
2.861388325691223145e-01
0.000000000000000000e+00
5.797951668500900269e-02
6.770046055316925049e-02
0.000000000000000000e+00
0.000000000000000000e+00
3.247528150677680969e-02
2.573773860931396484e+00
1.433745473623275757e-01
0.000000000000000000e+00
1.159232947975397110e-02
0.000000000000000000e+00
1.014581620693206787e-01
1.843903541564941406e+00
5.769316479563713074e-02
0.000000000000000000e+00
9.976027160882949829e-02
6.265462189912796021e-02
2.290701679885387421e-02
1.297559976577758789e+00
0.000000000000000000e+00
0.000000000000000000e+00
3.906561527401208878e-03
6.480214651674032211e-03
3.605032265186309814e-01
0.000000000000000000e+00
1.677602343261241913e-02
2.596286833286285400e-01
4.529231190681457520e-01
2.147185243666172028e-02
0.000000000000000000e+00
3.170355558395385742e-01
2.390291690826416016e-01
2.532630860805511475e-01
2.568826973438262939e-01
7.069045305252075195e-02
1.043451905250549316e+00
1.894543409347534180e+00
0.000000000000000000e+00
1.240161713212728500e-02
0.000000000000000000e+00
0.000000000000000000e+00
2.184328734874725342e-01
3.689595162868499756e-01
0.000000000000000000e+00
0.000000000000000000e+00
2.753420174121856689e-01
0.000000000000000000e+00
4.344017058610916138e-02
0.000000000000000000e+00
2.934945374727249146e-02
3.483604406937956810e-03
9.640932083129882812e-03
0.000000000000000000e+00
1.026680946350097656e+00
2.183889411389827728e-02
0.000000000000000000e+00
0.000000000000000000e+00
1.867384016513824463e-01
0.000000000000000000e+00
3.580887615680694580e-02
0.000000000000000000e+00
1.409928407520055771e-02
4.664658010005950928e-01
2.583793923258781433e-02
2.389127761125564575e-01
4.677309840917587280e-02
1.401470601558685303e-01
1.258646011352539062e+00
9.135389700531959534e-03
0.000000000000000000e+00
2.721436880528926849e-02
4.905904233455657959e-01
1.357445679605007172e-02
0.000000000000000000e+00
1.452307820320129395e+00
1.149089783430099487e-01
5.994486808776855469e-01
4.253799617290496826e-01
6.339473277330398560e-02
7.389032840728759766e-02
2.260680496692657471e-02
1.973712563514709473e+00
4.587276875972747803e-01
0.000000000000000000e+00
6.203889250755310059e-01
7.598120253533124924e-03
2.279250472784042358e-01
2.759016752243041992e-01
7.198384404182434082e-01
4.152293682098388672e+00
8.306441307067871094e-01
8.617294020950794220e-03
9.929513186216354370e-02
0.000000000000000000e+00
1.404565423727035522e-01
0.000000000000000000e+00
0.000000000000000000e+00
4.450224339962005615e-02
1.929476499557495117e+00
0.000000000000000000e+00
4.593783915042877197e-01
0.000000000000000000e+00
3.247305452823638916e-01
4.071495961397886276e-03
1.025701284408569336e+00
3.030912764370441437e-02
1.810543835163116455e-01
1.448409676551818848e+00
0.000000000000000000e+00
5.478366017341613770e-01
0.000000000000000000e+00
0.000000000000000000e+00
3.125391721725463867e+00
2.774704061448574066e-02
4.199414327740669250e-02
2.012849785387516022e-02
6.344317644834518433e-02
3.564103841781616211e-01
0.000000000000000000e+00
8.357346057891845703e-02
1.797433495521545410e+00
1.400390118360519409e-01
4.727336764335632324e-02
2.440663576126098633e+00
6.508305668830871582e-01
5.990514997392892838e-03
0.000000000000000000e+00
4.105287790298461914e-01
1.137739717960357666e-01
6.129709482192993164e-01
3.149256482720375061e-02
1.216425932943820953e-02
0.000000000000000000e+00
0.000000000000000000e+00
9.793269634246826172e-02
4.900847095996141434e-03
1.564467787742614746e+00
2.712384939193725586e+00
7.693690806627273560e-02
3.030865788459777832e-01
9.143546223640441895e-01
3.097543492913246155e-02
9.981051087379455566e-03
7.111276388168334961e-01
0.000000000000000000e+00
3.434093892574310303e-01
1.765179187059402466e-01
6.596007943153381348e-02
1.290952116250991821e-01
3.009122014045715332e-01
0.000000000000000000e+00
4.352740943431854248e-02
5.716363713145256042e-02
1.968557713553309441e-03
3.945315480232238770e-01
0.000000000000000000e+00
2.264023572206497192e-01
0.000000000000000000e+00
1.255697309970855713e-01
0.000000000000000000e+00
3.785263299942016602e-01
9.381794184446334839e-02
0.000000000000000000e+00
0.000000000000000000e+00
7.661660015583038330e-02
0.000000000000000000e+00
1.293658494949340820e+00
2.320558577775955200e-01
0.000000000000000000e+00
0.000000000000000000e+00
7.756617665290832520e-01
0.000000000000000000e+00
3.074418008327484131e-01
0.000000000000000000e+00
3.607122972607612610e-02
1.778210862539708614e-03
5.881516635417938232e-02
5.832499265670776367e-01
5.336645841598510742e-01
9.658551961183547974e-02
0.000000000000000000e+00
1.033122763037681580e-01
7.071952335536479950e-03
0.000000000000000000e+00
2.601272583007812500e+00
0.000000000000000000e+00
2.479474842548370361e-01
8.617459796369075775e-03
6.487716734409332275e-02
0.000000000000000000e+00
0.000000000000000000e+00
4.806881427764892578e+00
0.000000000000000000e+00
1.774090379476547241e-01
1.610471606254577637e-01
1.688100397586822510e-01
0.000000000000000000e+00
9.584213048219680786e-02
8.676910400390625000e-01
5.111002922058105469e-01
4.277193546295166016e-01
5.578092113137245178e-02
8.519368246197700500e-03
1.232182979583740234e+00
0.000000000000000000e+00
1.576438546180725098e-02
2.084362059831619263e-01
8.253005333244800568e-03
4.855859093368053436e-03
9.406760334968566895e-01
1.445946574211120605e+00
0.000000000000000000e+00
0.000000000000000000e+00
1.768654957413673401e-02
5.418093800544738770e-01
7.549031823873519897e-02
3.276764631271362305e+00
1.497510433197021484e+00
1.016653776168823242e-01
9.419919848442077637e-01
5.514812469482421875e-01
1.134100034832954407e-01
1.926014199852943420e-02
3.172267973423004150e-02
7.893362641334533691e-02
0.000000000000000000e+00
1.297899335622787476e-01
3.813325241208076477e-02
6.452662497758865356e-02
0.000000000000000000e+00
6.438709259033203125e+00
4.228554293513298035e-02
4.871381074190139771e-02
2.100825309753417969e-02
2.063828986138105392e-03
5.549846962094306946e-02
2.383271232247352600e-02
2.422459602355957031e+00
1.641415506601333618e-01
8.983141183853149414e-01
1.041568368673324585e-01
0.000000000000000000e+00
3.321674466133117676e-01
2.745956182479858398e-01
1.993321031332015991e-01
2.743024587631225586e+00
2.090063571929931641e+00
5.227199196815490723e-01
3.845113217830657959e-01
4.676020762417465448e-04
8.691002428531646729e-02
0.000000000000000000e+00
3.083737492561340332e-01
4.781850054860115051e-02
6.285693049430847168e-01
1.415296923369169235e-02
2.972862124443054199e-01
7.938305288553237915e-02
0.000000000000000000e+00
0.000000000000000000e+00
5.853799730539321899e-02
6.718319491483271122e-04
6.898262538015842438e-03
0.000000000000000000e+00
4.679552316665649414e-01
0.000000000000000000e+00
2.656240947544574738e-03
0.000000000000000000e+00
2.148840576410293579e-02
0.000000000000000000e+00
0.000000000000000000e+00
3.713724613189697266e-01
0.000000000000000000e+00
0.000000000000000000e+00
1.946987360715866089e-01
0.000000000000000000e+00
2.736962437629699707e-01
1.488564908504486084e-01
3.032055795192718506e-01
1.234648585319519043e+00
4.630590081214904785e-01
0.000000000000000000e+00
0.000000000000000000e+00
1.441095024347305298e-02
0.000000000000000000e+00
1.523203961551189423e-02
8.049047552049160004e-03
1.856036297976970673e-02
8.537844754755496979e-03
0.000000000000000000e+00
2.198190838098526001e-01
3.490869104862213135e-01
3.841397538781166077e-02
1.487515717744827271e-01
1.342798948287963867e+00
0.000000000000000000e+00
4.452904977370053530e-04
5.298884958028793335e-02
7.830047048628330231e-03
2.869398100301623344e-03
0.000000000000000000e+00
0.000000000000000000e+00
2.494131326675415039e+00
0.000000000000000000e+00
2.460837811231613159e-01
0.000000000000000000e+00
4.976395964622497559e-01
0.000000000000000000e+00
2.426489293575286865e-01
1.578629374504089355e+00
0.000000000000000000e+00
1.025504970550537109e+01
0.000000000000000000e+00
0.000000000000000000e+00
1.345107853412628174e-01
8.807892799377441406e-01
3.709225356578826904e-02
2.771879434585571289e+00
0.000000000000000000e+00
1.094225272536277771e-01
4.440201818943023682e-01
3.676577657461166382e-02
6.329709887504577637e-01
6.334882974624633789e-02
0.000000000000000000e+00
7.171277523040771484e+00
0.000000000000000000e+00
0.000000000000000000e+00
7.501778006553649902e-01
3.223104178905487061e-01
1.254567027091979980e+00
0.000000000000000000e+00
9.242963194847106934e-01
0.000000000000000000e+00
3.294346034526824951e-01
5.005832761526107788e-03
6.439284235239028931e-02
2.114678621292114258e+00
1.157076433300971985e-01
8.435530215501785278e-02
3.600526833906769753e-03
4.260157644748687744e-01
4.481109976768493652e-01
1.225648045539855957e+00
7.566086053848266602e-01
1.805926561355590820e-01
1.350607991218566895e+00
1.294987350702285767e-01
3.059915080666542053e-02
0.000000000000000000e+00
1.731359362602233887e+00
0.000000000000000000e+00
2.780487537384033203e-01
0.000000000000000000e+00
0.000000000000000000e+00
2.763881087303161621e-01
4.597050603479146957e-03
8.327582851052284241e-03
3.408455476164817810e-02
1.630942523479461670e-02
3.998847901821136475e-01
8.029593527317047119e-02
0.000000000000000000e+00
0.000000000000000000e+00
0.000000000000000000e+00
8.841425180435180664e-01
4.140613600611686707e-02
5.080419182777404785e-01
7.411555767059326172e+00
5.541637912392616272e-02
3.431452751159667969e+00
8.958838135004043579e-02
8.410219103097915649e-02
3.679460883140563965e-01
3.955243527889251709e-02
0.000000000000000000e+00
2.491263389587402344e+00
8.973650932312011719e-01
0.000000000000000000e+00
1.404227614402770996e+00
5.447446927428245544e-02
2.165225893259048462e-01
0.000000000000000000e+00
0.000000000000000000e+00
5.879364013671875000e-01
1.821783781051635742e+00
1.483736038208007812e+00
8.362445235252380371e-02
5.347997322678565979e-02
0.000000000000000000e+00
1.243817061185836792e-01
0.000000000000000000e+00
0.000000000000000000e+00
1.786399483680725098e+00
3.254317939281463623e-01
3.641058504581451416e-01
3.985697776079177856e-02
3.504752814769744873e-01
2.159625589847564697e-01
3.159267306327819824e-01
0.000000000000000000e+00
1.497297137975692749e-01
1.270777225494384766e+00
1.405968912877142429e-03
0.000000000000000000e+00
4.354168102145195007e-02
1.862628310918807983e-01
2.769876504316926003e-03
3.316756337881088257e-02
0.000000000000000000e+00
2.836485765874385834e-02
9.884973764419555664e-01
2.505348324775695801e-01
1.339504122734069824e-01
0.000000000000000000e+00
8.359213173389434814e-02
2.659060992300510406e-02
0.000000000000000000e+00
3.331513404846191406e-01
0.000000000000000000e+00
0.000000000000000000e+00
1.022459715604782104e-01
2.720128297805786133e+00
6.692448258399963379e-02
1.468109637498855591e-01
0.000000000000000000e+00
6.571973860263824463e-02
2.435149550437927246e-01
0.000000000000000000e+00
0.000000000000000000e+00
8.599434494972229004e-01
1.731395870447158813e-01
0.000000000000000000e+00
1.343606948852539062e+00
0.000000000000000000e+00
1.191004037857055664e+00
0.000000000000000000e+00
2.456222195178270340e-03
0.000000000000000000e+00
3.671278953552246094e-01
1.137055978178977966e-01
0.000000000000000000e+00
0.000000000000000000e+00
1.677522808313369751e-02
4.290611147880554199e-01
0.000000000000000000e+00
5.352210998535156250e+00
3.600648371502757072e-03
4.225027859210968018e-01
3.951911032199859619e-01
4.419059678912162781e-02
0.000000000000000000e+00
4.750482365489006042e-02
1.634435653686523438e-01
1.278410255908966064e-01
0.000000000000000000e+00
0.000000000000000000e+00
1.808712631464004517e-02
9.930508136749267578e-01
1.117818504571914673e-01
3.565114259719848633e+00
0.000000000000000000e+00
7.926598191261291504e-01
3.148413076996803284e-02
2.684043534100055695e-02
0.000000000000000000e+00
1.398226380348205566e+00
9.104066342115402222e-02
2.781314589083194733e-02
0.000000000000000000e+00
1.485045254230499268e-01
1.603398174047470093e-01
2.664940617978572845e-02
2.273122817277908325e-01
5.086807161569595337e-02
0.000000000000000000e+00
7.073505222797393799e-02
0.000000000000000000e+00
0.000000000000000000e+00
6.283041238784790039e-01
2.023747190833091736e-02
1.898350417613983154e-01
1.502922922372817993e-01
6.178513169288635254e-01
0.000000000000000000e+00
6.145987287163734436e-02
3.998640552163124084e-02
0.000000000000000000e+00
2.275011092424392700e-01
6.682820320129394531e-01
1.956824213266372681e-02
6.603141315281391144e-03
8.401927351951599121e-02
4.615704417228698730e-01
6.297878921031951904e-02
2.862962335348129272e-02
2.230896055698394775e-01
1.017593294382095337e-01
5.944659113883972168e-01
0.000000000000000000e+00
0.000000000000000000e+00
4.254940152168273926e-01
1.123268995434045792e-02
6.846310943365097046e-02
8.767473511397838593e-03
0.000000000000000000e+00
3.944249749183654785e-01
8.990117162466049194e-02
1.836058869957923889e-02
3.773813368752598763e-04
0.000000000000000000e+00
1.186525374650955200e-01
1.948220469057559967e-02
0.000000000000000000e+00
3.025872400030493736e-03
1.677992939949035645e-02
7.974056601524353027e-01
0.000000000000000000e+00
0.000000000000000000e+00
3.400484919548034668e-01
0.000000000000000000e+00
0.000000000000000000e+00
1.013405799865722656e+00
5.084470286965370178e-02
1.186375394463539124e-01
1.499228179454803467e-01
0.000000000000000000e+00
0.000000000000000000e+00
1.078580379486083984e+00
1.856029629707336426e-01
0.000000000000000000e+00
0.000000000000000000e+00
1.114500999450683594e+00
2.604072913527488708e-02
3.966215997934341431e-02
0.000000000000000000e+00
0.000000000000000000e+00
0.000000000000000000e+00
2.081358432769775391e-01
2.203575894236564636e-02
0.000000000000000000e+00
8.222731761634349823e-03
2.619969286024570465e-02
2.905009388923645020e-01
7.325571496039628983e-03
0.000000000000000000e+00
2.625347971916198730e-01
2.823195457458496094e-01
0.000000000000000000e+00
2.421502351760864258e+00
5.486303567886352539e-02
0.000000000000000000e+00
0.000000000000000000e+00
2.788800559937953949e-02
3.234218060970306396e-01
1.252321451902389526e-01
1.388078808784484863e+00
5.513289198279380798e-02
2.072709240019321442e-02
1.061738729476928711e-01
1.629084795713424683e-01
0.000000000000000000e+00
2.322259843349456787e-01
3.047737479209899902e-01
3.136510133743286133e+00
3.700421750545501709e-02
0.000000000000000000e+00
4.372743368148803711e-01
3.410788476467132568e-01
0.000000000000000000e+00
0.000000000000000000e+00
1.269813776016235352e+00
0.000000000000000000e+00
0.000000000000000000e+00
7.939667440950870514e-03
0.000000000000000000e+00
8.863783627748489380e-02
5.138549953699111938e-02
4.048097431659698486e-01
1.304571747779846191e+00
7.234857678413391113e-01
1.366930082440376282e-02
1.459951639175415039e+00
4.133142903447151184e-02
0.000000000000000000e+00
0.000000000000000000e+00
4.073145333677530289e-03
6.742192506790161133e-01
3.563268110156059265e-02
9.301675558090209961e-01
4.004902839660644531e+00
3.851877897977828979e-02
9.353114366531372070e-01
3.015221059322357178e-01
5.956533551216125488e-01
2.266191691160202026e-01
0.000000000000000000e+00
2.393092662096023560e-01
6.564770359545946121e-03
0.000000000000000000e+00
1.121173650026321411e-01
1.501609236001968384e-01
1.318799704313278198e-01
7.486946582794189453e-01
5.867678523063659668e-01
1.975804753601551056e-02
0.000000000000000000e+00
1.469654142856597900e-01
9.881810098886489868e-02
5.771473050117492676e-02
0.000000000000000000e+00
2.552011609077453613e-02
4.515340626239776611e-01
2.768991291522979736e-01
1.297679543495178223e+00
0.000000000000000000e+00
5.703502297401428223e-01
6.399578601121902466e-02
1.245531737804412842e-01
0.000000000000000000e+00
3.724976778030395508e-01
6.121662631630897522e-02
3.515081703662872314e-01
1.756792545318603516e+00
0.000000000000000000e+00
4.654822871088981628e-02
5.321136116981506348e-01
0.000000000000000000e+00
3.076384365558624268e-01
0.000000000000000000e+00
1.453805714845657349e-01
1.046495914459228516e+00
6.156585812568664551e-01
2.655783435329794884e-03
4.930511862039566040e-02
1.357694342732429504e-02
8.263905346393585205e-02
0.000000000000000000e+00
2.151716470718383789e+00
2.630437165498733521e-02
1.642358750104904175e-01
0.000000000000000000e+00
2.133026838302612305e+00
1.029363870620727539e+00
1.291039943695068359e+00
8.279574662446975708e-02
0.000000000000000000e+00
0.000000000000000000e+00
0.000000000000000000e+00
1.023303151130676270e+00
7.754350081086158752e-03
1.361981686204671860e-02
0.000000000000000000e+00
4.072296433150768280e-03
4.181402921676635742e-02
7.979908958077430725e-03
4.672765731811523438e-02
4.071290045976638794e-02
7.212697714567184448e-02
0.000000000000000000e+00
0.000000000000000000e+00
6.952463183552026749e-03
8.249349594116210938e-01
8.620015978813171387e-01
1.833737373352050781e+00
0.000000000000000000e+00
2.670094370841979980e-02
0.000000000000000000e+00
4.674346745014190674e-01
2.912676036357879639e-01
0.000000000000000000e+00
2.707030177116394043e-01
3.223470598459243774e-02
0.000000000000000000e+00
1.336603283882141113e+00
9.006926417350769043e-02
0.000000000000000000e+00
0.000000000000000000e+00
1.288609057664871216e-01
0.000000000000000000e+00
0.000000000000000000e+00
3.227239847183227539e-01
0.000000000000000000e+00
4.246260225772857666e-01
2.063984051346778870e-02
6.064772605895996094e-03
1.469192385673522949e+00
0.000000000000000000e+00
0.000000000000000000e+00
0.000000000000000000e+00
1.662426814436912537e-02
0.000000000000000000e+00
2.603810653090476990e-02
8.904596418142318726e-02
2.788482904434204102e-01
0.000000000000000000e+00
1.324724435806274414e+00
0.000000000000000000e+00
0.000000000000000000e+00
2.236824035644531250e-01
0.000000000000000000e+00
1.018091570585966110e-02
1.543006161227822304e-03
4.138777032494544983e-02
0.000000000000000000e+00
4.771842002868652344e+00
0.000000000000000000e+00
5.800568312406539917e-02
0.000000000000000000e+00
1.952444165945053101e-01
9.420908093452453613e-01
5.168908834457397461e-02
0.000000000000000000e+00
9.701560139656066895e-01
1.999993771314620972e-01
2.943087220191955566e-01
1.792198121547698975e-01
1.603362709283828735e-02
1.621460080146789551e+00
3.561528027057647705e-02
4.162220358848571777e-01
7.701316475868225098e-02
3.041013479232788086e-01
1.644303500652313232e-01
2.530392073094844818e-02
9.438588470220565796e-02
3.064665198326110840e-01
0.000000000000000000e+00
0.000000000000000000e+00
0.000000000000000000e+00
4.960342347621917725e-01
6.806369423866271973e-01
1.368765681982040405e-01
0.000000000000000000e+00
2.951980829238891602e-01
7.414172869175672531e-04
0.000000000000000000e+00
8.759701997041702271e-02
2.515547037124633789e+00
9.080455303192138672e-01
1.129031777381896973e+00
3.172419369220733643e-01
1.533987760543823242e+00
6.350304931402206421e-02
1.363412022590637207e+00
1.088679116219282150e-02
0.000000000000000000e+00
0.000000000000000000e+00
5.807307362556457520e-01
1.666998714208602905e-01
0.000000000000000000e+00
4.279526770114898682e-01
6.467341184616088867e-01
2.646914124488830566e-01
0.000000000000000000e+00
4.074559211730957031e-01
9.411849081516265869e-02
1.892593502998352051e-01
4.802991151809692383e-01
3.604803700000047684e-03
1.436037477105855942e-02
1.301939189434051514e-01
1.550554394721984863e+00
9.658402949571609497e-02
2.728317081928253174e-01
0.000000000000000000e+00
1.971973061561584473e+00
0.000000000000000000e+00
8.779537677764892578e-02
1.123108901083469391e-02
3.313868045806884766e-01
0.000000000000000000e+00
5.804238319396972656e-01
0.000000000000000000e+00
2.400166727602481842e-02
1.063334792852401733e-01
7.530917227268218994e-02
0.000000000000000000e+00
9.177928417921066284e-02
7.677306234836578369e-02
9.229665994644165039e-02
0.000000000000000000e+00
0.000000000000000000e+00
1.532941102981567383e+00
0.000000000000000000e+00
0.000000000000000000e+00
0.000000000000000000e+00
6.088469550013542175e-02
2.432455271482467651e-01
2.486571073532104492e-01
0.000000000000000000e+00
4.747760295867919922e-01
0.000000000000000000e+00
7.838716730475425720e-03
0.000000000000000000e+00
5.057609081268310547e-01
3.363162279129028320e-02
0.000000000000000000e+00
0.000000000000000000e+00
6.214514374732971191e-01
4.127695083618164062e+00
4.051094353199005127e-01
0.000000000000000000e+00
1.730673313140869141e-01
2.049075365066528320e-01
5.942814052104949951e-02
4.785978496074676514e-01
5.759041905403137207e-01
2.293962687253952026e-01
4.246578514575958252e-01
1.567600667476654053e-01
3.691293764859437943e-03
5.561286211013793945e-01
0.000000000000000000e+00
3.374002277851104736e-01
0.000000000000000000e+00
5.029092077165842056e-03
1.049016639590263367e-01
1.682180538773536682e-02
2.139604091644287109e-01
4.220516204833984375e+00
4.270173013210296631e-01
6.051818132400512695e-01
4.719069600105285645e-01
2.586297273635864258e+00
0.000000000000000000e+00
0.000000000000000000e+00
3.181526809930801392e-02
5.048080906271934509e-02
5.570782423019409180e-01
1.765211462974548340e+00
1.891147047281265259e-01
1.109573394060134888e-01
1.960260629653930664e+00
0.000000000000000000e+00
4.192698746919631958e-03
2.705124318599700928e-01
7.745609432458877563e-02
6.552963256835937500e-01
1.097858101129531860e-01
0.000000000000000000e+00
1.753610521554946899e-01
2.121873572468757629e-02
0.000000000000000000e+00
0.000000000000000000e+00
4.368085414171218872e-02
1.149407863616943359e+00
7.701794058084487915e-02
0.000000000000000000e+00
1.413291096687316895e-01
0.000000000000000000e+00
9.816389530897140503e-02
6.432121992111206055e-02
0.000000000000000000e+00
1.940719485282897949e-01
1.947762668132781982e-01
3.506399691104888916e-02
0.000000000000000000e+00
0.000000000000000000e+00
1.653923988342285156e+00
0.000000000000000000e+00
1.817599684000015259e-01
5.496850490570068359e+00
6.913106441497802734e-01
0.000000000000000000e+00
0.000000000000000000e+00
0.000000000000000000e+00
0.000000000000000000e+00
5.848791003227233887e-01
9.974061846733093262e-01
2.791654877364635468e-02
1.129799857735633850e-01
0.000000000000000000e+00
1.878620982170104980e+00
0.000000000000000000e+00
2.038332819938659668e-02
0.000000000000000000e+00
2.789132595062255859e-01
1.368260383605957031e-01
9.034489393234252930e-01
0.000000000000000000e+00
0.000000000000000000e+00
0.000000000000000000e+00
5.231782421469688416e-02
5.015398263931274414e-01
1.188309863209724426e-02
9.809699654579162598e-02
9.264929592609405518e-02
0.000000000000000000e+00
1.951004505157470703e+00
7.279362995177507401e-03
1.111247111111879349e-03
1.876614689826965332e-01
0.000000000000000000e+00
0.000000000000000000e+00
9.152952432632446289e-01
0.000000000000000000e+00
0.000000000000000000e+00
0.000000000000000000e+00
1.022986034513451159e-04
0.000000000000000000e+00
0.000000000000000000e+00
4.146118462085723877e-02
0.000000000000000000e+00
5.600337386131286621e-01
7.900695316493511200e-03
8.180662244558334351e-02
3.712011873722076416e-02
0.000000000000000000e+00
9.115487337112426758e-02
1.004897505044937134e-01
8.052755147218704224e-02
1.705495715141296387e-01
1.451357640326023102e-02
5.450958609580993652e-01
0.000000000000000000e+00
2.160644978284835815e-01
0.000000000000000000e+00
1.932789534330368042e-01
0.000000000000000000e+00
2.667339444160461426e-01
7.281232476234436035e-01
1.095693930983543396e-01
2.800904989242553711e+00
7.315973751246929169e-03
0.000000000000000000e+00
2.216453477740287781e-02
0.000000000000000000e+00
8.866518735885620117e-02
2.985409498214721680e-01
2.926202118396759033e-02
2.319393634796142578e+00
0.000000000000000000e+00
0.000000000000000000e+00
5.756193399429321289e-02
2.670137025415897369e-02
1.026128977537155151e-01
0.000000000000000000e+00
1.585814356803894043e-02
3.970410227775573730e-01
0.000000000000000000e+00
1.603149622678756714e-01
0.000000000000000000e+00
0.000000000000000000e+00
9.946687519550323486e-02
0.000000000000000000e+00
3.908627480268478394e-02
2.346371114253997803e-02
1.508659482002258301e+00
1.182117983698844910e-01
0.000000000000000000e+00
4.845518767833709717e-01
7.808262109756469727e-02
7.405555248260498047e-01
0.000000000000000000e+00
3.327619552612304688e+00
2.581112384796142578e-01
6.402750499546527863e-03
1.350841224193572998e-01
8.256566710770130157e-03
0.000000000000000000e+00
6.719685792922973633e-01
2.384280785918235779e-03
2.944113612174987793e-01
2.906433865427970886e-02
8.667973428964614868e-02
0.000000000000000000e+00
3.685693442821502686e-01
6.577052474021911621e-01
5.765928626060485840e-01
1.316378951072692871e+00
1.559599041938781738e-01
1.216189935803413391e-02
0.000000000000000000e+00
5.389081314206123352e-02
2.049952149391174316e-01
1.117197647690773010e-01
0.000000000000000000e+00
6.130816042423248291e-02
0.000000000000000000e+00
1.256179660558700562e-01
0.000000000000000000e+00
1.153710246086120605e+00
0.000000000000000000e+00
4.734208583831787109e-01
2.442561276257038116e-02
3.608681727200746536e-03
0.000000000000000000e+00
9.728997945785522461e-01
1.652456372976303101e-01
9.157200157642364502e-02
0.000000000000000000e+00
1.744217611849308014e-02
6.906265616416931152e-01
4.368937574326992035e-03
0.000000000000000000e+00
6.588249206542968750e-01
3.265759944915771484e-01
6.707479059696197510e-02
2.849749661982059479e-02
2.632178366184234619e-01
0.000000000000000000e+00
3.682634234428405762e-02
8.737352490425109863e-01
5.252292156219482422e-01
9.382432699203491211e-01
2.786980569362640381e-01
9.932594746351242065e-02
2.663500010967254639e-01
0.000000000000000000e+00
1.696971952915191650e-01
4.046437516808509827e-02
1.921081095933914185e-01
1.277327090501785278e-01
6.325715687125921249e-03
6.810735911130905151e-02
0.000000000000000000e+00
1.520542707294225693e-02
1.975805163383483887e+00
4.527962952852249146e-02
6.911090575158596039e-03
0.000000000000000000e+00
4.426866769790649414e-02
7.012450695037841797e-01
5.952952504158020020e-01
4.659604430198669434e-01
0.000000000000000000e+00
1.092159986495971680e+00
0.000000000000000000e+00
8.114902973175048828e-01
1.259019877761602402e-02
0.000000000000000000e+00
1.822134703397750854e-01
0.000000000000000000e+00
3.337600231170654297e-01
2.722970023751258850e-02
4.234068393707275391e-01
0.000000000000000000e+00
2.041446231305599213e-02
3.142203092575073242e-01
3.325455427169799805e+00
8.717308193445205688e-02
1.034646630287170410e-01
3.478747904300689697e-01
0.000000000000000000e+00
6.235346570611000061e-02
9.938501119613647461e-01
0.000000000000000000e+00
3.776103630661964417e-02
0.000000000000000000e+00
2.038479298353195190e-01
0.000000000000000000e+00
1.120506644248962402e+00
1.544309377670288086e+00
0.000000000000000000e+00
2.221359312534332275e-01
0.000000000000000000e+00
3.120005607604980469e+00
0.000000000000000000e+00
5.261909365653991699e-01
0.000000000000000000e+00
0.000000000000000000e+00
3.626095950603485107e-01
0.000000000000000000e+00
1.551775932312011719e+00
0.000000000000000000e+00
0.000000000000000000e+00
2.901801094412803650e-02
0.000000000000000000e+00
1.040648818016052246e+00
0.000000000000000000e+00
2.315358817577362061e-02
2.384938672184944153e-02
0.000000000000000000e+00
1.809196174144744873e-02
7.598910946398973465e-03
0.000000000000000000e+00
6.921740621328353882e-02
0.000000000000000000e+00
0.000000000000000000e+00
4.367046803236007690e-02
0.000000000000000000e+00
3.057334385812282562e-02
3.519182801246643066e-01
3.339204490184783936e-01
1.093623861670494080e-01
5.189153552055358887e-02
1.453379273414611816e+00
2.659191489219665527e-01
3.773729503154754639e-01
1.099664121866226196e-01
3.817563652992248535e-01
3.000603616237640381e-01
8.297825232148170471e-03
0.000000000000000000e+00
1.395108103752136230e-01
8.963093161582946777e-03
1.899091154336929321e-02
0.000000000000000000e+00
1.371138691902160645e-01
1.508909557014703751e-02
2.574509084224700928e-01
2.273973636329174042e-02
1.015285849571228027e+00
1.050764098763465881e-01
1.635806322097778320e+00
3.126290440559387207e-02
0.000000000000000000e+00
0.000000000000000000e+00
7.859426736831665039e-01
4.100342094898223877e-02
6.696618556976318359e+00
2.969289720058441162e-01
0.000000000000000000e+00
3.989500552415847778e-02
1.291435509920120239e-01
4.465698003768920898e-01
3.042228817939758301e-01
0.000000000000000000e+00
4.840073361992835999e-02
0.000000000000000000e+00
7.911393046379089355e-01
1.170063093304634094e-01
0.000000000000000000e+00
1.119648516178131104e-01
5.324886366724967957e-02
9.775848127901554108e-03
0.000000000000000000e+00
2.571671605110168457e-01
5.020855665206909180e-01
1.138325333595275879e-01
0.000000000000000000e+00
1.607078686356544495e-02
0.000000000000000000e+00
0.000000000000000000e+00
3.913643211126327515e-02
0.000000000000000000e+00
9.753806516528129578e-03
6.683091633021831512e-03
3.430473506450653076e-01
0.000000000000000000e+00
0.000000000000000000e+00
4.078564643859863281e-01
2.845266461372375488e-01
5.433130860328674316e-01
4.397202655673027039e-02
3.598432987928390503e-02
1.014586687088012695e+00
3.032417297363281250e-01
4.723030328750610352e-02
3.123126029968261719e-01
4.159890487790107727e-02
2.144560962915420532e-01
2.967875637114048004e-02
1.913678646087646484e-02
0.000000000000000000e+00
0.000000000000000000e+00
0.000000000000000000e+00
5.552011728286743164e-02
0.000000000000000000e+00
1.051195189356803894e-01
0.000000000000000000e+00
0.000000000000000000e+00
3.928226977586746216e-02
1.096782982349395752e-01
0.000000000000000000e+00
3.034763038158416748e-02
1.948228850960731506e-02
1.086908280849456787e-01
5.473561212420463562e-02
3.960903584957122803e-01
7.165946364402770996e-01
2.144950866699218750e+00
4.194140434265136719e-01
1.738253422081470490e-02
1.990282833576202393e-01
1.428396347910165787e-02
9.688652157783508301e-01
4.376162052154541016e+00
1.867979764938354492e+00
4.981491088867187500e+00
0.000000000000000000e+00
2.988337516784667969e+00
3.025840520858764648e-01
7.140928506851196289e-02
2.494381815195083618e-01
0.000000000000000000e+00
1.355762360617518425e-03
5.991578474640846252e-02
3.869927823543548584e-01
1.524149417877197266e+00
9.329777956008911133e-01
4.506958648562431335e-02
5.675309896469116211e-02
2.277366816997528076e-01
0.000000000000000000e+00
0.000000000000000000e+00
0.000000000000000000e+00
4.197523593902587891e-01
0.000000000000000000e+00
9.780848622322082520e-01
0.000000000000000000e+00
2.131537050008773804e-01
0.000000000000000000e+00
1.328346878290176392e-01
9.636263251304626465e-01
1.203361526131629944e-01
0.000000000000000000e+00
4.961093887686729431e-03
9.178661555051803589e-02
3.653158903121948242e+00
8.409830741584300995e-03
8.168963789939880371e-01
6.622768193483352661e-02
9.758718311786651611e-02
3.005872294306755066e-02
2.228494733572006226e-01
5.094265565276145935e-02
1.911240369081497192e-01
4.026416540145874023e-01
5.504511296749114990e-02
6.318243220448493958e-03
2.102388292551040649e-01
0.000000000000000000e+00
7.312695682048797607e-02
1.676793396472930908e-02
0.000000000000000000e+00
0.000000000000000000e+00
1.014946103096008301e-01
1.513852030038833618e-01
1.117872893810272217e-01
0.000000000000000000e+00
1.497628331184387207e+00
0.000000000000000000e+00
9.477923065423965454e-02
3.974891826510429382e-02
5.236187577247619629e-01
0.000000000000000000e+00
1.122868806123733521e-01
3.849001526832580566e-01
7.492008060216903687e-02
2.118496894836425781e+00
0.000000000000000000e+00
5.669888854026794434e-02
1.852057874202728271e-02
4.561724886298179626e-02
5.735133290290832520e-01
0.000000000000000000e+00
5.967158675193786621e-01
1.032369360327720642e-01
6.353645026683807373e-02
0.000000000000000000e+00
0.000000000000000000e+00
0.000000000000000000e+00
6.689631938934326172e-01
6.744580864906311035e-01
1.653978824615478516e-01
0.000000000000000000e+00
7.074247598648071289e-01
5.468578934669494629e-01
7.918969988822937012e-01
0.000000000000000000e+00
5.027139782905578613e-01
1.074682772159576416e-01
0.000000000000000000e+00
0.000000000000000000e+00
0.000000000000000000e+00
7.335977256298065186e-02
1.601564697921276093e-03
2.133995294570922852e-01
1.293475866317749023e+00
0.000000000000000000e+00
1.028000935912132263e-01
2.244106121361255646e-02
0.000000000000000000e+00
1.567995399236679077e-01
7.710574269294738770e-01
4.727094173431396484e+00
1.327940076589584351e-01
2.146383762359619141e+00
0.000000000000000000e+00
5.151770591735839844e+00
1.911479863338172436e-03
0.000000000000000000e+00
0.000000000000000000e+00
0.000000000000000000e+00
9.724695682525634766e-01
0.000000000000000000e+00
2.187038958072662354e-01
2.523007243871688843e-02
2.566286176443099976e-02
1.226815223693847656e+00
5.995450615882873535e-01
0.000000000000000000e+00
1.273764133453369141e+00
4.517520219087600708e-02
0.000000000000000000e+00
2.022157609462738037e-01
0.000000000000000000e+00
0.000000000000000000e+00
6.191661581397056580e-02
2.512747645378112793e-01
0.000000000000000000e+00
1.663688197731971741e-02
3.154216408729553223e-01
1.220678817480802536e-02
0.000000000000000000e+00
6.779157556593418121e-03
4.441729187965393066e-01
0.000000000000000000e+00
0.000000000000000000e+00
1.537993550300598145e-01
3.591120839118957520e-01
3.511880636215209961e-01
2.640758752822875977e-01
1.903904080390930176e-01
1.154854059219360352e+00
0.000000000000000000e+00
0.000000000000000000e+00
0.000000000000000000e+00
1.998527407646179199e+00
8.917147060856223106e-04
8.482305407524108887e-01
2.357474341988563538e-02
1.846475601196289062e+00
4.813359584659337997e-03
1.582908749580383301e+00
0.000000000000000000e+00
0.000000000000000000e+00
6.899605393409729004e-01
0.000000000000000000e+00
0.000000000000000000e+00
0.000000000000000000e+00
6.066351011395454407e-02
0.000000000000000000e+00
0.000000000000000000e+00
7.742134481668472290e-02
5.097983777523040771e-02
1.968303462490439415e-03
0.000000000000000000e+00
2.943193614482879639e-01
2.327569387853145599e-02
1.305037617683410645e+00
0.000000000000000000e+00
4.859707783907651901e-03
0.000000000000000000e+00
6.404538154602050781e-01
3.266765177249908447e-02
0.000000000000000000e+00
6.906670331954956055e-01
8.299393653869628906e-01
1.927831172943115234e-01
0.000000000000000000e+00
1.871284395456314087e-01
1.364511996507644653e-01
6.451636552810668945e-01
1.363513171672821045e-01
0.000000000000000000e+00
1.333618164062500000e-01
1.421563386917114258e+00
1.779118418693542480e+00
7.360770553350448608e-02
8.477218449115753174e-02
1.559288799762725830e-01
0.000000000000000000e+00
4.364597797393798828e-01
2.478801412507891655e-03
2.541887946426868439e-02
3.419299423694610596e-02
0.000000000000000000e+00
1.239293441176414490e-02
2.638409614562988281e+00
1.687515527009963989e-02
4.576403200626373291e-01
1.883528977632522583e-01
0.000000000000000000e+00
0.000000000000000000e+00
0.000000000000000000e+00
0.000000000000000000e+00
7.380686700344085693e-02
0.000000000000000000e+00
3.243065774440765381e-01
0.000000000000000000e+00
2.043404102325439453e+00
9.207380414009094238e-01
1.458094567060470581e-01
2.819724977016448975e-01
1.088032722473144531e+00
9.368964470922946930e-03
0.000000000000000000e+00
2.968112826347351074e-01
1.242031931877136230e+00
0.000000000000000000e+00
1.542767742648720741e-03
7.198227643966674805e-01
1.291714549064636230e+00
1.954882740974426270e-01
6.012473721057176590e-03
1.204615607857704163e-01
0.000000000000000000e+00
0.000000000000000000e+00
6.209067068994045258e-03
0.000000000000000000e+00
1.448357105255126953e-02
4.929132014513015747e-02
0.000000000000000000e+00
4.082506000995635986e-01
0.000000000000000000e+00
0.000000000000000000e+00
1.253923028707504272e-02
0.000000000000000000e+00
7.485987991094589233e-02
2.539019659161567688e-02
1.784100085496902466e-01
2.178612947463989258e-01
8.633903414011001587e-02
4.168834071606397629e-03
1.054912284016609192e-01
0.000000000000000000e+00
0.000000000000000000e+00
2.952625453472137451e-01
0.000000000000000000e+00
0.000000000000000000e+00
1.688978970050811768e-01
0.000000000000000000e+00
5.443063378334045410e-02
0.000000000000000000e+00
9.263059496879577637e-01
7.492719292640686035e-01
7.095985859632492065e-02
2.274483628571033478e-02
4.596744850277900696e-02
2.507532238960266113e-01
1.582363247871398926e-02
3.699151799082756042e-03
1.202350378036499023e+00
4.025072976946830750e-02
0.000000000000000000e+00
0.000000000000000000e+00
1.694616046734154224e-03
1.493312478065490723e+00
2.926398217678070068e-01
8.721081167459487915e-02
2.266013324260711670e-01
1.365403761155903339e-03
1.417324304580688477e+00
1.702538728713989258e-01
3.175373747944831848e-02
4.448662757873535156e+00
0.000000000000000000e+00
4.210351407527923584e-02
2.701875567436218262e-01
3.492407873272895813e-02
0.000000000000000000e+00
2.048334339633584023e-03
7.330884545808658004e-05
9.652347303926944733e-03
4.250112920999526978e-02
6.735400296747684479e-03
5.297062173485755920e-02
1.141078323125839233e-01
0.000000000000000000e+00
4.141183942556381226e-02
0.000000000000000000e+00
0.000000000000000000e+00
1.725124418735504150e-01
0.000000000000000000e+00
3.358599543571472168e-02
0.000000000000000000e+00
1.052885428071022034e-01
3.001181408762931824e-02
6.778701543807983398e-01
7.505098357796669006e-03
0.000000000000000000e+00
1.100237146019935608e-01
1.466814726591110229e-01
4.072096645832061768e-01
7.060775160789489746e-01
6.513746082782745361e-02
1.212289836257696152e-02
2.219785749912261963e-02
0.000000000000000000e+00
0.000000000000000000e+00
2.445068508386611938e-01
0.000000000000000000e+00
1.113974675536155701e-01
7.978740334510803223e-02
0.000000000000000000e+00
0.000000000000000000e+00
0.000000000000000000e+00
0.000000000000000000e+00
2.600963972508907318e-02
0.000000000000000000e+00
1.216131567955017090e+00
5.047211647033691406e-01
0.000000000000000000e+00
1.015067026019096375e-01
0.000000000000000000e+00
0.000000000000000000e+00
1.001713424921035767e-01
1.905694305896759033e-01
6.122556924819946289e-01
0.000000000000000000e+00
1.260194897651672363e+00
0.000000000000000000e+00
0.000000000000000000e+00
0.000000000000000000e+00
4.493735134601593018e-01
0.000000000000000000e+00
0.000000000000000000e+00
0.000000000000000000e+00
0.000000000000000000e+00
1.862138271331787109e+00
0.000000000000000000e+00
0.000000000000000000e+00
0.000000000000000000e+00
8.765196800231933594e-01
0.000000000000000000e+00
2.686675786972045898e-01
1.208419427275657654e-01
3.418819606304168701e-01
0.000000000000000000e+00
3.912405729293823242e+00
7.032438367605209351e-02
6.479128450155258179e-02
0.000000000000000000e+00
0.000000000000000000e+00
7.815767526626586914e-01
1.733159460127353668e-02
1.921570976264774799e-03
7.606706023216247559e-02
1.768959909677505493e-01
5.845772102475166321e-02
0.000000000000000000e+00
2.008316218852996826e-01
0.000000000000000000e+00
0.000000000000000000e+00
2.874409556388854980e-01
0.000000000000000000e+00
0.000000000000000000e+00
4.767121970653533936e-01
5.803952217102050781e-01
0.000000000000000000e+00
2.076478675007820129e-03
0.000000000000000000e+00
0.000000000000000000e+00
0.000000000000000000e+00
1.149226903915405273e+00
2.544398903846740723e-01
8.916758000850677490e-03
0.000000000000000000e+00
1.335074007511138916e-01
1.547436356544494629e+00
1.034088492393493652e+00
0.000000000000000000e+00
3.017154522240161896e-02
5.232312250882387161e-03
1.592679172754287720e-01
0.000000000000000000e+00
5.656754374504089355e-01
0.000000000000000000e+00
4.100123420357704163e-03
0.000000000000000000e+00
1.808804720640182495e-01
0.000000000000000000e+00
2.339365519583225250e-02
7.216095179319381714e-02
0.000000000000000000e+00
1.864079952239990234e+00
2.555217444896697998e-01
0.000000000000000000e+00
1.597121059894561768e-01
2.074933610856533051e-02
5.170172452926635742e-02
1.785895079374313354e-01
1.645512282848358154e-01
2.985765226185321808e-02
4.031801596283912659e-03
1.048016548156738281e+00
1.675122301094233990e-03
6.957735167816281319e-04
2.719366550445556641e-01
0.000000000000000000e+00
2.800443172454833984e-01
0.000000000000000000e+00
1.798650324344635010e-01
4.124191105365753174e-01
5.588117837905883789e-01
0.000000000000000000e+00
0.000000000000000000e+00
6.979969739913940430e-01
8.779248222708702087e-03
0.000000000000000000e+00
0.000000000000000000e+00
0.000000000000000000e+00
0.000000000000000000e+00
2.994018495082855225e-01
3.215335905551910400e-01
2.043184787034988403e-01
0.000000000000000000e+00
1.623906940221786499e-02
1.059246659278869629e+00
1.259220719337463379e+00
1.977700442075729370e-01
5.384917259216308594e-01
0.000000000000000000e+00
5.821887254714965820e-01
1.372878625988960266e-02
0.000000000000000000e+00
1.272430121898651123e-01
1.007097482681274414e+00
1.796709060668945312e+00
1.774857044219970703e-01
2.086270451545715332e-01
9.400968551635742188e-01
1.159487143158912659e-01
1.982492506504058838e-01
4.625328481197357178e-01
0.000000000000000000e+00
5.982287526130676270e-01
0.000000000000000000e+00
5.414190143346786499e-02
8.643708229064941406e-01
1.446918584406375885e-03
9.566755592823028564e-02
1.587591409683227539e+00
3.825625637546181679e-03
3.798187524080276489e-02
0.000000000000000000e+00
1.128602862358093262e+00
7.271435856819152832e-02
0.000000000000000000e+00
1.343095768243074417e-02
0.000000000000000000e+00
1.227999702095985413e-01
0.000000000000000000e+00
2.056400924921035767e-01
1.186033040285110474e-01
2.631983458995819092e-01
4.694862365722656250e-01
0.000000000000000000e+00
0.000000000000000000e+00
1.182061284780502319e-01
9.638930559158325195e-01
0.000000000000000000e+00
0.000000000000000000e+00
9.626255929470062256e-02
1.215925533324480057e-02
1.941088140010833740e-01
1.136191129684448242e+00
0.000000000000000000e+00
5.260135605931282043e-02
0.000000000000000000e+00
2.143201790750026703e-02
0.000000000000000000e+00
1.002040952444076538e-01
0.000000000000000000e+00
0.000000000000000000e+00
0.000000000000000000e+00
0.000000000000000000e+00
8.966606855392456055e-01
1.539531070739030838e-02
0.000000000000000000e+00
3.327569663524627686e-01
0.000000000000000000e+00
5.844632983207702637e-01
4.002824127674102783e-01
3.704019188880920410e-01
3.590291738510131836e-01
0.000000000000000000e+00
0.000000000000000000e+00
2.443972229957580566e-01
1.515904814004898071e-01
3.290783986449241638e-02
3.111932985484600067e-02
0.000000000000000000e+00
2.683617770671844482e-01
1.542539056390523911e-02
3.263407051563262939e-01
8.470585942268371582e-01
8.652814030647277832e-01
0.000000000000000000e+00
1.620936393737792969e-01
0.000000000000000000e+00
6.805261969566345215e-02
5.872716903686523438e+00
8.451732248067855835e-02
9.861640930175781250e+00
0.000000000000000000e+00
3.953019082546234131e-01
1.871398533694446087e-03
3.183410763740539551e-01
2.517823576927185059e-01
4.563806112855672836e-03
4.933993220329284668e-01
0.000000000000000000e+00
1.849795132875442505e-02
0.000000000000000000e+00
9.685878641903400421e-03
0.000000000000000000e+00
1.377497166395187378e-01
8.510431647300720215e-01
1.101934075355529785e+00
5.220339298248291016e-01
3.651356091722846031e-04
0.000000000000000000e+00
0.000000000000000000e+00
0.000000000000000000e+00
0.000000000000000000e+00
1.679256409406661987e-01
1.250977665185928345e-01
2.130751371383666992e+00
1.756584793329238892e-01
0.000000000000000000e+00
0.000000000000000000e+00
2.424452267587184906e-02
2.304925955832004547e-02
1.592708230018615723e+00
0.000000000000000000e+00
0.000000000000000000e+00
0.000000000000000000e+00
7.816156744956970215e-01
3.536308929324150085e-02
0.000000000000000000e+00
0.000000000000000000e+00
0.000000000000000000e+00
0.000000000000000000e+00
1.107405871152877808e-02
1.667868494987487793e-01
7.871587574481964111e-02
1.158307120203971863e-01
9.774710237979888916e-02
0.000000000000000000e+00
0.000000000000000000e+00
1.026299521327018738e-01
0.000000000000000000e+00
0.000000000000000000e+00
1.232015341520309448e-01
2.540987432003021240e-01
6.051620841026306152e-01
1.882073581218719482e-01
1.109706997871398926e+00
0.000000000000000000e+00
2.356598973274230957e-01
1.798117905855178833e-01
1.418143361806869507e-01
7.735840082168579102e-01
0.000000000000000000e+00
6.661985516548156738e-01
2.996155023574829102e-01
9.375432506203651428e-03
1.271173477172851562e+00
1.510451734066009521e-01
2.812361344695091248e-03
7.399379014968872070e-01
8.201423287391662598e-01
3.786602318286895752e-01
0.000000000000000000e+00
0.000000000000000000e+00
0.000000000000000000e+00
3.613821268081665039e-01
0.000000000000000000e+00
6.010153889656066895e-01
7.322595715522766113e-01
5.418638139963150024e-02
1.290605664253234863e+00
2.791690528392791748e-01
5.151199698448181152e-01
3.524956107139587402e-02
2.271644622087478638e-01
1.469141095876693726e-01
2.799457497894763947e-02
0.000000000000000000e+00
0.000000000000000000e+00
1.531365633010864258e+00
0.000000000000000000e+00
0.000000000000000000e+00
0.000000000000000000e+00
2.355676740407943726e-01
2.904689311981201172e-02
6.197027117013931274e-02
1.922222495079040527e+00
0.000000000000000000e+00
1.410628855228424072e-02
3.352459147572517395e-02
0.000000000000000000e+00
7.002174854278564453e-02
0.000000000000000000e+00
0.000000000000000000e+00
1.132726296782493591e-02
2.624566793441772461e+00
1.088579893112182617e-01
2.679924964904785156e-01
2.863267064094543457e-01
0.000000000000000000e+00
1.354872900992631912e-02
5.190436542034149170e-02
0.000000000000000000e+00
2.279371581971645355e-02
1.272940188646316528e-01
0.000000000000000000e+00
1.495131999254226685e-01
8.290850371122360229e-02
1.224549710750579834e-01
0.000000000000000000e+00
0.000000000000000000e+00
0.000000000000000000e+00
1.187940835952758789e-01
1.298192739486694336e-01
1.193530671298503876e-02
0.000000000000000000e+00
1.200651191174983978e-02
2.460205256938934326e-01
8.169589936733245850e-02
5.096022784709930420e-02
0.000000000000000000e+00
7.779080420732498169e-02
9.306041896343231201e-02
7.444550842046737671e-02
0.000000000000000000e+00
7.133038640022277832e-01
0.000000000000000000e+00
5.909554660320281982e-02
0.000000000000000000e+00
6.715882569551467896e-02
2.545371651649475098e-01
4.465721249580383301e-01
2.135563828051090240e-02
2.628431022167205811e-01
7.540136575698852539e-01
3.008479773998260498e-01
0.000000000000000000e+00
6.936049461364746094e-02
3.593219816684722900e-01
1.480713137425482273e-03
2.995743975043296814e-02
1.223059371113777161e-01
1.490231454372406006e-01
0.000000000000000000e+00
0.000000000000000000e+00
1.235888339579105377e-02
3.200733289122581482e-02
2.500552177429199219e+00
9.057242423295974731e-02
0.000000000000000000e+00
1.040494516491889954e-01
1.442969739437103271e-01
4.786314442753791809e-02
8.604074269533157349e-02
6.611290574073791504e-01
2.664212286472320557e-01
1.143774669617414474e-02
3.107678890228271484e-01
4.325808957219123840e-03
2.611539661884307861e-01
2.632097244262695312e+00
1.104237139225006104e-02
8.356668949127197266e-01
3.235576450824737549e-01
1.358079671859741211e+00
0.000000000000000000e+00
1.609909832477569580e-01
0.000000000000000000e+00
2.473485469818115234e-02
3.118322193622589111e-01
4.297227263450622559e-01
1.602312326431274414e+00
0.000000000000000000e+00
0.000000000000000000e+00
0.000000000000000000e+00
1.260325759649276733e-01
4.230805672705173492e-03
0.000000000000000000e+00
7.043410092592239380e-03
1.606349110603332520e+00
0.000000000000000000e+00
7.482437044382095337e-02
0.000000000000000000e+00
5.150462314486503601e-02
4.841313958168029785e-01
5.070340819656848907e-03
0.000000000000000000e+00
5.805514380335807800e-02
3.408136311918497086e-03
0.000000000000000000e+00
1.764834672212600708e-02
0.000000000000000000e+00
8.510272949934005737e-03
1.023202896118164062e+00
4.832477495074272156e-02
7.528457045555114746e-02
4.774193167686462402e-01
1.074427291750907898e-01
3.226490691304206848e-03
0.000000000000000000e+00
9.206008166074752808e-03
4.683486372232437134e-02
1.819205641746520996e+00
7.881905883550643921e-02
4.032271206378936768e-01
0.000000000000000000e+00
1.035040989518165588e-02
3.413180820643901825e-03
0.000000000000000000e+00
1.847939491271972656e+00
1.039442420005798340e+00
6.316302418708801270e-01
0.000000000000000000e+00
1.975224950001575053e-05
2.617807984352111816e-01
0.000000000000000000e+00
4.218605458736419678e-01
3.439707159996032715e-01
9.075034409761428833e-02
1.148486416786909103e-02
2.114611625671386719e+00
0.000000000000000000e+00
2.793561518192291260e-01
0.000000000000000000e+00
8.243308067321777344e-01
4.627182960510253906e+00
3.417086228728294373e-02
3.109153360128402710e-02
0.000000000000000000e+00
7.472422122955322266e-01
1.204884797334671021e-02
0.000000000000000000e+00
3.806025981903076172e-01
4.550156593322753906e-01
4.953253865242004395e-01
