3.392242789268493652e-01
1.262438416481018066e+00
0.000000000000000000e+00
3.282708823680877686e-01
0.000000000000000000e+00
6.099842786788940430e-01
3.140765428543090820e-02
4.510080441832542419e-02
4.251760244369506836e-02
2.310552448034286499e-01
5.210787430405616760e-02
6.059309244155883789e-01
0.000000000000000000e+00
7.979393750429153442e-02
9.228953719139099121e-01
4.624828100204467773e-01
6.678429245948791504e-02
2.322590827941894531e+00
5.554053187370300293e-01
2.197139114141464233e-01
1.466134637594223022e-01
6.681825965642929077e-02
1.071726903319358826e-01
1.577174663543701172e-01
8.253727853298187256e-02
1.208363920450210571e-01
1.284630596637725830e-01
1.450124979019165039e-01
3.957586586475372314e-01
1.058443784713745117e-01
3.219007492065429688e+00
0.000000000000000000e+00
3.492010831832885742e-01
8.793689310550689697e-03
3.065884858369827271e-02
2.269491851329803467e-01
1.432069540023803711e-01
5.446472764015197754e-02
6.696754097938537598e-01
8.103871941566467285e-01
6.713725328445434570e-01
9.389653801918029785e-02
2.739117145538330078e-01
1.373564481735229492e+00
1.305786490440368652e+00
1.338616967201232910e+00
1.076269075274467468e-01
1.017497330904006958e-01
4.997263252735137939e-01
1.343900412321090698e-01
7.861910462379455566e-01
1.515044122934341431e-01
5.170797929167747498e-02
3.619322553277015686e-02
1.413321215659379959e-02
4.254112765192985535e-02
5.735208392143249512e-01
6.050060987472534180e-01
0.000000000000000000e+00
0.000000000000000000e+00
7.762052863836288452e-02
1.425802558660507202e-01
4.056081548333168030e-02
7.123702168464660645e-01
0.000000000000000000e+00
0.000000000000000000e+00
6.352531723678112030e-03
1.719015836715698242e-01
4.141549579799175262e-04
2.227085977792739868e-01
1.193792223930358887e-01
0.000000000000000000e+00
0.000000000000000000e+00
1.145973452366888523e-03
1.962492763996124268e-01
0.000000000000000000e+00
1.193587407469749451e-01
6.980891823768615723e-01
1.881066150963306427e-02
5.934135317802429199e-01
2.512901127338409424e-01
1.156777262687683105e+00
1.475484222173690796e-01
3.935112357139587402e-01
0.000000000000000000e+00
2.644179463386535645e-01
9.756065905094146729e-02
2.380247227847576141e-02
4.255141913890838623e-01
1.328018158674240112e-01
0.000000000000000000e+00
0.000000000000000000e+00
5.121420621871948242e-01
9.593700990080833435e-03
2.016885280609130859e-01
5.275115966796875000e-01
6.050267219543457031e-01
4.031950142234563828e-03
1.102457642555236816e-01
0.000000000000000000e+00
0.000000000000000000e+00
8.458183407783508301e-01
2.936932072043418884e-02
1.187263965606689453e+00
4.560744389891624451e-02
5.482951402664184570e-01
2.207095623016357422e+00
2.770699262619018555e-01
1.106510996818542480e+00
3.066314458847045898e+00
6.114571094512939453e-01
0.000000000000000000e+00
2.207671999931335449e-01
6.553311645984649658e-02
5.526453852653503418e-01
5.879763141274452209e-02
6.839383244514465332e-01
1.335797756910324097e-01
1.363734453916549683e-01
8.937686681747436523e-02
6.021253466606140137e-01
3.686025366187095642e-02
3.560854494571685791e-01
4.498713463544845581e-02
3.173820972442626953e+00
7.592780590057373047e-01
9.557117521762847900e-02
2.656505346298217773e+00
1.797435402870178223e+00
0.000000000000000000e+00
2.055283546447753906e+00
4.575905948877334595e-02
1.375140845775604248e-01
3.954322636127471924e-02
1.167698502540588379e-01
7.791739702224731445e-02
5.101436972618103027e-01
1.821711286902427673e-02
2.195472866296768188e-01
1.387285143136978149e-01
0.000000000000000000e+00
1.673479527235031128e-01
0.000000000000000000e+00
2.243109464645385742e+00
6.514129042625427246e-01
5.791885852813720703e-01
1.782760173082351685e-01
0.000000000000000000e+00
1.104016304016113281e-01
7.510656118392944336e-02
3.568821430206298828e+00
2.921381592750549316e-01
0.000000000000000000e+00
2.562176287174224854e-01
1.818515062332153320e-01
5.415489152073860168e-02
6.284706592559814453e-01
1.946761310100555420e-01
2.352994866669178009e-02
7.722488045692443848e-02
1.235845014452934265e-01
0.000000000000000000e+00
1.889319531619548798e-02
2.177588343620300293e-01
2.451338469982147217e-01
4.042771458625793457e-01
0.000000000000000000e+00
1.826016604900360107e-01
1.194727271795272827e-01
3.260520100593566895e-02
2.713553607463836670e-01
1.138163566589355469e+00
0.000000000000000000e+00
1.372618228197097778e-01
0.000000000000000000e+00
5.002364516258239746e-01
7.806480862200260162e-04
2.001075744628906250e-01
4.302179813385009766e-01
1.050959900021553040e-01
2.629871070384979248e-01
3.978544846177101135e-02
5.091736093163490295e-02
4.879222512245178223e-01
1.346624828875064850e-02
0.000000000000000000e+00
2.664177305996417999e-02
5.629798173904418945e-01
1.649844050407409668e-01
9.300803393125534058e-02
1.016676187515258789e+00
2.845274686813354492e+00
0.000000000000000000e+00
1.546476483345031738e-01
6.036150082945823669e-02
3.138773376122117043e-03
9.051860123872756958e-02
8.015795350074768066e-01
2.926555462181568146e-02
3.650066908448934555e-03
9.548214823007583618e-02
2.958996966481208801e-02
2.199378728866577148e+00
0.000000000000000000e+00
1.855406761169433594e+00
5.988936126232147217e-02
4.688355624675750732e-01
2.146418571472167969e+00
0.000000000000000000e+00
1.425235718488693237e-01
7.612714171409606934e-02
5.504066348075866699e-01
2.316856943070888519e-02
3.834445774555206299e-01
1.191763654351234436e-01
0.000000000000000000e+00
7.997430860996246338e-02
0.000000000000000000e+00
1.563743650913238525e-01
3.624503612518310547e-01
1.509307920932769775e-01
1.517985314130783081e-01
2.078838944435119629e-01
1.105149835348129272e-01
3.955009579658508301e-02
6.771916151046752930e-01
1.448774826712906361e-03
8.321689069271087646e-02
6.644160151481628418e-01
6.100431084632873535e-02
2.251059412956237793e-01
0.000000000000000000e+00
7.984808832406997681e-02
5.209193751215934753e-02
7.120809517800807953e-03
1.680289208889007568e-02
7.537315133959054947e-03
6.423237174749374390e-02
8.573385886847972870e-03
4.944603443145751953e-01
5.109936464577913284e-03
3.097752034664154053e-01
0.000000000000000000e+00
1.672482001595199108e-03
3.253415459766983986e-03
7.685475945472717285e-01
3.905554860830307007e-02
9.131437540054321289e-02
3.650094270706176758e-01
6.753264665603637695e-01
1.180755862151272595e-04
5.611317604780197144e-02
1.863280124962329865e-02
1.019154326058924198e-03
2.429634779691696167e-01
3.853068351745605469e-01
8.686981797218322754e-01
4.860437810420989990e-01
6.423784494400024414e-01
1.075051307678222656e+00
0.000000000000000000e+00
9.639143012464046478e-03
1.324118077754974365e-01
2.267948836088180542e-01
0.000000000000000000e+00
3.351224064826965332e-01
2.235204726457595825e-01
8.430006913840770721e-03
0.000000000000000000e+00
7.713033258914947510e-02
3.093129489570856094e-03
0.000000000000000000e+00
5.429180860519409180e-01
3.958530724048614502e-01
2.750752493739128113e-02
9.712970256805419922e-02
2.531233057379722595e-02
0.000000000000000000e+00
3.840054869651794434e-01
2.982862293720245361e-01
8.232126384973526001e-02
1.929617859423160553e-02
1.443734206259250641e-02
2.833469025790691376e-02
3.229419708251953125e+00
1.666699945926666260e-01
9.630239568650722504e-03
4.222741127014160156e-01
1.506917715072631836e+00
1.112495660781860352e-01
4.465093910694122314e-01
7.518764138221740723e-01
0.000000000000000000e+00
1.754566431045532227e-01
0.000000000000000000e+00
5.041458606719970703e-01
1.907910704612731934e-01
1.187215447425842285e-01
0.000000000000000000e+00
1.447437047958374023e+00
1.043266206979751587e-01
3.117606602609157562e-02
7.699857652187347412e-02
3.305803751572966576e-03
0.000000000000000000e+00
5.076557993888854980e-01
1.420066952705383301e-01
0.000000000000000000e+00
4.164686053991317749e-02
7.454170584678649902e-01
2.093793749809265137e-01
1.241723448038101196e-01
1.121412962675094604e-02
1.140917778015136719e+00
1.672041602432727814e-02
1.298053741455078125e+00
0.000000000000000000e+00
1.509520458057522774e-03
2.674240171909332275e-01
0.000000000000000000e+00
0.000000000000000000e+00
6.179942488670349121e-01
3.490588068962097168e-01
3.960034623742103577e-02
2.227968126535415649e-01
0.000000000000000000e+00
1.858980953693389893e-01
7.436188459396362305e-01
1.463832557201385498e-01
1.517677783966064453e+00
9.773021191358566284e-02
4.357475042343139648e-01
2.411018133163452148e+00
5.082582831382751465e-01
3.126672236248850822e-03
3.607840240001678467e-01
2.164493501186370850e-01
1.935641020536422729e-01
1.421288847923278809e-01
1.827612072229385376e-01
4.959425628185272217e-01
2.581559419631958008e-01
6.176941096782684326e-02
1.243270039558410645e-01
0.000000000000000000e+00
1.627379469573497772e-02
0.000000000000000000e+00
5.302158594131469727e-01
2.479518175125122070e+00
6.626033186912536621e-01
6.495078653097152710e-02
1.932604074478149414e+00
1.973424255847930908e-01
1.133680716156959534e-01
0.000000000000000000e+00
3.419622778892517090e-02
1.238898158073425293e+00
1.547880887985229492e+00
0.000000000000000000e+00
3.109479323029518127e-03
7.130537986755371094e+00
1.317187845706939697e-01
2.355127930641174316e-01
5.692518316209316254e-03
9.044835567474365234e-01
1.099449545145034790e-01
1.082331910729408264e-01
1.796310245990753174e-01
0.000000000000000000e+00
1.090203039348125458e-02
4.482714459300041199e-03
0.000000000000000000e+00
5.421911478042602539e-01
2.073737978935241699e-01
1.905715763568878174e-01
3.490905463695526123e-02
2.422782480716705322e-01
8.833774924278259277e-02
1.158508881926536560e-01
2.677069306373596191e-01
1.198590965941548347e-03
7.468242049217224121e-01
8.648861646652221680e-01
6.583368778228759766e-02
6.129425168037414551e-01
6.627407670021057129e-01
1.085342764854431152e-01
1.879441589117050171e-01
0.000000000000000000e+00
1.362046599388122559e-01
3.223438560962677002e-02
7.248810529708862305e-01
2.284995615482330322e-01
3.590956032276153564e-01
5.294585227966308594e-01
1.150445938110351562e-01
6.270193308591842651e-02
1.246946096420288086e+00
5.872274637222290039e-01
7.994062304496765137e-01
3.994403481483459473e-01
2.545974731445312500e+00
1.499871373176574707e+00
5.925091099925339222e-04
9.403915405273437500e-01
4.471988677978515625e-01
8.965942859649658203e-01
0.000000000000000000e+00
1.520688533782958984e-01
1.289001572877168655e-02
3.091638982295989990e-01
5.148786306381225586e-02
2.197580970823764801e-02
1.046770662069320679e-01
2.518955469131469727e-01
7.820789515972137451e-02
2.946805034298449755e-04
4.089568257331848145e-01
3.770085796713829041e-02
1.874785497784614563e-02
1.154698729515075684e-01
0.000000000000000000e+00
1.990190297365188599e-01
3.937166035175323486e-01
1.175364017486572266e+00
2.641015127301216125e-02
2.464781761169433594e+00
1.640143096446990967e-01
3.739036619663238525e-02
6.045595929026603699e-02
1.385685563087463379e+00
3.452654927968978882e-03
5.675120949745178223e-01
4.403661489486694336e-01
9.435266256332397461e-02
8.006977081298828125e+00
2.606165111064910889e-01
0.000000000000000000e+00
4.486189782619476318e-01
1.621262915432453156e-02
7.138651609420776367e-02
1.480148546397686005e-02
0.000000000000000000e+00
3.023830056190490723e-01
1.132070273160934448e-02
1.414555609226226807e-01
1.541474223136901855e+00
1.864828765392303467e-01
0.000000000000000000e+00
5.425049662590026855e-01
1.703101992607116699e-01
4.723164439201354980e-02
4.269612431526184082e-01
1.488006860017776489e-02
2.483872324228286743e-01
8.069289326667785645e-01
2.079079449176788330e-01
0.000000000000000000e+00
0.000000000000000000e+00
4.686459898948669434e-01
1.746937036514282227e-01
1.302273124456405640e-01
0.000000000000000000e+00
0.000000000000000000e+00
0.000000000000000000e+00
3.351345360279083252e-01
2.120829969644546509e-01
7.375600188970565796e-02
1.056726053357124329e-01
1.316993534564971924e-01
1.743582189083099365e-01
3.266609460115432739e-02
6.077891681343317032e-03
1.550432890653610229e-01
9.256808459758758545e-02
9.149014353752136230e-01
2.100838422775268555e-01
0.000000000000000000e+00
4.197550937533378601e-02
2.269263982772827148e+00
2.279551327228546143e-01
3.252394497394561768e-01
1.255749106407165527e+00
5.027909278869628906e-01
4.931450188159942627e-01
2.872017957270145416e-02
1.644298993051052094e-02
5.353566631674766541e-02
8.549983501434326172e-01
4.597132652997970581e-02
7.909950613975524902e-02
7.017366886138916016e-01
1.890623569488525391e+00
0.000000000000000000e+00
9.676082432270050049e-02
6.901072710752487183e-02
3.991871178150177002e-01
6.408526748418807983e-02
4.888273477554321289e-01
4.427286912687122822e-04
5.040794610977172852e-02
0.000000000000000000e+00
1.138285398483276367e-01
3.317558765411376953e-01
1.713554382324218750e+00
9.335014037787914276e-03
2.766377329826354980e-01
5.572357028722763062e-02
0.000000000000000000e+00
6.143146660178899765e-03
7.568938191980123520e-03
5.639708638191223145e-01
8.530398607254028320e-01
2.326185069978237152e-02
1.478311954997479916e-03
4.857777059078216553e-02
2.629659175872802734e-01
5.045788288116455078e-01
6.500317156314849854e-02
0.000000000000000000e+00
6.553225994110107422e+00
7.078672051429748535e-01
0.000000000000000000e+00
2.372191986069083214e-03
1.396502275019884109e-02
2.398443371057510376e-01
0.000000000000000000e+00
1.650955796241760254e+00
3.694043874740600586e+00
2.012609541416168213e-01
0.000000000000000000e+00
7.774518728256225586e-01
1.078574731945991516e-01
6.344693899154663086e-02
1.455137692391872406e-02
2.845389246940612793e-01
1.472000032663345337e-01
9.473765492439270020e-01
4.901701211929321289e-02
0.000000000000000000e+00
4.242582619190216064e-01
1.117213845252990723e+00
2.471672929823398590e-02
3.919810056686401367e-01
3.337699770927429199e-01
2.955121919512748718e-02
1.768991947174072266e-01
3.533710911870002747e-02
3.861076897010207176e-03
3.278906047344207764e-01
1.810702830553054810e-01
3.711935132741928101e-02
4.867547154426574707e-01
1.980644017457962036e-01
3.686132654547691345e-02
1.532442215830087662e-02
2.701990604400634766e-01
6.704692542552947998e-02
7.231226563453674316e-02
1.919230222702026367e+00
2.058885544538497925e-01
9.020345807075500488e-01
1.034782528877258301e+00
2.392493747174739838e-02
1.476041674613952637e-01
6.828482449054718018e-02
2.012635022401809692e-02
3.604061603546142578e-01
3.335893154144287109e-01
1.052594706416130066e-01
3.964268602430820465e-03
0.000000000000000000e+00
0.000000000000000000e+00
9.638243913650512695e-01
2.969714999198913574e-01
2.678425051271915436e-02
1.147232055664062500e-01
1.329600363969802856e-01
0.000000000000000000e+00
1.756055951118469238e-01
1.359179802238941193e-02
4.297132045030593872e-02
1.946565210819244385e-01
5.330969095230102539e-01
1.173637747764587402e+00
5.136831663548946381e-03
1.180295273661613464e-01
2.293329387903213501e-01
6.726129353046417236e-02
3.146291524171829224e-02
3.745413064956665039e+00
2.788905799388885498e-01
0.000000000000000000e+00
1.843837499618530273e-01
9.364315867424011230e-02
1.967361569404602051e-01
4.420411884784698486e-01
2.064992189407348633e-01
2.035196870565414429e-01
4.650195688009262085e-02
0.000000000000000000e+00
1.457478553056716919e-01
6.613484621047973633e-01
1.733801662921905518e-01
2.135909944772720337e-01
1.959968358278274536e-01
1.738066375255584717e-01
5.528623238205909729e-02
1.505334615707397461e+00
3.766564279794692993e-02
0.000000000000000000e+00
1.504931598901748657e-01
3.096900284290313721e-01
0.000000000000000000e+00
3.175328969955444336e-01
1.887116074562072754e+00
3.224406242370605469e-01
2.840110957622528076e-01
5.094523355364799500e-02
8.413864299654960632e-03
0.000000000000000000e+00
4.495832696557044983e-02
8.505383506417274475e-03
1.292492151260375977e+00
7.688555717468261719e-01
3.552923440933227539e+00
1.141889467835426331e-01
2.459163188934326172e+00
9.200151264667510986e-02
2.335321903228759766e-01
4.272680729627609253e-02
0.000000000000000000e+00
1.348554790019989014e-01
1.006532907485961914e+00
0.000000000000000000e+00
7.092154771089553833e-02
2.836275398731231689e-01
1.289647221565246582e-01
0.000000000000000000e+00
4.437181949615478516e-01
2.431192249059677124e-02
0.000000000000000000e+00
1.959955692291259766e-01
0.000000000000000000e+00
0.000000000000000000e+00
1.162088513374328613e+00
3.497577086091041565e-02
4.766725003719329834e-02
5.708225443959236145e-02
0.000000000000000000e+00
2.927499637007713318e-02
9.011842310428619385e-03
1.941588521003723145e-01
1.028876844793558121e-02
4.972989559173583984e-01
2.174798011779785156e+00
0.000000000000000000e+00
7.631813883781433105e-01
4.376753047108650208e-02
6.945514082908630371e-01
5.179471969604492188e-01
1.047171711921691895e+00
3.785689920186996460e-02
5.984675288200378418e-01
8.236320316791534424e-02
9.018098711967468262e-01
7.508534789085388184e-01
1.262994885444641113e+00
0.000000000000000000e+00
2.915465235710144043e-01
9.871183335781097412e-02
7.466842234134674072e-02
1.334092319011688232e-01
1.066397428512573242e-01
1.618026755750179291e-02
2.644674479961395264e-01
9.937289357185363770e-01
1.260853409767150879e+00
0.000000000000000000e+00
4.316889047622680664e-01
1.896468997001647949e-01
2.463983037159778178e-05
8.794197440147399902e-02
1.642744243144989014e-01
2.839375734329223633e-01
1.015969067811965942e-01
1.120116934180259705e-01
3.086723685264587402e-01
4.275188446044921875e-01
2.561090514063835144e-02
0.000000000000000000e+00
1.735209971666336060e-01
1.172297120094299316e+00
1.215118765830993652e-01
1.293042004108428955e-01
0.000000000000000000e+00
5.112374424934387207e-01
0.000000000000000000e+00
8.614298701286315918e-02
5.635886788368225098e-01
2.080876082181930542e-01
1.754716224968433380e-02
2.394731283187866211e+00
0.000000000000000000e+00
6.329112499952316284e-02
4.066436737775802612e-02
3.972119837999343872e-02
7.654046267271041870e-02
4.684618487954139709e-02
1.235117018222808838e-01
2.126543045043945312e+00
1.170093566179275513e-01
8.536441624164581299e-02
0.000000000000000000e+00
4.452587570995092392e-03
4.899251833558082581e-02
2.317361906170845032e-02
2.819723449647426605e-02
1.111191987991333008e+00
7.325910329818725586e-01
5.585973262786865234e-01
1.949082165956497192e-01
0.000000000000000000e+00
4.429737105965614319e-03
0.000000000000000000e+00
3.001930750906467438e-02
6.722861435264348984e-03
1.989639401435852051e-01
1.988569088280200958e-02
5.820320919156074524e-02
1.965660572052001953e+00
0.000000000000000000e+00
1.938879042863845825e-01
4.007663428783416748e-01
0.000000000000000000e+00
1.366112947463989258e+00
1.506578087806701660e+00
4.161538556218147278e-02
7.686170935630798340e-02
1.250157952308654785e-01
3.368006786331534386e-03
2.655565440654754639e-01
0.000000000000000000e+00
1.343356966972351074e+00
1.000203192234039307e-02
3.744315803050994873e-01
1.139319315552711487e-01
7.529991213232278824e-03
2.142173051834106445e+00
1.636451035737991333e-01
9.079393744468688965e-02
1.299461126327514648e-01
9.339171648025512695e-01
2.505486644804477692e-02
2.023779554292559624e-03
7.439494878053665161e-02
5.330950021743774414e-01
2.049470320343971252e-03
2.133686095476150513e-01
2.190764695405960083e-01
1.498095393180847168e-01
4.224984645843505859e-01
8.835528045892715454e-02
1.838881224393844604e-01
2.491080611944198608e-01
6.698697209358215332e-01
4.406210035085678101e-02
8.367146849632263184e-01
1.237150095403194427e-02
1.087331250309944153e-01
3.616162808611989021e-03
5.709220841526985168e-02
4.177059605717658997e-02
6.469435244798660278e-02
3.319062665104866028e-02
1.525683254003524780e-01
0.000000000000000000e+00
3.447546362876892090e-01
3.423712253570556641e-01
4.423417150974273682e-01
2.157782465219497681e-01
0.000000000000000000e+00
2.620747387409210205e-01
7.840341329574584961e-02
5.273602437227964401e-03
6.052431836724281311e-02
2.007595598697662354e-01
3.717319965362548828e-01
2.871873676776885986e-01
5.527591705322265625e-02
0.000000000000000000e+00
6.088915467262268066e-02
1.973524332046508789e+00
1.646986603736877441e-01
9.691174030303955078e-01
1.227629184722900391e-02
2.829284369945526123e-01
7.029246091842651367e-01
5.477932691574096680e-01
1.125394105911254883e+00
7.656321674585342407e-02
3.525026142597198486e-01
0.000000000000000000e+00
2.453426837921142578e+00
1.783863157033920288e-01
2.512330114841461182e-01
3.460010588169097900e-01
4.468380287289619446e-02
2.751968502998352051e-01
2.547946870326995850e-01
1.788733005523681641e-01
6.506989151239395142e-02
0.000000000000000000e+00
2.607731819152832031e-01
1.824414543807506561e-02
3.650811612606048584e-01
1.659379154443740845e-01
1.078929781913757324e+00
1.877857446670532227e-01
9.774424433708190918e-01
0.000000000000000000e+00
1.062099099159240723e+00
2.826772034168243408e-01
2.393137812614440918e-01
3.453754425048828125e+00
0.000000000000000000e+00
1.092390641570091248e-01
5.935760736465454102e-01
2.810177206993103027e-01
7.046912312507629395e-01
0.000000000000000000e+00
5.426834896206855774e-02
1.603798009455204010e-02
9.635464549064636230e-01
8.218012005090713501e-02
7.863982915878295898e-01
4.883863627910614014e-01
1.993337512016296387e+00
2.222247272729873657e-01
1.554384734481573105e-02
1.792713403701782227e-01
6.256998181343078613e-01
1.421377658843994141e-01
0.000000000000000000e+00
4.140955209732055664e-01
1.723886251449584961e+00
9.923385828733444214e-02
0.000000000000000000e+00
5.627344176173210144e-02
3.751392662525177002e-02
2.993091344833374023e-01
5.644633173942565918e-01
5.032749176025390625e-01
7.822055369615554810e-03
3.790109232068061829e-02
2.257214307785034180e+00
2.278245836496353149e-01
3.309347108006477356e-02
7.155845314264297485e-02
6.588477641344070435e-02
7.531735301017761230e-02
2.946853637695312500e-01
9.394636005163192749e-02
1.255704089999198914e-02
6.083801984786987305e-01
1.741606593132019043e-01
2.740122750401496887e-02
1.405902355909347534e-01
3.572815330699086189e-03
2.514300048351287842e-01
6.302549690008163452e-02
0.000000000000000000e+00
5.189856141805648804e-02
2.869737334549427032e-03
4.444281160831451416e-01
9.747048020362854004e-01
8.358588814735412598e-01
3.505600094795227051e-01
1.182623021304607391e-02
1.335628777742385864e-01
4.328985512256622314e-01
3.103593885898590088e-01
1.751024276018142700e-01
3.882475197315216064e-01
2.100718975067138672e+00
4.861652255058288574e-01
9.936046600341796875e-02
6.597046852111816406e-01
1.285904794931411743e-01
2.051674760878086090e-02
2.212762594223022461e+00
1.509836167097091675e-01
1.779001832008361816e+00
6.152886897325515747e-02
4.195113778114318848e-01
3.013846836984157562e-02
1.764770448207855225e-01
6.480894982814788818e-02
2.178415298461914062e+00
6.581354886293411255e-02
8.919517993927001953e-01
1.132131591439247131e-01
2.270763963460922241e-01
2.763765752315521240e-01
5.883309245109558105e-02
0.000000000000000000e+00
5.285343527793884277e-02
1.683597415685653687e-01
4.429549723863601685e-02
1.744085364043712616e-02
6.862568259239196777e-01
2.637461423873901367e-01
0.000000000000000000e+00
6.135324016213417053e-02
2.764708921313285828e-02
2.397726662456989288e-02
0.000000000000000000e+00
3.694405779242515564e-02
5.049881711602210999e-02
4.254889488220214844e-01
2.800921499729156494e-01
2.685282230377197266e-01
0.000000000000000000e+00
0.000000000000000000e+00
2.493762522935867310e-01
3.791379183530807495e-02
4.631422832608222961e-02
2.109753787517547607e-01
1.980269514024257660e-02
1.143937110900878906e+00
3.813979923725128174e-01
6.909739971160888672e-02
3.898529112339019775e-01
1.024641633033752441e+00
2.729882895946502686e-01
6.354845762252807617e-01
6.553137302398681641e-02
5.282930098474025726e-03
2.209217071533203125e+00
0.000000000000000000e+00
6.416906714439392090e-01
0.000000000000000000e+00
2.279422581195831299e-01
1.078486740589141846e-01
2.121872641146183014e-02
1.483801603317260742e-01
4.368740916252136230e-01
1.380663663148880005e-01
1.562698841094970703e+00
5.920543074607849121e-01
1.017043963074684143e-01
1.358394976705312729e-02
8.230482041835784912e-02
1.822694987058639526e-01
1.149633154273033142e-01
5.470675230026245117e-01
0.000000000000000000e+00
2.172583490610122681e-01
1.936798691749572754e-01
2.044932730495929718e-02
4.938744544982910156e+00
1.082935631275177002e-01
8.881401419639587402e-01
2.611292302608489990e-01
8.082333952188491821e-03
0.000000000000000000e+00
5.753588080406188965e-01
1.120746359229087830e-01
1.675567775964736938e-02
3.477815985679626465e-01
2.186982333660125732e-01
0.000000000000000000e+00
1.506945967674255371e+00
1.341031074523925781e+00
8.040854930877685547e-01
2.098671644926071167e-01
2.664389610290527344e-01
8.165568709373474121e-01
0.000000000000000000e+00
2.906491458415985107e-01
4.756754729896783829e-03
1.111202239990234375e-01
0.000000000000000000e+00
1.313655018806457520e+00
1.109219074249267578e+00
1.892405189573764801e-02
5.009068250656127930e-01
3.678279519081115723e-01
2.309257537126541138e-01
9.636401385068893433e-02
3.959443047642707825e-02
1.889849901199340820e-01
4.954160451889038086e-01
6.166927814483642578e-01
4.778602719306945801e-01
6.250682473182678223e-01
1.092793196439743042e-01
0.000000000000000000e+00
1.506220698356628418e-01
1.390874851495027542e-02
1.640435606241226196e-01
0.000000000000000000e+00
3.002381920814514160e-01
2.951427698135375977e-01
8.134709298610687256e-02
1.317006945610046387e-01
0.000000000000000000e+00
1.018682587891817093e-02
1.979542523622512817e-01
7.587730884552001953e-02
1.181762814521789551e+00
6.233206987380981445e-01
4.381378591060638428e-01
0.000000000000000000e+00
2.079641819000244141e-01
0.000000000000000000e+00
1.417604386806488037e-01
1.487617613747715950e-03
2.533322572708129883e-01
2.827049493789672852e-01
0.000000000000000000e+00
1.251440644264221191e-01
2.180858515202999115e-02
1.690991640090942383e+00
4.963720962405204773e-02
5.789907574653625488e-01
1.790126115083694458e-01
4.891694709658622742e-02
2.242132425308227539e-01
0.000000000000000000e+00
6.324583888053894043e-01
5.224686115980148315e-02
1.734551072120666504e+00
1.773194074630737305e-01
4.168434143066406250e-01
6.192932650446891785e-02
6.281896829605102539e-01
0.000000000000000000e+00
0.000000000000000000e+00
7.398550957441329956e-02
1.202265501022338867e+00
8.123384416103363037e-02
2.758209705352783203e-01
2.236342057585716248e-03
3.510178998112678528e-02
5.469598993659019470e-02
0.000000000000000000e+00
3.336259350180625916e-02
2.460256069898605347e-01
1.704736948013305664e-01
1.508089751005172729e-01
4.242515563964843750e-01
5.239244550466537476e-02
1.316167116165161133e-01
7.363971322774887085e-03
4.061036407947540283e-01
2.393809333443641663e-02
3.926771581172943115e-01
1.182789802551269531e+00
1.008599162101745605e+00
1.302369236946105957e-01
2.058294296264648438e+00
4.894490242004394531e-01
4.730626642704010010e-01
1.431742915883660316e-03
1.628720015287399292e-01
5.326593518257141113e-01
5.859290957450866699e-01
0.000000000000000000e+00
1.953368335962295532e-01
1.673365235328674316e-01
4.124062955379486084e-01
1.643857955932617188e-01
0.000000000000000000e+00
0.000000000000000000e+00
3.164919912815093994e-01
4.603222310543060303e-01
1.877145618200302124e-01
0.000000000000000000e+00
5.821999311447143555e-01
1.776597499847412109e-01
0.000000000000000000e+00
3.401626646518707275e-01
1.997882686555385590e-02
1.981324050575494766e-03
7.168922424316406250e-01
0.000000000000000000e+00
1.020308613777160645e+00
1.058521986007690430e+00
2.536879479885101318e-01
6.392882671207189560e-03
7.225313782691955566e-01
1.590416133403778076e-01
2.959384024143218994e-01
5.078887334093451500e-04
0.000000000000000000e+00
7.153297066688537598e-01
2.373684495687484741e-01
4.074863493442535400e-01
4.131548404693603516e-01
2.761343307793140411e-02
1.648104749619960785e-02
5.969373583793640137e-01
3.726838827133178711e-01
2.495520748198032379e-02
1.864797472953796387e+00
4.439253509044647217e-01
2.094436436891555786e-02
1.988652110099792480e+00
3.458525985479354858e-02
2.121899873018264771e-01
8.738062530755996704e-02
1.244601011276245117e+00
6.874909158796072006e-04
5.232548341155052185e-02
2.198901399970054626e-02
2.575410604476928711e-01
4.904488623142242432e-01
6.276890039443969727e-01
5.437612906098365784e-02
6.713970005512237549e-02
2.836769819259643555e+00
0.000000000000000000e+00
1.799308657646179199e-01
1.446456462144851685e-01
1.486674427986145020e+00
0.000000000000000000e+00
1.078190803527832031e+00
1.031953170895576477e-01
1.253173351287841797e-01
2.016396448016166687e-02
7.466844469308853149e-02
1.144014477729797363e+00
2.124156355857849121e-01
0.000000000000000000e+00
0.000000000000000000e+00
5.517278313636779785e-01
1.611019670963287354e-01
3.861413598060607910e-01
2.714700460433959961e+00
5.430418998003005981e-02
4.322705268859863281e-01
4.653281066566705704e-03
1.064739227294921875e-01
4.137161254882812500e+00
2.628190442919731140e-02
0.000000000000000000e+00
2.526309967041015625e+00
3.737542033195495605e-01
3.128916323184967041e-01
5.941985607147216797e+00
3.076252900063991547e-02
8.054227828979492188e-01
1.345174312591552734e+00
4.844010770320892334e-01
5.004015564918518066e-02
1.463784724473953247e-01
1.646032780408859253e-01
1.195756867527961731e-01
8.917246013879776001e-02
0.000000000000000000e+00
1.079798024147748947e-02
0.000000000000000000e+00
3.364508748054504395e-01
2.086636781692504883e+00
1.151348471641540527e+00
9.889993667602539062e-01
3.747233152389526367e-01
3.572164848446846008e-02
4.424338340759277344e-01
1.423851966857910156e+00
1.469445377588272095e-01
0.000000000000000000e+00
0.000000000000000000e+00
2.132051587104797363e-01
4.182709753513336182e-01
1.449466794729232788e-01
1.010788902640342712e-01
5.103772878646850586e-01
7.925752997398376465e-01
0.000000000000000000e+00
4.131171703338623047e-01
7.672652602195739746e-01
2.806602744385600090e-03
1.625032275915145874e-01
4.914094880223274231e-02
5.414501428604125977e-01
1.681458711624145508e+00
4.148251414299011230e-01
5.893842503428459167e-02
0.000000000000000000e+00
3.200567141175270081e-02
2.807152457535266876e-02
9.673608541488647461e-01
1.506391286849975586e+00
6.145988777279853821e-02
6.202287077903747559e-01
1.068144798278808594e+00
6.698172539472579956e-02
1.602010279893875122e-01
4.134498834609985352e-01
0.000000000000000000e+00
6.639178097248077393e-02
6.429008245468139648e-01
7.784656248986721039e-03
3.173050880432128906e-01
4.663572460412979126e-02
0.000000000000000000e+00
1.969926292076706886e-03
2.040273696184158325e-01
3.717252314090728760e-01
0.000000000000000000e+00
1.824878007173538208e-01
8.620645850896835327e-02
5.643056239932775497e-03
7.868380099534988403e-02
6.675227731466293335e-02
1.815501600503921509e-01
1.937587112188339233e-01
0.000000000000000000e+00
1.922859251499176025e-01
2.759791135787963867e+00
2.303543806076049805e+00
0.000000000000000000e+00
2.301722066476941109e-03
0.000000000000000000e+00
1.956166028976440430e-01
7.144993543624877930e-01
1.199369505047798157e-01
1.077620312571525574e-02
2.036728560924530029e-01
0.000000000000000000e+00
1.559955254197120667e-02
7.191316783428192139e-02
6.021726727485656738e-01
7.441904395818710327e-02
4.193109512329101562e+00
1.050205007195472717e-01
1.288172304630279541e-01
1.819855272769927979e-01
1.210183858871459961e+00
5.223205685615539551e-01
1.501675605773925781e+00
1.178353786468505859e+00
5.930703878402709961e-02
2.227173559367656708e-02
0.000000000000000000e+00
2.549210935831069946e-02
5.883474349975585938e-01
1.450052112340927124e-01
4.242912530899047852e-01
1.990095824003219604e-01
7.066048681735992432e-02
1.393610145896673203e-03
3.101886622607707977e-02
5.136305093765258789e-02
1.129584666341543198e-02
5.332566499710083008e-01
5.366688370704650879e-01
5.069018527865409851e-02
2.648213386535644531e+00
0.000000000000000000e+00
5.081651806831359863e-01
7.640542984008789062e-01
6.907796859741210938e-01
4.548996090888977051e-01
2.832815423607826233e-02
3.298096954822540283e-01
1.822158992290496826e-01
1.122379004955291748e-01
0.000000000000000000e+00
1.918583661317825317e-01
4.310994744300842285e-01
1.130400180816650391e+00
1.164336949586868286e-01
8.730822056531906128e-02
7.430446892976760864e-02
0.000000000000000000e+00
3.918434679508209229e-02
2.415524274110794067e-01
1.391405612230300903e-01
1.330505907535552979e-01
4.620476067066192627e-01
8.157905936241149902e-02
1.168191879987716675e-01
1.890230029821395874e-01
2.267356157302856445e+00
1.543890386819839478e-01
2.654833495616912842e-01
5.055430531501770020e-01
4.575600922107696533e-01
0.000000000000000000e+00
5.211343765258789062e-01
2.185383578762412071e-03
1.525686681270599365e-01
2.324616670608520508e+00
8.349230289459228516e-01
0.000000000000000000e+00
1.752862334251403809e-02
9.893189370632171631e-02
1.986927539110183716e-01
1.373315900564193726e-01
0.000000000000000000e+00
4.133185446262359619e-01
2.937875986099243164e-01
1.471350193023681641e-01
3.851599097251892090e-01
1.649449765682220459e-02
0.000000000000000000e+00
2.156702876091003418e-01
4.161821678280830383e-02
1.972961276769638062e-01
2.811432778835296631e-01
1.003192216157913208e-01
7.450924813747406006e-02
9.167426824569702148e-01
1.043945327401161194e-01
2.886814437806606293e-02
0.000000000000000000e+00
2.048280090093612671e-01
1.716794818639755249e-01
4.534015953540802002e-01
3.085127174854278564e-01
6.332540035247802734e+00
2.442308962345123291e-01
0.000000000000000000e+00
1.710260403342545033e-03
9.643188863992691040e-02
2.559941411018371582e-01
7.117179036140441895e-01
1.448584198951721191e-01
3.890557289123535156e-01
6.476781796663999557e-03
7.015250157564878464e-03
1.535817384719848633e-01
6.795467436313629150e-02
3.661585748195648193e-01
2.672471851110458374e-02
8.206557482481002808e-03
4.592224955558776855e-01
1.160379886627197266e+00
5.879397988319396973e-01
2.075629472732543945e+00
3.386695981025695801e-01
2.548791408538818359e+00
0.000000000000000000e+00
0.000000000000000000e+00
7.106549143791198730e-01
2.485204488039016724e-01
1.464562956243753433e-02
4.877487942576408386e-02
5.243360623717308044e-02
0.000000000000000000e+00
2.842095447704195976e-03
1.800769381225109100e-02
6.041215658187866211e-01
0.000000000000000000e+00
0.000000000000000000e+00
4.281500279903411865e-01
1.764485001564025879e+00
4.464355707168579102e-01
6.458097696304321289e-01
5.963239818811416626e-02
3.980372548103332520e-01
0.000000000000000000e+00
0.000000000000000000e+00
2.777607440948486328e-01
3.651584684848785400e-02
3.063656762242317200e-02
0.000000000000000000e+00
6.279247999191284180e-01
9.503288567066192627e-02
2.200061082839965820e-01
6.437432765960693359e-02
4.388635158538818359e-01
8.208130002021789551e-01
4.429596364498138428e-01
0.000000000000000000e+00
3.810314238071441650e-01
2.354267537593841553e-01
8.341090083122253418e-01
4.992963373661041260e-01
6.125610470771789551e-01
1.321047544479370117e-01
6.248486638069152832e-01
4.236772283911705017e-02
5.720388889312744141e-01
2.740219533443450928e-01
2.933258116245269775e-01
1.858476549386978149e-02
0.000000000000000000e+00
4.439688026905059814e-01
6.141911149024963379e-01
3.380382359027862549e-01
2.310657054185867310e-01
3.492616117000579834e-01
6.149907037615776062e-02
7.777695655822753906e-01
2.617629766464233398e-01
0.000000000000000000e+00
5.753318667411804199e-01
3.318472206592559814e-02
1.075475737452507019e-01
1.555155366659164429e-01
4.126691222190856934e-01
5.820958316326141357e-02
4.413602352142333984e-01
1.112844228744506836e+00
7.156180590391159058e-02
4.779226303100585938e+00
3.018902242183685303e-01
2.238567732274532318e-02
2.242343902587890625e+00
0.000000000000000000e+00
1.982248783111572266e+00
0.000000000000000000e+00
4.561277031898498535e-01
0.000000000000000000e+00
0.000000000000000000e+00
2.854042768478393555e+00
1.151766061782836914e+00
1.525224328041076660e+00
7.735305279493331909e-02
1.689713262021541595e-02
0.000000000000000000e+00
1.191754937171936035e-01
2.049047350883483887e-01
1.194386720657348633e+00
3.415868580341339111e-01
6.553477048873901367e-02
0.000000000000000000e+00
1.169693395495414734e-01
1.188784912228584290e-01
8.610399365425109863e-01
3.877255916595458984e-01
2.790722846984863281e-01
5.346815288066864014e-02
0.000000000000000000e+00
7.390634417533874512e-01
3.360366523265838623e-01
1.040341407060623169e-01
5.366767048835754395e-01
2.406665802001953125e+00
2.137600481510162354e-01
0.000000000000000000e+00
4.543854892253875732e-01
1.120297387242317200e-01
6.808950424194335938e+00
2.935281395912170410e-02
4.106644690036773682e-01
2.890854515135288239e-02
0.000000000000000000e+00
1.695539504289627075e-01
1.840539723634719849e-01
3.667782306671142578e+00
1.378488689661026001e-01
1.897801272571086884e-02
4.389820154756307602e-03
1.194370836019515991e-01
2.468395978212356567e-01
2.067748904228210449e-01
1.977376788854598999e-01
5.515173077583312988e-01
0.000000000000000000e+00
1.462493091821670532e-02
9.336276707472279668e-05
1.003181468695402145e-02
5.348161235451698303e-02
6.869059801101684570e-01
0.000000000000000000e+00
0.000000000000000000e+00
1.715514957904815674e-01
2.095603942871093750e-02
4.973980784416198730e-02
4.564689993858337402e-01
1.472980380058288574e-01
2.233081124722957611e-02
4.247333705425262451e-01
3.218415677547454834e-01
2.735463380813598633e-01
3.425144255161285400e-01
5.549618043005466461e-03
1.530054062604904175e-01
2.328358292579650879e-01
0.000000000000000000e+00
1.470270276069641113e+00
1.914233714342117310e-01
6.334625482559204102e-01
0.000000000000000000e+00
3.138178348541259766e+00
1.973024383187294006e-02
1.367895007133483887e-01
1.405781626701354980e+00
1.064289063215255737e-01
9.449635446071624756e-02
3.119797408580780029e-01
9.714205265045166016e-01
8.620749413967132568e-02
3.619579374790191650e-01
1.331712454557418823e-01
2.174731642007827759e-01
2.028350591659545898e+00
3.465575277805328369e-01
1.487233877182006836e+00
1.448090076446533203e-01
0.000000000000000000e+00
3.659471869468688965e-01
2.104754596948623657e-01
6.094076037406921387e-01
2.201015353202819824e-01
2.882188260555267334e-01
8.056676387786865234e-01
3.137660920619964600e-01
2.275738567113876343e-01
7.149180769920349121e-02
1.315200209617614746e+00
3.422500193119049072e-01
1.460487693548202515e-01
3.022767305374145508e-01
1.160492300987243652e+00
4.146949648857116699e-01
9.060356765985488892e-02
9.397616609930992126e-03
1.281132455915212631e-03
3.103849291801452637e-02
2.621996961534023285e-02
0.000000000000000000e+00
1.155733168125152588e-01
6.207195692695677280e-04
5.741668939590454102e-01
2.541529946029186249e-03
3.149479925632476807e-01
7.428305745124816895e-01
1.448576748371124268e-01
2.488099485635757446e-01
6.166173145174980164e-02
8.387947678565979004e-01
7.263635843992233276e-02
1.516342759132385254e-01
0.000000000000000000e+00
0.000000000000000000e+00
1.003537885844707489e-02
2.952997572720050812e-02
0.000000000000000000e+00
4.009429812431335449e-01
8.868405818939208984e-01
8.640593290328979492e-02
5.728939771652221680e-01
1.116820052266120911e-01
2.552030682563781738e-01
5.321903824806213379e-01
0.000000000000000000e+00
1.316199421882629395e+00
3.673801720142364502e-01
1.765794903039932251e-01
2.748039662837982178e-01
8.722349070012569427e-03
5.335047841072082520e-01
1.236049532890319824e-01
3.022774755954742432e-01
1.466211557388305664e+00
1.403890609741210938e+00
0.000000000000000000e+00
2.103181555867195129e-02
0.000000000000000000e+00
0.000000000000000000e+00
2.392467498779296875e+00
5.768351629376411438e-02
5.632469058036804199e-01
2.145846843719482422e+00
7.149758934974670410e-02
1.858272790908813477e+00
1.906073391437530518e-01
4.940208047628402710e-02
2.834466844797134399e-02
0.000000000000000000e+00
4.272191524505615234e-01
1.753740161657333374e-01
1.995501816272735596e-01
8.409159183502197266e-01
4.988942444324493408e-01
3.077236935496330261e-02
2.755909040570259094e-02
1.559090763330459595e-01
6.615539640188217163e-02
9.841602295637130737e-03
1.159676983952522278e-01
7.011068463325500488e-01
1.324517965316772461e+00
4.748994410037994385e-01
0.000000000000000000e+00
7.832380943000316620e-03
8.844400644302368164e-01
5.043455362319946289e-01
3.503469824790954590e-01
0.000000000000000000e+00
2.560326159000396729e-01
1.282730579376220703e+00
1.372563652694225311e-03
0.000000000000000000e+00
1.014948114752769470e-01
0.000000000000000000e+00
1.578674316406250000e+00
0.000000000000000000e+00
1.025559380650520325e-01
1.081247568130493164e+00
1.898989796638488770e+00
5.252725630998611450e-02
6.675156354904174805e-01
1.736295223236083984e-01
0.000000000000000000e+00
7.727623581886291504e-01
8.459249138832092285e-02
8.959846198558807373e-02
7.083071470260620117e-01
9.960765242576599121e-01
2.529666125774383545e-01
2.768651582300662994e-02
7.618255168199539185e-02
0.000000000000000000e+00
1.069019675254821777e+00
1.964175701141357422e-02
5.078765749931335449e-02
2.499295212328433990e-02
1.144017428159713745e-01
8.535799570381641388e-03
3.418103158473968506e-01
5.802745372056961060e-02
1.207613665610551834e-02
4.403575956821441650e-01
1.885784268379211426e+00
1.963849812746047974e-01
0.000000000000000000e+00
1.803548336029052734e-01
2.173541545867919922e+00
5.288864672183990479e-02
2.409502491354942322e-02
0.000000000000000000e+00
1.844418346881866455e-01
9.598073959350585938e-01
1.431020796298980713e-01
8.565500974655151367e-01
2.509277462959289551e-01
9.557289630174636841e-02
0.000000000000000000e+00
5.941642522811889648e-01
2.426379732787609100e-02
2.029820345342159271e-02
2.067562788724899292e-01
4.635959118604660034e-02
8.520695567131042480e-01
4.673145115375518799e-01
6.809750795364379883e-01
4.824068069458007812e+00
1.206170082092285156e+00
3.435069918632507324e-01
1.159190200269222260e-02
2.462683916091918945e-01
6.318271160125732422e-01
9.893733263015747070e-02
1.201696041971445084e-02
1.909993961453437805e-02
6.152416765689849854e-02
6.946154683828353882e-02
1.920705586671829224e-01
7.225512266159057617e-01
3.553833961486816406e-01
3.022831082344055176e-01
1.015981674194335938e+00
2.252615690231323242e-01
6.774341315031051636e-02
6.305187940597534180e-01
3.565818667411804199e-01
0.000000000000000000e+00
1.625597476959228516e-01
6.779797077178955078e-01
8.776353299617767334e-02
8.170208930969238281e-01
1.628742665052413940e-01
0.000000000000000000e+00
6.504606455564498901e-03
3.057459890842437744e-01
4.859994649887084961e-01
0.000000000000000000e+00
1.099844098091125488e+00
2.008353769779205322e-01
1.837051957845687866e-01
4.082590341567993164e-01
3.269830942153930664e-01
1.981725573539733887e+00
9.729617089033126831e-02
3.283997774124145508e-01
2.637897618114948273e-02
1.957317590713500977e-01
2.191311836242675781e+00
9.449996054172515869e-02
4.116843044757843018e-01
0.000000000000000000e+00
6.708879470825195312e-01
0.000000000000000000e+00
1.795902475714683533e-02
1.064128398895263672e+00
2.038710713386535645e-01
1.808336228132247925e-01
1.136068031191825867e-01
4.978459700942039490e-02
1.855430006980895996e-02
5.950390920042991638e-02
2.834116816520690918e-01
0.000000000000000000e+00
2.601620852947235107e-01
2.930817365646362305e+00
6.115670315921306610e-03
0.000000000000000000e+00
3.749380350112915039e+00
5.348149687051773071e-03
5.012667551636695862e-02
3.026653528213500977e-01
0.000000000000000000e+00
1.806412935256958008e-01
1.118735298514366150e-01
0.000000000000000000e+00
8.542525023221969604e-02
0.000000000000000000e+00
0.000000000000000000e+00
1.430055141448974609e+00
3.698541084304451942e-03
1.647963561117649078e-02
2.728726342320442200e-02
1.770739108324050903e-01
1.987614482641220093e-01
2.885114669799804688e+00
0.000000000000000000e+00
9.392424486577510834e-03
1.396460235118865967e-01
2.983795292675495148e-02
0.000000000000000000e+00
5.147835612297058105e-01
9.855511188507080078e-01
6.931329518556594849e-02
2.246704250574111938e-01
4.055863711982965469e-03
2.159362137317657471e-01
7.681882977485656738e-01
4.991932213306427002e-02
1.447354406118392944e-01
2.919280715286731720e-02
1.659217663109302521e-02
8.728150278329849243e-02
3.494261503219604492e-01
1.701156981289386749e-02
1.577721163630485535e-02
2.021350339055061340e-02
2.054116427898406982e-01
4.948573112487792969e-01
4.347591847181320190e-02
1.203629188239574432e-02
1.108958572149276733e-01
6.631202697753906250e-01
1.209054514765739441e-01
0.000000000000000000e+00
0.000000000000000000e+00
4.735176563262939453e-01
1.198579668998718262e-01
1.507466435432434082e-01
0.000000000000000000e+00
9.078823775053024292e-02
6.692526396363973618e-03
0.000000000000000000e+00
1.261895988136529922e-02
5.800114274024963379e-01
6.707377731800079346e-03
1.151801720261573792e-01
4.629005789756774902e-01
1.221357882022857666e-01
0.000000000000000000e+00
2.007467985153198242e+00
4.081382453441619873e-01
3.299752175807952881e-01
2.349178493022918701e-01
4.331660270690917969e+00
3.351399675011634827e-02
3.399291634559631348e-01
2.845826148986816406e-01
9.309006333351135254e-01
1.488972157239913940e-01
1.457501202821731567e-02
0.000000000000000000e+00
1.850248426198959351e-01
5.940265581011772156e-02
0.000000000000000000e+00
3.335180878639221191e-02
8.343659341335296631e-02
1.442852765321731567e-01
9.987305384129285812e-04
9.128180742263793945e-01
6.779367476701736450e-02
2.446689456701278687e-02
3.186514973640441895e-02
5.690326914191246033e-02
3.003478236496448517e-02
5.538678169250488281e-01
8.603722602128982544e-02
4.306053221225738525e-01
2.963572144508361816e-01
6.947570946067571640e-03
8.301767706871032715e-01
4.592495262622833252e-01
0.000000000000000000e+00
2.078659273684024811e-02
5.753293037414550781e-01
2.551433086395263672e+00
2.019417524337768555e+00
2.704445123672485352e-01
3.056109547615051270e-01
2.531673610210418701e-01
3.635565042495727539e-01
3.975430727005004883e-01
1.855025440454483032e-01
5.418921634554862976e-02
1.725715398788452148e-01
6.198235154151916504e-01
1.764878630638122559e-01
0.000000000000000000e+00
2.058942019939422607e-01
3.635306060314178467e-01
3.167030867189168930e-03
0.000000000000000000e+00
5.552905052900314331e-02
7.855867147445678711e-01
1.348125189542770386e-02
0.000000000000000000e+00
7.735178619623184204e-02
1.438878923654556274e-01
5.176720023155212402e-01
1.038581598550081253e-02
0.000000000000000000e+00
3.331877589225769043e-01
3.428551554679870605e-02
1.800781339406967163e-01
6.513161063194274902e-01
5.199188739061355591e-02
2.154307514429092407e-01
7.584994891658425331e-04
1.118792653083801270e+00
3.896962404251098633e-01
4.934478551149368286e-03
3.256788849830627441e-02
2.969228327274322510e-01
1.044260412454605103e-01
8.007561415433883667e-02
0.000000000000000000e+00
1.033649127930402756e-02
9.581345319747924805e-01
4.872238263487815857e-02
8.768679201602935791e-02
7.576814293861389160e-02
1.407198429107666016e+00
1.170713454484939575e-01
1.396095454692840576e-01
1.658032685518264771e-01
2.777860127389431000e-02
1.371527910232543945e-01
1.139889005571603775e-03
2.437797039747238159e-01
4.740536808967590332e-01
1.385983824729919434e-01
1.911985687911510468e-02
3.295949459075927734e+00
5.374899506568908691e-02
7.137542217969894409e-02
0.000000000000000000e+00
1.970414519309997559e-01
1.988479793071746826e-01
6.705530881881713867e-01
1.476395279169082642e-01
3.286577701568603516e+00
0.000000000000000000e+00
3.374207615852355957e-01
4.707557614892721176e-03
4.171146452426910400e-01
4.882542416453361511e-03
1.246230080723762512e-01
9.917829185724258423e-02
3.037890791893005371e-01
7.973428964614868164e-01
4.913989827036857605e-02
0.000000000000000000e+00
4.360918700695037842e-02
1.273293495178222656e+00
1.659132093191146851e-01
3.275430202484130859e-01
4.854371249675750732e-01
5.615872740745544434e-01
4.333772510290145874e-02
9.027979522943496704e-02
8.935511857271194458e-02
9.462934732437133789e-02
2.889394462108612061e-01
8.464682847261428833e-02
1.122083902359008789e+00
7.673231363296508789e-01
1.235403493046760559e-02
8.850877881050109863e-01
1.731870621442794800e-01
0.000000000000000000e+00
6.373568177223205566e-01
5.152380466461181641e-01
2.962197363376617432e-01
5.938936024904251099e-03
1.394459307193756104e-01
3.657687008380889893e-01
6.248622015118598938e-02
0.000000000000000000e+00
7.364084571599960327e-02
6.423339247703552246e-01
1.118787936866283417e-02
1.271097362041473389e-01
0.000000000000000000e+00
1.377592831850051880e-01
7.881437428295612335e-03
9.247148036956787109e-02
1.108067274093627930e+00
1.513946652412414551e+00
3.183388113975524902e-01
3.552209436893463135e-01
3.838483989238739014e-01
1.326061487197875977e-01
1.039155960083007812e+00
7.813595980405807495e-02
4.728333652019500732e-02
1.448322534561157227e+00
2.417342066764831543e-01
1.351179182529449463e-01
1.710123270750045776e-01
9.586691111326217651e-02
2.570938169956207275e-01
2.381918430328369141e-01
8.941912651062011719e-01
0.000000000000000000e+00
1.458550430834293365e-02
5.853941440582275391e-01
0.000000000000000000e+00
0.000000000000000000e+00
0.000000000000000000e+00
7.169380318373441696e-03
9.724242240190505981e-02
2.202950954437255859e+00
9.986021369695663452e-02
1.320599913597106934e+00
4.950221776962280273e-01
1.051665663719177246e+00
4.510971903800964355e-02
6.629054546356201172e-01
3.639838933944702148e+00
1.149158239364624023e+00
0.000000000000000000e+00
1.418745994567871094e+00
1.010190248489379883e-01
0.000000000000000000e+00
1.226794645190238953e-01
0.000000000000000000e+00
8.187580108642578125e-02
1.370398044586181641e+00
7.965815067291259766e-01
2.906678915023803711e-01
9.667959064245223999e-02
6.602462530136108398e-01
6.110258698463439941e-01
4.525610208511352539e-01
0.000000000000000000e+00
4.810394644737243652e-01
1.238009333610534668e-01
1.101991415023803711e+00
8.392015472054481506e-03
2.895545959472656250e-02
2.546323299407958984e+00
2.934428118169307709e-02
4.415961802005767822e-01
3.577785253524780273e+00
3.588317036628723145e-01
2.811228036880493164e-01
2.237730175256729126e-01
4.629962444305419922e-01
1.687510251998901367e+00
0.000000000000000000e+00
1.218844391405582428e-02
6.809248924255371094e-01
2.362968958914279938e-02
3.952668905258178711e-01
1.255240589380264282e-01
2.382878810167312622e-01
1.425199955701828003e-01
9.700275957584381104e-02
6.509123742580413818e-02
2.131493687629699707e-01
1.533590108156204224e-01
0.000000000000000000e+00
1.129201240837574005e-02
4.114218354225158691e-01
0.000000000000000000e+00
1.635724425315856934e+00
9.635090082883834839e-02
2.546341121196746826e-01
3.266624808311462402e-01
4.967868793755769730e-03
4.015266299247741699e-01
1.098411306738853455e-01
0.000000000000000000e+00
9.581028819084167480e-01
5.771794542670249939e-02
1.977891176939010620e-01
4.330375492572784424e-01
3.253832757472991943e-01
4.076487123966217041e-01
7.318029552698135376e-02
0.000000000000000000e+00
3.342242240905761719e-01
1.212323904037475586e+00
5.439136028289794922e-01
3.124608285725116730e-02
5.738396644592285156e-01
0.000000000000000000e+00
6.634735316038131714e-02
4.022416114807128906e+00
2.155817858874797821e-02
3.134079277515411377e-01
3.927810788154602051e-01
6.050026044249534607e-02
0.000000000000000000e+00
6.243221461772918701e-03
5.423168092966079712e-02
4.788941890001296997e-02
1.605954766273498535e-01
8.094115257263183594e-01
4.347735941410064697e-01
3.270195424556732178e-01
8.975166082382202148e-02
4.762150812894105911e-03
6.406541168689727783e-02
1.538778394460678101e-01
3.694371320307254791e-03
0.000000000000000000e+00
2.019536681473255157e-03
4.530876576900482178e-01
7.744126319885253906e-01
3.074011504650115967e-01
3.612048923969268799e-01
