2.908915579319000244e-01
1.007227897644042969e+00
0.000000000000000000e+00
2.139733433723449707e-01
5.425219535827636719e-01
3.374773025512695312e+00
1.800698786973953247e-01
3.021914139389991760e-02
0.000000000000000000e+00
1.303118169307708740e-01
1.026041388511657715e+00
4.034063816070556641e-01
2.855310915037989616e-03
6.787496060132980347e-02
3.346914947032928467e-01
1.810566484928131104e-01
4.003398120403289795e-02
2.357334643602371216e-01
1.034586578607559204e-01
7.766209542751312256e-02
7.516235113143920898e-01
6.902254372835159302e-02
0.000000000000000000e+00
7.698660343885421753e-02
9.753984957933425903e-02
6.611551344394683838e-02
1.046351343393325806e-01
8.751833438873291016e-02
7.659277319908142090e-02
0.000000000000000000e+00
2.745075464248657227e+00
0.000000000000000000e+00
1.984724961221218109e-02
2.245017886161804199e-02
0.000000000000000000e+00
1.263859987258911133e+00
7.899178564548492432e-02
2.246419489383697510e-01
2.498376071453094482e-01
6.676701307296752930e-01
1.798152923583984375e-01
0.000000000000000000e+00
8.374570012092590332e-01
3.644920289516448975e-01
1.353946477174758911e-01
4.534585773944854736e-02
2.039716243743896484e-01
9.553873538970947266e-01
4.114476442337036133e-01
2.136302143335342407e-01
2.523397207260131836e-01
3.185171186923980713e-01
5.350004434585571289e-01
1.802079379558563232e-01
3.466122597455978394e-02
1.509914547204971313e-02
2.050361186265945435e-01
2.217707157135009766e+00
3.343383669853210449e-01
7.959554195404052734e-01
1.167805343866348267e-01
1.215816855430603027e+00
2.754873130470514297e-03
4.195029139518737793e-01
5.138031393289566040e-02
2.227689921855926514e-01
9.262284636497497559e-02
6.280008554458618164e-01
1.415749192237854004e-01
1.764784101396799088e-04
1.818670034408569336e-01
2.332479320466518402e-02
5.827954970300197601e-03
2.785267680883407593e-02
1.253241449594497681e-01
0.000000000000000000e+00
4.798881337046623230e-02
1.049288034439086914e+00
7.368737459182739258e-02
3.614443540573120117e-01
5.115035176277160645e-01
2.973227262496948242e+00
6.304216384887695312e-01
6.753447651863098145e-01
1.105581969022750854e-01
1.711726307868957520e+00
4.744680598378181458e-02
8.634577970951795578e-04
2.687986791133880615e-01
8.346079587936401367e-01
9.491501003503799438e-02
0.000000000000000000e+00
0.000000000000000000e+00
0.000000000000000000e+00
3.193947970867156982e-01
4.647014662623405457e-02
6.358337998390197754e-01
1.840706914663314819e-01
4.307178854942321777e-01
2.896565198898315430e-01
9.482125043869018555e-01
2.363603413105010986e-01
7.566582411527633667e-02
2.790613174438476562e+00
7.640587091445922852e-01
1.894241571426391602e-01
2.594629228115081787e-01
1.302740871906280518e-01
9.963008165359497070e-01
2.063935995101928711e-01
3.298697710037231445e+00
1.451608538627624512e-01
4.293001256883144379e-03
0.000000000000000000e+00
4.820561781525611877e-02
0.000000000000000000e+00
1.151809096336364746e+00
1.841723322868347168e-01
0.000000000000000000e+00
2.726995013654232025e-02
2.312739372253417969e+00
0.000000000000000000e+00
1.073745544999837875e-02
6.148902699351310730e-02
5.299081802368164062e+00
8.482080698013305664e-02
3.721585571765899658e-01
4.478334903717041016e+00
4.464347362518310547e-01
2.846351265907287598e-01
1.874208301305770874e-01
6.631790995597839355e-01
1.729877591133117676e-01
7.546853274106979370e-02
1.373546477407217026e-02
8.143603801727294922e-02
7.621570490300655365e-03
6.327874213457107544e-02
1.235764846205711365e-01
2.993697226047515869e-01
3.215313255786895752e-01
1.467543601989746094e+00
2.540813386440277100e-01
4.256114006042480469e+00
1.666812181472778320e+00
6.921261548995971680e-01
3.501731157302856445e-02
1.062662973999977112e-01
1.834519952535629272e-02
1.197917982935905457e-01
1.809831142425537109e+00
3.698070645332336426e-01
3.727451264858245850e-01
1.500447839498519897e-02
7.139579206705093384e-02
4.421018064022064209e-02
6.027993559837341309e-02
3.264406919479370117e-01
0.000000000000000000e+00
3.604762488976120949e-03
1.160390488803386688e-02
0.000000000000000000e+00
1.246748343110084534e-01
1.754890233278274536e-01
6.452091038227081299e-02
7.170224189758300781e-01
3.523412346839904785e-02
6.862159967422485352e-01
2.625440061092376709e-02
5.189840495586395264e-02
5.192433595657348633e-01
3.561757504940032959e-01
7.165876030921936035e-02
2.439896948635578156e-02
0.000000000000000000e+00
2.862583994865417480e-01
3.271847590804100037e-02
7.790182530879974365e-02
2.239018678665161133e-01
1.944578252732753754e-02
0.000000000000000000e+00
7.802573442459106445e-01
2.648336589336395264e-01
6.865081191062927246e-02
4.073632359504699707e-01
1.394884735345840454e-01
4.791946709156036377e-02
3.427267372608184814e-01
1.171495020389556885e-01
3.798952698707580566e-01
1.913776636123657227e+00
9.439947009086608887e-01
2.827180027961730957e-01
1.298485398292541504e-01
0.000000000000000000e+00
1.776172406971454620e-02
4.322820305824279785e-01
9.411791563034057617e-01
2.102207392454147339e-01
3.715035319328308105e-02
5.852454155683517456e-02
8.941897749900817871e-02
1.304506778717041016e+00
2.059200853109359741e-01
2.593156993389129639e-01
1.416654512286186218e-02
7.479726672172546387e-01
3.334199666976928711e+00
5.137313529849052429e-02
1.031705975532531738e+00
3.538175821304321289e-01
7.116101682186126709e-02
6.086836382746696472e-02
3.569662094116210938e+00
3.750034840777516365e-03
1.040663480758666992e+00
1.373555541038513184e+00
2.303692400455474854e-01
4.214444160461425781e-01
5.108684301376342773e-02
4.130387678742408752e-03
1.846365034580230713e-01
6.720547378063201904e-02
0.000000000000000000e+00
0.000000000000000000e+00
2.525224447250366211e+00
6.516111493110656738e-01
1.257949352264404297e+00
5.008819103240966797e-01
1.836105249822139740e-03
5.616387724876403809e-02
0.000000000000000000e+00
7.409339398145675659e-02
4.573413357138633728e-02
1.992232501506805420e-01
2.847053706645965576e-01
1.221674531698226929e-01
2.159218937158584595e-01
3.805049508810043335e-02
1.339353024959564209e-01
8.642095327377319336e-01
8.636099845170974731e-02
8.767318725585937500e-02
2.864919006824493408e-01
5.936735868453979492e-02
0.000000000000000000e+00
7.513312995433807373e-02
5.227333679795265198e-02
1.313022822141647339e-01
1.376978456974029541e-01
6.278871744871139526e-02
4.004251658916473389e-01
0.000000000000000000e+00
8.128419518470764160e-02
6.011392474174499512e-01
3.965946435928344727e-01
7.693117260932922363e-01
1.909348368644714355e-02
3.520522117614746094e-01
0.000000000000000000e+00
1.474843174219131470e-01
5.544241145253181458e-02
0.000000000000000000e+00
2.103007435798645020e-01
6.810111403465270996e-01
3.573493659496307373e-02
8.706293255090713501e-02
8.786974847316741943e-02
6.241026520729064941e-02
0.000000000000000000e+00
2.469752430915832520e-01
1.067850366234779358e-01
2.972324378788471222e-03
1.065724641084671021e-01
1.202381849288940430e-01
4.359782114624977112e-02
1.119951903820037842e-01
0.000000000000000000e+00
5.024557709693908691e-01
4.167233407497406006e-01
5.155361816287040710e-02
3.433775305747985840e-01
1.395107209682464600e-01
6.760150939226150513e-02
2.220642119646072388e-01
5.462612509727478027e-01
2.463545242790132761e-04
3.312293887138366699e-01
4.917981624603271484e+00
6.080182194709777832e-01
7.432996034622192383e-01
0.000000000000000000e+00
5.203361064195632935e-02
1.227726638317108154e-01
0.000000000000000000e+00
1.838854998350143433e-01
8.610605001449584961e-01
4.871446192264556885e-01
2.254520356655120850e-02
8.704849481582641602e-01
8.307330310344696045e-02
3.989921808242797852e-01
1.230631947517395020e+00
9.631923586130142212e-02
2.887721657752990723e-01
1.779436022043228149e-01
1.639222055673599243e-01
8.069157600402832031e-02
0.000000000000000000e+00
1.027397990226745605e+00
9.832248091697692871e-01
3.912899196147918701e-01
4.936201125383377075e-02
3.118121147155761719e+00
1.880613118410110474e-01
1.041331171989440918e+00
2.835670709609985352e-01
8.160153031349182129e-02
2.941574454307556152e-01
1.206292733550071716e-01
4.318854212760925293e-02
2.407714277505874634e-01
2.465987391769886017e-02
8.172774314880371094e-01
2.639440447092056274e-02
0.000000000000000000e+00
1.209307387471199036e-01
2.480533421039581299e-01
1.360883563756942749e-02
7.524256706237792969e-01
8.262684196233749390e-02
3.173969686031341553e-01
3.492181599140167236e-01
1.075492024421691895e+00
1.645406940951943398e-03
9.655183553695678711e-01
1.583489924669265747e-01
2.528146505355834961e-01
1.941615194082260132e-01
6.935190409421920776e-02
7.623349428176879883e-01
3.242320120334625244e-01
1.937740743160247803e-01
1.432110089808702469e-02
3.886581584811210632e-02
1.508662384003400803e-02
0.000000000000000000e+00
5.036947131156921387e-01
1.031976640224456787e-01
3.342076763510704041e-02
7.185760885477066040e-03
7.928023338317871094e-01
5.614368128590285778e-04
6.883407384157180786e-02
6.454971153289079666e-03
1.698622465133666992e+00
3.062125444412231445e-01
3.061940670013427734e-01
0.000000000000000000e+00
0.000000000000000000e+00
6.175151824951171875e+00
3.060038983821868896e-01
1.875525154173374176e-02
0.000000000000000000e+00
1.173483490943908691e+00
2.129882574081420898e+00
6.347496807575225830e-02
1.476593315601348877e-01
2.720293998718261719e-01
5.204434506595134735e-03
5.746329426765441895e-01
0.000000000000000000e+00
9.047089219093322754e-01
1.025688171386718750e+00
1.327828969806432724e-02
9.779048711061477661e-02
8.529815077781677246e-02
3.555614650249481201e-01
1.761363632977008820e-02
7.371031045913696289e-01
2.749516963958740234e-01
1.202345266938209534e-01
1.749909818172454834e-01
0.000000000000000000e+00
9.253377318382263184e-01
1.498010158538818359e-01
1.422253102064132690e-01
1.006479859352111816e-01
1.695666275918483734e-02
2.341545581817626953e+00
4.991603270173072815e-02
3.970477357506752014e-02
3.216235339641571045e-02
4.953674077987670898e-01
3.016768991947174072e-01
5.546738207340240479e-02
8.365794271230697632e-02
1.060868799686431885e-01
1.736428380012512207e+00
1.831966996192932129e+00
4.705468118190765381e-01
3.706163644790649414e+00
5.606921315193176270e-01
8.360930532217025757e-02
2.299524396657943726e-01
5.743868350982666016e-01
1.762498319149017334e-01
7.591491937637329102e-02
2.229460924863815308e-01
5.315254926681518555e-01
1.411551330238580704e-02
3.074939548969268799e-01
1.887905895709991455e-01
1.644212007522583008e-01
2.258433848619461060e-01
1.023687571287155151e-01
2.762445807456970215e-01
1.180780157446861267e-01
3.781410157680511475e-01
6.938610225915908813e-02
0.000000000000000000e+00
8.545105904340744019e-02
1.341555416584014893e-01
7.447723150253295898e-01
4.189812183380126953e+00
5.012779235839843750e-01
2.340862989425659180e+00
1.345085144042968750e+00
1.390804409980773926e+00
3.170537948608398438e-01
1.161208748817443848e+00
0.000000000000000000e+00
1.076707169413566589e-01
6.016973257064819336e-01
0.000000000000000000e+00
1.781944394111633301e+00
1.386290073394775391e+00
3.522783517837524414e-01
1.400633692741394043e+00
1.316260546445846558e-01
0.000000000000000000e+00
6.431692242622375488e-01
0.000000000000000000e+00
1.198629140853881836e+00
1.151869222521781921e-01
4.649109765887260437e-02
8.168889284133911133e-01
0.000000000000000000e+00
1.337549388408660889e-01
3.342176601290702820e-02
1.029358029365539551e+00
4.809319972991943359e-01
2.764953076839447021e-01
2.631923183798789978e-02
1.764232277870178223e+00
3.222598075866699219e+00
3.365249931812286377e-01
0.000000000000000000e+00
3.036700189113616943e-01
4.045012220740318298e-02
1.521374344825744629e+00
2.421519011259078979e-01
9.365315437316894531e-01
3.573646247386932373e-01
1.308924853801727295e-01
6.174078583717346191e-01
1.637320071458816528e-01
3.129295408725738525e-01
5.147790536284446716e-02
6.098416075110435486e-02
1.302375674247741699e+00
9.796206653118133545e-02
9.038513898849487305e-02
1.733735084533691406e+00
9.918760508298873901e-02
2.140226960182189941e-01
1.375800669193267822e-01
0.000000000000000000e+00
6.700543314218521118e-02
6.196398138999938965e-01
1.745311543345451355e-02
3.591303348541259766e+00
7.724939584732055664e-01
1.969597041606903076e-01
6.372261643409729004e-01
2.008537352085113525e-01
2.183199971914291382e-01
7.644313573837280273e-02
2.281549870967864990e-01
0.000000000000000000e+00
5.007456541061401367e-01
2.184321880340576172e+00
2.179996371269226074e-01
3.618859127163887024e-02
4.889139533042907715e-01
3.143532574176788330e-02
3.740341365337371826e-01
1.336461007595062256e-01
1.672555059194564819e-01
5.092968791723251343e-02
2.145517058670520782e-02
4.332442767918109894e-04
1.297153472900390625e+00
1.416348695755004883e+00
2.500121593475341797e-01
5.484427884221076965e-02
1.050584316253662109e+00
7.656039297580718994e-02
3.725474476814270020e-01
3.875053301453590393e-02
2.175790956243872643e-03
8.215014338493347168e-01
6.709069013595581055e-01
5.748879909515380859e-01
7.826904766261577606e-04
1.196405366063117981e-01
4.272682070732116699e-01
2.761144638061523438e+00
3.157877027988433838e-01
4.146314039826393127e-02
1.358618617057800293e+00
2.397610619664192200e-02
0.000000000000000000e+00
9.007807821035385132e-02
2.228783816099166870e-02
2.511720955371856689e-01
1.254707127809524536e-01
2.438353300094604492e-01
6.448544859886169434e-01
1.840076595544815063e-01
6.721194833517074585e-02
1.209648251533508301e+00
8.205286264419555664e-01
1.587357670068740845e-01
2.345030196011066437e-02
0.000000000000000000e+00
8.584142327308654785e-01
3.510882854461669922e-01
1.917143166065216064e-02
7.080653309822082520e-02
3.076493926346302032e-02
1.030895352363586426e+00
4.623873531818389893e-02
7.596381753683090210e-02
7.473427653312683105e-01
1.100680708885192871e+00
1.630346477031707764e-01
4.491395056247711182e-01
4.030413925647735596e-02
6.804179400205612183e-03
9.815043210983276367e-01
5.186006799340248108e-02
1.149168387055397034e-01
1.649672864004969597e-03
7.824958115816116333e-02
5.317782983183860779e-03
3.486666083335876465e-02
2.561921477317810059e-01
6.289499998092651367e-02
1.257475852966308594e+00
2.175981551408767700e-01
5.174132585525512695e-01
3.471879661083221436e-01
1.206304907798767090e+00
4.560096934437751770e-02
5.411129072308540344e-02
1.214602470397949219e+00
2.229716628789901733e-01
2.995682358741760254e-01
5.899270623922348022e-02
1.291148513555526733e-01
1.709677278995513916e-01
3.172830492258071899e-02
1.109389901161193848e+00
5.028256773948669434e-01
7.995103299617767334e-02
0.000000000000000000e+00
4.033831134438514709e-02
1.280695199966430664e+00
0.000000000000000000e+00
1.444581151008605957e-01
8.078529685735702515e-02
3.582601249217987061e-02
3.171379566192626953e-01
3.568531274795532227e-01
2.362304180860519409e-01
4.924490451812744141e-01
0.000000000000000000e+00
1.289347931742668152e-02
2.706517931073904037e-03
3.010460734367370605e-02
1.336752474308013916e-01
1.812781840562820435e-01
3.195749595761299133e-02
2.141330763697624207e-02
2.373678050935268402e-02
0.000000000000000000e+00
5.721234157681465149e-02
8.729936927556991577e-02
1.370225381106138229e-02
7.993516325950622559e-02
9.860674142837524414e-01
1.357798278331756592e-01
4.366236180067062378e-02
1.687034219503402710e-02
1.165700912475585938e+00
8.599475771188735962e-02
3.316864371299743652e-02
2.326783418655395508e+00
1.287201186642050743e-03
0.000000000000000000e+00
1.055516526103019714e-01
4.395461454987525940e-02
1.030059903860092163e-01
2.753574550151824951e-01
1.664286375045776367e+00
9.928081184625625610e-02
1.590616852045059204e-01
5.903443694114685059e-01
7.658213376998901367e-02
1.352901309728622437e-01
7.780577987432479858e-02
1.833757013082504272e-02
6.115247011184692383e-01
6.313199400901794434e-01
4.904156208038330078e+00
5.050573498010635376e-02
1.147391200065612793e+00
0.000000000000000000e+00
1.986805498600006104e-01
9.048257954418659210e-03
0.000000000000000000e+00
0.000000000000000000e+00
1.259036183357238770e+00
0.000000000000000000e+00
5.053902268409729004e-01
1.407064795494079590e-01
6.711167097091674805e-01
9.296835958957672119e-02
4.246863424777984619e-01
2.344360109418630600e-03
0.000000000000000000e+00
1.830702424049377441e-01
2.505267858505249023e-01
6.748131662607192993e-02
2.150760143995285034e-01
1.089684739708900452e-01
1.634167581796646118e-01
3.645318746566772461e-01
4.718230292201042175e-02
0.000000000000000000e+00
1.265319436788558960e-01
2.424107305705547333e-02
8.637671358883380890e-03
1.511478066444396973e+00
8.282414078712463379e-01
2.217662148177623749e-02
4.431398868560791016e+00
1.054555654525756836e+00
3.726888298988342285e-01
3.337886631488800049e-01
1.269110385328531265e-02
3.272127732634544373e-02
1.221852675080299377e-01
1.629989147186279297e-01
3.443512201309204102e+00
3.876870870590209961e-01
3.927825763821601868e-02
7.916189432144165039e-01
0.000000000000000000e+00
8.992950618267059326e-02
3.087961971759796143e-01
5.541420355439186096e-02
0.000000000000000000e+00
3.297927975654602051e-01
6.158869862556457520e-01
1.641505479812622070e+00
9.238373041152954102e-01
4.987404942512512207e-01
2.182384729385375977e-01
6.167156249284744263e-02
3.661573305726051331e-02
1.168550550937652588e-02
3.789772987365722656e-01
1.432085186243057251e-01
4.039398953318595886e-02
5.818038582801818848e-01
4.581117257475852966e-02
9.882846474647521973e-02
4.096424207091331482e-02
1.260664820671081543e+00
1.474824398756027222e-01
1.004858493804931641e+00
0.000000000000000000e+00
5.932866130024194717e-03
3.947905823588371277e-02
1.107658818364143372e-01
1.097128018736839294e-01
2.872135676443576813e-02
1.280210256576538086e+00
3.655123710632324219e-01
0.000000000000000000e+00
2.668875932693481445e+00
0.000000000000000000e+00
7.878068089485168457e-02
2.272079885005950928e-01
3.112375736236572266e-01
2.294614613056182861e-01
1.785268262028694153e-02
2.297882884740829468e-01
1.195164918899536133e+00
9.906324744224548340e-02
2.892765775322914124e-02
1.418757081031799316e+00
2.545132935047149658e-01
1.134972870349884033e-01
8.605854213237762451e-02
4.321338236331939697e-01
1.819709539413452148e-01
1.345682889223098755e-01
4.081225097179412842e-01
0.000000000000000000e+00
7.717233151197433472e-02
3.340582549571990967e-02
1.247153989970684052e-02
0.000000000000000000e+00
0.000000000000000000e+00
2.858934998512268066e-01
0.000000000000000000e+00
8.711938560009002686e-02
6.031467437744140625e+00
1.316231042146682739e-01
5.824185907840728760e-02
4.796608984470367432e-01
6.453081965446472168e-02
1.136987686157226562e+00
2.902135848999023438e-01
4.968629404902458191e-02
2.735507786273956299e-01
5.373672023415565491e-02
7.022607326507568359e-02
3.990563750267028809e-01
6.296537518501281738e-01
3.884956985712051392e-02
0.000000000000000000e+00
0.000000000000000000e+00
1.420345809310674667e-02
1.236286163330078125e-01
4.801732599735260010e-01
3.902982687577605247e-03
2.656116187572479248e-01
9.817833453416824341e-02
3.327451944351196289e+00
7.347676157951354980e-01
8.228580951690673828e-01
3.497221469879150391e-01
1.709226071834564209e-01
3.396816551685333252e-01
1.078239440917968750e+00
1.223896384239196777e+00
7.270566225051879883e-01
8.821724057197570801e-01
9.033884108066558838e-02
0.000000000000000000e+00
0.000000000000000000e+00
3.127268552780151367e-01
0.000000000000000000e+00
7.270856946706771851e-02
0.000000000000000000e+00
4.754438698291778564e-01
7.861440181732177734e-01
2.212075330317020416e-02
6.302368640899658203e-01
5.309307016432285309e-03
3.869124054908752441e-01
3.491440042853355408e-02
4.596594721078872681e-02
1.327076703310012817e-01
1.863116472959518433e-01
3.876283466815948486e-01
0.000000000000000000e+00
5.352795124053955078e-01
8.998319506645202637e-01
8.119786530733108521e-02
1.223986521363258362e-01
8.524212241172790527e-01
5.105572938919067383e-01
2.501342296600341797e-01
1.410186767578125000e+00
4.843016713857650757e-02
0.000000000000000000e+00
2.022254467010498047e-01
2.739414274692535400e-01
1.710629314184188843e-01
5.368024110794067383e-01
2.202746868133544922e-01
2.013173326849937439e-02
7.021303288638591766e-03
3.776355683803558350e-01
1.377953052520751953e+00
1.475547812879085541e-02
2.355471134185791016e+00
1.082696691155433655e-01
7.441006302833557129e-01
4.872126281261444092e-01
1.075901150703430176e+00
0.000000000000000000e+00
4.076319336891174316e-01
8.167307823896408081e-02
2.064170874655246735e-02
3.789381384849548340e-01
4.284968227148056030e-02
1.884397678077220917e-02
6.476310640573501587e-02
2.278799004852771759e-02
3.373746573925018311e-02
5.029970407485961914e-01
2.036402933299541473e-02
1.850562095642089844e+00
5.438192188739776611e-02
0.000000000000000000e+00
1.176960649900138378e-04
1.532268244773149490e-02
1.256716400384902954e-01
1.455562233924865723e+00
8.904790133237838745e-02
0.000000000000000000e+00
4.467578530311584473e-01
2.074619293212890625e+00
9.808394312858581543e-02
7.220942378044128418e-01
2.115916013717651367e+00
5.143271759152412415e-02
2.420910298824310303e-01
6.404765248298645020e-01
1.529995235614478588e-03
1.805355399847030640e-02
2.083721637725830078e+00
1.457704603672027588e-01
6.308349221944808960e-02
6.067482829093933105e-01
4.195097833871841431e-02
9.207256138324737549e-02
6.566128134727478027e-02
9.482927918434143066e-01
6.812962293624877930e-01
2.606380283832550049e-01
1.184367667883634567e-02
1.245858222246170044e-01
1.954695463180541992e+00
8.417905867099761963e-02
0.000000000000000000e+00
1.870685722678899765e-03
0.000000000000000000e+00
7.826673984527587891e-02
2.710749149322509766e+00
1.399316079914569855e-02
8.843483030796051025e-02
0.000000000000000000e+00
1.246790494769811630e-02
0.000000000000000000e+00
3.861637413501739502e-02
7.654169946908950806e-02
0.000000000000000000e+00
7.128099799156188965e-01
0.000000000000000000e+00
2.879784107208251953e-01
2.115959823131561279e-01
0.000000000000000000e+00
2.251982539892196655e-01
4.195831716060638428e-01
1.711063265800476074e+00
0.000000000000000000e+00
1.474195625633001328e-03
2.145950943231582642e-01
4.389626681804656982e-01
0.000000000000000000e+00
1.219348907470703125e-01
3.222289085388183594e-01
6.162433326244354248e-02
5.686021223664283752e-02
7.798418402671813965e-01
5.606633424758911133e-01
1.590489596128463745e-01
1.683817148208618164e+00
6.491666287183761597e-02
0.000000000000000000e+00
6.246891245245933533e-02
2.245252951979637146e-02
1.105419099330902100e-01
1.008935332298278809e+00
0.000000000000000000e+00
4.762510657310485840e-01
4.674155712127685547e-01
4.260556697845458984e-01
3.912100195884704590e-02
3.583257198333740234e-01
4.488705694675445557e-01
1.640107631683349609e+00
0.000000000000000000e+00
1.513700842857360840e+00
3.756935596466064453e-01
1.408645212650299072e-01
0.000000000000000000e+00
0.000000000000000000e+00
2.267487049102783203e-01
4.231879115104675293e-02
5.794365406036376953e-01
0.000000000000000000e+00
3.231033915653824806e-03
5.432855486869812012e-01
2.866605997085571289e+00
6.394123658537864685e-03
1.698632538318634033e-02
3.229714930057525635e-01
0.000000000000000000e+00
8.354204297065734863e-01
3.285889625549316406e-01
1.056459069252014160e+00
3.039419651031494141e-01
1.447508484125137329e-01
7.445551753044128418e-01
8.865699172019958496e-02
5.572253372520208359e-03
4.965491890907287598e-01
0.000000000000000000e+00
5.829648114740848541e-03
3.604947328567504883e-01
2.458312958478927612e-01
1.653546690940856934e-01
1.640088558197021484e-01
1.710168458521366119e-02
2.713193297386169434e-01
9.565086662769317627e-02
0.000000000000000000e+00
3.630278632044792175e-02
5.787088871002197266e-01
3.260656297206878662e-01
2.365663945674896240e-01
1.426736116409301758e-01
3.783804476261138916e-01
4.633710384368896484e-01
6.425997614860534668e-02
3.809754550457000732e-01
3.164581358432769775e-01
0.000000000000000000e+00
2.745864152908325195e+00
2.448645085096359253e-01
3.555975854396820068e-01
1.638972163200378418e-01
1.093312278389930725e-01
5.554922856390476227e-03
0.000000000000000000e+00
8.225540630519390106e-03
2.652825713157653809e-01
2.656077146530151367e+00
1.010909676551818848e+00
5.273601040244102478e-02
1.337459683418273926e-01
8.333603739738464355e-01
1.527371704578399658e-01
1.016046404838562012e-01
1.496154516935348511e-01
3.399143517017364502e-01
7.483520358800888062e-02
0.000000000000000000e+00
0.000000000000000000e+00
2.541150093078613281e+00
3.477749824523925781e-01
1.498831510543823242e-01
7.366370558738708496e-01
1.653114259243011475e-01
1.937218189239501953e+00
1.181130528450012207e+00
0.000000000000000000e+00
1.121993176639080048e-02
4.544040560722351074e-02
3.277578651905059814e-01
3.311381042003631592e-01
5.176171064376831055e-01
3.752795234322547913e-02
1.036412477493286133e+00
8.301540464162826538e-02
0.000000000000000000e+00
2.876113867387175560e-03
0.000000000000000000e+00
3.282745778560638428e-01
1.127163648605346680e+00
0.000000000000000000e+00
0.000000000000000000e+00
2.099262364208698273e-02
1.614631533622741699e+00
4.319398403167724609e-01
8.964294195175170898e-02
2.198215276002883911e-01
9.341184049844741821e-03
1.356836438179016113e+00
3.044564463198184967e-02
6.773415207862854004e-02
6.581479217857122421e-03
8.785840123891830444e-02
3.148362413048744202e-02
2.937823347747325897e-02
7.439114898443222046e-02
1.311740428209304810e-01
7.056681811809539795e-02
1.018660664558410645e+00
2.404397428035736084e-01
4.588949307799339294e-02
0.000000000000000000e+00
2.392942458391189575e-01
1.161241769790649414e+00
2.962894737720489502e-01
0.000000000000000000e+00
1.836387813091278076e-01
2.301211236044764519e-03
6.472936272621154785e-02
4.564410820603370667e-02
2.142117023468017578e-01
1.273266412317752838e-02
6.393857002258300781e-01
1.285710185766220093e-02
2.777817249298095703e-01
4.760013818740844727e-01
8.804174512624740601e-02
3.985218405723571777e-01
0.000000000000000000e+00
1.948154717683792114e-02
5.065925121307373047e-01
1.414273977279663086e-01
1.461754798889160156e+00
4.504517465829849243e-02
1.811713695526123047e+00
1.655974835157394409e-01
3.835360407829284668e-01
8.475751429796218872e-02
4.600999057292938232e-01
7.628292590379714966e-02
8.666814863681793213e-02
3.611823776736855507e-03
1.411903738975524902e+00
7.145068645477294922e-01
0.000000000000000000e+00
3.131773471832275391e-01
0.000000000000000000e+00
1.416708230972290039e-01
2.696404978632926941e-02
3.728863969445228577e-02
8.795651793479919434e-01
3.984511494636535645e-01
1.274324208498001099e-01
3.453535735607147217e-01
2.881143987178802490e-01
8.560515195131301880e-02
3.759305551648139954e-02
1.064834967255592346e-01
5.217994004487991333e-02
5.735160112380981445e-01
4.376973509788513184e-01
1.476319551467895508e+00
6.238934397697448730e-02
4.636479541659355164e-02
0.000000000000000000e+00
6.832783818244934082e-01
1.488892436027526855e-01
6.844123825430870056e-03
1.686208963394165039e+00
1.853386312723159790e-02
2.282189875841140747e-01
5.821241810917854309e-02
9.087549149990081787e-02
2.064356021583080292e-02
8.938049077987670898e-01
1.173480302095413208e-01
1.537832736968994141e+00
2.226653248071670532e-01
1.247929483652114868e-01
3.604773581027984619e-01
1.452440470457077026e-01
4.191794097423553467e-01
9.232708066701889038e-02
0.000000000000000000e+00
1.135960459709167480e+00
2.364395186305046082e-02
0.000000000000000000e+00
5.362373590469360352e-01
2.281722307205200195e+00
4.470123350620269775e-01
2.023473978042602539e+00
2.971034646034240723e-01
5.639632791280746460e-02
0.000000000000000000e+00
6.860817074775695801e-01
1.558942906558513641e-02
1.187770962715148926e-01
0.000000000000000000e+00
3.956935703754425049e-01
1.248580813407897949e-01
9.989661574363708496e-01
4.268816411495208740e-01
2.212773449718952179e-02
2.856266801245510578e-04
5.852310657501220703e-01
4.733723998069763184e-01
2.113218903541564941e-01
3.994946479797363281e-01
1.291185617446899414e-01
7.665605843067169189e-02
4.502862226217985153e-03
1.741943359375000000e-01
2.337988615036010742e-01
5.643822550773620605e-01
5.143720507621765137e-01
9.744665771722793579e-02
3.149421215057373047e-01
2.745558500289916992e+00
1.037770509719848633e-01
1.850458145141601562e+00
2.932082675397396088e-02
5.569930188357830048e-03
0.000000000000000000e+00
6.613921523094177246e-01
2.854186855256557465e-02
3.687137663364410400e-01
7.062885444611310959e-03
1.196622252464294434e+00
9.930906444787979126e-02
6.952165160328149796e-03
0.000000000000000000e+00
0.000000000000000000e+00
0.000000000000000000e+00
1.313270628452301025e-01
9.876824021339416504e-01
1.915106475353240967e-01
0.000000000000000000e+00
0.000000000000000000e+00
2.884946823120117188e+00
1.073717355728149414e+00
5.608832836151123047e-01
7.355458736419677734e-01
1.479281485080718994e-01
0.000000000000000000e+00
4.697488248348236084e-01
9.979396127164363861e-03
2.739002704620361328e+00
4.609233513474464417e-02
5.713998898863792419e-02
1.698285102844238281e+00
0.000000000000000000e+00
5.133062005043029785e-01
4.607319831848144531e+00
2.193786669522523880e-03
5.560930967330932617e-01
1.154293656349182129e+00
9.006838202476501465e-01
2.485633939504623413e-01
1.004802435636520386e-01
4.420377686619758606e-02
8.815368264913558960e-02
3.021122515201568604e-01
2.344522327184677124e-01
5.530728101730346680e-01
8.361544013023376465e-01
2.607528865337371826e-01
8.271493911743164062e-01
8.924573063850402832e-01
7.828238606452941895e-02
3.673126101493835449e-01
1.274461984634399414e+00
8.098188638687133789e-01
3.539505898952484131e-01
1.138611063361167908e-01
5.177186802029609680e-02
7.229318618774414062e-01
1.657974161207675934e-02
2.222565263509750366e-01
5.898246914148330688e-02
3.601851165294647217e-01
3.835050389170646667e-03
3.161773383617401123e-01
8.507868647575378418e-02
1.792486310005187988e-01
2.772327065467834473e-01
0.000000000000000000e+00
0.000000000000000000e+00
1.169745028018951416e-01
5.571415424346923828e-01
4.141025841236114502e-01
2.674204483628273010e-02
4.254412055015563965e-01
0.000000000000000000e+00
3.433082401752471924e-01
7.988927960395812988e-01
3.262793779373168945e+00
8.917040824890136719e-01
1.718581318855285645e-01
3.101139366626739502e-01
2.393091201782226562e+00
0.000000000000000000e+00
7.311912626028060913e-02
1.254276186227798462e-01
1.909258365631103516e-01
4.973112791776657104e-02
6.304913759231567383e-01
2.348767071962356567e-01
8.352357149124145508e-02
0.000000000000000000e+00
8.525698632001876831e-02
0.000000000000000000e+00
1.531399600207805634e-02
1.355980783700942993e-01
0.000000000000000000e+00
3.398980200290679932e-01
3.224297240376472473e-02
1.018122490495443344e-02
2.755310237407684326e-01
1.767008565366268158e-02
7.027911394834518433e-02
1.045743748545646667e-02
0.000000000000000000e+00
6.307922005653381348e-01
3.491478443145751953e+00
6.226472929120063782e-02
1.373413205146789551e+00
0.000000000000000000e+00
1.724556535482406616e-01
1.510885264724493027e-02
1.512519177049398422e-02
4.763184785842895508e-01
7.851725816726684570e-01
0.000000000000000000e+00
1.066559460014104843e-02
3.051210641860961914e-01
1.122447848320007324e-01
1.855742633342742920e-01
1.075076460838317871e-01
2.129201173782348633e+00
4.281668365001678467e-01
9.760847687721252441e-02
7.756004575639963150e-03
4.444616381078958511e-03
4.030190408229827881e-01
3.204218670725822449e-02
2.439782470464706421e-01
7.786444574594497681e-02
3.873044159263372421e-03
0.000000000000000000e+00
0.000000000000000000e+00
3.695652186870574951e-01
0.000000000000000000e+00
2.206532098352909088e-02
3.042378649115562439e-02
1.875923126935958862e-01
0.000000000000000000e+00
1.307013072073459625e-02
4.600755274295806885e-01
3.004168905317783356e-02
1.207200288772583008e-01
2.992343604564666748e-01
1.225846167653799057e-02
4.131157100200653076e-01
1.036561608314514160e+00
4.817315638065338135e-01
5.492224693298339844e-01
7.877186685800552368e-02
3.436321616172790527e-01
4.802605882287025452e-02
5.979800224304199219e-01
2.477317489683628082e-02
7.001736164093017578e-01
1.076501846313476562e+00
1.309161931276321411e-01
1.430534839630126953e+00
4.563130438327789307e-01
0.000000000000000000e+00
5.614744424819946289e-01
1.909433007240295410e+00
0.000000000000000000e+00
4.042336344718933105e-02
8.861821889877319336e-01
4.456733539700508118e-02
0.000000000000000000e+00
1.664357073605060577e-02
4.604879915714263916e-01
2.264893352985382080e-01
1.971005648374557495e-01
2.084469795227050781e-02
4.828650057315826416e-01
4.620782434940338135e-01
6.666361540555953979e-02
2.362632304430007935e-01
0.000000000000000000e+00
5.921474844217300415e-02
5.497607588768005371e-02
2.238849550485610962e-02
2.126187324523925781e+00
2.259463071823120117e-01
2.498179078102111816e-01
1.010405421257019043e+00
4.492110311985015869e-01
1.471523642539978027e+00
4.066674411296844482e-01
2.500832676887512207e-01
6.172418594360351562e-01
4.936753213405609131e-01
0.000000000000000000e+00
1.472428798675537109e+00
1.251578032970428467e-01
1.875539124011993408e-01
2.525031268596649170e-01
3.759317994117736816e-01
0.000000000000000000e+00
1.949243992567062378e-01
0.000000000000000000e+00
9.837154299020767212e-02
1.167680770158767700e-01
3.994950354099273682e-01
6.852263808250427246e-01
9.431695193052291870e-02
3.752344846725463867e-01
1.122968792915344238e+00
9.872179478406906128e-02
6.593849509954452515e-02
5.243867874145507812e+00
1.668106205761432648e-02
0.000000000000000000e+00
4.265452027320861816e-01
0.000000000000000000e+00
4.302540048956871033e-02
1.972531229257583618e-01
1.843569040298461914e+00
1.670887768268585205e-01
2.288024276494979858e-01
2.670257389545440674e-01
8.839691877365112305e-01
2.211977029219269753e-03
0.000000000000000000e+00
2.659494988620281219e-02
1.219500750303268433e-01
1.626479625701904297e-01
2.429171949625015259e-01
1.829276233911514282e-01
4.112921357154846191e-01
3.664973974227905273e-01
9.658609628677368164e-01
0.000000000000000000e+00
2.712640911340713501e-02
3.906040638685226440e-02
4.540899768471717834e-02
5.318573489785194397e-02
8.628069609403610229e-02
7.998569309711456299e-02
1.646338589489459991e-02
2.664409764111042023e-02
9.842503070831298828e-02
5.504032969474792480e-02
2.757272496819496155e-02
7.386293262243270874e-02
6.324335932731628418e-01
4.637473106384277344e+00
2.208387613296508789e+00
7.148956060409545898e-01
8.637665957212448120e-02
2.706421911716461182e-01
2.565332874655723572e-02
1.308709755539894104e-02
1.094901710748672485e-01
2.456635609269142151e-02
2.038400173187255859e-01
2.106388658285140991e-01
9.089262783527374268e-02
1.740282773971557617e-01
2.556229829788208008e-01
3.845985829830169678e-01
6.857984662055969238e-01
3.420142233371734619e-01
3.824739530682563782e-02
2.077493444085121155e-02
1.073297739028930664e+00
4.866797327995300293e-01
1.562772274017333984e+00
1.108331456780433655e-01
5.581417083740234375e-01
0.000000000000000000e+00
3.922462165355682373e-01
2.673761546611785889e-01
2.361033260822296143e-01
1.258256912231445312e+00
4.101591557264328003e-02
1.831369660794734955e-02
2.345438003540039062e-01
5.204754322767257690e-02
5.228635072708129883e-01
0.000000000000000000e+00
1.907379031181335449e-01
2.073061466217041016e-01
1.168149262666702271e-01
4.068363010883331299e-01
9.456313401460647583e-02
4.529681801795959473e-01
3.096609354019165039e+00
5.544709041714668274e-02
1.632147282361984253e-01
4.648415371775627136e-03
2.139316685497760773e-02
6.511936336755752563e-02
3.410460352897644043e-01
2.019588053226470947e-01
2.918440401554107666e-01
1.554879307746887207e+00
0.000000000000000000e+00
1.823539612814784050e-03
5.991289392113685608e-02
3.168820962309837341e-02
1.376317024230957031e+00
6.707458943128585815e-02
3.869645893573760986e-01
2.108857333660125732e-01
1.589770056307315826e-02
3.030010700225830078e+00
7.794378399848937988e-01
7.367134094238281250e-02
4.424796700477600098e-01
7.207028567790985107e-02
0.000000000000000000e+00
8.096878975629806519e-02
2.136325597763061523e+00
6.343600153923034668e-01
0.000000000000000000e+00
1.210313886404037476e-01
5.765924602746963501e-02
2.313404828310012817e-01
2.470665723085403442e-01
1.214010119438171387e+00
1.721220612525939941e-01
0.000000000000000000e+00
1.771929860115051270e-01
5.629770457744598389e-02
4.315472841262817383e-01
4.556123316287994385e-01
1.049685239791870117e+00
1.918134689331054688e-01
3.756856441497802734e+00
7.678230404853820801e-01
3.643243610858917236e-01
6.954846382141113281e-01
6.172437667846679688e-01
1.093678772449493408e-01
0.000000000000000000e+00
1.045024156570434570e+00
1.295615434646606445e-01
1.938847452402114868e-01
6.287766098976135254e-01
2.925572097301483154e-01
1.055861711502075195e+00
4.354992210865020752e-01
0.000000000000000000e+00
2.313495241105556488e-02
0.000000000000000000e+00
6.070998683571815491e-02
4.109231531620025635e-01
2.088115662336349487e-01
8.950375914573669434e-01
0.000000000000000000e+00
1.097884103655815125e-01
2.345626987516880035e-02
1.099871098995208740e-01
2.902140617370605469e-01
4.993593692779541016e-01
2.804828621447086334e-02
2.778629399836063385e-02
1.519252806901931763e-01
1.008878946304321289e-01
0.000000000000000000e+00
2.351119220256805420e-01
3.212470561265945435e-02
1.392372697591781616e-01
5.771950483322143555e-01
1.128527522087097168e+00
6.073483824729919434e-01
1.950177550315856934e-01
1.946976967155933380e-02
1.209663376212120056e-01
2.234898954629898071e-01
1.115245465189218521e-02
0.000000000000000000e+00
7.644683588296175003e-03
0.000000000000000000e+00
7.497584819793701172e-02
4.733472168445587158e-01
1.326044797897338867e-01
2.454272657632827759e-01
2.871406376361846924e-01
3.873067349195480347e-02
2.161881178617477417e-01
3.166503831744194031e-02
4.099179059267044067e-03
2.019487917423248291e-01
2.459939867258071899e-01
6.327369064092636108e-02
1.651638984680175781e+00
2.529552698135375977e+00
1.574383974075317383e-01
2.210348606109619141e+00
4.524598121643066406e-01
1.235397607088088989e-01
3.874454274773597717e-02
8.842307329177856445e-02
1.019486188888549805e-01
1.414231397211551666e-02
6.527385115623474121e-01
4.642986357212066650e-01
7.451767325401306152e-01
1.892197281122207642e-01
2.330395430326461792e-01
2.281792640686035156e+00
5.709083378314971924e-02
1.487007260322570801e+00
1.027197718620300293e+00
2.386576890945434570e+00
1.818229109048843384e-01
3.210484683513641357e-01
1.940388232469558716e-01
2.863861434161663055e-02
1.563873648643493652e+00
1.653476506471633911e-01
1.901365369558334351e-01
2.651616930961608887e-01
5.515018850564956665e-02
1.724926948547363281e+00
3.386881900951266289e-03
1.663398742675781250e-02
1.187350600957870483e-01
5.426442027091979980e-01
2.867839485406875610e-02
5.892753601074218750e-03
1.670349121093750000e+00
1.954096317291259766e+00
9.149931371212005615e-03
8.598831482231616974e-03
0.000000000000000000e+00
5.886548385024070740e-02
2.953667044639587402e-01
1.826280727982521057e-02
7.715675514191389084e-03
1.701413989067077637e-01
2.333955019712448120e-01
2.129502147436141968e-01
0.000000000000000000e+00
1.594306081533432007e-01
8.271753191947937012e-01
6.181141734123229980e-01
1.877769380807876587e-01
3.777397796511650085e-02
2.567409276962280273e-01
6.961049139499664307e-02
1.118236780166625977e-01
2.611326217651367188e+00
1.567475318908691406e+00
2.496103942394256592e-01
1.055571913719177246e+00
1.586666822433471680e+00
8.796381205320358276e-02
3.652079105377197266e-01
7.647885382175445557e-02
1.731688082218170166e-01
4.777987599372863770e-01
0.000000000000000000e+00
1.268004924058914185e-01
1.938902616500854492e+00
7.726506590843200684e-01
2.561199188232421875e+00
9.966542571783065796e-02
2.192020416259765625e-03
2.013935893774032593e-01
2.578248679637908936e-01
1.162085294723510742e+00
5.882079154253005981e-02
7.975849509239196777e-01
2.646331548690795898e+00
6.047436036169528961e-03
0.000000000000000000e+00
4.330588281154632568e-01
5.264610648155212402e-01
4.559383094310760498e-01
6.646012887358665466e-03
3.784088194370269775e-01
2.820219397544860840e-01
5.359414964914321899e-02
6.244049221277236938e-02
0.000000000000000000e+00
0.000000000000000000e+00
1.458913803100585938e+00
4.536570340860635042e-04
8.960480690002441406e-01
0.000000000000000000e+00
0.000000000000000000e+00
2.501088678836822510e-01
0.000000000000000000e+00
0.000000000000000000e+00
2.272699177265167236e-01
0.000000000000000000e+00
1.271908581256866455e-01
3.019516766071319580e-01
9.754781611263751984e-03
2.960072457790374756e-01
2.561030864715576172e+00
4.925008863210678101e-03
2.161340862512588501e-01
4.061525166034698486e-01
5.846343636512756348e-01
9.329864978790283203e-01
1.116224657744169235e-02
3.100625872611999512e-01
3.747136592864990234e-01
3.488131463527679443e-01
1.848905682563781738e-01
5.996304005384445190e-02
0.000000000000000000e+00
7.138569653034210205e-02
4.050894737243652344e+00
4.191061854362487793e-02
0.000000000000000000e+00
0.000000000000000000e+00
6.680099666118621826e-02
0.000000000000000000e+00
3.875704407691955566e-01
1.332147233188152313e-02
1.811054302379488945e-03
1.030199900269508362e-01
1.387650370597839355e+00
1.978771835565567017e-01
3.622685968875885010e-01
6.094750165939331055e-01
5.288375616073608398e-01
3.737720549106597900e-01
2.804964482784271240e-01
6.103755906224250793e-02
2.515218853950500488e-01
3.205085694789886475e-01
1.910801976919174194e-01
2.519102096557617188e-01
6.180931925773620605e-01
2.710736729204654694e-02
0.000000000000000000e+00
1.315801501274108887e+00
0.000000000000000000e+00
0.000000000000000000e+00
2.571417093276977539e-01
6.443858742713928223e-01
0.000000000000000000e+00
1.617849171161651611e-01
7.828534580767154694e-03
4.234610497951507568e-01
7.796306014060974121e-01
1.005688458681106567e-01
2.057480365037918091e-01
2.188476175069808960e-02
1.210464119911193848e+00
6.433706283569335938e-01
3.838535025715827942e-02
1.118547692894935608e-01
4.371369779109954834e-01
1.741718202829360962e-01
1.097775474190711975e-01
4.403639137744903564e-01
2.738581597805023193e-01
6.055065989494323730e-01
8.567066490650177002e-02
7.665375620126724243e-02
6.122136116027832031e-01
3.336344063282012939e-01
1.773728132247924805e-01
3.532511740922927856e-02
2.438482791185379028e-01
6.555246072821319103e-04
2.518048286437988281e-01
2.952379703521728516e+00
5.774880051612854004e-01
5.853711441159248352e-02
1.510522365570068359e-01
1.124085709452629089e-01
4.303758144378662109e-01
5.065236706286668777e-03
1.648362278938293457e-01
2.157371863722801208e-02
3.491639718413352966e-02
2.819123864173889160e-01
1.167968809604644775e-01
3.935511112213134766e+00
4.619405046105384827e-02
6.658402830362319946e-02
6.223306655883789062e-01
1.244655370712280273e+00
7.650373578071594238e-01
8.129792660474777222e-02
9.641744941473007202e-02
0.000000000000000000e+00
2.850053310394287109e-01
0.000000000000000000e+00
0.000000000000000000e+00
1.406646132469177246e+00
4.871613681316375732e-01
1.444220095872879028e-01
3.312328085303306580e-02
7.945002317428588867e-01
6.650286912918090820e-02
3.124149143695831299e-01
4.864554852247238159e-02
0.000000000000000000e+00
2.348823100328445435e-01
2.472497940063476562e+00
8.713987655937671661e-03
2.663476152520161122e-05
5.565886974334716797e+00
3.616404160857200623e-02
1.235075116157531738e+00
4.533809721469879150e-01
0.000000000000000000e+00
8.411093614995479584e-03
1.681306213140487671e-01
3.449255824089050293e-01
2.747798897325992584e-02
1.200682297348976135e-02
3.770261304453015327e-03
4.255823135375976562e+00
3.712504506111145020e-01
1.196320429444313049e-01
3.709578886628150940e-02
1.033492013812065125e-01
1.728928685188293457e-01
2.728368997573852539e+00
7.089493423700332642e-02
2.799644693732261658e-02
2.895980514585971832e-02
7.141539454460144043e-02
1.103528290987014771e-01
4.378936290740966797e-01
9.776932001113891602e-01
5.586526915431022644e-02
4.358569085597991943e-01
9.462584555149078369e-02
0.000000000000000000e+00
5.352091193199157715e-01
6.633845567703247070e-01
6.535012274980545044e-02
0.000000000000000000e+00
4.690896570682525635e-01
8.617408573627471924e-02
1.813800930976867676e-01
4.992970526218414307e-01
7.242251038551330566e-01
4.146959260106086731e-02
1.339805275201797485e-01
1.790544092655181885e-01
5.754285454750061035e-01
3.919128477573394775e-01
1.677661947906017303e-02
1.045202016830444336e+00
7.878986001014709473e-01
0.000000000000000000e+00
1.245621666312217712e-01
3.748124837875366211e-01
0.000000000000000000e+00
1.043172273784875870e-02
2.679285779595375061e-02
1.172452643513679504e-01
0.000000000000000000e+00
7.179851084947586060e-02
2.055474072694778442e-01
1.319837331771850586e+00
6.167642399668693542e-02
1.618318818509578705e-02
1.644271850585937500e+00
2.261895388364791870e-01
2.638680934906005859e-01
1.236648261547088623e-01
6.373582482337951660e-01
3.972109034657478333e-02
1.968702226877212524e-01
3.135323762893676758e+00
1.120023727416992188e+00
3.193697035312652588e-01
7.621239423751831055e-01
2.927491068840026855e-02
3.457042276859283447e-01
1.067802980542182922e-01
1.226914450526237488e-01
2.726901173591613770e-01
1.718884706497192383e+00
6.663069725036621094e-01
2.098896540701389313e-02
3.514714539051055908e-02
3.234673663973808289e-02
9.046694636344909668e-02
2.400623083114624023e+00
1.177942037582397461e+00
1.153931915760040283e-01
3.569557145237922668e-02
8.821951150894165039e-01
4.248276948928833008e-01
9.323567748069763184e-01
8.552999049425125122e-02
1.524038791656494141e+00
4.400911927223205566e-02
3.173129558563232422e-01
7.255481928586959839e-02
1.209507346153259277e+00
1.835208386182785034e-01
7.001264691352844238e-01
4.603852629661560059e-01
8.914849907159805298e-02
2.042788743972778320e+00
1.923262774944305420e-01
1.922655850648880005e-01
1.401902079582214355e+00
7.324051260948181152e-01
1.794358640909194946e-01
0.000000000000000000e+00
0.000000000000000000e+00
7.926997542381286621e-02
4.044103920459747314e-01
4.063942283391952515e-02
0.000000000000000000e+00
0.000000000000000000e+00
6.610365211963653564e-02
1.452174633741378784e-01
0.000000000000000000e+00
5.550026297569274902e-01
1.688283383846282959e-01
0.000000000000000000e+00
0.000000000000000000e+00
4.937436059117317200e-02
5.637268722057342529e-02
1.471528649330139160e+00
0.000000000000000000e+00
0.000000000000000000e+00
0.000000000000000000e+00
0.000000000000000000e+00
1.831148713827133179e-01
1.872885972261428833e-01
0.000000000000000000e+00
3.805943951010704041e-02
9.572589397430419922e-02
2.895828783512115479e-01
1.469161659479141235e-01
2.087601125240325928e-01
0.000000000000000000e+00
3.460439294576644897e-02
1.187141314148902893e-01
1.025026440620422363e+00
2.166396938264369965e-02
3.748822212219238281e-02
0.000000000000000000e+00
3.596896827220916748e-01
1.646619290113449097e-01
0.000000000000000000e+00
2.801457345485687256e-01
4.926710724830627441e-01
4.444249570369720459e-01
5.355902761220932007e-02
5.026926398277282715e-01
3.225215673446655273e-01
0.000000000000000000e+00
1.087964326143264771e-01
4.369428157806396484e-01
3.291731178760528564e-01
2.900021709501743317e-02
1.504542589187622070e+00
1.483004987239837646e-01
1.245816498994827271e-01
8.491344749927520752e-02
3.876515626907348633e-01
1.541569270193576813e-02
1.788402646780014038e-01
3.863854100927710533e-03
1.589855849742889404e-01
1.947685331106185913e-02
1.795325636863708496e+00
4.800416994839906693e-03
1.750080734491348267e-01
5.910093188285827637e-01
4.098006710410118103e-02
1.772601902484893799e-01
2.008621394634246826e-02
2.048453837633132935e-01
3.650360554456710815e-02
4.693297147750854492e-01
6.540743261575698853e-02
1.752847194671630859e+00
1.863396286964416504e+00
3.281415626406669617e-02
1.701789021492004395e+00
1.856776699423789978e-02
4.434000849723815918e-01
0.000000000000000000e+00
0.000000000000000000e+00
2.368977665901184082e-02
3.076086938381195068e-01
0.000000000000000000e+00
2.726506888866424561e-01
1.378306150436401367e-01
0.000000000000000000e+00
1.006518141366541386e-03
2.002897858619689941e-01
1.798347011208534241e-02
0.000000000000000000e+00
0.000000000000000000e+00
6.110895276069641113e-01
2.166532725095748901e-01
0.000000000000000000e+00
1.234614014625549316e+00
1.739652156829833984e-01
3.480366766452789307e-01
1.345377117395401001e-01
9.923452138900756836e-01
1.729058474302291870e-01
7.719969749450683594e-02
3.220489993691444397e-02
2.739978022873401642e-03
5.351788550615310669e-02
0.000000000000000000e+00
4.384057819843292236e-01
2.662417650222778320e+00
4.361133277416229248e-01
8.449051529169082642e-02
3.214253112673759460e-02
1.272142827510833740e-01
0.000000000000000000e+00
0.000000000000000000e+00
6.784855574369430542e-02
2.169849276542663574e-01
3.645218210294842720e-03
0.000000000000000000e+00
0.000000000000000000e+00
1.607425659894943237e-01
1.569483801722526550e-02
9.216067194938659668e-02
1.475616574287414551e+00
1.845561414957046509e-01
1.580377519130706787e-01
0.000000000000000000e+00
0.000000000000000000e+00
0.000000000000000000e+00
1.940449699759483337e-02
3.478793054819107056e-02
3.022281527519226074e-01
8.160665035247802734e-01
1.959040164947509766e-01
4.355487972497940063e-02
2.411287277936935425e-01
3.348350524902343750e-01
0.000000000000000000e+00
2.844773232936859131e-01
2.677436470985412598e-01
4.834764003753662109e-01
4.291992634534835815e-02
1.603024363517761230e+00
9.143439121544361115e-03
5.204676464200019836e-02
6.290855258703231812e-02
1.460369792766869068e-03
2.168973088264465332e-01
1.310883402824401855e+00
1.618316054344177246e+00
1.091920852661132812e+00
2.580267190933227539e-01
6.818830370903015137e-01
8.178400993347167969e-01
1.215747892856597900e-01
2.134614735841751099e-01
9.033477306365966797e-01
2.609530687332153320e-01
4.193354547023773193e-01
2.343314588069915771e-01
1.010475039482116699e+00
2.665240287780761719e+00
5.817126110196113586e-02
2.615571320056915283e-01
2.825975179672241211e+00
6.168203353881835938e-01
1.546894907951354980e-01
3.242519497871398926e-02
1.083706617355346680e-01
7.236915230751037598e-01
0.000000000000000000e+00
2.512937188148498535e-01
6.387385129928588867e-01
2.915106415748596191e-01
6.685733795166015625e-03
3.456402719020843506e-01
0.000000000000000000e+00
4.948162138462066650e-01
6.716924905776977539e-02
0.000000000000000000e+00
3.564034998416900635e-01
2.711564861238002777e-02
0.000000000000000000e+00
3.044763952493667603e-02
1.200629591941833496e+00
1.286230683326721191e-01
6.116459965705871582e-01
4.490401968359947205e-02
1.238402426242828369e-01
4.548802506178617477e-03
1.331576257944107056e-01
4.869411885738372803e-01
1.157926046289503574e-03
1.828529983758926392e-01
1.593691587448120117e+00
5.623500049114227295e-02
0.000000000000000000e+00
1.908876895904541016e-01
2.333630919456481934e-01
3.384544253349304199e-01
1.762632131576538086e+00
1.634806976653635502e-03
1.259927302598953247e-01
3.915715217590332031e-01
0.000000000000000000e+00
7.953429818153381348e-01
0.000000000000000000e+00
5.935236811637878418e-02
3.539898991584777832e-01
9.651048779487609863e-01
0.000000000000000000e+00
1.156653985381126404e-01
0.000000000000000000e+00
4.662467632442712784e-03
1.694120615720748901e-01
6.093491911888122559e-01
7.295481115579605103e-02
3.040970675647258759e-02
6.186602711677551270e-01
5.920498818159103394e-02
1.770183257758617401e-02
0.000000000000000000e+00
1.551189571619033813e-01
1.797894015908241272e-02
6.298192739486694336e-01
2.250019758939743042e-01
8.000480532646179199e-01
2.051515690982341766e-02
2.313239425420761108e-01
4.418458044528961182e-01
4.509479701519012451e-01
3.616063594818115234e-01
8.615128695964813232e-02
