0.000000000000000000e+00
1.940445780754089355e+00
6.802266929298639297e-03
6.767151355743408203e-01
4.643599390983581543e-01
8.308411240577697754e-01
0.000000000000000000e+00
0.000000000000000000e+00
2.456901669502258301e-01
1.293595694005489349e-02
2.067633628845214844e+00
7.453299760818481445e-01
7.412807643413543701e-02
3.212338779121637344e-03
1.085865616798400879e+00
7.732596993446350098e-01
1.286426484584808350e-01
3.339329063892364502e-01
2.202946990728378296e-01
1.522192209959030151e-01
3.109141886234283447e-01
3.016207516193389893e-01
4.798718914389610291e-02
8.806496113538742065e-02
4.134250059723854065e-02
1.295718401670455933e-01
3.002442121505737305e-01
1.285685319453477859e-02
1.804040372371673584e-01
7.234913762658834457e-03
7.562017440795898438e-01
0.000000000000000000e+00
2.250173687934875488e-02
7.267422974109649658e-02
7.750029675662517548e-03
1.582044363021850586e-01
2.080214023590087891e+00
3.040979504585266113e-01
0.000000000000000000e+00
3.130260705947875977e-01
0.000000000000000000e+00
7.652138918638229370e-02
8.122612237930297852e-01
1.003316864371299744e-01
2.571180164813995361e-01
1.353657245635986328e-01
3.062457442283630371e-01
6.319088339805603027e-01
4.019164741039276123e-01
1.668096423149108887e+00
3.923055231571197510e-01
1.705148458480834961e+00
1.392613500356674194e-01
1.598377639311365783e-05
8.397085070610046387e-01
1.523689832538366318e-02
0.000000000000000000e+00
3.608519136905670166e-01
8.851176500320434570e-02
2.010448873043060303e-01
0.000000000000000000e+00
1.364506006240844727e+00
1.008489206433296204e-01
4.767243191599845886e-02
2.216505706310272217e-01
5.283622443675994873e-02
1.211118176579475403e-01
2.587881803512573242e+00
1.004997044801712036e-01
1.330733578652143478e-02
6.557369828224182129e-01
2.947221100330352783e-01
0.000000000000000000e+00
1.106776475906372070e+00
1.640416868031024933e-02
5.370446667075157166e-02
7.841366529464721680e-01
9.467388987541198730e-01
2.204716354608535767e-01
4.676625728607177734e-01
8.137122392654418945e-01
2.344021320343017578e+00
5.600827932357788086e-01
3.843464851379394531e-01
1.708002686500549316e-01
2.436046123504638672e+00
1.286098361015319824e-01
3.346920013427734375e-02
3.724543750286102295e-02
5.785114169120788574e-01
1.212155595421791077e-01
3.144330531358718872e-02
5.859545432031154633e-03
4.533251747488975525e-03
3.852809667587280273e-01
8.485159873962402344e-01
1.980889737606048584e-01
3.817095756530761719e-01
9.783757328987121582e-01
2.606638371944427490e-01
6.676375865936279297e-01
1.075406193733215332e+00
0.000000000000000000e+00
2.903529167175292969e+00
2.253279924392700195e+00
2.250338345766067505e-02
7.616866230964660645e-01
1.670941710472106934e-01
7.410065531730651855e-01
6.019946932792663574e-01
1.901259571313858032e-01
6.970647573471069336e-01
4.413725137710571289e-01
2.792633473873138428e-01
2.027514278888702393e-01
0.000000000000000000e+00
1.531215429306030273e+00
6.140370368957519531e-01
2.380526214838027954e-01
2.603402361273765564e-02
1.210014104843139648e+00
4.375303909182548523e-02
0.000000000000000000e+00
1.672115445137023926e+00
7.308007240295410156e+00
0.000000000000000000e+00
0.000000000000000000e+00
7.211840748786926270e-01
8.202723860740661621e-01
1.660692244768142700e-01
2.683589980006217957e-02
1.435975283384323120e-01
6.188304424285888672e-01
2.658951096236705780e-02
0.000000000000000000e+00
3.286096155643463135e-01
2.380273789167404175e-01
0.000000000000000000e+00
2.485604584217071533e-01
1.522096991539001465e-01
2.565702199935913086e-01
3.119050979614257812e+00
4.962749779224395752e-01
1.616877913475036621e+00
1.001250743865966797e+00
1.323393136262893677e-01
1.906307637691497803e-01
2.219993174076080322e-01
3.023592829704284668e-01
6.246845722198486328e-01
3.710852146148681641e+00
3.590359091758728027e-01
1.687023192644119263e-01
9.547860175371170044e-02
3.650827705860137939e-01
1.105609461665153503e-01
1.867288053035736084e-01
7.797818630933761597e-02
1.149761304259300232e-01
4.816339816898107529e-03
7.765890359878540039e-01
5.429361388087272644e-02
0.000000000000000000e+00
2.252720445394515991e-01
4.355330765247344971e-02
2.405574560165405273e+00
1.262303143739700317e-01
4.627332091331481934e-01
4.662152528762817383e-01
4.565943777561187744e-01
2.876078486442565918e-01
4.126088917255401611e-01
2.441807985305786133e+00
5.698626041412353516e-01
0.000000000000000000e+00
1.072861552238464355e+00
0.000000000000000000e+00
6.899330615997314453e-01
0.000000000000000000e+00
1.008134841918945312e+00
0.000000000000000000e+00
5.911120176315307617e-01
1.056549191474914551e+00
8.040674775838851929e-02
8.607763051986694336e-02
5.819425731897354126e-02
0.000000000000000000e+00
7.228454351425170898e-01
3.008016943931579590e-01
3.815675079822540283e-01
1.109038233757019043e+00
7.006352394819259644e-02
4.874709844589233398e-01
2.958378493785858154e-01
3.234721347689628601e-02
5.637122318148612976e-02
1.446126937866210938e+00
3.207724094390869141e+00
5.897718667984008789e-02
7.331648468971252441e-02
1.802336983382701874e-02
5.519466102123260498e-02
1.254247546195983887e+00
0.000000000000000000e+00
8.068153262138366699e-01
0.000000000000000000e+00
1.957618355751037598e+00
2.625871658325195312e+00
5.017160177230834961e-01
6.524863243103027344e-01
6.217878460884094238e-01
2.196494489908218384e-02
1.319648176431655884e-01
9.152984619140625000e-01
2.329125255346298218e-01
4.726680815219879150e-01
3.027868270874023438e+00
0.000000000000000000e+00
1.086870767176151276e-02
1.828472018241882324e-01
1.806004047393798828e-01
5.120967030525207520e-01
7.802547421306371689e-03
0.000000000000000000e+00
1.347084790468215942e-01
9.944917559623718262e-01
1.169812083244323730e+00
1.237767696380615234e+00
5.319184064865112305e-01
5.889205336570739746e-01
7.679410576820373535e-01
8.524706214666366577e-02
3.807135224342346191e-01
1.043367758393287659e-01
4.175780415534973145e-01
8.331825137138366699e-01
7.681067287921905518e-02
1.142615675926208496e+00
2.850875556468963623e-01
1.803641468286514282e-01
2.616979647427797318e-03
1.503384947776794434e+00
7.752578705549240112e-02
4.941713996231555939e-03
9.415483474731445312e-02
2.788800895214080811e-01
3.400807678699493408e-01
1.084257811307907104e-01
3.997481465339660645e-01
7.113488763570785522e-02
2.450484782457351685e-01
4.933333024382591248e-03
5.080722272396087646e-02
3.396492078900337219e-02
1.489038944244384766e+00
1.305357739329338074e-02
1.376126520335674286e-02
5.760141462087631226e-02
8.466401100158691406e-01
2.377151139080524445e-02
5.172094106674194336e-01
2.175747007131576538e-01
9.884856641292572021e-02
1.535670459270477295e-01
5.447104945778846741e-02
2.048484981060028076e-01
1.985864788293838501e-01
0.000000000000000000e+00
1.278789043426513672e-01
1.213758345693349838e-02
7.339434027671813965e-01
1.283039808273315430e+00
2.625739276409149170e-01
1.063633896410465240e-02
0.000000000000000000e+00
0.000000000000000000e+00
6.031463742256164551e-01
0.000000000000000000e+00
1.863038390874862671e-01
1.300557136535644531e+00
0.000000000000000000e+00
2.747869491577148438e-02
2.422549426555633545e-01
8.390407077968120575e-03
6.259696483612060547e-01
4.533914029598236084e-01
2.415077090263366699e-01
7.255582213401794434e-01
6.259171485900878906e+00
2.435978055000305176e-01
1.706782728433609009e-01
3.810086846351623535e-01
0.000000000000000000e+00
2.644148766994476318e-01
1.901317574083805084e-02
9.440347552299499512e-03
1.917916387319564819e-01
2.042476087808609009e-03
1.714821010828018188e-01
5.069084763526916504e-01
8.405660837888717651e-02
1.531071364879608154e-01
5.039197579026222229e-02
0.000000000000000000e+00
1.543424874544143677e-01
7.001537680625915527e-01
1.996034383773803711e-01
2.918178737163543701e-01
1.007399857044219971e-01
1.108874678611755371e+00
2.676672339439392090e-01
2.168627828359603882e-01
4.091893434524536133e-01
4.495680332183837891e+00
3.328797221183776855e-02
9.500213265419006348e-01
2.172844558954238892e-01
5.228418111801147461e-02
9.657572954893112183e-03
3.244717046618461609e-02
0.000000000000000000e+00
2.103565931320190430e+00
6.328833848237991333e-02
4.182199835777282715e-01
1.910334229469299316e-01
0.000000000000000000e+00
1.979174315929412842e-01
1.292489469051361084e-01
4.482583701610565186e-02
1.206119656562805176e-01
7.316671311855316162e-02
0.000000000000000000e+00
8.404660820960998535e-01
1.401566505432128906e+00
0.000000000000000000e+00
6.087765563279390335e-03
6.750212907791137695e-01
4.065611660480499268e-01
1.167603015899658203e+00
8.570616692304611206e-02
3.351981043815612793e-01
2.694084867835044861e-02
5.415989756584167480e-01
1.232823804020881653e-01
2.566955052316188812e-02
1.157170906662940979e-02
5.286032101139426231e-04
1.159054040908813477e+00
1.662080991081893444e-03
8.964727073907852173e-02
3.144119977951049805e-01
6.764137744903564453e-01
3.249609842896461487e-02
6.703775376081466675e-02
3.009356558322906494e-02
2.759210586547851562e+00
4.354298710823059082e-01
5.064473152160644531e-01
0.000000000000000000e+00
9.185837581753730774e-03
1.834274172782897949e+00
5.541116595268249512e-01
0.000000000000000000e+00
6.997371092438697815e-03
1.013689413666725159e-01
2.072202920913696289e+00
1.948926299810409546e-01
1.738526821136474609e-01
7.065559029579162598e-01
3.523908928036689758e-02
0.000000000000000000e+00
0.000000000000000000e+00
1.923004835844039917e-01
0.000000000000000000e+00
3.931627422571182251e-02
1.263030648231506348e+00
1.233015805482864380e-01
1.555583834648132324e+00
3.054833412170410156e-02
3.226024210453033447e-01
2.979065775871276855e-01
2.686469554901123047e+00
6.471647415310144424e-03
2.445688471198081970e-02
5.728126168251037598e-01
1.297700166702270508e+00
9.121569991111755371e-02
1.555099844932556152e+00
1.913806423544883728e-02
2.031249284744262695e+00
2.240873128175735474e-01
2.656383216381072998e-01
1.105256825685501099e-01
4.129213988780975342e-01
2.048791199922561646e-01
2.026299089193344116e-01
0.000000000000000000e+00
9.299412965774536133e-01
1.819009304046630859e+00
1.595363974571228027e+00
5.041412711143493652e-01
4.399645805358886719e+00
1.734732747077941895e+00
1.033614426851272583e-01
1.776584863662719727e+00
8.037685751914978027e-01
5.448475480079650879e-01
2.729341015219688416e-02
5.759919881820678711e-01
3.769367188215255737e-02
1.357296854257583618e-01
4.499542713165283203e-01
2.448820322751998901e-01
0.000000000000000000e+00
1.054552435874938965e+00
6.994313094764947891e-03
9.172797203063964844e-03
4.557740092277526855e-01
9.810330718755722046e-02
1.457097232341766357e-01
0.000000000000000000e+00
2.049585133790969849e-01
1.189005821943283081e-01
6.601160168647766113e-01
1.510059237480163574e+00
1.224889606237411499e-02
1.806891322135925293e+00
5.575192570686340332e-01
2.129864394664764404e-01
1.963647082448005676e-03
3.094803094863891602e+00
2.944225370883941650e-01
9.680274724960327148e-01
9.724787436425685883e-03
3.642657995223999023e-01
5.357564091682434082e-01
6.190940737724304199e-01
6.659770607948303223e-01
6.022613048553466797e-01
1.967790573835372925e-01
2.913999557495117188e-02
8.627987653017044067e-02
3.639391390606760979e-03
1.823865652084350586e+00
3.015063405036926270e-01
1.519166212528944016e-02
1.039525985717773438e+00
6.269501447677612305e-01
5.137424468994140625e-01
8.273304440081119537e-03
8.154383301734924316e-01
0.000000000000000000e+00
6.440118551254272461e-01
6.200043857097625732e-02
3.727006912231445312e+00
2.216506719589233398e+00
4.103159904479980469e-02
9.684509597718715668e-03
3.497790098190307617e-01
1.046886518597602844e-01
3.520905971527099609e-01
1.661639958620071411e-01
1.277903839945793152e-02
2.424900233745574951e-01
0.000000000000000000e+00
3.096693940460681915e-02
2.682977318763732910e-01
7.735303640365600586e-01
8.511713892221450806e-02
9.449886158108711243e-03
8.219334483146667480e-01
2.645907700061798096e-01
0.000000000000000000e+00
2.431379556655883789e+00
4.564311802387237549e-01
5.576523542404174805e-01
6.034539341926574707e-01
5.061801075935363770e-01
1.039763018488883972e-01
1.616211771965026855e+00
3.687655329704284668e-01
1.809287071228027344e+00
8.265489339828491211e-01
4.522060751914978027e-01
1.416563987731933594e+00
3.297449946403503418e-01
1.318066716194152832e-01
9.014292806386947632e-02
6.322212219238281250e-01
3.379363715648651123e-01
3.777394816279411316e-02
2.233342409133911133e+00
0.000000000000000000e+00
1.064899921417236328e+00
6.239080429077148438e-01
1.188615262508392334e-01
1.568774133920669556e-01
6.552520790137350559e-04
7.778531312942504883e-02
0.000000000000000000e+00
0.000000000000000000e+00
1.789074949920177460e-02
6.255163192749023438e+00
1.946081072092056274e-01
1.964802891016006470e-01
3.710734844207763672e-01
1.955413937568664551e+00
2.445712983608245850e-01
2.800859212875366211e-01
0.000000000000000000e+00
2.636824548244476318e-01
2.957603037357330322e-01
8.353598713874816895e-01
1.677570305764675140e-02
2.860786207020282745e-02
1.061437726020812988e-01
1.745380908250808716e-01
2.205365180969238281e+00
4.925967156887054443e-01
6.266477052122354507e-03
1.595230937004089355e+00
0.000000000000000000e+00
6.859156768769025803e-03
0.000000000000000000e+00
0.000000000000000000e+00
3.283535838127136230e-01
2.622615396976470947e-01
3.464076668024063110e-02
2.487381935119628906e+00
1.921009868383407593e-01
6.185028236359357834e-03
2.192592620849609375e-01
1.775494078174233437e-03
9.851589566096663475e-04
1.055205147713422775e-02
1.395727097988128662e-01
2.890147924423217773e+00
4.330694377422332764e-01
4.276287257671356201e-01
0.000000000000000000e+00
2.451524883508682251e-01
6.721860766410827637e-01
8.360563777387142181e-03
0.000000000000000000e+00
7.003133296966552734e-01
8.083541393280029297e-01
8.909072875976562500e-01
2.631250619888305664e-01
0.000000000000000000e+00
7.753666490316390991e-02
1.982847929000854492e+00
1.207246035337448120e-01
1.211683154106140137e-01
4.152761306613683701e-03
0.000000000000000000e+00
2.139014452695846558e-01
2.121697962284088135e-01
3.393446505069732666e-01
1.266646236181259155e-01
1.760460972785949707e+00
3.543338477611541748e-01
1.213187336921691895e+00
1.686041235923767090e+00
1.013358473777770996e+00
5.794383212924003601e-02
1.205448731780052185e-01
1.065748214721679688e+00
1.235198751091957092e-01
5.479478836059570312e-01
2.681831642985343933e-02
1.358851343393325806e-01
8.757174015045166016e-01
5.561768412590026855e-01
1.426216959953308105e+00
3.031334280967712402e-01
5.680370703339576721e-02
8.231401443481445312e-05
7.205899804830551147e-02
7.373641490936279297e+00
0.000000000000000000e+00
9.149444103240966797e-01
1.010916754603385925e-01
2.155074924230575562e-01
1.834294795989990234e+00
2.669789791107177734e+00
1.126376911997795105e-03
1.348348140716552734e+00
5.224615335464477539e-01
9.671672433614730835e-02
2.263125032186508179e-01
0.000000000000000000e+00
4.315065145492553711e-01
1.508434057235717773e+00
1.789315342903137207e+00
8.055317215621471405e-03
2.778462469577789307e-01
2.131381817162036896e-02
1.188858672976493835e-01
1.194806024432182312e-02
1.166016608476638794e-02
4.964000284671783447e-01
1.641571402549743652e+00
3.581391870975494385e-01
1.656056940555572510e-01
3.665560781955718994e-01
3.744323849678039551e-01
1.342733949422836304e-01
8.377869129180908203e-01
1.279938340187072754e+00
0.000000000000000000e+00
1.477036178112030029e-01
1.920180395245552063e-02
6.385978460311889648e-01
1.192692853510379791e-02
1.548906564712524414e-01
9.583868980407714844e-01
1.643368788063526154e-02
2.835550606250762939e-01
3.503395989537239075e-02
0.000000000000000000e+00
1.982149124145507812e+00
2.416056115180253983e-03
0.000000000000000000e+00
4.470203220844268799e-01
5.827853679656982422e-01
3.052070856094360352e+00
3.029419779777526855e-01
3.206192255020141602e+00
1.708850264549255371e-01
1.235834416002035141e-02
3.009657934308052063e-02
5.744382366538047791e-02
6.201409175992012024e-02
7.374234795570373535e-01
0.000000000000000000e+00
8.367865681648254395e-01
3.125722333788871765e-02
1.298213005065917969e+00
8.255709707736968994e-02
7.765693664550781250e-01
4.309947788715362549e-01
0.000000000000000000e+00
1.342668086290359497e-01
5.369555205106735229e-02
3.700511157512664795e-02
7.420306801795959473e-01
2.775156199932098389e-01
8.933505415916442871e-02
0.000000000000000000e+00
1.447678543627262115e-02
2.251052856445312500e-01
1.520831882953643799e-01
2.773605985566973686e-03
4.071176946163177490e-01
7.622558474540710449e-01
2.909051656723022461e+00
9.938225150108337402e-02
4.635025978088378906e+00
4.767504334449768066e-02
2.048314958810806274e-01
1.608573496341705322e-01
2.653501927852630615e-01
0.000000000000000000e+00
6.161196902394294739e-02
1.266792267560958862e-01
1.093053936958312988e+00
8.904248476028442383e-01
4.498007893562316895e-02
4.555267691612243652e-01
2.589697837829589844e-01
2.654128670692443848e-01
1.283383488655090332e+00
8.358716219663619995e-02
2.279838025569915771e-01
0.000000000000000000e+00
3.827430307865142822e-02
1.514285355806350708e-01
1.927520751953125000e+00
1.433867812156677246e-01
1.690110802650451660e+00
4.359556734561920166e-01
2.136896550655364990e-01
0.000000000000000000e+00
1.130690932273864746e+00
7.148480415344238281e-02
4.161945730447769165e-02
1.247956231236457825e-01
1.661005020141601562e-01
1.051008477807044983e-01
2.789249271154403687e-02
2.421689033508300781e+00
5.403047800064086914e-01
2.366008758544921875e-01
0.000000000000000000e+00
5.193806812167167664e-02
0.000000000000000000e+00
1.271025240421295166e-01
6.189002394676208496e-01
1.836165189743041992e-01
6.170395612716674805e-01
6.340368390083312988e-01
2.026280164718627930e-01
2.464325189590454102e+00
7.092417776584625244e-02
2.548003792762756348e-01
3.677876591682434082e-01
1.676518678665161133e+00
1.965395361185073853e-02
0.000000000000000000e+00
5.622421503067016602e-01
2.639758348464965820e+00
1.100713014602661133e-01
6.607864797115325928e-02
7.223360538482666016e-01
4.843553900718688965e-01
8.965504169464111328e-02
1.894469618797302246e+00
6.036686897277832031e-01
2.102744579315185547e-01
3.206601738929748535e-02
0.000000000000000000e+00
7.482083141803741455e-02
1.940191164612770081e-02
2.412441372871398926e-01
0.000000000000000000e+00
6.022056192159652710e-02
3.267661929130554199e-01
2.956487238407135010e-01
2.734114825725555420e-01
1.639727801084518433e-01
2.811542510986328125e+00
1.103948103263974190e-03
7.546591758728027344e-02
2.246228933334350586e+00
0.000000000000000000e+00
1.329349398612976074e+00
2.098892629146575928e-01
2.213428542017936707e-02
2.402361780405044556e-01
3.966072946786880493e-02
1.374337196350097656e+00
1.200030088424682617e+00
1.059610955417156219e-02
1.825551241636276245e-01
9.186496958136558533e-03
2.377234101295471191e-01
6.010250188410282135e-03
2.075862884521484375e-01
1.528941243886947632e-01
2.650091946125030518e-01
3.157544434070587158e-01
0.000000000000000000e+00
1.058026194572448730e+00
6.622875928878784180e-01
2.440784126520156860e-02
2.506499290466308594e-01
3.141969740390777588e-01
7.502782344818115234e-01
8.762755393981933594e-01
8.436329364776611328e-01
1.857317388057708740e-01
1.157983422279357910e+00
1.233416702598333359e-02
9.342518448829650879e-02
9.127666801214218140e-02
2.614822685718536377e-01
2.261235145851969719e-03
1.803692430257797241e-01
1.416925430297851562e+00
4.689243435859680176e-01
6.003530621528625488e-01
0.000000000000000000e+00
5.050504207611083984e-01
0.000000000000000000e+00
3.444578126072883606e-02
1.140721887350082397e-01
6.609571576118469238e-01
7.290319539606571198e-03
4.270733147859573364e-02
8.894897103309631348e-01
2.601085416972637177e-02
3.995692357420921326e-02
1.337407380342483521e-01
3.406971320509910583e-02
3.318363800644874573e-02
9.584640264511108398e-01
3.518830835819244385e-01
9.836691617965698242e-02
2.161637544631958008e+00
2.000349164009094238e-01
1.434325128793716431e-01
1.191904306411743164e+00
2.390011310577392578e+00
1.439652293920516968e-01
3.272981345653533936e-01
2.231369614601135254e-01
2.112838625907897949e-02
1.107347086071968079e-01
7.384022474288940430e-01
8.360570073127746582e-01
2.422558963298797607e-01
1.869590163230895996e+00
4.221445918083190918e-01
5.936277508735656738e-01
7.068591713905334473e-01
2.052377909421920776e-01
1.165849804878234863e+00
1.547880023717880249e-01
0.000000000000000000e+00
0.000000000000000000e+00
1.102147027850151062e-01
3.122279942035675049e-01
3.729392215609550476e-02
3.984493613243103027e-01
3.151450157165527344e-01
3.078608214855194092e-01
2.670003473758697510e-01
1.397261470556259155e-01
2.555049657821655273e+00
6.315975785255432129e-01
5.715594813227653503e-02
9.364913702011108398e-01
1.064299941062927246e-01
1.513122469186782837e-01
2.621316432952880859e+00
4.515737891197204590e-01
8.094295114278793335e-02
2.803581357002258301e-01
1.020328402519226074e+00
0.000000000000000000e+00
1.160952150821685791e-01
8.876026868820190430e-01
2.976265735924243927e-02
0.000000000000000000e+00
9.645444154739379883e-02
7.639340125024318695e-03
0.000000000000000000e+00
2.746098935604095459e-01
3.343511819839477539e-01
2.519923821091651917e-02
2.270819991827011108e-02
0.000000000000000000e+00
0.000000000000000000e+00
1.599790528416633606e-02
1.409264951944351196e-01
1.052974581718444824e+00
1.138960719108581543e-01
2.747256159782409668e-01
5.005157589912414551e-01
5.746562480926513672e-01
2.707647532224655151e-02
1.643710955977439880e-02
9.519452452659606934e-01
3.126527070999145508e-01
6.070365309715270996e-01
7.816714048385620117e-01
1.103214547038078308e-01
3.375220671296119690e-02
1.176730841398239136e-01
5.273857116699218750e-01
0.000000000000000000e+00
4.633129537105560303e-01
1.333433389663696289e-01
1.590066999197006226e-01
7.287233471870422363e-01
1.828389475122094154e-03
2.963961064815521240e-01
4.072707891464233398e-01
1.221790444105863571e-02
1.488881558179855347e-01
4.594224393367767334e-01
9.081988781690597534e-02
4.801684617996215820e-02
1.412356048822402954e-01
4.783712029457092285e-01
2.229112684726715088e-01
3.419518768787384033e-01
8.839166164398193359e-02
1.141706109046936035e+00
0.000000000000000000e+00
1.691132783889770508e-01
1.377592802047729492e+00
1.696529835462570190e-01
9.708433412015438080e-03
1.902956247329711914e+00
8.537706136703491211e-01
1.118540540337562561e-01
4.751991629600524902e-01
0.000000000000000000e+00
5.171621963381767273e-02
7.037987709045410156e-01
9.213388897478580475e-03
4.430858790874481201e-01
1.722889691591262817e-01
2.304701656103134155e-01
0.000000000000000000e+00
5.459707975387573242e-01
5.770608782768249512e-01
1.767786145210266113e+00
0.000000000000000000e+00
2.257605195045471191e-01
1.927193254232406616e-01
4.139380156993865967e-02
6.186065077781677246e-02
1.321782022714614868e-01
3.328513726592063904e-02
2.475441666319966316e-03
5.840545296669006348e-01
9.332201629877090454e-02
1.166168507188558578e-02
2.219405472278594971e-01
1.725930690765380859e+00
1.953881084918975830e-01
5.740228891372680664e-01
2.077039144933223724e-02
1.379755139350891113e-01
7.901282906532287598e-01
1.403441131114959717e-01
8.951933979988098145e-01
3.350733593106269836e-02
1.458242297172546387e+00
5.945320129394531250e-01
0.000000000000000000e+00
4.284523054957389832e-02
1.665879130363464355e+00
4.387557879090309143e-02
8.773114532232284546e-02
8.379482477903366089e-02
2.023131102323532104e-01
8.866117596626281738e-01
1.354377746582031250e+00
1.587740540504455566e+00
7.015006542205810547e-01
7.200860977172851562e-02
4.217228665947914124e-02
1.870135404169559479e-02
9.953632950782775879e-01
9.413205087184906006e-02
1.026413217186927795e-01
0.000000000000000000e+00
2.161688059568405151e-01
1.925632506608963013e-01
2.730986177921295166e-01
4.469135776162147522e-02
2.099695429205894470e-02
2.943486571311950684e-01
4.115098714828491211e-01
2.845022380352020264e-01
5.471334457397460938e-01
1.239224314689636230e+00
7.204145938158035278e-02
3.273398056626319885e-02
0.000000000000000000e+00
1.027236461639404297e+00
3.274519741535186768e-01
2.779295921325683594e+00
3.869239389896392822e-01
5.580903496593236923e-03
1.117327287793159485e-01
1.261166781187057495e-01
5.751813650131225586e-01
3.099084198474884033e-01
6.520499587059020996e-01
5.928596258163452148e-01
0.000000000000000000e+00
5.290657654404640198e-02
2.840077579021453857e-01
9.614179730415344238e-01
1.284938931465148926e+00
5.184360779821872711e-03
1.379521787166595459e-01
8.321637511253356934e-01
4.114443659782409668e-01
1.340002536773681641e+00
2.577858269214630127e-01
7.247453927993774414e-01
1.359312415122985840e+00
0.000000000000000000e+00
3.071906864643096924e-01
7.379626631736755371e-01
0.000000000000000000e+00
1.749083280563354492e+00
4.803681746125221252e-03
9.326028823852539062e-01
0.000000000000000000e+00
7.172148674726486206e-02
6.389255523681640625e-01
4.002142906188964844e+00
1.213942289352416992e+00
3.084708238020539284e-03
0.000000000000000000e+00
4.572014883160591125e-02
4.182540252804756165e-02
1.151430845260620117e+00
2.480432093143463135e-01
1.147918701171875000e-01
1.229828238487243652e+00
6.194167733192443848e-01
2.589689334854483604e-03
2.681510336697101593e-02
6.154545545578002930e-01
4.162742495536804199e-01
1.437724113464355469e+00
1.739464253187179565e-01
5.431683063507080078e-01
8.517093211412429810e-02
1.031276583671569824e+00
0.000000000000000000e+00
2.970701754093170166e-01
1.170671748695895076e-04
7.088786363601684570e-01
1.640838146209716797e+00
2.231588400900363922e-02
9.923857450485229492e-02
3.908523321151733398e-01
8.541977405548095703e-02
4.763465002179145813e-02
0.000000000000000000e+00
1.670943498611450195e-01
1.003501638770103455e-01
8.732141256332397461e-01
2.685149386525154114e-02
7.098457217216491699e-01
6.120309829711914062e-01
0.000000000000000000e+00
6.336665153503417969e-01
9.068094938993453979e-02
1.641313172876834869e-02
1.681875251233577728e-02
6.487285345792770386e-02
4.506222903728485107e-01
9.754751808941364288e-03
1.025106668472290039e+00
1.249295249581336975e-01
4.079921543598175049e-01
2.396218031644821167e-01
2.254461288452148438e+00
3.738610148429870605e-01
5.201934278011322021e-02
0.000000000000000000e+00
1.790647268295288086e+00
3.967654332518577576e-02
7.335567474365234375e-02
2.019133806228637695e+00
1.900163441896438599e-01
0.000000000000000000e+00
5.435086414217948914e-02
4.356173053383827209e-02
4.687594249844551086e-02
6.738468259572982788e-02
2.073488235473632812e+00
2.675915136933326721e-03
8.364857435226440430e-01
0.000000000000000000e+00
2.294154837727546692e-03
6.760059297084808350e-02
8.579776287078857422e-01
0.000000000000000000e+00
1.051319003105163574e+00
7.612459063529968262e-01
4.584198296070098877e-01
2.407845735549926758e+00
0.000000000000000000e+00
2.417932599782943726e-01
0.000000000000000000e+00
4.443643614649772644e-02
3.279410675168037415e-02
0.000000000000000000e+00
1.093648523092269897e-01
2.813101708889007568e-01
1.923220753669738770e-01
2.360681444406509399e-01
5.235372781753540039e-01
0.000000000000000000e+00
4.250811338424682617e-01
4.883803799748420715e-02
3.463987112045288086e-01
2.437237501144409180e+00
4.963010083884000778e-03
5.125444531440734863e-01
9.126069396734237671e-02
0.000000000000000000e+00
3.861972093582153320e+00
4.841655492782592773e-02
0.000000000000000000e+00
3.304336667060852051e-01
3.315621912479400635e-01
0.000000000000000000e+00
1.439287424087524414e+00
5.589222535490989685e-02
0.000000000000000000e+00
1.979543685913085938e+00
2.044218033552169800e-01
0.000000000000000000e+00
1.515937745571136475e-01
9.914289414882659912e-02
9.153856635093688965e-01
9.398595988750457764e-02
7.580981850624084473e-01
9.886932969093322754e-01
8.342678844928741455e-02
9.163104929029941559e-03
6.209022998809814453e-01
1.537115126848220825e-01
2.397508732974529266e-02
9.825286865234375000e-01
1.267696321010589600e-01
0.000000000000000000e+00
2.446127496659755707e-02
3.257308304309844971e-01
3.292052075266838074e-02
1.005015134811401367e+00
2.732515931129455566e-01
6.513230204582214355e-01
5.089217424392700195e-01
4.546325504779815674e-01
7.139763236045837402e-02
3.399891257286071777e-01
2.252213209867477417e-01
1.310520768165588379e-01
5.877206921577453613e-01
1.119501963257789612e-01
1.179305911064147949e+00
3.805157542228698730e-01
2.309987246990203857e-01
7.828636765480041504e-01
2.522338032722473145e-01
4.997047185897827148e-01
7.137312889099121094e-01
0.000000000000000000e+00
3.763501346111297607e-02
2.780406773090362549e-01
1.168176651000976562e+00
3.145929574966430664e-01
2.792128622531890869e-01
0.000000000000000000e+00
3.063349485397338867e+00
2.457087039947509766e+00
5.794093385338783264e-02
2.513199567794799805e+00
0.000000000000000000e+00
0.000000000000000000e+00
1.297718167304992676e+00
9.542157500982284546e-02
3.013372659683227539e+00
1.087347138673067093e-02
4.597971960902214050e-02
1.555359363555908203e+00
3.125578761100769043e-01
6.003699302673339844e-01
2.319646358489990234e+00
0.000000000000000000e+00
2.668903581798076630e-02
2.947843968868255615e-01
1.289276003837585449e+00
1.041117310523986816e+00
0.000000000000000000e+00
2.078720778226852417e-01
5.364607647061347961e-02
4.415136575698852539e-02
8.649462461471557617e-02
8.978240489959716797e-01
5.492253899574279785e-01
9.586418867111206055e-01
3.645176291465759277e-01
4.942720755934715271e-02
1.051491424441337585e-01
1.200136467814445496e-01
4.615591466426849365e-01
6.933199763298034668e-01
8.770754933357238770e-01
6.225021556019783020e-02
1.880624294281005859e-01
2.667620897293090820e+00
1.273684263229370117e+00
8.587466180324554443e-02
8.550593256950378418e-02
7.071891427040100098e-02
2.830627679824829102e+00
8.140389621257781982e-02
0.000000000000000000e+00
2.283664047718048096e-02
0.000000000000000000e+00
5.195249244570732117e-02
1.296686530113220215e-01
1.163612818345427513e-03
7.330889105796813965e-01
2.599101960659027100e-01
5.455836653709411621e-02
1.818226426839828491e-01
1.867171078920364380e-01
2.385434359312057495e-01
9.377098083496093750e-01
2.824096679687500000e+00
3.812845051288604736e-01
1.319319605827331543e-01
2.256105393171310425e-01
1.342323780059814453e+00
2.564121186733245850e-01
1.361297350376844406e-02
1.406985521316528320e+00
0.000000000000000000e+00
0.000000000000000000e+00
2.419254332780838013e-01
5.700955390930175781e-01
2.337311506271362305e-01
7.576651573181152344e-01
2.783295325934886932e-02
1.204118847846984863e+00
2.026017010211944580e-02
5.997992753982543945e-01
8.136315345764160156e-01
1.036560654640197754e+00
3.340362310409545898e-01
1.587887704372406006e-01
5.530941486358642578e-01
5.803825333714485168e-02
6.746526956558227539e-01
1.829161867499351501e-02
4.317658394575119019e-02
6.824084520339965820e-01
1.597362875938415527e+00
1.539874911308288574e+00
1.731507897377014160e+00
7.975440472364425659e-03
0.000000000000000000e+00
3.420131504535675049e-01
2.968430705368518829e-02
1.127541184425354004e+00
5.125247240066528320e-01
8.333707600831985474e-02
1.473579369485378265e-02
7.575457096099853516e-01
3.015760779380798340e-01
3.188214302062988281e-01
8.261940628290176392e-02
3.051405906677246094e+00
1.282306313514709473e+00
1.348892040550708771e-02
0.000000000000000000e+00
0.000000000000000000e+00
1.283789634704589844e+00
3.372270166873931885e-01
3.811997771263122559e-01
4.394759889692068100e-04
0.000000000000000000e+00
5.552390962839126587e-02
1.593093514442443848e+00
1.835866272449493408e-02
5.361622665077447891e-03
2.462804317474365234e-01
1.122797578573226929e-01
1.380627304315567017e-01
2.312652021646499634e-02
2.384309321641921997e-01
9.602905064821243286e-02
3.019871711730957031e-01
1.458573341369628906e-02
4.940607845783233643e-01
1.604943424463272095e-01
4.819979369640350342e-01
3.848544955253601074e-01
5.968508720397949219e-01
9.634035229682922363e-01
1.793421506881713867e-01
1.279979825019836426e+00
3.094081999734044075e-03
7.725561261177062988e-01
1.606725342571735382e-02
2.249955981969833374e-01
3.397341668605804443e-01
1.362300384789705276e-02
1.189786672592163086e+00
1.049488306045532227e+00
1.887378245592117310e-01
5.206645727157592773e-01
1.875410079956054688e+00
2.723202342167496681e-04
1.947005838155746460e-02
1.025375723838806152e+00
6.339905261993408203e-01
4.627801943570375443e-03
0.000000000000000000e+00
3.177354633808135986e-01
0.000000000000000000e+00
3.077405691146850586e-01
1.220523953437805176e+00
1.996720731258392334e-01
4.509859681129455566e-01
2.244735062122344971e-01
4.792262613773345947e-01
0.000000000000000000e+00
3.005786836147308350e-01
2.216026484966278076e-01
3.589567914605140686e-02
6.130409240722656250e-01
2.075010985136032104e-01
6.203079596161842346e-03
8.812239766120910645e-02
5.077820420265197754e-01
2.191080093383789062e+00
0.000000000000000000e+00
1.252741336822509766e+00
5.483134835958480835e-02
1.289069205522537231e-01
7.505446672439575195e-02
8.173519968986511230e-01
3.076661229133605957e-01
7.779149711132049561e-02
1.079796433448791504e+00
9.695629030466079712e-02
1.283870637416839600e-02
0.000000000000000000e+00
4.383087158203125000e-02
7.245334982872009277e-01
8.878128230571746826e-02
6.512913703918457031e-01
3.020526170730590820e-01
6.568557024002075195e-01
9.025618433952331543e-02
7.285242676734924316e-01
0.000000000000000000e+00
1.787511631846427917e-03
4.058940887451171875e+00
3.219273984432220459e-01
2.574241459369659424e-01
0.000000000000000000e+00
3.793975338339805603e-02
7.542350888252258301e-01
7.729865908622741699e-01
1.239041566848754883e+00
8.744572848081588745e-02
1.085819125175476074e+00
3.041622042655944824e-01
1.131929382681846619e-01
3.989844769239425659e-02
3.065330907702445984e-02
2.463212311267852783e-01
5.958866700530052185e-02
1.602500379085540771e-01
5.084647536277770996e-01
6.159701347351074219e-01
4.191868007183074951e-01
1.863516569137573242e+00
1.646369934082031250e+00
8.799317479133605957e-02
6.051574368029832840e-03
1.122035756707191467e-01
2.924116700887680054e-02
1.597074717283248901e-01
2.126269191503524780e-01
7.291358113288879395e-01
1.715725511312484741e-01
1.466673612594604492e-01
4.882829487323760986e-01
5.332153439521789551e-01
0.000000000000000000e+00
2.924607515335083008e+00
6.879414319992065430e-01
9.220842123031616211e-01
8.876742720603942871e-01
1.582772731781005859e+00
0.000000000000000000e+00
0.000000000000000000e+00
0.000000000000000000e+00
4.485548660159111023e-02
3.716641571372747421e-03
6.175147369503974915e-02
1.216238141059875488e-01
3.154179453849792480e-01
8.755278587341308594e-01
7.296945899724960327e-02
6.738135814666748047e-01
2.028858363628387451e-01
1.401285886764526367e+00
8.903507590293884277e-01
0.000000000000000000e+00
1.329433638602495193e-02
6.037794351577758789e-01
5.017172098159790039e-01
3.394229173660278320e+00
1.882790587842464447e-02
7.752776741981506348e-01
2.663247585296630859e-01
1.837303519248962402e+00
7.834407687187194824e-02
6.335158944129943848e-01
1.424481749534606934e+00
1.089619845151901245e-02
3.905482357367873192e-03
3.210065066814422607e-01
1.288376003503799438e-01
5.388489365577697754e-01
4.701067507266998291e-01
2.091178447008132935e-01
4.120650887489318848e-01
2.467775717377662659e-03
6.662004590034484863e-01
0.000000000000000000e+00
8.375589251518249512e-01
1.634520411491394043e+00
8.281460404396057129e-02
5.830286145210266113e-01
0.000000000000000000e+00
0.000000000000000000e+00
2.550661377608776093e-02
2.215543538331985474e-01
4.612222313880920410e-01
2.984683513641357422e-01
1.545243263244628906e+00
4.291364923119544983e-02
1.565851718187332153e-01
1.464805006980895996e-01
4.380608797073364258e-01
8.735195994377136230e-01
3.847136860713362694e-03
2.059188336133956909e-01
3.491948544979095459e-01
1.173827517777681351e-02
3.861503303050994873e-01
2.991595268249511719e-01
6.949996352195739746e-01
2.917732112109661102e-02
8.843536488711833954e-03
2.380806580185890198e-02
2.292068451642990112e-01
1.664485692977905273e+00
2.901507914066314697e-01
2.263920009136199951e-02
5.038316249847412109e-01
1.327269375324249268e-01
1.013568639755249023e-01
7.562771439552307129e-02
1.580820322036743164e+00
1.068397909402847290e-01
1.870027557015419006e-02
6.052426695823669434e-01
2.412510961294174194e-01
6.813539862632751465e-01
6.821838021278381348e-01
0.000000000000000000e+00
1.521630138158798218e-01
2.205908536911010742e+00
0.000000000000000000e+00
1.360289193689823151e-02
5.153679847717285156e-01
1.018796324729919434e+00
9.156875312328338623e-02
5.591423809528350830e-02
2.904102802276611328e-01
5.321261882781982422e-01
5.382795333862304688e-01
8.316536433994770050e-03
3.264927864074707031e-01
9.971210956573486328e-01
2.587370574474334717e-02
0.000000000000000000e+00
8.514515310525894165e-02
1.360048651695251465e-01
7.773842811584472656e-01
2.067517489194869995e-01
5.148399472236633301e-01
4.420300722122192383e-01
0.000000000000000000e+00
2.836573310196399689e-02
0.000000000000000000e+00
1.160254478454589844e-01
8.349767327308654785e-01
1.528234004974365234e+00
2.797817811369895935e-03
9.053044952452182770e-03
2.177065461874008179e-01
7.180146058090031147e-04
0.000000000000000000e+00
1.674705743789672852e-01
4.253947734832763672e-01
3.426336050033569336e-01
6.359814405441284180e-01
1.529036283493041992e+00
5.758409500122070312e-01
4.832578003406524658e-01
3.354666382074356079e-02
4.020484685897827148e-01
3.094912879168987274e-02
2.186749130487442017e-01
6.121989488601684570e-01
9.823056869208812714e-03
5.348701477050781250e-01
1.344265192747116089e-01
3.516578912734985352e+00
9.530667215585708618e-02
1.669512391090393066e-01
1.868312060832977295e-01
3.457717895507812500e-01
3.359083831310272217e-02
5.366431549191474915e-02
1.624680310487747192e-01
1.498558998107910156e+00
3.486149758100509644e-02
7.167943567037582397e-02
9.475054144859313965e-01
1.744405984878540039e+00
2.348140776157379150e-01
2.769584655761718750e-01
1.622642636299133301e+00
2.202286012470722198e-02
3.019984960556030273e-01
7.300517708063125610e-02
2.307799607515335083e-01
1.752451419830322266e+00
1.170252785086631775e-01
1.035918354988098145e+00
1.748425483703613281e+00
3.717731237411499023e-01
3.418814241886138916e-01
4.370119094848632812e+00
9.350511431694030762e-01
5.331721901893615723e-01
4.329484701156616211e-01
9.307960867881774902e-01
3.820839822292327881e-01
1.842142641544342041e-01
1.124331131577491760e-01
1.764210127294063568e-02
1.357446789741516113e+00
4.192611575126647949e-01
0.000000000000000000e+00
7.641667872667312622e-02
4.697292149066925049e-01
8.707257509231567383e-01
2.611759305000305176e-01
0.000000000000000000e+00
1.481980234384536743e-01
2.230787724256515503e-01
3.904480487108230591e-02
5.124424025416374207e-02
2.531224966049194336e+00
4.906360208988189697e-01
3.516046702861785889e-01
0.000000000000000000e+00
0.000000000000000000e+00
0.000000000000000000e+00
8.221912980079650879e-01
3.012385964393615723e-02
7.510924711823463440e-03
1.661238521337509155e-01
8.609106391668319702e-02
1.019264101982116699e+00
1.751227229833602905e-01
3.448357805609703064e-02
1.186384558677673340e+00
1.053505167365074158e-01
6.811518669128417969e-01
5.304023027420043945e-01
0.000000000000000000e+00
1.087787747383117676e-01
2.762338221073150635e-01
1.317385673522949219e+00
3.891301155090332031e+00
1.260840296745300293e-01
1.158229231834411621e+00
8.535199761390686035e-01
2.421507388353347778e-01
4.429698362946510315e-02
3.041820228099822998e-01
3.295015990734100342e-01
1.609923720359802246e+00
1.969764679670333862e-01
1.008064895868301392e-01
1.303460121154785156e+00
7.921528816223144531e-01
2.852189064025878906e+00
9.516886435449123383e-03
1.647822558879852295e-01
7.133133709430694580e-02
4.262547791004180908e-01
1.815219782292842865e-02
1.042994856834411621e+00
7.658948898315429688e-01
2.600401639938354492e+00
2.465620404109358788e-03
3.729029558598995209e-03
3.996301814913749695e-02
7.412477731704711914e-01
1.366750478744506836e+00
0.000000000000000000e+00
1.098903298377990723e+00
6.881514191627502441e-02
3.316588103771209717e-01
4.723910391330718994e-01
2.457895316183567047e-02
5.456259846687316895e-01
1.781070590019226074e+00
1.145382151007652283e-01
3.212310969829559326e-01
4.104828462004661560e-03
0.000000000000000000e+00
1.396340727806091309e-01
4.746058583259582520e-02
0.000000000000000000e+00
6.289767473936080933e-02
2.872145920991897583e-02
6.921287178993225098e-01
4.022890701889991760e-02
2.200354821979999542e-02
7.215564250946044922e-01
1.254024863243103027e+00
4.324842989444732666e-02
1.221635580062866211e+00
3.037076294422149658e-01
8.002771437168121338e-02
5.783774256706237793e-01
1.099100708961486816e-01
0.000000000000000000e+00
1.402296274900436401e-01
5.263217091560363770e-01
6.235689390450716019e-03
1.554569303989410400e-01
2.908439934253692627e-01
1.261450350284576416e-01
1.829650759696960449e+00
2.623251825571060181e-02
9.817393869161605835e-02
0.000000000000000000e+00
1.007135063409805298e-01
3.337221592664718628e-02
4.929552320390939713e-03
9.553610347211360931e-03
4.572663828730583191e-02
1.991232484579086304e-01
1.594032287597656250e+00
3.111705183982849121e-02
2.242420911788940430e+00
7.524252682924270630e-02
1.329811930656433105e+00
4.999600350856781006e-01
8.237728476524353027e-02
4.585578665137290955e-02
6.983352899551391602e-01
1.059270277619361877e-01
2.161080017685890198e-02
2.626188993453979492e+00
4.003072157502174377e-03
0.000000000000000000e+00
5.497052799910306931e-03
5.105967521667480469e-01
1.213395074009895325e-01
3.778234124183654785e-02
1.109148144721984863e+00
1.017069518566131592e-01
1.753735095262527466e-01
2.820164859294891357e-01
3.750297473743557930e-03
7.075017094612121582e-01
1.965762227773666382e-01
4.220269918441772461e-01
0.000000000000000000e+00
1.013670489192008972e-01
1.423536390066146851e-01
8.043301850557327271e-02
2.289115218445658684e-03
1.375093311071395874e-01
3.394282460212707520e-01
7.987813353538513184e-01
1.056111380457878113e-01
5.629693865776062012e-01
4.210708737373352051e-01
1.053199887275695801e+00
4.716790616512298584e-01
0.000000000000000000e+00
2.859741449356079102e-01
1.672655194997787476e-01
4.694316908717155457e-02
1.576487906277179718e-02
3.717005848884582520e-01
8.102265000343322754e-02
1.726052016019821167e-01
3.729462862014770508e+00
6.378050446510314941e-01
4.658291116356849670e-02
1.150398254394531250e-01
2.176699191331863403e-01
2.431210279464721680e-01
2.413184642791748047e-01
5.422567129135131836e-01
7.936277985572814941e-02
3.962696716189384460e-02
6.677928566932678223e-01
3.568207621574401855e-01
1.303297877311706543e+00
0.000000000000000000e+00
3.110312623903155327e-03
1.012723684310913086e+00
9.256991744041442871e-01
1.048827096819877625e-01
0.000000000000000000e+00
2.495570331811904907e-01
3.429365111514925957e-03
6.238516420125961304e-02
4.291133582592010498e-02
8.423500694334506989e-03
5.211555361747741699e-01
5.730585753917694092e-02
1.772760868072509766e+00
2.036464065313339233e-01
1.259296536445617676e+00
0.000000000000000000e+00
8.013498038053512573e-02
1.346418142318725586e+00
1.484261751174926758e-01
1.069348752498626709e-01
1.148193597793579102e+00
3.279158473014831543e-01
1.739949919283390045e-02
4.911041736602783203e+00
2.503394186496734619e-01
4.873763024806976318e-01
6.608128547668457031e-01
6.861351728439331055e-01
1.888352930545806885e-01
4.032589793205261230e-01
4.967077672481536865e-01
4.335441440343856812e-02
4.058381170034408569e-02
5.767289921641349792e-02
2.840369939804077148e+00
8.087735176086425781e-01
1.488831520080566406e+00
2.733729779720306396e-01
1.648839473724365234e+00
1.926859766244888306e-01
2.337091684341430664e+00
1.028599441051483154e-01
0.000000000000000000e+00
0.000000000000000000e+00
1.045186887495219707e-03
3.229184821248054504e-02
1.131627559661865234e+00
1.160605996847152710e-01
3.565795719623565674e-02
1.614204049110412598e-01
1.776670217514038086e-01
2.892604470252990723e-01
1.008556604385375977e+00
6.746279597282409668e-01
9.103538841009140015e-02
0.000000000000000000e+00
7.863172292709350586e-01
6.669581681489944458e-02
1.251626610755920410e-01
4.499594271183013916e-01
5.639480352401733398e-01
6.700009107589721680e-01
1.025515329092741013e-02
6.825987249612808228e-02
1.110122561454772949e+00
1.374571472406387329e-01
1.064180862158536911e-02
9.354017376899719238e-01
1.912542283535003662e-01
7.575398683547973633e-02
2.053470909595489502e-02
7.925903797149658203e-02
3.698315471410751343e-02
3.127169013023376465e-01
1.080748662352561951e-01
3.736371397972106934e-01
3.501335904002189636e-02
2.996133454144001007e-02
1.911482773721218109e-02
3.633953332901000977e-01
2.567507624626159668e-01
0.000000000000000000e+00
8.081921935081481934e-01
1.059950608760118484e-02
1.174577102065086365e-01
1.212138891220092773e+00
2.948844432830810547e-01
1.731804199516773224e-02
2.971562445163726807e-01
1.002228379249572754e+00
3.007519841194152832e-01
7.281199097633361816e-01
1.236885666847229004e+00
4.838966131210327148e-01
4.362020790576934814e-01
5.706852301955223083e-02
8.442334532737731934e-01
6.855242252349853516e-01
5.384756922721862793e-01
9.439185261726379395e-01
2.184930890798568726e-01
2.070247568190097809e-02
7.089075446128845215e-02
5.947652738541364670e-03
9.211070537567138672e-01
3.639990329742431641e+00
2.388469874858856201e-01
0.000000000000000000e+00
1.011030599474906921e-01
1.266152858734130859e-01
5.331893563270568848e-01
2.633684501051902771e-02
1.157824277877807617e+00
5.468214675784111023e-02
9.914537668228149414e-01
1.426539778709411621e+00
2.972494840621948242e+00
2.127202600240707397e-02
2.609454989433288574e-01
2.371661514043807983e-01
1.074538946151733398e+00
4.343214631080627441e-01
1.774152070283889771e-01
1.455974280834197998e-01
1.770689964294433594e+00
2.200143039226531982e-02
3.093366920948028564e-01
0.000000000000000000e+00
0.000000000000000000e+00
8.703636378049850464e-02
2.277226150035858154e-01
1.264710068702697754e+00
2.878850698471069336e-01
1.258964985609054565e-01
3.445679545402526855e-01
1.440653484314680099e-02
0.000000000000000000e+00
4.061459004878997803e-01
4.942597076296806335e-02
1.866538822650909424e-01
0.000000000000000000e+00
0.000000000000000000e+00
3.336215019226074219e-01
2.660958528518676758e+00
1.487893238663673401e-02
0.000000000000000000e+00
1.122965216636657715e-01
0.000000000000000000e+00
1.682587862014770508e-01
5.170001834630966187e-02
1.581737279891967773e+00
5.798292160034179688e-01
2.915123999118804932e-01
0.000000000000000000e+00
4.086306393146514893e-01
4.976836964488029480e-02
0.000000000000000000e+00
2.151831984519958496e-01
9.094746410846710205e-02
1.418394446372985840e+00
3.950546681880950928e-01
1.145161688327789307e-01
1.622213125228881836e-01
5.669549703598022461e-01
1.405264735221862793e-01
0.000000000000000000e+00
2.617769241333007812e+00
3.170453608036041260e-01
4.598934054374694824e-01
9.009879082441329956e-02
6.491169929504394531e-01
5.797959491610527039e-02
0.000000000000000000e+00
1.773618608713150024e-01
1.755836308002471924e-01
3.074249029159545898e-01
0.000000000000000000e+00
1.942363142967224121e+00
4.983209073543548584e-01
2.983366250991821289e-01
0.000000000000000000e+00
4.967567324638366699e-01
4.352909028530120850e-01
2.543526887893676758e-01
5.019111633300781250e-01
2.274770259857177734e+00
4.186128079891204834e-02
1.811092257499694824e+00
4.193508327007293701e-01
0.000000000000000000e+00
2.966656722128391266e-02
4.837848544120788574e-01
1.048444956541061401e-01
1.745920926332473755e-01
1.106413841247558594e+00
6.698893308639526367e-01
2.831762135028839111e-01
1.283128708600997925e-01
1.542803406715393066e+00
8.580938577651977539e-01
3.799870908260345459e-01
1.125430822372436523e+00
0.000000000000000000e+00
6.851045489311218262e-01
2.207793742418289185e-01
3.914627805352210999e-02
2.029804736375808716e-01
2.757549285888671875e-01
2.208352088928222656e-03
1.830323219299316406e+00
6.402613967657089233e-02
4.113589972257614136e-02
2.995975315570831299e-01
2.273844331502914429e-01
1.002092007547616959e-02
0.000000000000000000e+00
2.096490934491157532e-02
1.105905771255493164e+00
1.017430305480957031e+00
5.676355361938476562e-01
1.282077878713607788e-01
1.004328951239585876e-01
2.082050293684005737e-01
3.670365810394287109e-01
3.722621798515319824e-01
7.032234966754913330e-02
1.289353370666503906e+00
3.303660824894905090e-02
1.110629662871360779e-01
1.085581853985786438e-01
1.382643431425094604e-01
3.543464839458465576e-01
1.301169753074645996e+00
2.653185725212097168e-01
7.312969304621219635e-03
7.636198401451110840e-02
4.153700917959213257e-02
1.172371268272399902e+00
1.981106027960777283e-02
6.137774884700775146e-02
0.000000000000000000e+00
4.639571905136108398e-02
0.000000000000000000e+00
2.113999128341674805e-01
2.254715003073215485e-02
1.855290770530700684e+00
3.370006382465362549e-01
3.207835853099822998e-01
1.892391741275787354e-01
0.000000000000000000e+00
1.843149960041046143e-02
9.588869288563728333e-03
2.443333864212036133e-01
4.125008359551429749e-02
2.351598292589187622e-01
3.678683042526245117e-01
2.118268489837646484e+00
4.199140891432762146e-02
1.744182348251342773e+00
3.137101233005523682e-01
5.370248556137084961e-01
1.560080796480178833e-02
6.920257806777954102e-01
3.646329045295715332e-01
3.351463079452514648e-01
0.000000000000000000e+00
8.794485330581665039e-01
8.721474558115005493e-03
2.015046477317810059e-01
7.772158384323120117e-01
1.002279222011566162e-01
2.606646902859210968e-02
1.110809683799743652e+00
2.484112739562988281e+00
5.730890035629272461e-01
6.259799599647521973e-01
1.330829858779907227e-01
1.449419975280761719e+00
3.081729710102081299e-01
5.393922924995422363e-01
1.896985471248626709e-01
1.096086017787456512e-02
1.901616901159286499e-01
2.533262073993682861e-01
8.424562811851501465e-01
5.952205657958984375e-01
3.310859203338623047e-01
1.604524254798889160e+00
6.504798531532287598e-01
1.046496909111738205e-02
4.093808531761169434e-01
1.389895216561853886e-03
5.255261063575744629e-01
1.029675960540771484e+00
5.644104909151792526e-03
0.000000000000000000e+00
1.667740225791931152e+00
8.251349627971649170e-02
6.471971869468688965e-01
1.132725737988948822e-02
1.807913929224014282e-02
7.090593874454498291e-02
2.526412904262542725e-01
2.905771136283874512e-02
4.032790660858154297e-01
0.000000000000000000e+00
7.548131793737411499e-02
1.189208496361970901e-02
1.007485687732696533e-01
7.565889507532119751e-03
1.851156949996948242e-01
4.092709347605705261e-02
1.842165946960449219e+00
9.440034627914428711e-02
2.598578808829188347e-03
5.353493094444274902e-01
7.435452193021774292e-03
9.964240342378616333e-02
2.617541551589965820e-01
6.289625167846679688e-02
4.466082453727722168e-01
2.865216508507728577e-02
1.712968111038208008e+00
3.240596652030944824e-01
3.059526205062866211e+00
0.000000000000000000e+00
5.973717570304870605e-02
4.500660896301269531e-01
8.800343424081802368e-02
2.285818159580230713e-01
5.196406245231628418e-01
1.428937315940856934e-01
0.000000000000000000e+00
4.706013798713684082e-01
2.114817500114440918e-01
6.308411806821823120e-02
1.881000585854053497e-02
1.836567372083663940e-01
0.000000000000000000e+00
2.226067781448364258e-01
0.000000000000000000e+00
1.252313405275344849e-01
2.630510568618774414e+00
6.260511279106140137e-01
0.000000000000000000e+00
2.721844799816608429e-02
4.609430208802223206e-02
0.000000000000000000e+00
2.441354244947433472e-01
4.815973639488220215e-01
6.521926522254943848e-01
2.589534223079681396e-02
1.300325840711593628e-01
2.087067961692810059e-01
2.581866085529327393e-01
3.513655066490173340e-01
0.000000000000000000e+00
