1.397696789354085922e-02
3.088687658309936523e-01
8.631168305873870850e-02
9.271728992462158203e-02
2.878614366054534912e-01
1.889309644699096680e+00
0.000000000000000000e+00
0.000000000000000000e+00
1.457265298813581467e-02
1.067916899919509888e-01
9.465357661247253418e-01
9.153567254543304443e-02
4.514381289482116699e-02
8.733396530151367188e-01
4.237262606620788574e-01
7.310258746147155762e-01
4.537610411643981934e-01
6.326107978820800781e-01
4.327208176255226135e-02
1.623709499835968018e-01
5.454657673835754395e-01
2.052518129348754883e-01
4.101687576621770859e-03
8.447494357824325562e-02
2.030288986861705780e-02
5.016474798321723938e-02
1.502232700586318970e-01
6.911994516849517822e-02
5.699573159217834473e-01
1.768702268600463867e-01
7.007313370704650879e-01
2.407294884324073792e-02
6.021528318524360657e-02
2.230064943432807922e-02
3.452581763267517090e-01
1.351442188024520874e-01
2.592147588729858398e+00
1.680181920528411865e-01
8.460880070924758911e-02
1.781419664621353149e-01
0.000000000000000000e+00
2.409990429878234863e-01
2.578899562358856201e-01
6.432852149009704590e-02
6.547488570213317871e-01
1.303632259368896484e+00
1.900579221546649933e-02
8.371521234512329102e-01
0.000000000000000000e+00
1.389436721801757812e+00
7.425842285156250000e-01
7.801711559295654297e-01
5.609134584665298462e-02
4.913296550512313843e-02
1.124473929405212402e+00
4.336845278739929199e-01
1.098541319370269775e-01
4.224113002419471741e-02
3.723229467868804932e-02
1.254167675971984863e+00
2.029654979705810547e-01
6.824635267257690430e-01
1.533219665288925171e-01
7.721408270299434662e-03
4.709591716527938843e-02
8.436346054077148438e-01
1.638250797986984253e-01
2.403371334075927734e+00
1.687477678060531616e-01
0.000000000000000000e+00
7.633344531059265137e-01
4.753410518169403076e-01
4.020963329821825027e-03
2.881812155246734619e-01
4.880135878920555115e-02
3.225785493850708008e-02
1.846304684877395630e-01
1.452382504940032959e-01
2.401662915945053101e-01
1.489256024360656738e-01
9.173064231872558594e-01
1.821195006370544434e+00
8.259282112121582031e-01
1.498977661132812500e+00
1.040855348110198975e-01
2.674213886260986328e+00
4.982909560203552246e-02
4.140901267528533936e-01
3.800399899482727051e-01
2.561868727207183838e-01
7.734690904617309570e-01
2.679138183593750000e-01
6.087967194616794586e-03
5.584368705749511719e-01
3.233518302440643311e-01
2.113257408142089844e+00
7.244309782981872559e-02
8.432100415229797363e-01
4.404053092002868652e-01
2.574100792407989502e-01
5.682799499481916428e-03
5.645157098770141602e-01
1.194435358047485352e-01
4.853343963623046875e-01
1.038667917251586914e+00
2.006788849830627441e-01
5.970930457115173340e-01
3.387906029820442200e-02
2.194345742464065552e-02
1.340488553047180176e+00
5.708072185516357422e-01
1.186684966087341309e+00
3.727209270000457764e-01
7.309507131576538086e-01
1.219912245869636536e-01
7.307755760848522186e-03
6.622661948204040527e-01
3.722827732563018799e-01
2.931021153926849365e-01
0.000000000000000000e+00
1.887625098228454590e+00
0.000000000000000000e+00
0.000000000000000000e+00
8.109515309333801270e-01
7.385542869567871094e+00
0.000000000000000000e+00
0.000000000000000000e+00
4.026390016078948975e-01
7.508031129837036133e-01
4.890333712100982666e-01
3.462140858173370361e-01
4.718303978443145752e-01
3.585884571075439453e-01
9.375972300767898560e-02
1.397032290697097778e-01
1.232131004333496094e+00
7.842351198196411133e-01
1.883306726813316345e-02
1.041081771254539490e-01
1.668953597545623779e-01
1.492470204830169678e-01
2.337128877639770508e+00
5.391359925270080566e-01
7.570548653602600098e-01
1.017835363745689392e-01
2.768969833850860596e-01
1.032600030303001404e-01
0.000000000000000000e+00
1.835515201091766357e-01
8.246182203292846680e-01
2.250086307525634766e+00
5.080869197845458984e-01
3.041586577892303467e-01
0.000000000000000000e+00
3.743815124034881592e-01
7.718264311552047729e-02
5.246909707784652710e-02
1.035889029502868652e+00
3.541102409362792969e-01
1.643009185791015625e-01
3.932144343852996826e-01
2.430851161479949951e-01
6.539312005043029785e-02
5.828779935836791992e-01
3.326796367764472961e-02
4.317258834838867188e+00
2.692329138517379761e-02
8.772252500057220459e-02
5.330519676208496094e-01
1.142917945981025696e-01
4.198438227176666260e-01
4.407055974006652832e-01
1.214233040809631348e+00
4.982577860355377197e-01
2.753415703773498535e-02
1.407167077064514160e+00
0.000000000000000000e+00
2.284838914871215820e+00
4.523054659366607666e-01
3.487337753176689148e-02
1.281998585909605026e-02
1.021501183509826660e+00
5.927257537841796875e-01
1.376315206289291382e-01
1.779886335134506226e-01
3.794299662113189697e-01
5.082210153341293335e-02
1.323410153388977051e+00
2.076984882354736328e+00
1.807477474212646484e-01
3.938002586364746094e+00
5.809130668640136719e-01
7.524238228797912598e-01
4.491265714168548584e-01
5.145213380455970764e-02
5.457631871104240417e-02
1.157075405120849609e+00
1.891070127487182617e+00
4.362510982900857925e-03
1.590781956911087036e-01
0.000000000000000000e+00
4.021784365177154541e-01
1.286585927009582520e+00
5.022211931645870209e-03
3.411196470260620117e-01
0.000000000000000000e+00
1.119772195816040039e+00
6.578763961791992188e+00
8.951755166053771973e-01
8.860429748892784119e-03
1.008889153599739075e-01
0.000000000000000000e+00
0.000000000000000000e+00
3.423753976821899414e-01
1.589282155036926270e-01
5.448986887931823730e-01
3.486401319503784180e+00
6.182411685585975647e-02
5.080824345350265503e-02
1.255960226058959961e+00
1.761099696159362793e-01
7.463669180870056152e-01
2.564931511878967285e-01
5.316786840558052063e-02
8.501021191477775574e-03
5.660259127616882324e-01
8.251060545444488525e-02
1.201559975743293762e-01
7.866495102643966675e-02
4.634893238544464111e-01
1.108972668647766113e+00
1.040023937821388245e-02
2.674469351768493652e-01
9.481615573167800903e-02
6.708845961838960648e-03
5.492653846740722656e-01
3.362532556056976318e-01
2.234988361597061157e-01
2.568897008895874023e-01
1.139605510979890823e-02
1.066767051815986633e-01
1.440333127975463867e-01
3.735982580110430717e-03
0.000000000000000000e+00
5.412700176239013672e-01
4.715085029602050781e-01
5.643655657768249512e-01
6.252703070640563965e-02
4.123004078865051270e-01
5.823933170177042484e-04
0.000000000000000000e+00
8.346795290708541870e-02
0.000000000000000000e+00
2.403558604419231415e-02
1.304112195968627930e+00
3.111087381839752197e-01
0.000000000000000000e+00
4.482336342334747314e-02
6.285059265792369843e-03
0.000000000000000000e+00
2.444020271301269531e+00
3.536076052114367485e-03
4.031909108161926270e-01
4.693686217069625854e-02
3.296041116118431091e-02
7.171873468905687332e-03
3.589921295642852783e-01
2.126673795282840729e-02
1.698072552680969238e-01
1.263390779495239258e-01
1.172104358673095703e+00
1.898462139070034027e-02
1.323425173759460449e-01
8.780300617218017578e-02
1.976183056831359863e-02
6.141897290945053101e-02
1.800926327705383301e-01
1.565210968255996704e-01
1.281656861305236816e+00
9.674520492553710938e-01
1.083561033010482788e-01
1.368278414011001587e-01
1.579672396183013916e-01
0.000000000000000000e+00
6.757555995136499405e-03
7.209838926792144775e-02
1.370697170495986938e-01
5.594375729560852051e-01
2.772867202758789062e+00
9.947543591260910034e-02
1.898810267448425293e-01
0.000000000000000000e+00
0.000000000000000000e+00
1.711659312248229980e+00
8.129215240478515625e-02
1.369118411093950272e-02
1.474668681621551514e-01
0.000000000000000000e+00
4.082770943641662598e-01
2.098473757505416870e-01
2.261148393154144287e-01
6.071202456951141357e-02
8.234562873840332031e-01
6.027682684361934662e-03
2.517549991607666016e-01
1.639998257160186768e-01
1.517516970634460449e-01
2.259527891874313354e-02
4.805226251482963562e-02
3.230996429920196533e-01
2.438323386013507843e-02
8.564783930778503418e-01
8.297692239284515381e-02
9.035351872444152832e-01
0.000000000000000000e+00
1.605984687805175781e+00
5.403656959533691406e-01
4.480885863304138184e-01
8.487910032272338867e-02
1.183963716030120850e-01
8.020471781492233276e-02
1.080700516700744629e+00
7.660738825798034668e-01
3.560878634452819824e-01
1.534467041492462158e-01
0.000000000000000000e+00
8.137343823909759521e-02
4.975935816764831543e-02
3.024030663073062897e-02
3.232525661587715149e-02
1.614155620336532593e-01
8.496544905938208103e-04
5.089733600616455078e-01
2.317965745925903320e+00
9.522774815559387207e-02
1.669943891465663910e-02
2.269577002152800560e-03
6.515953689813613892e-02
2.902751564979553223e-01
5.691388994455337524e-02
7.319387048482894897e-02
2.915803343057632446e-02
1.908977627754211426e-01
8.885875344276428223e-03
3.713441081345081329e-03
2.399947866797447205e-02
8.471357822418212891e-02
1.133503913879394531e+00
7.105499505996704102e-02
6.720691453665494919e-03
4.959737956523895264e-01
1.036331295967102051e+00
2.527486532926559448e-02
3.235536813735961914e-02
2.130043692886829376e-03
5.539436340332031250e+00
5.964301824569702148e-01
2.230271250009536743e-01
0.000000000000000000e+00
8.864300325512886047e-03
3.438485622406005859e+00
3.147213160991668701e-01
4.550110548734664917e-03
0.000000000000000000e+00
7.847327589988708496e-01
1.098842978477478027e+00
2.422894388437271118e-01
5.136968493461608887e-01
8.101074099540710449e-01
8.838882669806480408e-03
4.282417893409729004e-02
0.000000000000000000e+00
2.871304564177989960e-02
4.664128273725509644e-02
4.648201912641525269e-02
4.957962930202484131e-01
2.379958033561706543e-01
2.070431470870971680e+00
1.673906110227108002e-02
3.562175631523132324e-01
3.952727019786834717e-01
4.928179740905761719e+00
5.175876617431640625e-02
1.357843726873397827e-02
8.924568295478820801e-01
2.681512832641601562e+00
3.142265677452087402e-01
1.922319531440734863e+00
0.000000000000000000e+00
0.000000000000000000e+00
9.355362653732299805e-01
2.251466736197471619e-02
1.059657484292984009e-01
0.000000000000000000e+00
2.090657502412796021e-01
1.656700670719146729e-01
9.654796682298183441e-03
1.081157624721527100e-01
5.676410794258117676e-01
9.287694692611694336e-01
3.408318758010864258e-01
3.250729322433471680e+00
3.119853138923645020e-01
1.660214215517044067e-01
1.935857534408569336e+00
5.891644954681396484e-01
2.729188501834869385e-01
3.242320567369461060e-02
6.618341207504272461e-01
1.357184201478958130e-01
1.060865297913551331e-01
1.469924449920654297e-01
4.109865725040435791e-01
0.000000000000000000e+00
6.548777222633361816e-01
2.813656032085418701e-01
1.290974169969558716e-01
5.853852033615112305e-01
1.669381260871887207e-01
7.010400295257568359e-02
0.000000000000000000e+00
1.362164765596389771e-01
6.453697085380554199e-01
1.702011227607727051e+00
6.212003827095031738e-01
4.619281589984893799e-01
1.038079738616943359e+00
1.333882689476013184e+00
6.620129942893981934e-02
1.360126733779907227e-01
1.554101705551147461e+00
0.000000000000000000e+00
7.962889671325683594e-01
4.302962496876716614e-02
9.517657756805419922e-02
1.889088451862335205e-01
6.360336542129516602e-01
7.221452891826629639e-02
7.755798101425170898e-02
9.566744565963745117e-01
1.069322973489761353e-01
0.000000000000000000e+00
0.000000000000000000e+00
9.999387860298156738e-01
4.414533078670501709e-01
5.641369894146919250e-02
1.252165198326110840e+00
3.512937109917402267e-03
6.545399427413940430e-01
4.325899779796600342e-01
3.035520017147064209e-01
2.955189645290374756e-01
2.048224955797195435e-01
1.668538004159927368e-01
2.862133741378784180e+00
1.544486165046691895e+00
2.755312994122505188e-02
1.121617853641510010e-02
2.264648117125034332e-02
1.804166287183761597e-01
2.069431990385055542e-01
7.065695524215698242e-02
3.262235596776008606e-02
4.100378230214118958e-02
2.647712826728820801e-02
0.000000000000000000e+00
2.477979660034179688e-01
1.843035519123077393e-01
6.687404960393905640e-02
3.759552910923957825e-02
3.759043514728546143e-01
8.105412125587463379e-01
0.000000000000000000e+00
3.931816816329956055e+00
2.018977254629135132e-01
2.113686800003051758e+00
5.145986750721931458e-02
9.683669805526733398e-01
1.816455721855163574e-01
1.063295722007751465e+00
8.741452693939208984e-01
9.233447164297103882e-02
2.763004004955291748e-01
4.289603233337402344e-01
5.377053022384643555e-01
5.605057477951049805e-01
5.060899630188941956e-02
2.280293218791484833e-02
3.303961157798767090e-01
1.016314268112182617e+00
1.648584455251693726e-01
1.338505983352661133e+00
8.977495878934860229e-02
3.904037773609161377e-01
2.697148323059082031e-01
1.468985825777053833e-01
2.407828904688358307e-02
6.532536447048187256e-02
0.000000000000000000e+00
8.273820579051971436e-02
1.138231605291366577e-01
7.186371833086013794e-02
4.705055713653564453e+00
3.692240118980407715e-01
1.951713114976882935e-01
9.902164936065673828e-01
2.212948560714721680e+00
2.027695924043655396e-01
1.668712049722671509e-01
1.836947649717330933e-01
1.642134739086031914e-03
3.227127715945243835e-02
5.864881910383701324e-03
3.183032851666212082e-03
7.420058362185955048e-03
6.392659991979598999e-02
0.000000000000000000e+00
8.781237006187438965e-01
1.793760508298873901e-01
4.545245785266160965e-03
7.980669736862182617e-01
2.660624980926513672e-01
5.231157690286636353e-02
8.292539976537227631e-03
2.011662907898426056e-02
5.802837014198303223e-01
6.411042809486389160e-01
8.568987250328063965e-03
1.493715196847915649e-01
3.482391238212585449e-01
8.737375959753990173e-03
4.004410803318023682e-01
6.052766693755984306e-04
1.483319327235221863e-02
4.990895688533782959e-01
1.279781013727188110e-02
8.278866410255432129e-01
2.231708467006683350e-01
5.062321424484252930e-01
2.168900705873966217e-02
1.131915926933288574e+00
1.621840476989746094e+00
4.619748145341873169e-02
3.618276417255401611e-01
5.852972269058227539e-01
4.383139312267303467e-01
1.458232998847961426e+00
0.000000000000000000e+00
1.241121999919414520e-02
1.812604069709777832e-01
2.978065252304077148e+00
2.336871810257434845e-02
5.639167129993438721e-02
1.035591214895248413e-02
1.459935605525970459e-01
7.780669927597045898e-01
5.316877365112304688e-01
0.000000000000000000e+00
5.960911046713590622e-03
1.785264968872070312e+00
4.376810789108276367e-01
1.294332146644592285e+00
1.794262051582336426e+00
1.185109138488769531e+00
1.134886667132377625e-01
0.000000000000000000e+00
2.247937470674514771e-01
2.336016297340393066e-01
1.336237490177154541e-01
3.741636639460921288e-03
0.000000000000000000e+00
2.631846368312835693e-01
5.399954915046691895e-01
8.635925650596618652e-01
9.923087954521179199e-01
3.917351663112640381e-01
0.000000000000000000e+00
1.828394364565610886e-03
4.001809597015380859e+00
5.064360797405242920e-03
5.579392313957214355e-01
5.641927123069763184e-01
2.188367694616317749e-01
1.912735939025878906e+00
9.976351857185363770e-01
8.875667117536067963e-03
8.025473952293395996e-01
3.368516564369201660e-01
2.029997706413269043e-01
3.521545827388763428e-01
2.626212239265441895e-01
1.080573797225952148e-01
9.477351307868957520e-01
1.281638622283935547e+00
0.000000000000000000e+00
3.214112669229507446e-02
1.400893926620483398e-01
6.355371475219726562e-01
0.000000000000000000e+00
1.941136270761489868e-01
2.643809020519256592e-01
1.824671477079391479e-01
1.026529725641012192e-02
3.929973021149635315e-02
6.228074431419372559e-02
7.009243369102478027e-01
1.907090991735458374e-01
7.823933362960815430e-01
2.737847566604614258e+00
2.898886203765869141e-01
0.000000000000000000e+00
1.238392591476440430e-01
2.852342128753662109e-01
1.085367575287818909e-01
2.155440151691436768e-01
1.269099354743957520e+00
0.000000000000000000e+00
1.241291642189025879e+00
0.000000000000000000e+00
1.178291589021682739e-01
2.575478792190551758e+00
8.744407445192337036e-02
5.881983041763305664e-01
1.128145217895507812e+00
6.809158921241760254e-01
6.454422473907470703e-01
1.979717761278152466e-01
5.366983413696289062e+00
0.000000000000000000e+00
0.000000000000000000e+00
0.000000000000000000e+00
3.848008811473846436e-01
4.130809754133224487e-02
1.070017576217651367e+00
0.000000000000000000e+00
9.342356920242309570e-01
5.457522273063659668e-01
1.415576219558715820e+00
2.516899071633815765e-02
1.259552985429763794e-01
8.743946552276611328e-01
0.000000000000000000e+00
1.508613079786300659e-01
4.055219292640686035e-01
0.000000000000000000e+00
9.416374564170837402e-01
2.510460913181304932e-01
0.000000000000000000e+00
4.624601453542709351e-02
2.880501560866832733e-02
1.881623715162277222e-01
2.893342077732086182e-01
0.000000000000000000e+00
3.539850711822509766e-01
4.495138823986053467e-01
3.861219644546508789e+00
8.769887685775756836e-02
2.238505601882934570e+00
1.732631176710128784e-01
2.490141987800598145e-02
8.621110022068023682e-02
3.577693104743957520e-01
3.226418979465961456e-03
0.000000000000000000e+00
1.456851959228515625e-01
8.323067426681518555e-01
1.982325315475463867e-01
6.761436164379119873e-02
7.608534395694732666e-02
3.433049917221069336e-01
9.286466240882873535e-01
3.732627630233764648e-01
2.725265454500913620e-03
9.158062189817428589e-02
2.965456340461969376e-03
3.294549584388732910e-01
1.098534241318702698e-01
1.108116745948791504e+00
8.365678042173385620e-02
7.943448424339294434e-01
2.055424600839614868e-01
9.723541326820850372e-03
8.414205908775329590e-02
5.277213454246520996e-01
4.410035908222198486e-01
8.018226921558380127e-02
5.320995450019836426e-01
3.661224544048309326e-01
3.150278925895690918e-01
2.351125888526439667e-02
1.798226356506347656e+00
1.202962279319763184e+00
4.738497734069824219e-01
2.383188344538211823e-03
2.143163047730922699e-02
1.973665058612823486e-01
2.325310744345188141e-02
3.423692286014556885e-01
0.000000000000000000e+00
7.420436143875122070e-01
8.736210465431213379e-01
1.097785353660583496e+00
2.260453701019287109e+00
0.000000000000000000e+00
5.947190895676612854e-02
1.030398011207580566e-01
8.932098150253295898e-01
8.182972669601440430e-01
6.351437419652938843e-02
2.734100818634033203e-01
1.717711448669433594e+00
4.860801696777343750e-01
4.368437528610229492e-01
1.460070488974452019e-03
1.466692686080932617e-01
5.411595851182937622e-02
2.797983646392822266e+00
2.579047158360481262e-02
9.324155747890472412e-02
6.131336558610200882e-03
0.000000000000000000e+00
8.130357414484024048e-02
1.608988270163536072e-02
9.185952693223953247e-02
0.000000000000000000e+00
1.893349140882492065e-01
4.370307028293609619e-01
2.608929574489593506e-02
7.606531977653503418e-01
3.598793447017669678e-01
3.216299772262573242e+00
0.000000000000000000e+00
5.502832308411598206e-02
1.284453988075256348e+00
0.000000000000000000e+00
0.000000000000000000e+00
9.018222987651824951e-02
4.863315522670745850e-01
1.091372519731521606e-01
5.906816571950912476e-02
8.229345083236694336e-01
1.546914279460906982e-01
4.684193804860115051e-02
3.417277708649635315e-03
2.302644103765487671e-01
6.286211013793945312e-01
4.479965940117835999e-02
1.497537642717361450e-01
3.044037520885467529e-01
2.274238467216491699e-01
3.225929290056228638e-02
3.682330250740051270e-02
2.567684352397918701e-01
3.927203118801116943e-01
0.000000000000000000e+00
7.581547647714614868e-02
3.623136878013610840e-02
2.926621437072753906e-01
8.034200221300125122e-02
3.980786502361297607e-01
8.466209173202514648e-01
3.059900104999542236e-01
4.402001574635505676e-02
3.302207887172698975e-01
4.134633243083953857e-01
0.000000000000000000e+00
0.000000000000000000e+00
7.551477104425430298e-02
4.999816715717315674e-01
2.325559407472610474e-01
9.911768436431884766e-01
3.445467948913574219e-01
2.490650415420532227e+00
2.773285806179046631e-01
2.906717127189040184e-03
3.532012701034545898e-01
2.320344895124435425e-01
1.231143593788146973e+00
9.941241890192031860e-02
1.901913523674011230e+00
2.521383762359619141e-01
8.880846202373504639e-02
9.503980726003646851e-02
3.802927210927009583e-02
2.804138362407684326e-01
9.764977097511291504e-01
4.474073648452758789e-02
3.366419300436973572e-02
6.510909199714660645e-01
1.124420911073684692e-01
4.176369011402130127e-01
1.139712691307067871e+00
4.195871353149414062e+00
0.000000000000000000e+00
1.538607180118560791e-01
4.097077846527099609e-01
9.983163326978683472e-02
2.110016494989395142e-01
8.060215711593627930e-01
8.695269227027893066e-01
5.632084012031555176e-01
6.485248208045959473e-01
9.350254535675048828e-01
8.081481456756591797e-01
1.052391171455383301e+00
0.000000000000000000e+00
1.195713400840759277e+00
1.207342930138111115e-02
1.452789306640625000e-01
1.912198215723037720e-01
5.261737108230590820e-01
1.264032535254955292e-02
2.413132190704345703e-01
2.774947881698608398e-01
8.815950155258178711e-01
1.715657413005828857e-01
9.618590474128723145e-01
1.037268862128257751e-01
2.033639669418334961e+00
1.970951817929744720e-02
0.000000000000000000e+00
5.768776535987854004e-01
1.071621179580688477e+00
3.248153952881693840e-03
3.019058227539062500e+00
2.789308726787567139e-01
2.397464811801910400e-01
8.026024103164672852e-01
2.156099826097488403e-01
3.217031061649322510e-01
6.031333208084106445e-01
7.702960371971130371e-01
0.000000000000000000e+00
2.662744224071502686e-01
1.056619547307491302e-02
9.946739673614501953e-02
2.031739859376102686e-04
1.549725979566574097e-01
1.947101764380931854e-02
1.030828207731246948e-01
2.433081716299057007e-01
1.403292827308177948e-02
9.540027240291237831e-04
3.177697211503982544e-02
6.011611819267272949e-01
2.062504053115844727e+00
1.244235336780548096e-01
2.739313244819641113e-01
1.003271639347076416e-01
5.115161538124084473e-01
3.568741725757718086e-03
4.647352267056703568e-03
1.478182524442672729e-01
7.731522899121046066e-03
1.873816490173339844e+00
9.882858991622924805e-01
1.050196401774883270e-02
4.983711615204811096e-02
2.516719698905944824e-02
1.230644285678863525e-01
6.966875493526458740e-02
8.483296632766723633e-01
4.475211799144744873e-01
1.149992048740386963e-01
1.923259198665618896e-01
2.368809096515178680e-02
2.670964971184730530e-02
5.452855229377746582e-01
2.462241100147366524e-03
4.932025447487831116e-03
1.014941811561584473e+00
4.400289058685302734e-01
0.000000000000000000e+00
2.490015625953674316e-01
2.333767563104629517e-01
1.225837622769176960e-03
2.123493254184722900e-01
3.803970217704772949e-01
1.098567128181457520e+00
8.592638373374938965e-02
1.417457759380340576e-01
4.407996833324432373e-01
6.478517502546310425e-02
3.862089070025831461e-04
1.014299631118774414e+00
2.856824398040771484e-01
1.275586932897567749e-01
5.005763173103332520e-01
0.000000000000000000e+00
5.865624547004699707e-02
6.249897480010986328e-01
5.047749876976013184e-01
1.826541721820831299e-01
6.995616853237152100e-02
1.015437126159667969e+00
7.290827482938766479e-02
5.713282823562622070e-01
2.207059264183044434e-01
7.084288597106933594e-01
0.000000000000000000e+00
1.599504709243774414e+00
4.267776608467102051e-01
3.342565894126892090e-02
1.386888921260833740e-01
1.810664683580398560e-01
6.052394956350326538e-02
5.598718672990798950e-02
1.969188600778579712e-01
1.578829586505889893e-01
1.120197176933288574e-01
2.218286991119384766e-01
1.669310778379440308e-02
3.068771064281463623e-01
3.651218255981802940e-03
1.189379021525382996e-02
1.209924593567848206e-01
6.124529242515563965e-01
2.711969614028930664e-01
2.922766506671905518e-01
3.261403739452362061e-01
8.502094745635986328e-01
2.147711999714374542e-02
5.738216042518615723e-01
5.706234276294708252e-02
5.655057430267333984e-01
9.203716367483139038e-02
3.255799114704132080e-01
6.032298207283020020e-01
7.367181777954101562e-02
1.759538650512695312e+00
1.830283999443054199e-01
1.667907714843750000e+00
2.551631033420562744e-01
9.205712005496025085e-03
1.419362705200910568e-02
4.986238479614257812e-02
2.746792793273925781e+00
2.071799524128437042e-02
5.168349146842956543e-01
1.731420606374740601e-01
2.292144894599914551e-01
6.744995713233947754e-01
0.000000000000000000e+00
5.828614532947540283e-02
7.535216957330703735e-02
9.086771309375762939e-02
1.676013708114624023e+00
9.015152454376220703e-01
3.536443114280700684e-01
1.533573389053344727e+00
2.513813972473144531e-01
7.375210523605346680e-02
4.108085855841636658e-02
8.545488715171813965e-01
8.072029054164886475e-02
2.665284156799316406e+00
8.194058537483215332e-01
6.893626414239406586e-03
1.522819697856903076e-01
5.019703507423400879e-01
7.818968892097473145e-01
5.654519796371459961e-02
2.541934251785278320e-01
3.048224151134490967e-01
0.000000000000000000e+00
3.891992568969726562e-02
1.598825216293334961e+00
6.513260602951049805e-01
2.456557154655456543e-01
8.005487616173923016e-04
4.967988431453704834e-01
7.252863794565200806e-02
1.976395398378372192e-01
3.008241891860961914e+00
5.531689524650573730e-02
2.435562759637832642e-01
5.101089477539062500e-01
1.192182824015617371e-01
5.719853043556213379e-01
8.171244710683822632e-02
6.641741096973419189e-02
1.688887715339660645e+00
4.296916723251342773e-01
1.993570476770401001e-01
4.967029392719268799e-02
8.793705701828002930e-01
7.202026844024658203e-01
3.507373094558715820e+00
9.681646227836608887e-01
5.757546052336692810e-02
0.000000000000000000e+00
1.824817061424255371e-01
2.600151300430297852e-01
3.578881919384002686e-01
3.572703003883361816e-01
2.177422121167182922e-02
4.380971193313598633e-01
2.020771980285644531e+00
1.646804809570312500e-02
0.000000000000000000e+00
2.022664248943328857e-01
3.338187038898468018e-01
1.167988538742065430e+00
0.000000000000000000e+00
3.806326985359191895e-01
3.787212073802947998e-02
4.813345372676849365e-01
0.000000000000000000e+00
4.639667272567749023e-01
0.000000000000000000e+00
1.361525356769561768e-01
1.679279923439025879e+00
3.281038999557495117e-02
7.314939051866531372e-02
6.145662665367126465e-01
4.185574594885110855e-03
1.927807927131652832e-02
0.000000000000000000e+00
3.211615383625030518e-01
1.012321040034294128e-01
9.941020607948303223e-01
6.243554875254631042e-03
6.329312324523925781e-01
5.648453235626220703e-01
0.000000000000000000e+00
3.035856962203979492e+00
0.000000000000000000e+00
0.000000000000000000e+00
0.000000000000000000e+00
7.686140388250350952e-02
2.287412881851196289e-01
0.000000000000000000e+00
1.509825587272644043e+00
4.515545815229415894e-02
9.428448677062988281e-01
4.744468256831169128e-02
3.625782489776611328e+00
1.667465716600418091e-01
1.563364081084728241e-02
3.938873298466205597e-03
2.094119088724255562e-03
3.847337514162063599e-02
2.234423719346523285e-02
2.302038967609405518e-01
5.289842188358306885e-02
0.000000000000000000e+00
3.117023706436157227e-01
1.883111894130706787e-01
4.673131108283996582e-01
1.558283567428588867e-01
1.329334378242492676e+00
7.296358048915863037e-02
1.919925093650817871e+00
0.000000000000000000e+00
2.941866219043731689e-02
9.876329302787780762e-01
1.381418853998184204e-01
1.606722176074981689e-02
6.724055409431457520e-01
2.373105660080909729e-02
8.896194100379943848e-01
4.127962589263916016e+00
3.903726115822792053e-02
5.607269406318664551e-01
2.718049101531505585e-02
5.465070009231567383e-01
5.108817219734191895e-01
1.402776837348937988e-01
3.754797577857971191e-01
2.448912858963012695e-01
1.832584477961063385e-02
5.390050411224365234e-01
1.465787589550018311e-01
1.034972630441188812e-02
1.425227969884872437e-01
3.997188806533813477e-01
3.506014347076416016e-01
1.832365274429321289e+00
1.477195471525192261e-01
6.943023800849914551e-01
2.164091914892196655e-02
2.314134500920772552e-03
4.675529956817626953e+00
6.600766777992248535e-01
1.286841630935668945e-01
1.150989413261413574e+00
0.000000000000000000e+00
1.071066260337829590e+00
6.182467937469482422e-01
6.778535842895507812e-01
6.066344305872917175e-02
2.201640605926513672e+00
2.270252816379070282e-02
0.000000000000000000e+00
1.074226573109626770e-03
1.317909955978393555e-01
1.941485047340393066e+00
1.997044980525970459e-01
0.000000000000000000e+00
3.923345208168029785e-01
1.736197434365749359e-02
1.041953787207603455e-01
7.184135317802429199e-01
1.087973266839981079e-01
2.178479544818401337e-02
4.720721766352653503e-02
3.046648204326629639e-01
1.869966685771942139e-01
4.802965000271797180e-02
2.576149404048919678e-01
5.177048221230506897e-02
1.340555667877197266e+00
5.542938709259033203e-01
5.582290142774581909e-02
1.387255936861038208e-01
1.030628919601440430e+00
2.501431405544281006e-01
2.024786472320556641e-01
0.000000000000000000e+00
6.226362660527229309e-02
4.872945249080657959e-01
0.000000000000000000e+00
7.271348834037780762e-01
6.467726826667785645e-01
1.066172048449516296e-01
4.767081141471862793e-01
1.096596941351890564e-01
5.000343298888765275e-05
3.568393886089324951e-01
8.717776089906692505e-02
1.400207728147506714e-01
2.863208577036857605e-02
8.141392469406127930e-01
2.924981713294982910e-01
5.482016801834106445e-01
0.000000000000000000e+00
5.644411444664001465e-01
8.337488174438476562e-01
5.684494972229003906e-01
1.825022339820861816e+00
3.444631025195121765e-02
0.000000000000000000e+00
6.926773190498352051e-01
5.074202269315719604e-02
2.341964006423950195e+00
7.050536870956420898e-01
1.988783478736877441e-01
1.475705862045288086e+00
4.534449428319931030e-02
2.316430509090423584e-01
1.555768847465515137e+00
0.000000000000000000e+00
3.970806300640106201e-02
7.833633422851562500e-01
4.867745339870452881e-01
5.542015433311462402e-01
2.710461616516113281e-02
1.450604438781738281e+00
0.000000000000000000e+00
5.181171465665102005e-03
2.072385549545288086e-01
2.459035366773605347e-01
5.507810786366462708e-02
7.036077380180358887e-01
2.647693753242492676e-01
1.017609834671020508e+00
4.211054444313049316e-01
5.772051587700843811e-02
0.000000000000000000e+00
7.143030166625976562e-01
4.582359194755554199e-01
5.272340774536132812e-01
8.858483284711837769e-03
1.248112678527832031e+00
8.701078295707702637e-01
5.039042234420776367e-01
1.392437815666198730e-01
2.050025463104248047e-01
4.153624057769775391e+00
5.520179271697998047e-01
2.724059671163558960e-02
0.000000000000000000e+00
3.104657828807830811e-01
5.048153996467590332e-01
2.500225044786930084e-02
0.000000000000000000e+00
1.310169458389282227e+00
8.041688241064548492e-03
1.126319319009780884e-01
6.227835416793823242e-01
4.386729095131158829e-03
2.332366704940795898e-01
2.848991453647613525e-01
9.651979207992553711e-01
5.846058726310729980e-01
1.079843491315841675e-01
6.767491102218627930e-01
8.030898571014404297e-01
4.899809136986732483e-02
0.000000000000000000e+00
3.202031850814819336e-01
4.586300849914550781e-01
1.244123131036758423e-01
3.799277544021606445e-02
2.068485021591186523e-01
8.886393904685974121e-02
1.565796732902526855e-01
0.000000000000000000e+00
1.371395587921142578e-01
3.714132606983184814e-01
4.612559080123901367e-01
1.007467269897460938e+00
4.024042785167694092e-01
9.884508326649665833e-03
1.937815397977828979e-01
7.380377054214477539e-01
1.564127579331398010e-02
8.088917136192321777e-01
6.974150985479354858e-02
1.042439192533493042e-01
6.839528679847717285e-01
8.837679773569107056e-02
3.628426790237426758e+00
4.940487910062074661e-03
7.084052078425884247e-03
9.859228879213333130e-02
6.845785379409790039e-01
3.537916839122772217e-01
9.463655948638916016e-01
3.699535727500915527e-01
3.449457138776779175e-02
4.578017890453338623e-01
1.075537681579589844e+00
6.290175914764404297e-01
2.018974423408508301e-01
1.797204837203025818e-02
3.219244718551635742e+00
1.064966678619384766e+00
0.000000000000000000e+00
0.000000000000000000e+00
1.128898337483406067e-01
1.687328457832336426e+00
2.892646789550781250e-01
1.124892104417085648e-02
5.877538770437240601e-02
1.154545545578002930e-01
2.960560377687215805e-03
6.247227787971496582e-01
8.267536759376525879e-03
2.803856320679187775e-02
1.494549512863159180e-01
4.546549320220947266e-01
2.996133565902709961e-01
3.021496720612049103e-02
7.603350281715393066e-01
1.718754321336746216e-01
1.357845544815063477e+00
1.331237256526947021e-01
7.206627726554870605e-01
1.664111018180847168e-01
8.947403728961944580e-02
1.295264810323715210e-01
1.473133325576782227e+00
1.318928360939025879e+00
4.036582112312316895e-01
4.368781149387359619e-01
1.248454302549362183e-01
2.990881204605102539e-01
1.531956996768712997e-02
4.018682241439819336e-01
2.290133982896804810e-01
5.094243213534355164e-02
2.660488188266754150e-01
3.067575693130493164e-01
2.150454223155975342e-01
2.962183356285095215e-01
1.280558228492736816e+00
0.000000000000000000e+00
9.670224785804748535e-02
3.413806855678558350e-01
3.357172608375549316e-01
1.378060132265090942e-01
5.808022688142955303e-04
9.854657053947448730e-01
3.150115907192230225e-02
3.269442617893218994e-01
7.817617058753967285e-01
6.165786646306514740e-03
3.099881112575531006e-01
1.451218873262405396e-01
3.328089118003845215e-01
0.000000000000000000e+00
6.696786880493164062e-01
2.667534947395324707e-01
0.000000000000000000e+00
2.615019083023071289e-01
1.055947989225387573e-01
0.000000000000000000e+00
2.605354487895965576e-01
7.806569337844848633e-01
7.977556586265563965e-01
8.983398228883743286e-02
7.758148312568664551e-01
3.966948986053466797e-01
7.990533858537673950e-02
2.113088220357894897e-02
2.214924097061157227e-01
1.556447267532348633e+00
9.651072323322296143e-02
1.169918894767761230e+00
1.454166695475578308e-02
3.135994374752044678e-01
2.165809646248817444e-02
5.671325325965881348e-01
5.539616942405700684e-01
0.000000000000000000e+00
1.474598169326782227e+00
0.000000000000000000e+00
1.112434789538383484e-01
7.480145245790481567e-02
1.009159922599792480e+00
2.563402950763702393e-01
1.475831866264343262e-01
2.436864614486694336e+00
2.891907989978790283e-01
5.522625893354415894e-02
2.484582066535949707e-01
2.684000730514526367e-01
1.663741022348403931e-01
7.993589639663696289e-01
3.016541600227355957e-01
1.198783144354820251e-01
1.757610678672790527e+00
1.435477435588836670e-01
3.918212652206420898e-01
1.421881765127182007e-01
1.385636031627655029e-01
1.019021719694137573e-01
2.737550437450408936e-01
2.319552935659885406e-02
1.876969486474990845e-01
3.797144889831542969e-01
1.448117643594741821e-01
1.702767252922058105e+00
8.703633546829223633e-01
2.339294254779815674e-01
2.971433401107788086e-01
2.668112218379974365e-01
1.195678636431694031e-01
1.029952019453048706e-01
6.307610273361206055e-01
4.306479394435882568e-01
2.094546407461166382e-01
9.475338272750377655e-03
9.548502564430236816e-01
2.501664757728576660e-01
0.000000000000000000e+00
3.868865013122558594e+00
1.306092500686645508e+00
5.139035582542419434e-01
8.511365652084350586e-01
1.215786576271057129e+00
0.000000000000000000e+00
7.228480186313390732e-03
5.688467621803283691e-02
7.107264548540115356e-02
0.000000000000000000e+00
6.349488496780395508e-01
1.592322438955307007e-01
1.158717181533575058e-02
5.677400231361389160e-01
0.000000000000000000e+00
3.386466503143310547e-01
3.377787768840789795e-02
7.562449574470520020e-01
4.113747477531433105e-01
1.319098770618438721e-01
4.488086402416229248e-01
2.591353654861450195e+00
1.208543553948402405e-01
3.292774677276611328e+00
3.613188266754150391e-01
1.060036540031433105e+00
2.317200154066085815e-01
1.971742749214172363e+00
2.048031985759735107e-01
1.365144997835159302e-01
1.132185935974121094e+00
2.178490906953811646e-01
0.000000000000000000e+00
5.236207842826843262e-01
1.315017789602279663e-01
4.372641146183013916e-01
4.956301748752593994e-01
2.860434651374816895e-01
4.095628261566162109e-01
0.000000000000000000e+00
4.125479459762573242e-01
2.268482558429241180e-02
5.886748433113098145e-02
9.449374079704284668e-01
1.119117368943989277e-03
8.884900212287902832e-01
1.220424287021160126e-02
1.106407120823860168e-02
0.000000000000000000e+00
7.165281474590301514e-02
1.680106371641159058e-01
5.004103854298591614e-02
2.256483078002929688e+00
4.074041545391082764e-02
1.557429227977991104e-02
1.954931467771530151e-01
1.053977608680725098e+00
8.667380809783935547e-01
2.940693795680999756e-01
0.000000000000000000e+00
9.476137757301330566e-01
0.000000000000000000e+00
2.162895798683166504e-01
2.357562333345413208e-01
1.947668045759201050e-01
6.891426164656877518e-03
0.000000000000000000e+00
2.838636189699172974e-02
1.203284487128257751e-01
6.686409115791320801e-01
2.809229120612144470e-02
1.485943794250488281e-04
6.562148332595825195e-01
0.000000000000000000e+00
1.605880111455917358e-01
6.555853039026260376e-02
1.628079056739807129e+00
1.625482887029647827e-01
9.037364274263381958e-02
1.403101533651351929e-02
9.280823916196823120e-02
1.562656015157699585e-01
6.009526178240776062e-02
2.269337326288223267e-01
1.113895699381828308e-01
2.275713205337524414e+00
0.000000000000000000e+00
0.000000000000000000e+00
2.378484964370727539e+00
6.104781031608581543e-01
5.038337782025337219e-02
1.393445134162902832e-01
1.007400569505989552e-03
4.902731776237487793e-01
5.390167832374572754e-01
0.000000000000000000e+00
4.949516654014587402e-01
2.247775077819824219e+00
1.062907837331295013e-02
3.637584298849105835e-02
0.000000000000000000e+00
6.569210439920425415e-02
2.884442806243896484e-01
2.851641774177551270e-01
4.741459190845489502e-01
5.938799381256103516e-01
0.000000000000000000e+00
2.307118922472000122e-01
8.917268365621566772e-02
4.702861905097961426e-01
4.326239526271820068e-01
1.375587940216064453e+00
1.395610906183719635e-02
4.208585992455482483e-02
2.981585860252380371e-01
0.000000000000000000e+00
0.000000000000000000e+00
1.659950427711009979e-02
7.271703481674194336e-01
3.039092719554901123e-01
6.216949224472045898e-01
8.209801316261291504e-01
5.389055609703063965e-01
1.686665773391723633e+00
7.598392963409423828e-01
0.000000000000000000e+00
4.420349374413490295e-02
4.854736030101776123e-01
1.981951713562011719e+00
1.625177562236785889e-01
3.004486262798309326e-01
6.562790274620056152e-01
3.953197240829467773e+00
0.000000000000000000e+00
1.536349892616271973e+00
1.386010944843292236e-01
1.464032381772994995e-01
1.352845877408981323e-02
5.399659276008605957e-02
0.000000000000000000e+00
7.919762134552001953e-01
1.457869168370962143e-02
9.980836510658264160e-02
1.511321663856506348e+00
1.220817685127258301e+00
7.063838094472885132e-02
5.611076951026916504e-02
1.300586462020874023e-01
1.462637912482023239e-02
1.402963399887084961e-01
2.892720997333526611e-01
3.367415964603424072e-01
2.277429103851318359e+00
9.138047695159912109e-02
1.570557504892349243e-01
1.575654625892639160e+00
5.807955935597419739e-02
2.934999167919158936e-01
3.881008148193359375e+00
4.907625019550323486e-01
4.238179922103881836e-01
2.830933630466461182e-01
1.035908907651901245e-01
9.102749079465866089e-02
1.612762361764907837e-02
1.666486449539661407e-02
0.000000000000000000e+00
8.241028785705566406e-01
5.680910497903823853e-02
2.449278533458709717e-01
2.232051081955432892e-02
1.209066152572631836e+00
1.205727532505989075e-01
4.067512601613998413e-02
2.039636950939893723e-03
2.995928004384040833e-02
6.043190360069274902e-01
1.036246716976165771e-01
0.000000000000000000e+00
1.277260780334472656e+00
4.850677847862243652e-01
1.157141774892807007e-01
2.561842091381549835e-02
0.000000000000000000e+00
1.505092252045869827e-02
4.218373894691467285e-01
0.000000000000000000e+00
3.874411806464195251e-02
5.405607819557189941e-02
1.916952431201934814e-02
6.126911640167236328e-01
5.908633396029472351e-02
1.776186078786849976e-01
1.067118525505065918e+00
1.830790191888809204e-01
5.240621417760848999e-02
8.260351419448852539e-02
0.000000000000000000e+00
1.753017455339431763e-01
0.000000000000000000e+00
1.659587264060974121e+00
3.323618650436401367e+00
4.452116489410400391e-01
5.803820490837097168e-01
1.345748305320739746e+00
5.637630224227905273e-01
0.000000000000000000e+00
1.056289896368980408e-01
1.383995890617370605e+00
4.359874725341796875e-01
5.192583203315734863e-01
1.534553021192550659e-01
0.000000000000000000e+00
8.667783141136169434e-01
3.303074359893798828e+00
3.052633702754974365e-01
2.998101413249969482e-01
5.190038681030273438e-02
1.658150255680084229e-01
0.000000000000000000e+00
1.961988925933837891e+00
4.352508485317230225e-01
2.778402566909790039e+00
1.686163130216300488e-03
5.832328274846076965e-02
0.000000000000000000e+00
2.007970571517944336e+00
1.502241611480712891e+00
5.323688313364982605e-02
2.428431808948516846e-01
2.107682079076766968e-02
5.666045546531677246e-01
2.982073724269866943e-01
0.000000000000000000e+00
2.487598359584808350e-01
6.617935299873352051e-01
3.113332390785217285e-01
5.210602879524230957e-01
1.391759235411882401e-02
5.151046440005302429e-02
4.576143994927406311e-02
2.313930392265319824e-01
3.547497689723968506e-01
1.759181730449199677e-02
4.838380217552185059e-01
2.486668378114700317e-01
3.384691849350929260e-02
0.000000000000000000e+00
1.674133658409118652e+00
2.575773894786834717e-01
2.910773642361164093e-02
3.467847034335136414e-02
5.427962541580200195e-02
1.402051839977502823e-02
6.145873069763183594e-01
3.931247889995574951e-01
4.686726257205009460e-02
5.976086258888244629e-01
3.418646752834320068e-01
6.147004291415214539e-02
1.398501545190811157e-01
3.234841525554656982e-01
7.234227061271667480e-01
1.677063941955566406e+00
2.054108530282974243e-01
0.000000000000000000e+00
1.053181663155555725e-01
5.671907961368560791e-02
6.391692757606506348e-01
2.357550859451293945e-01
0.000000000000000000e+00
2.426287531852722168e-02
3.648932278156280518e-01
6.321222186088562012e-01
1.869357191026210785e-02
7.161237001419067383e-01
0.000000000000000000e+00
7.103490233421325684e-01
2.238439321517944336e-01
2.746136188507080078e-01
1.457252204418182373e-01
8.830103278160095215e-02
2.438641339540481567e-01
2.746716141700744629e-01
1.814264535903930664e+00
1.044096201658248901e-01
0.000000000000000000e+00
2.185333818197250366e-01
4.910526275634765625e-01
1.937450915575027466e-01
1.095717772841453552e-02
7.755094170570373535e-01
0.000000000000000000e+00
2.056483924388885498e-02
7.569646835327148438e-01
2.526498734951019287e-01
2.313252985477447510e-01
7.359742373228073120e-02
1.628634184598922729e-01
6.752248853445053101e-03
2.674397528171539307e-01
6.031506061553955078e-01
5.793355405330657959e-02
1.866839826107025146e-02
4.053724184632301331e-02
1.323268413543701172e-01
5.787433981895446777e-01
5.329670906066894531e-01
3.365962803363800049e-01
5.081411600112915039e-01
1.061080574989318848e+00
2.321111112833023071e-01
1.687053143978118896e-01
7.671504616737365723e-01
3.766029179096221924e-01
1.934537142515182495e-01
1.353189647197723389e-01
5.300508346408605576e-03
3.366468846797943115e-02
2.778603732585906982e-01
2.290616750717163086e+00
5.868762135505676270e-01
3.716849535703659058e-02
1.685020327568054199e-01
1.995610445737838745e-01
3.766029775142669678e-01
4.567775428295135498e-01
2.125199884176254272e-03
0.000000000000000000e+00
1.386302709579467773e-01
2.457630783319473267e-01
8.106730133295059204e-02
2.905900001525878906e+00
4.684629291296005249e-02
2.733103185892105103e-02
4.981598854064941406e-01
1.049305915832519531e+00
0.000000000000000000e+00
0.000000000000000000e+00
1.923638135194778442e-01
9.409608319401741028e-03
6.135089695453643799e-02
0.000000000000000000e+00
0.000000000000000000e+00
5.567210912704467773e-01
1.443481594324111938e-01
1.159677147865295410e+00
1.007742211222648621e-01
1.409338474273681641e+00
0.000000000000000000e+00
1.259547378867864609e-02
7.219443321228027344e-01
9.066381305456161499e-02
6.556715965270996094e-01
7.264663577079772949e-01
2.326070964336395264e-01
1.256666611880064011e-02
5.218681335449218750e+00
5.470912158489227295e-02
1.678534001111984253e-01
0.000000000000000000e+00
3.854683786630630493e-02
4.374291002750396729e-02
1.040481999516487122e-01
1.403585225343704224e-01
1.871260255575180054e-02
1.447466313838958740e-01
4.834140092134475708e-02
3.887811183929443359e+00
7.873517870903015137e-01
6.176785826683044434e-01
6.520235538482666016e-01
1.851669885218143463e-02
1.363631784915924072e-01
7.417864799499511719e-01
0.000000000000000000e+00
0.000000000000000000e+00
3.059602575376629829e-03
7.331639062613248825e-03
0.000000000000000000e+00
0.000000000000000000e+00
1.590268462896347046e-01
2.285564243793487549e-01
3.442256152629852295e-02
1.822634339332580566e-01
3.361208438873291016e-01
9.739566445350646973e-01
1.151922941207885742e+00
0.000000000000000000e+00
2.980585023760795593e-02
1.384993791580200195e-01
1.748857498168945312e-01
1.416955292224884033e-01
2.690241038799285889e-01
1.564985513687133789e-01
1.090214967727661133e+00
7.765685021877288818e-02
1.158015280961990356e-01
1.075188398361206055e+00
1.085521802306175232e-01
2.071198448538780212e-02
8.758010864257812500e-01
8.490575850009918213e-02
1.359519455581903458e-02
1.668877452611923218e-01
1.152372732758522034e-01
1.244541108608245850e-01
3.904576897621154785e-01
9.849017113447189331e-02
1.587193906307220459e-01
1.116474997252225876e-02
4.062819108366966248e-02
1.128939613699913025e-01
1.349323034286499023e+00
9.484484791755676270e-03
0.000000000000000000e+00
3.694576025009155273e-01
4.526474475860595703e-01
5.799903720617294312e-02
3.508820533752441406e-01
9.276913404464721680e-01
8.742049336433410645e-02
2.903441525995731354e-02
1.288901567459106445e+00
4.722924232482910156e-01
1.776352375745773315e-01
9.291068911552429199e-01
5.863898396492004395e-01
8.298148512840270996e-01
3.279020264744758606e-02
6.083297133445739746e-01
5.441946983337402344e-01
7.644602060317993164e-01
4.495556056499481201e-01
2.519610524177551270e-01
5.520578622817993164e-01
7.592950761318206787e-02
7.251133024692535400e-02
1.179143190383911133e+00
3.525087833404541016e+00
9.409265518188476562e-01
7.408971339464187622e-02
1.451342254877090454e-01
6.020542234182357788e-02
2.448783814907073975e-02
8.022986352443695068e-02
1.918469429016113281e+00
1.278749015182256699e-02
8.799438476562500000e-01
1.392234921455383301e+00
3.428231716156005859e+00
0.000000000000000000e+00
1.703347116708755493e-01
2.495672404766082764e-01
1.469986736774444580e-01
1.659635305404663086e+00
6.178678944706916809e-02
1.031723618507385254e-01
4.332723319530487061e-01
2.756029181182384491e-02
1.163665801286697388e-01
4.844395071268081665e-02
8.628887683153152466e-02
5.760819315910339355e-01
2.448116987943649292e-01
2.272366523742675781e+00
1.933121234178543091e-01
2.825523614883422852e-01
1.719288527965545654e-02
0.000000000000000000e+00
0.000000000000000000e+00
7.564337849617004395e-01
4.450232535600662231e-02
2.603573501110076904e-01
1.459089573472738266e-02
0.000000000000000000e+00
2.305890321731567383e-01
4.615902006626129150e-01
2.012056997045874596e-03
1.162421423941850662e-02
2.591385245323181152e-01
0.000000000000000000e+00
5.602716803550720215e-01
2.602958977222442627e-01
2.353507757186889648e+00
3.090636730194091797e-01
1.842953085899353027e+00
1.831077784299850464e-02
2.316960692405700684e-02
3.287464007735252380e-02
0.000000000000000000e+00
1.787789016962051392e-01
9.146061725914478302e-03
2.185347318649291992e+00
2.717154622077941895e-01
1.427742689847946167e-01
5.260620266199111938e-02
1.371769458055496216e-01
2.201634198427200317e-01
4.340687394142150879e-02
3.120930194854736328e+00
5.238771066069602966e-02
1.381793022155761719e-01
0.000000000000000000e+00
5.613136887550354004e-01
3.740251362323760986e-01
1.548725962638854980e-01
4.810745120048522949e-01
5.326623320579528809e-01
1.103339314460754395e+00
4.099263623356819153e-02
8.604130744934082031e-01
5.811619758605957031e-01
1.799460053443908691e-01
0.000000000000000000e+00
3.073557317256927490e-01
6.111281365156173706e-02
0.000000000000000000e+00
1.590970277786254883e+00
2.516714096069335938e+00
2.157393693923950195e-01
8.985744118690490723e-01
3.170289695262908936e-01
0.000000000000000000e+00
1.208600401878356934e-01
5.297342538833618164e-01
4.199442639946937561e-02
6.776431202888488770e-02
1.824296951293945312e+00
3.521658852696418762e-02
4.645841121673583984e-01
3.837735950946807861e-01
3.554313480854034424e-01
8.194483518600463867e-01
8.957802653312683105e-01
1.341119885444641113e+00
1.527941524982452393e-01
2.609515190124511719e-01
0.000000000000000000e+00
1.825113296508789062e-01
2.396059632301330566e-01
5.519587397575378418e-01
5.256581306457519531e-01
3.639602661132812500e-01
0.000000000000000000e+00
1.593923121690750122e-01
7.616109251976013184e-01
9.809287637472152710e-02
2.868030220270156860e-02
2.392894625663757324e-01
3.890663385391235352e-02
3.774477541446685791e-01
5.255602002143859863e-01
2.778110504150390625e-01
4.593129754066467285e-01
5.842926725745201111e-02
1.631983183324337006e-02
1.127218604087829590e+00
1.099855825304985046e-01
8.709795773029327393e-02
1.465298056602478027e+00
8.933566510677337646e-03
2.888975441455841064e-01
9.896740317344665527e-02
3.136315569281578064e-02
3.571509420871734619e-01
5.080896615982055664e-01
6.550884842872619629e-01
2.345593273639678955e-01
7.561537902802228928e-03
1.289201993495225906e-02
8.411821722984313965e-01
1.108849793672561646e-02
4.898366332054138184e-01
2.713422290980815887e-04
1.029145643115043640e-01
1.909499056637287140e-02
6.119813770055770874e-02
1.171765625476837158e-01
1.142933011054992676e+00
8.195098042488098145e-01
7.786191999912261963e-02
2.818581461906433105e-01
8.454594016075134277e-02
1.225316449999809265e-01
1.227702945470809937e-02
7.022181749343872070e-01
3.078228235244750977e-01
2.589296316727995872e-03
4.829915165901184082e-01
1.787873864173889160e+00
9.174064546823501587e-02
3.320049762725830078e+00
5.142570137977600098e-01
1.245106458663940430e-01
1.142158508300781250e-01
4.785704314708709717e-01
2.910764515399932861e-01
1.295899748802185059e-01
1.463300883769989014e-01
8.443773984909057617e-01
3.400450944900512695e-02
2.187626361846923828e-01
4.038360118865966797e-01
5.155935883522033691e-02
2.274306461913511157e-04
3.021679818630218506e-01
2.199169635772705078e+00
2.483445405960083008e-01
1.156387329101562500e-01
1.312404498457908630e-02
3.920120000839233398e-01
3.119363188743591309e-01
2.750335037708282471e-01
6.411314755678176880e-02
5.484924465417861938e-02
2.578151524066925049e-01
1.360002788715064526e-03
8.580335378646850586e-01
2.325953990221023560e-01
4.528233706951141357e-01
7.309898734092712402e-01
1.225519895553588867e+00
2.715988159179687500e-01
6.865558028221130371e-01
0.000000000000000000e+00
5.527374744415283203e-01
2.137189209461212158e-01
8.853156119585037231e-02
3.560970425605773926e-01
1.411351680755615234e+00
4.051600769162178040e-02
6.482294201850891113e-01
0.000000000000000000e+00
1.018044427037239075e-01
4.392677452415227890e-03
0.000000000000000000e+00
6.148679554462432861e-02
4.981850087642669678e-02
2.226673997938632965e-02
7.145822048187255859e-02
0.000000000000000000e+00
7.539154291152954102e-01
4.464261233806610107e-02
3.638417124748229980e-01
3.567324578762054443e-02
9.233953356742858887e-01
1.572636142373085022e-02
1.562241017818450928e-01
2.546649575233459473e-01
6.374713033437728882e-02
2.578498423099517822e-01
2.166481167078018188e-01
7.418558746576309204e-02
5.934577584266662598e-01
2.734915614128112793e-01
7.501354813575744629e-01
1.492392659187316895e+00
5.843514204025268555e-01
2.691810727119445801e-01
4.697583988308906555e-02
1.227962136268615723e+00
9.951988458633422852e-01
0.000000000000000000e+00
5.652343630790710449e-01
1.141926497220993042e-01
8.767162216827273369e-04
4.486594796180725098e-01
2.891567349433898926e-02
6.203099712729454041e-02
1.188002643175423145e-03
1.349567174911499023e-01
0.000000000000000000e+00
9.215337634086608887e-01
7.307822257280349731e-02
1.272720545530319214e-01
3.257259130477905273e+00
1.583836376667022705e-01
0.000000000000000000e+00
8.653767406940460205e-03
2.668043971061706543e-02
0.000000000000000000e+00
2.614919245243072510e-01
1.698540598154067993e-01
2.244196087121963501e-01
3.282616659998893738e-02
1.359179522842168808e-02
1.067495867609977722e-01
1.848182827234268188e-01
3.017613291740417480e-01
0.000000000000000000e+00
