6.414999812841415405e-02
5.606399178504943848e-01
0.000000000000000000e+00
4.347083866596221924e-01
1.112715244293212891e+00
0.000000000000000000e+00
6.263024988584220409e-04
0.000000000000000000e+00
7.381013035774230957e-02
0.000000000000000000e+00
9.598274827003479004e-01
5.220904946327209473e-01
0.000000000000000000e+00
0.000000000000000000e+00
1.089562535285949707e+00
1.428510695695877075e-01
7.479258626699447632e-02
1.011845916509628296e-01
6.065018177032470703e-01
2.673918902873992920e-01
0.000000000000000000e+00
2.014891952276229858e-01
5.111422762274742126e-02
1.589140444993972778e-01
0.000000000000000000e+00
6.679940968751907349e-02
5.249971747398376465e-01
4.287137836217880249e-02
5.799484252929687500e-02
0.000000000000000000e+00
1.348250985145568848e+00
0.000000000000000000e+00
1.731499843299388885e-02
0.000000000000000000e+00
4.081724956631660461e-02
1.215251684188842773e+00
1.463628709316253662e-01
5.559715628623962402e-01
8.735076189041137695e-01
1.333683729171752930e-01
4.604533314704895020e-02
5.011183023452758789e-02
5.431333929300308228e-02
2.291812188923358917e-02
6.758293509483337402e-01
4.102816060185432434e-02
0.000000000000000000e+00
9.457941055297851562e-01
1.819300092756748199e-02
1.230488419532775879e+00
1.735755205154418945e-01
5.376172065734863281e-01
7.564467787742614746e-01
4.202836453914642334e-01
3.267633616924285889e-01
1.618695557117462158e-01
8.912250399589538574e-03
1.945014119148254395e+00
3.770764172077178955e-02
7.039728164672851562e-01
3.746072947978973389e-02
0.000000000000000000e+00
4.123520255088806152e-01
2.529940009117126465e-01
0.000000000000000000e+00
1.275973916053771973e-01
4.546119645237922668e-02
3.896438479423522949e-01
4.144746959209442139e-01
0.000000000000000000e+00
1.051608085632324219e+00
5.254876017570495605e-01
0.000000000000000000e+00
1.745150238275527954e-02
0.000000000000000000e+00
0.000000000000000000e+00
1.021316275000572205e-01
4.630924165248870850e-01
4.801471531391143799e-01
2.889186739921569824e-01
7.502579689025878906e-01
4.364320933818817139e-01
5.278900265693664551e-01
3.530462980270385742e-01
3.512457385659217834e-02
4.361274719238281250e+00
1.313865035772323608e-01
1.248612478375434875e-01
0.000000000000000000e+00
6.536331772804260254e-01
4.139854609966278076e-01
9.091484360396862030e-03
5.481728315353393555e-01
0.000000000000000000e+00
0.000000000000000000e+00
0.000000000000000000e+00
1.923231631517410278e-01
6.151058673858642578e-01
7.947944402694702148e-01
3.041477203369140625e-01
4.219465553760528564e-01
2.613457143306732178e-01
0.000000000000000000e+00
2.376193046569824219e+00
1.409179806709289551e+00
2.489117160439491272e-02
1.276847273111343384e-01
8.208603411912918091e-02
1.596364736557006836e+00
7.236641645431518555e-01
1.421488821506500244e-01
4.785963296890258789e-01
9.054780006408691406e-03
9.325493127107620239e-03
1.334794461727142334e-01
0.000000000000000000e+00
3.460007905960083008e-01
0.000000000000000000e+00
2.161274105310440063e-01
0.000000000000000000e+00
3.269931793212890625e+00
7.146485894918441772e-02
0.000000000000000000e+00
4.584579914808273315e-02
5.771516323089599609e+00
2.560446225106716156e-02
1.476917415857315063e-02
2.124780416488647461e+00
4.007787257432937622e-02
1.006272956728935242e-01
8.846774697303771973e-02
1.869336701929569244e-03
0.000000000000000000e+00
1.994530297815799713e-02
0.000000000000000000e+00
1.727037690579891205e-02
6.562592089176177979e-02
0.000000000000000000e+00
4.363169670104980469e-01
1.398843824863433838e-01
2.335810661315917969e-02
1.587715148925781250e+00
4.723206758499145508e-01
1.815351843833923340e+00
6.494939327239990234e-02
5.556043237447738647e-03
2.232245653867721558e-01
2.824467141181230545e-03
1.359834522008895874e-02
3.696060180664062500e-01
2.882508993148803711e+00
5.625313520431518555e-01
6.625314243137836456e-03
6.106184422969818115e-02
7.573884446173906326e-03
7.134970277547836304e-02
1.918794028460979462e-02
4.145377874374389648e-01
8.627893775701522827e-02
8.635199628770351410e-03
2.326942421495914459e-02
1.591929346323013306e-01
0.000000000000000000e+00
4.294529259204864502e-01
5.530815571546554565e-02
1.833811521530151367e+00
5.135275721549987793e-01
2.496098756790161133e+00
2.181306630373001099e-01
3.780407309532165527e-01
7.375041246414184570e-01
0.000000000000000000e+00
3.150535747408866882e-02
2.648484408855438232e-01
0.000000000000000000e+00
9.134273231029510498e-02
0.000000000000000000e+00
1.178240701556205750e-01
2.872397005558013916e-01
1.119013309478759766e+00
0.000000000000000000e+00
5.935437232255935669e-02
1.928808689117431641e-01
9.993596933782100677e-03
1.299160718917846680e-01
5.236890316009521484e-01
1.173660904169082642e-02
5.976229310035705566e-01
2.918555773794651031e-02
2.770858816802501678e-02
2.806791305541992188e+00
9.419843554496765137e-01
1.736445724964141846e-01
9.078420698642730713e-02
0.000000000000000000e+00
6.008184514939785004e-03
3.077110052108764648e-01
1.836660742759704590e+00
1.941069215536117554e-01
1.331216469407081604e-02
0.000000000000000000e+00
7.530169188976287842e-02
3.618088662624359131e-01
2.845394909381866455e-01
0.000000000000000000e+00
4.545746836811304092e-03
1.005224466323852539e+00
4.059017658233642578e+00
1.471893936395645142e-01
1.794102430343627930e+00
4.266734234988689423e-03
3.093731999397277832e-01
2.747429311275482178e-01
1.999118208885192871e+00
1.474804729223251343e-01
4.533672705292701721e-03
2.552223443984985352e+00
0.000000000000000000e+00
8.053027093410491943e-02
9.380508959293365479e-02
8.951488882303237915e-03
6.483374238014221191e-01
1.327234804630279541e-01
4.115341603755950928e-02
1.851448975503444672e-02
1.959121227264404297e+00
7.965504527091979980e-01
1.257768869400024414e+00
0.000000000000000000e+00
1.170671060681343079e-01
1.973045170307159424e-01
5.377218592911958694e-03
1.469534039497375488e-01
1.488326191902160645e-01
1.514648348093032837e-01
5.867360234260559082e-01
2.366904020309448242e-01
1.861350238323211670e-01
0.000000000000000000e+00
3.954623341560363770e-01
6.489040702581405640e-02
4.234341979026794434e-01
1.948024332523345947e-01
0.000000000000000000e+00
0.000000000000000000e+00
2.028759941458702087e-02
0.000000000000000000e+00
5.481455102562904358e-02
6.956782657653093338e-03
0.000000000000000000e+00
1.045229062438011169e-01
5.713461712002754211e-02
0.000000000000000000e+00
2.829425930976867676e-01
1.951555967330932617e+00
9.349358081817626953e-02
1.268690975848585367e-04
0.000000000000000000e+00
5.844154357910156250e-01
4.602724313735961914e-02
2.409207634627819061e-02
1.123230084776878357e-01
1.757032237946987152e-02
1.458354443311691284e-01
6.233456730842590332e-02
0.000000000000000000e+00
0.000000000000000000e+00
3.403678536415100098e-01
1.295754313468933105e-01
8.353209123015403748e-03
7.568172365427017212e-02
0.000000000000000000e+00
0.000000000000000000e+00
6.720971316099166870e-02
1.311111263930797577e-03
3.103790581226348877e-01
4.967081360518932343e-03
0.000000000000000000e+00
9.957062005996704102e-01
1.681207567453384399e-01
2.123315632343292236e-01
7.690472062677145004e-03
2.846182882785797119e-01
9.535567462444305420e-02
1.794492267072200775e-02
3.197441399097442627e-01
0.000000000000000000e+00
9.543009996414184570e-01
4.348658561706542969e+00
1.117881089448928833e-01
8.060216903686523438e-02
0.000000000000000000e+00
0.000000000000000000e+00
1.392161250114440918e-01
0.000000000000000000e+00
0.000000000000000000e+00
1.359796375036239624e-01
4.737964272499084473e-01
5.541186034679412842e-02
2.666903473436832428e-02
1.103305816650390625e-01
1.939018070697784424e-02
4.439426064491271973e-01
1.738881575874984264e-03
2.316554263234138489e-02
3.160532414913177490e-01
3.086748719215393066e-02
0.000000000000000000e+00
0.000000000000000000e+00
2.429190874099731445e+00
4.051735401153564453e-01
6.590335369110107422e-01
8.700631558895111084e-03
7.477065563201904297e+00
0.000000000000000000e+00
4.503587186336517334e-01
6.556362658739089966e-02
3.110681176185607910e-01
7.945226505398750305e-03
4.305611550807952881e-01
0.000000000000000000e+00
1.457773447036743164e-01
8.722441270947456360e-03
7.599261403083801270e-01
4.062725976109504700e-02
0.000000000000000000e+00
0.000000000000000000e+00
7.221876177936792374e-03
3.971677273511886597e-02
5.227491632103919983e-02
1.337088048458099365e-01
2.049961825832724571e-03
2.460717409849166870e-01
3.624532222747802734e-01
6.144202873110771179e-02
9.105906486511230469e-01
2.049243450164794922e-01
5.103113129734992981e-02
1.467705816030502319e-01
0.000000000000000000e+00
2.911520190536975861e-02
6.334136128425598145e-01
1.378020942211151123e-01
1.441053021699190140e-02
1.303393840789794922e-01
5.962313339114189148e-02
0.000000000000000000e+00
3.052645027637481689e-01
1.580247133970260620e-01
1.183687746524810791e-01
0.000000000000000000e+00
8.927856683731079102e-01
7.271680235862731934e-02
9.437854588031768799e-02
1.162497326731681824e-03
2.267194986343383789e+00
2.212874591350555420e-02
4.774622991681098938e-02
0.000000000000000000e+00
1.468702498823404312e-02
7.799082279205322266e+00
9.738912582397460938e-01
0.000000000000000000e+00
1.426085978746414185e-01
7.707092165946960449e-01
9.627684950828552246e-01
7.614728063344955444e-02
0.000000000000000000e+00
6.024742722511291504e-01
2.795142121613025665e-02
2.919608652591705322e-01
0.000000000000000000e+00
1.135152801871299744e-01
5.661478638648986816e-01
3.817442059516906738e-02
2.912946045398712158e-01
2.649930119514465332e-01
9.109005331993103027e-01
0.000000000000000000e+00
2.749036848545074463e-01
2.571251094341278076e-01
1.344640135765075684e+00
0.000000000000000000e+00
4.527958109974861145e-03
7.468689680099487305e-01
8.876436352729797363e-01
1.856721639633178711e-01
1.970017850399017334e-01
0.000000000000000000e+00
7.536735534667968750e-01
8.108515143394470215e-01
9.585431218147277832e-02
5.148074403405189514e-02
3.137934952974319458e-03
3.641844168305397034e-02
1.362969726324081421e-01
0.000000000000000000e+00
1.264012753963470459e-01
1.306481838226318359e+00
1.164569497108459473e+00
0.000000000000000000e+00
1.961765408515930176e+00
1.641700714826583862e-01
9.539876878261566162e-02
2.466104924678802490e-02
9.324336796998977661e-02
4.066065251827239990e-01
6.049314513802528381e-03
1.741596907377243042e-01
3.841958343982696533e-01
0.000000000000000000e+00
1.590763181447982788e-01
1.144309341907501221e-01
0.000000000000000000e+00
4.679953157901763916e-01
7.392257452011108398e-02
2.193593978881835938e-02
3.018914759159088135e-01
6.757543087005615234e-01
1.710934787988662720e-01
0.000000000000000000e+00
2.910495996475219727e-01
2.428719215095043182e-02
7.870364785194396973e-01
6.771316528320312500e-01
0.000000000000000000e+00
2.582127571105957031e+00
1.614483594894409180e+00
9.110850691795349121e-01
7.700377609580755234e-03
2.621659517288208008e+00
2.246584190288558602e-04
2.233846187591552734e-01
0.000000000000000000e+00
0.000000000000000000e+00
2.408873796463012695e+00
4.123761057853698730e-01
1.749371290206909180e-01
1.269277572631835938e+00
4.689885079860687256e-01
1.022631525993347168e-01
0.000000000000000000e+00
1.706968843936920166e-01
6.454800367355346680e-01
6.510239839553833008e-02
0.000000000000000000e+00
2.451288104057312012e-01
3.753876090049743652e-01
5.787009745836257935e-02
0.000000000000000000e+00
6.263750195503234863e-01
0.000000000000000000e+00
2.776067554950714111e-01
1.002991688437759876e-03
1.725613594055175781e+00
2.761220932006835938e+00
7.346913684159517288e-03
0.000000000000000000e+00
0.000000000000000000e+00
2.002629190683364868e-01
5.377898216247558594e-01
0.000000000000000000e+00
2.222211211919784546e-01
7.504359483718872070e-01
3.948682174086570740e-02
7.997319102287292480e-02
2.687028944492340088e-01
4.607275724411010742e-01
1.250095516443252563e-01
4.164146259427070618e-02
1.662648320198059082e-01
1.550621390342712402e-01
1.238981354981660843e-02
2.017247676849365234e+00
2.034076005220413208e-01
1.168375492095947266e+00
2.836744859814643860e-02
1.396075487136840820e-01
4.467456042766571045e-02
1.865204423666000366e-01
2.576041407883167267e-02
4.345415115356445312e+00
4.634722173213958740e-01
2.852656412869691849e-03
7.257567644119262695e-01
4.325251653790473938e-02
2.481419742107391357e-01
4.523571208119392395e-02
2.732859849929809570e-01
2.970122396945953369e-01
7.469560503959655762e-01
3.146488189697265625e+00
9.689341485500335693e-02
4.412271082401275635e-01
2.581452608108520508e+00
2.606672607362270355e-02
2.124134600162506104e-01
3.916310146450996399e-02
4.353754967451095581e-02
3.030640259385108948e-02
0.000000000000000000e+00
1.414967179298400879e-01
1.646783947944641113e+00
1.213008537888526917e-01
4.755590260028839111e-01
3.737105429172515869e-02
2.978830814361572266e+00
4.381633698940277100e-01
6.532364338636398315e-02
2.446761354804039001e-02
1.356604546308517456e-01
1.217742487788200378e-01
4.860482737421989441e-02
2.061364501714706421e-01
0.000000000000000000e+00
4.276502504944801331e-02
9.822022169828414917e-02
2.162269115447998047e+00
0.000000000000000000e+00
6.085854023694992065e-02
1.381045699119567871e+00
2.535990774631500244e-01
8.300391957163810730e-03
4.586730618029832840e-03
6.530808657407760620e-02
2.204114943742752075e-01
0.000000000000000000e+00
1.226570755243301392e-01
1.691636562347412109e+00
5.645064711570739746e-01
0.000000000000000000e+00
0.000000000000000000e+00
4.989766180515289307e-01
1.090972498059272766e-02
0.000000000000000000e+00
8.013851940631866455e-03
7.053951621055603027e-01
4.464266598224639893e-01
3.566599488258361816e-01
4.716903343796730042e-02
4.485277533531188965e-01
1.038353443145751953e+00
1.272284309379756451e-03
3.163429498672485352e-01
1.474514156579971313e-01
1.063268184661865234e+00
8.229453563690185547e-01
1.341118663549423218e-01
1.337645798921585083e-01
0.000000000000000000e+00
2.951274998486042023e-02
6.003729254007339478e-02
3.661182522773742676e-01
2.086551301181316376e-02
0.000000000000000000e+00
0.000000000000000000e+00
3.987784981727600098e-01
6.518612150102853775e-03
0.000000000000000000e+00
2.678371667861938477e-01
6.137319654226303101e-02
2.308554500341415405e-01
2.414180040359497070e-01
9.078114032745361328e-01
6.459400802850723267e-02
5.019327998161315918e-02
9.037564396858215332e-01
2.089459002017974854e-01
1.953287236392498016e-02
0.000000000000000000e+00
4.109302759170532227e-01
2.324558235704898834e-02
2.998220734298229218e-03
1.141613721847534180e+00
1.614321172237396240e-01
1.588364392518997192e-01
2.361728996038436890e-02
0.000000000000000000e+00
2.309744358062744141e+00
0.000000000000000000e+00
8.365247398614883423e-02
1.510424911975860596e-01
6.894689798355102539e-02
1.379393488168716431e-01
2.504506349563598633e+00
5.601075291633605957e-02
3.854321837425231934e-01
9.032710641622543335e-02
1.950141042470932007e-01
2.304782420396804810e-01
1.432039141654968262e-01
3.879504203796386719e-01
8.730080127716064453e-01
1.020356416702270508e-01
0.000000000000000000e+00
5.367327332496643066e-01
7.216083817183971405e-03
6.537092477083206177e-02
3.125991299748420715e-02
1.397823542356491089e-01
1.403416097164154053e-01
1.496370792388916016e+00
1.364482790231704712e-01
4.013245999813079834e-01
3.055304586887359619e-01
2.613930463790893555e+00
2.691428661346435547e-01
5.142749547958374023e-01
2.104050874710083008e+00
1.564382314682006836e-01
4.952187091112136841e-02
8.489404805004596710e-03
3.020827174186706543e-01
1.246807537972927094e-02
5.129100754857063293e-02
5.120862722396850586e-01
0.000000000000000000e+00
3.358822166919708252e-01
0.000000000000000000e+00
3.108471930027008057e-01
4.055547416210174561e-01
0.000000000000000000e+00
1.116387918591499329e-01
1.359549015760421753e-01
1.481521010398864746e+00
3.421251535415649414e+00
3.838349878787994385e-02
1.014270663261413574e+00
0.000000000000000000e+00
5.670863762497901917e-02
8.587121963500976562e-03
2.687764167785644531e-01
0.000000000000000000e+00
3.906567096710205078e-01
0.000000000000000000e+00
7.671236395835876465e-01
1.180853471159934998e-01
1.398802757263183594e+00
8.041844516992568970e-02
2.938019931316375732e-01
7.265046834945678711e-01
0.000000000000000000e+00
2.351087480783462524e-01
4.015925228595733643e-01
9.178519994020462036e-02
5.179965496063232422e-01
4.258818328380584717e-01
0.000000000000000000e+00
0.000000000000000000e+00
1.082664206624031067e-01
2.543647028505802155e-02
9.815886616706848145e-02
1.276190951466560364e-02
0.000000000000000000e+00
1.516465902328491211e+00
1.079044222831726074e+00
0.000000000000000000e+00
3.895504713058471680e+00
0.000000000000000000e+00
4.664691165089607239e-02
2.031311625614762306e-03
8.222004771232604980e-02
1.032280176877975464e-01
4.207713156938552856e-02
0.000000000000000000e+00
1.932461738586425781e+00
8.312209248542785645e-01
1.126087177544832230e-02
2.737090587615966797e-01
0.000000000000000000e+00
4.629656076431274414e-01
1.610594987869262695e-01
0.000000000000000000e+00
2.761499583721160889e-01
1.331983059644699097e-01
6.294795125722885132e-02
9.187375903129577637e-01
9.012806415557861328e-01
0.000000000000000000e+00
2.164793610572814941e-01
4.411916434764862061e-01
1.396991968154907227e+00
4.114096052944660187e-03
4.327830076217651367e-01
2.452683448791503906e-02
1.881727576255798340e-02
5.163047909736633301e-01
0.000000000000000000e+00
3.887898847460746765e-02
1.861195713281631470e-01
1.549426317214965820e+00
2.370510101318359375e-01
1.103136762976646423e-01
0.000000000000000000e+00
3.088003583252429962e-02
9.564039856195449829e-02
2.649968266487121582e-01
3.239823877811431885e-01
0.000000000000000000e+00
2.412512898445129395e-01
2.133036255836486816e-01
2.433441579341888428e-01
1.332032442092895508e+00
0.000000000000000000e+00
1.219775155186653137e-01
1.314529124647378922e-02
5.798373222351074219e-01
8.113085031509399414e-01
6.316841840744018555e-01
7.353864312171936035e-01
1.327978372573852539e+00
1.867671161890029907e-01
0.000000000000000000e+00
3.779298067092895508e-01
7.661467790603637695e-02
4.215177148580551147e-03
2.689808905124664307e-01
1.454829424619674683e-01
4.062120616436004639e-02
9.295479394495487213e-03
0.000000000000000000e+00
1.986210495233535767e-01
3.977237269282341003e-02
2.174611948430538177e-02
0.000000000000000000e+00
1.987387612462043762e-02
1.228238362818956375e-02
0.000000000000000000e+00
1.793959885835647583e-01
1.493409462273120880e-02
2.016224384307861328e+00
0.000000000000000000e+00
8.402288891375064850e-03
7.957459092140197754e-01
8.050910830497741699e-01
1.472680211067199707e+00
2.542690336704254150e-01
0.000000000000000000e+00
2.216283231973648071e-01
0.000000000000000000e+00
9.078293442726135254e-01
1.489253789186477661e-01
1.253453791141510010e-01
0.000000000000000000e+00
2.084307745099067688e-02
3.701391071081161499e-02
3.213533759117126465e-02
1.855810880661010742e-01
2.588404715061187744e-01
7.941483706235885620e-02
2.310073971748352051e-01
3.051799163222312927e-02
8.055129647254943848e-01
6.179922223091125488e-01
6.461238488554954529e-03
1.535229012370109558e-02
3.173923492431640625e-01
9.987175464630126953e-02
8.231688737869262695e-01
5.122765302658081055e-01
5.276300907135009766e-01
1.708125621080398560e-01
2.111136317253112793e-01
0.000000000000000000e+00
2.873660027980804443e-01
5.639566108584403992e-02
0.000000000000000000e+00
6.881348788738250732e-02
0.000000000000000000e+00
2.474468052387237549e-01
1.236403822898864746e+00
4.165794327855110168e-02
1.256008744239807129e+00
6.049351766705513000e-02
7.717587798833847046e-02
0.000000000000000000e+00
9.317619726061820984e-03
5.113402009010314941e-01
2.661950327455997467e-02
1.170137152075767517e-01
2.331635914742946625e-02
1.488458663225173950e-01
0.000000000000000000e+00
1.755118817090988159e-01
1.200370304286479950e-02
7.464945316314697266e-01
7.213962264358997345e-03
1.483587473630905151e-01
4.845643341541290283e-01
0.000000000000000000e+00
7.015100866556167603e-02
8.029914498329162598e-01
2.937850952148437500e+00
5.356477200984954834e-02
2.620311081409454346e-02
1.994150131940841675e-02
0.000000000000000000e+00
0.000000000000000000e+00
1.865411877632141113e+00
7.820540666580200195e-01
2.384342998266220093e-02
3.002815485000610352e+00
3.321933746337890625e-02
6.596285104751586914e-02
1.307339593768119812e-02
1.426392644643783569e-01
9.379559010267257690e-02
1.117414142936468124e-02
3.506383299827575684e-01
0.000000000000000000e+00
1.566002666950225830e-01
1.486113071441650391e-01
0.000000000000000000e+00
1.596584469079971313e-01
7.339400053024291992e-02
1.895753890275955200e-01
0.000000000000000000e+00
7.983916997909545898e-02
1.230346322059631348e+00
1.430674940347671509e-01
0.000000000000000000e+00
2.509535523131489754e-03
1.310115307569503784e-01
1.774410158395767212e-01
2.146011352539062500e+00
0.000000000000000000e+00
1.897114515304565430e-01
1.765811741352081299e-01
7.124785780906677246e-01
7.945862412452697754e-02
3.368511497974395752e-01
1.180478572845458984e+00
2.995622344315052032e-03
2.146449536085128784e-01
1.880529895424842834e-02
9.063328616321086884e-03
0.000000000000000000e+00
0.000000000000000000e+00
3.355147242546081543e-01
0.000000000000000000e+00
1.180608391761779785e+00
3.092948347330093384e-02
3.279613098129630089e-03
2.140206694602966309e-01
0.000000000000000000e+00
9.803073406219482422e-01
2.487459033727645874e-01
8.266992121934890747e-02
1.523606479167938232e-01
0.000000000000000000e+00
0.000000000000000000e+00
0.000000000000000000e+00
8.956218510866165161e-02
3.453867509961128235e-02
0.000000000000000000e+00
1.686185240745544434e+00
8.430415391921997070e-02
0.000000000000000000e+00
4.971259087324142456e-02
3.474058806896209717e-01
0.000000000000000000e+00
5.976068228483200073e-02
1.773993372917175293e-01
4.306568298488855362e-03
1.206228509545326233e-01
2.964649908244609833e-02
3.047010004520416260e-01
7.432455569505691528e-02
0.000000000000000000e+00
1.260872334241867065e-01
3.681479990482330322e-01
3.180391788482666016e-01
1.948913484811782837e-01
8.805759251117706299e-03
1.123526930809020996e+00
7.938941940665245056e-03
8.315728604793548584e-02
2.504715695977210999e-02
7.829950451850891113e-01
0.000000000000000000e+00
5.681870877742767334e-02
1.853065490722656250e-01
1.830083876848220825e-01
7.730945199728012085e-02
2.540141105651855469e+00
2.720755059272050858e-03
1.427992433309555054e-01
1.812757402658462524e-01
1.315927505493164062e-02
0.000000000000000000e+00
6.773701906204223633e-01
8.314183913171291351e-03
1.810280680656433105e-01
5.865380167961120605e-01
5.200815200805664062e-01
1.616085171699523926e-01
1.209851503372192383e-01
5.439788103103637695e-01
2.259219646453857422e+00
0.000000000000000000e+00
1.327477544546127319e-01
9.636338949203491211e-01
2.265280857682228088e-02
0.000000000000000000e+00
3.026351332664489746e-02
6.486396491527557373e-02
0.000000000000000000e+00
7.631402015686035156e-01
9.109753370285034180e-02
1.433856133371591568e-02
8.759184181690216064e-02
2.532533407211303711e+00
0.000000000000000000e+00
3.511031717061996460e-02
4.082987308502197266e-01
0.000000000000000000e+00
3.656534552574157715e-01
7.235604804009199142e-03
4.428869724273681641e+00
4.153951257467269897e-02
6.373585462570190430e-01
6.687411665916442871e-01
0.000000000000000000e+00
0.000000000000000000e+00
5.530963540077209473e-01
4.760588984936475754e-03
1.624194718897342682e-02
6.836348772048950195e-01
1.431835591793060303e-01
0.000000000000000000e+00
4.930942654609680176e-01
2.722807824611663818e-01
3.335809335112571716e-03
0.000000000000000000e+00
9.428921341896057129e-02
0.000000000000000000e+00
6.418318748474121094e-01
0.000000000000000000e+00
1.112361028790473938e-01
1.205662935972213745e-01
1.298931837081909180e+00
6.850665211677551270e-01
2.407754957675933838e-01
1.200562953948974609e+00
5.046831369400024414e-01
0.000000000000000000e+00
5.541339516639709473e-01
3.693892061710357666e-01
1.176416158676147461e+00
3.074262142181396484e-01
1.349799986928701401e-02
0.000000000000000000e+00
0.000000000000000000e+00
2.118793576955795288e-01
5.504148602485656738e-01
4.352679252624511719e+00
8.886886388063430786e-02
0.000000000000000000e+00
1.154935080558061600e-02
4.212660789489746094e-01
7.937433123588562012e-01
3.350178711116313934e-03
0.000000000000000000e+00
4.917419254779815674e-01
2.020371109247207642e-01
3.954722080379724503e-03
0.000000000000000000e+00
1.969638109207153320e+00
6.012602448463439941e-01
0.000000000000000000e+00
6.984478235244750977e-02
0.000000000000000000e+00
6.802422404289245605e-01
2.509959936141967773e-01
2.303100423887372017e-03
4.522365331649780273e-02
0.000000000000000000e+00
1.185182034969329834e-01
1.090920567512512207e-01
3.859842941164970398e-02
1.206930279731750488e-01
5.737112760543823242e-01
0.000000000000000000e+00
0.000000000000000000e+00
0.000000000000000000e+00
5.848006159067153931e-02
6.190780550241470337e-02
1.931274771690368652e+00
2.913041785359382629e-02
0.000000000000000000e+00
1.569981426000595093e-01
5.500431358814239502e-02
0.000000000000000000e+00
3.951713815331459045e-02
1.624957174062728882e-01
0.000000000000000000e+00
1.597667813301086426e+00
1.521451324224472046e-01
0.000000000000000000e+00
1.036487333476543427e-02
6.753830239176750183e-03
1.971014216542243958e-02
8.769327998161315918e-01
5.445273220539093018e-02
0.000000000000000000e+00
0.000000000000000000e+00
6.225861310958862305e-01
1.729665882885456085e-02
1.506070373579859734e-03
9.742833673954010010e-03
1.174874231219291687e-01
4.651148319244384766e-01
0.000000000000000000e+00
2.378155887126922607e-01
6.048126220703125000e-01
4.290135204792022705e-02
0.000000000000000000e+00
0.000000000000000000e+00
3.178666532039642334e-01
8.098528534173965454e-02
1.845201611518859863e+00
4.243806004524230957e-01
6.710273027420043945e-02
4.981512725353240967e-01
8.524370938539505005e-02
7.183296680450439453e-01
0.000000000000000000e+00
1.516209244728088379e-01
0.000000000000000000e+00
5.791987106204032898e-02
6.029915213584899902e-01
0.000000000000000000e+00
1.463359713554382324e+00
0.000000000000000000e+00
1.231032386422157288e-01
1.517924517393112183e-01
6.489730477333068848e-01
7.137322798371315002e-03
0.000000000000000000e+00
2.881770255044102669e-03
1.006088137626647949e+00
1.117611050605773926e+00
1.220803800970315933e-02
1.080961450934410095e-01
1.716540008783340454e-01
2.911828160285949707e-01
7.936006784439086914e-02
0.000000000000000000e+00
1.339370310306549072e-01
1.683751940727233887e-01
2.678183317184448242e-01
2.192870378494262695e-01
9.749156236648559570e-01
0.000000000000000000e+00
6.601313352584838867e-01
4.276289418339729309e-02
1.147345751523971558e-01
4.011040627956390381e-01
1.377511944156140089e-04
1.164570450782775879e-01
1.585949361324310303e-01
8.907861262559890747e-02
2.716710604727268219e-02
5.059990286827087402e-01
0.000000000000000000e+00
1.228735595941543579e-01
2.265256047248840332e-01
2.909559905529022217e-01
1.100665237754583359e-02
3.474627062678337097e-02
3.678105399012565613e-02
1.047098755836486816e+00
4.189012348651885986e-01
2.197164855897426605e-02
1.176530361175537109e+00
2.843928523361682892e-02
4.975587502121925354e-02
2.063655614852905273e+00
5.779042374342679977e-03
3.075643777847290039e-01
7.835581153631210327e-02
0.000000000000000000e+00
2.615584135055541992e+00
1.700932858511805534e-03
0.000000000000000000e+00
9.878731332719326019e-03
1.624802231788635254e+00
9.287253022193908691e-02
1.631676793098449707e+00
1.040562033653259277e+00
6.477721035480499268e-02
1.992527768015861511e-02
1.233704686164855957e-01
0.000000000000000000e+00
2.559448480606079102e-01
0.000000000000000000e+00
4.963950216770172119e-01
0.000000000000000000e+00
3.275851905345916748e-01
2.341731190681457520e-01
1.833356320858001709e-01
1.631873250007629395e-01
1.875388473272323608e-01
5.334005355834960938e-01
4.992727935314178467e-02
9.893851280212402344e-01
0.000000000000000000e+00
1.905328128486871719e-03
2.071846462786197662e-02
6.972072273492813110e-02
2.158665098249912262e-02
8.072618395090103149e-02
6.160835176706314087e-02
1.546506732702255249e-01
4.356722533702850342e-01
2.834853529930114746e-02
3.632993996143341064e-01
1.275966763496398926e+00
3.782878164201974869e-03
0.000000000000000000e+00
0.000000000000000000e+00
5.899257063865661621e-01
5.829997062683105469e-01
5.184828042984008789e-01
1.233280226588249207e-01
9.758799076080322266e-01
5.077298879623413086e-01
1.177787035703659058e-01
3.836179971694946289e-01
2.939674258232116699e-02
8.651982247829437256e-02
0.000000000000000000e+00
6.197730898857116699e-01
1.066995412111282349e-01
2.227371744811534882e-02
0.000000000000000000e+00
1.964396715164184570e+00
5.797629952430725098e-01
1.808954000473022461e+00
1.642955899238586426e+00
9.161180257797241211e-02
0.000000000000000000e+00
8.635206222534179688e-01
0.000000000000000000e+00
2.395493268966674805e+00
1.334630399942398071e-01
2.669784985482692719e-02
1.514198184013366699e+00
2.409249842166900635e-01
0.000000000000000000e+00
2.440337419509887695e+00
5.013772845268249512e-02
2.024961560964584351e-01
1.715137660503387451e-01
1.120915055274963379e+00
1.530998587608337402e+00
9.169062376022338867e-01
6.316470354795455933e-02
1.557240635156631470e-01
1.324654817581176758e-01
7.685953378677368164e-02
4.120993018150329590e-01
3.167856037616729736e-01
2.802907526493072510e-01
4.702646732330322266e-01
4.650779962539672852e-01
9.352715015411376953e-01
3.355949372053146362e-02
3.242522180080413818e-01
5.514013394713401794e-02
1.136005446314811707e-01
1.787928044795989990e-01
4.362735897302627563e-02
5.308217406272888184e-01
9.683204293251037598e-01
0.000000000000000000e+00
1.843183650635182858e-03
4.513724893331527710e-02
0.000000000000000000e+00
2.640958130359649658e-01
0.000000000000000000e+00
8.088476955890655518e-03
1.055102422833442688e-02
0.000000000000000000e+00
6.007486488670110703e-03
0.000000000000000000e+00
6.075478792190551758e-01
5.354192852973937988e-01
1.241930387914180756e-02
8.427135944366455078e-01
3.704026341438293457e-02
1.147061586380004883e+00
7.306345701217651367e-01
2.991639375686645508e+00
4.243782460689544678e-01
1.460998132824897766e-02
1.039533376693725586e+00
1.526242256164550781e+00
0.000000000000000000e+00
1.856489330530166626e-01
0.000000000000000000e+00
5.753180757164955139e-02
9.183124639093875885e-03
1.293503493070602417e-01
5.343219041824340820e-01
2.145146578550338745e-02
8.799652010202407837e-02
2.293431758880615234e-01
4.000082314014434814e-01
8.265537768602371216e-02
8.130419999361038208e-02
5.538296326994895935e-02
3.625212982296943665e-02
1.187662601470947266e+00
2.755673527717590332e-01
1.231676712632179260e-01
0.000000000000000000e+00
2.100475132465362549e-01
1.670330911874771118e-01
3.724869340658187866e-03
6.557759642601013184e-01
2.669160842895507812e+00
1.446811318397521973e+00
1.676766872406005859e+00
1.169802024960517883e-01
1.321241378784179688e+00
0.000000000000000000e+00
1.197172678075730801e-03
1.258492588996887207e+00
5.467472672462463379e-01
0.000000000000000000e+00
0.000000000000000000e+00
1.703576929867267609e-02
2.488619387149810791e-01
1.827257573604583740e-01
1.559177637100219727e-01
2.949549436569213867e+00
1.424611926078796387e+00
1.661897636950016022e-02
3.058620356023311615e-02
8.622880093753337860e-03
1.577050209045410156e+00
0.000000000000000000e+00
4.510786235332489014e-01
7.289750874042510986e-02
0.000000000000000000e+00
0.000000000000000000e+00
0.000000000000000000e+00
3.161974251270294189e-02
9.438544511795043945e-02
8.819480985403060913e-02
1.436295360326766968e-01
2.671706974506378174e-01
1.120843514800071716e-01
0.000000000000000000e+00
1.484262228012084961e+00
9.494654834270477295e-03
9.108076244592666626e-02
0.000000000000000000e+00
1.081154122948646545e-01
5.112164020538330078e-01
0.000000000000000000e+00
5.440322160720825195e-01
2.710784673690795898e+00
4.903114214539527893e-02
4.692460596561431885e-01
1.691606342792510986e-01
0.000000000000000000e+00
1.453847140073776245e-01
1.777060143649578094e-02
5.694277882575988770e-01
1.078554093837738037e-01
5.513039231300354004e-01
4.574422538280487061e-02
0.000000000000000000e+00
3.990887105464935303e-02
2.402144670486450195e+00
8.737564086914062500e-02
1.254985928535461426e-01
4.397324100136756897e-02
9.429582953453063965e-02
0.000000000000000000e+00
2.178039699792861938e-01
9.528869986534118652e-01
1.864675730466842651e-01
3.576610982418060303e-01
1.443276703357696533e-01
1.707145869731903076e-01
3.426029086112976074e-01
0.000000000000000000e+00
2.136082172393798828e+00
0.000000000000000000e+00
4.163301885128021240e-01
5.965222045779228210e-02
0.000000000000000000e+00
1.540822386741638184e+00
8.047137260437011719e-01
1.903482973575592041e-01
9.217902272939682007e-02
1.971214711666107178e-01
1.910108447074890137e+00
6.018894538283348083e-02
1.160864710807800293e+00
1.040536284446716309e+00
4.436375498771667480e-01
8.331060409545898438e-03
1.669978499412536621e+00
4.492710232734680176e-01
2.425554245710372925e-01
8.717330694198608398e-01
0.000000000000000000e+00
0.000000000000000000e+00
2.722979523241519928e-02
4.034440219402313232e-02
1.303798854351043701e-01
1.280550262890756130e-03
2.617856264114379883e-01
0.000000000000000000e+00
3.151772975921630859e+00
2.277887463569641113e-01
2.038533449172973633e+00
0.000000000000000000e+00
1.833913847804069519e-02
3.928449392318725586e+00
0.000000000000000000e+00
0.000000000000000000e+00
2.191497245803475380e-03
0.000000000000000000e+00
3.825218081474304199e-01
6.219176054000854492e-01
2.921019554138183594e+00
0.000000000000000000e+00
2.391257137060165405e-02
2.207871079444885254e-01
7.576294243335723877e-02
0.000000000000000000e+00
0.000000000000000000e+00
4.774511232972145081e-02
3.074743449687957764e-01
5.058227181434631348e-01
9.266073107719421387e-01
6.599552631378173828e-01
3.554583191871643066e-01
5.940825343132019043e-01
2.950724363327026367e-01
9.981843642890453339e-03
2.791553139686584473e-01
7.159928791224956512e-03
0.000000000000000000e+00
2.375157475471496582e-01
2.852087318897247314e-01
6.843422651290893555e-01
1.807676404714584351e-01
0.000000000000000000e+00
4.853325337171554565e-02
8.591895699501037598e-01
0.000000000000000000e+00
1.423569202423095703e+00
1.178566217422485352e-01
1.455708503723144531e+00
4.858561158180236816e-01
1.756034344434738159e-01
3.054843470454216003e-02
3.858735039830207825e-02
6.263630930334329605e-03
0.000000000000000000e+00
4.672015830874443054e-02
1.981078237295150757e-01
3.352819755673408508e-02
3.908108770847320557e-01
1.078713778406381607e-02
2.550376206636428833e-02
1.428265720605850220e-01
6.482940912246704102e-01
2.333402782678604126e-01
7.738205194473266602e-01
3.686609491705894470e-02
1.093228999525308609e-02
2.706141233444213867e+00
1.526320278644561768e-01
1.015112757682800293e+00
9.593681432306766510e-03
3.973192870616912842e-01
1.844360828399658203e-01
3.993268013000488281e-01
2.359429746866226196e-01
1.156078815460205078e+00
4.503368437290191650e-01
6.625366955995559692e-02
2.366645075380802155e-02
2.422479540109634399e-02
0.000000000000000000e+00
0.000000000000000000e+00
3.283797204494476318e-01
2.436997927725315094e-02
1.326869606971740723e+00
2.011023312807083130e-01
1.776572108268737793e+00
1.745735853910446167e-01
1.024851560592651367e+00
1.623744010925292969e+00
0.000000000000000000e+00
8.508266508579254150e-02
0.000000000000000000e+00
1.864544488489627838e-02
1.705908924341201782e-01
1.418557483702898026e-02
3.925189748406410217e-02
3.822832405567169189e-01
1.058071374893188477e+00
0.000000000000000000e+00
0.000000000000000000e+00
3.226539790630340576e-01
4.023458957672119141e-01
1.164275646209716797e+00
1.592834889888763428e-01
0.000000000000000000e+00
4.345178976655006409e-02
0.000000000000000000e+00
2.106053113937377930e+00
0.000000000000000000e+00
1.179340388625860214e-02
0.000000000000000000e+00
6.772011984139680862e-04
0.000000000000000000e+00
1.192470733076334000e-02
2.309894323348999023e+00
3.301228880882263184e-01
3.882074961438775063e-04
4.808464646339416504e-02
8.130328357219696045e-02
3.248450458049774170e-01
9.844007343053817749e-02
2.229910641908645630e-01
2.150690257549285889e-01
1.518178731203079224e-01
5.300156772136688232e-02
3.121675848960876465e-01
1.983723938465118408e-01
3.189547732472419739e-02
1.718228869140148163e-02
7.555456459522247314e-02
4.318938732147216797e+00
2.532223165035247803e-01
2.302101440727710724e-02
7.809275984764099121e-01
3.013110347092151642e-02
0.000000000000000000e+00
3.189010918140411377e-02
0.000000000000000000e+00
5.418542400002479553e-02
0.000000000000000000e+00
5.604422464966773987e-02
3.176349699497222900e-01
1.740230321884155273e+00
6.561178714036941528e-02
1.862094178795814514e-02
1.925090095028281212e-03
9.236213751137256622e-03
3.808265626430511475e-01
1.230993866920471191e-01
7.412017583847045898e-01
8.434120416641235352e-01
1.766836047172546387e-01
1.284975465387105942e-02
3.706507682800292969e-01
9.767501056194305420e-02
1.552026867866516113e+00
7.674967050552368164e-01
2.289388701319694519e-02
5.962124466896057129e-02
1.470702588558197021e-01
3.040461540222167969e-01
0.000000000000000000e+00
0.000000000000000000e+00
2.063868939876556396e-02
3.206525444984436035e-01
1.392608046531677246e+00
9.855674505233764648e-01
3.598191440105438232e-01
1.315580308437347412e-01
7.112452387809753418e-01
3.391833603382110596e-02
7.108394801616668701e-02
4.162650182843208313e-02
3.713366016745567322e-02
0.000000000000000000e+00
1.183292791247367859e-01
3.832802409306168556e-03
1.318622082471847534e-01
0.000000000000000000e+00
1.141247510910034180e+00
0.000000000000000000e+00
0.000000000000000000e+00
0.000000000000000000e+00
4.069703165441751480e-03
5.701318150386214256e-04
4.991951882839202881e-01
1.665220409631729126e-01
1.478993743658065796e-01
1.947250008583068848e+00
2.575440168380737305e+00
0.000000000000000000e+00
6.783271431922912598e-01
1.211137771606445312e+00
1.793072819709777832e-01
7.146396040916442871e-01
1.006023958325386047e-02
1.148549795150756836e+00
1.494121998548507690e-01
0.000000000000000000e+00
2.167814254760742188e+00
1.674686193466186523e+00
2.530052959918975830e-01
4.036076068878173828e-01
2.808343648910522461e+00
1.478672958910465240e-02
4.542832970619201660e-01
3.076127171516418457e-02
4.507487118244171143e-01
1.009973697364330292e-02
2.312066555023193359e-01
2.104539424180984497e-01
5.077061802148818970e-02
5.559611916542053223e-01
1.485561579465866089e-01
3.145755082368850708e-02
4.403090104460716248e-03
3.056156635284423828e-02
4.354363381862640381e-01
0.000000000000000000e+00
7.142356783151626587e-02
5.148849487304687500e-01
3.532688617706298828e-01
1.114768162369728088e-02
3.405275940895080566e-02
5.077713131904602051e-01
7.850196361541748047e-01
9.803215041756629944e-03
1.884410679340362549e-01
0.000000000000000000e+00
0.000000000000000000e+00
3.425375819206237793e-01
1.258284151554107666e-01
1.060925703495740891e-02
6.460173428058624268e-02
1.169420123100280762e+00
1.539078652858734131e-01
4.056628793478012085e-03
4.925925731658935547e-01
7.215234637260437012e-01
4.262276589870452881e-01
6.192167289555072784e-03
5.891329050064086914e-01
0.000000000000000000e+00
4.635275807231664658e-03
0.000000000000000000e+00
2.125100374221801758e+00
1.551177382469177246e+00
5.009829401969909668e-01
4.334422945976257324e-01
1.420227885246276855e+00
0.000000000000000000e+00
1.630985289812088013e-01
0.000000000000000000e+00
2.481947541236877441e-01
6.044794321060180664e-01
0.000000000000000000e+00
0.000000000000000000e+00
3.689118325710296631e-01
2.493004351854324341e-01
4.390068531036376953e+00
1.372692883014678955e-01
1.394716054201126099e-01
6.214409470558166504e-01
3.147577047348022461e-01
1.717807352542877197e-02
2.754901051521301270e-01
2.315098494291305542e-01
2.290090560913085938e+00
0.000000000000000000e+00
0.000000000000000000e+00
0.000000000000000000e+00
2.699240148067474365e-01
4.846749827265739441e-02
1.080313622951507568e-01
3.062102943658828735e-02
0.000000000000000000e+00
8.383711799979209900e-03
2.144344151020050049e-01
1.657090038061141968e-01
1.103938147425651550e-01
8.800179362297058105e-01
2.914020717144012451e-01
8.310861587524414062e-01
3.500203415751457214e-02
0.000000000000000000e+00
2.909070439636707306e-02
2.180930227041244507e-01
4.585319664329290390e-03
4.245805740356445312e-02
0.000000000000000000e+00
0.000000000000000000e+00
2.830687165260314941e-02
2.552117221057415009e-02
2.676593959331512451e-01
1.849994897842407227e+00
3.247097879648208618e-02
4.298548698425292969e-01
7.517573833465576172e-01
7.445062696933746338e-02
3.540579080581665039e-01
3.001486659049987793e-01
4.018605977762490511e-04
1.027446463704109192e-01
7.747296690940856934e-01
2.141467854380607605e-02
1.531865894794464111e-01
2.028727978467941284e-01
1.164019703865051270e+00
5.545503616333007812e+00
1.322219967842102051e-01
0.000000000000000000e+00
1.452844217419624329e-02
2.647360563278198242e-01
9.806890040636062622e-03
3.283259272575378418e-01
2.175074256956577301e-02
0.000000000000000000e+00
4.756434261798858643e-01
1.761586904525756836e+00
3.075167834758758545e-01
6.983848214149475098e-01
0.000000000000000000e+00
1.228917241096496582e+00
3.949701786041259766e-01
1.410711407661437988e-01
9.506361931562423706e-02
1.880704909563064575e-01
4.399668797850608826e-02
3.141610696911811829e-02
6.332259625196456909e-02
1.799083501100540161e-02
5.257005989551544189e-02
0.000000000000000000e+00
8.180127739906311035e-01
5.227513238787651062e-02
2.641117386519908905e-02
2.348083406686782837e-01
3.204924240708351135e-02
3.998425672762095928e-04
1.269733667373657227e+00
4.465677309781312943e-03
1.664869487285614014e-01
6.763194203376770020e-01
3.203646242618560791e-01
1.394181232899427414e-02
0.000000000000000000e+00
0.000000000000000000e+00
1.217903569340705872e-01
0.000000000000000000e+00
4.048080742359161377e-02
9.625580161809921265e-02
2.762047648429870605e-01
3.276886418461799622e-02
6.969195008277893066e-01
3.168847560882568359e-01
0.000000000000000000e+00
6.462968140840530396e-02
2.857006788253784180e-01
1.009938478469848633e+00
2.161249369382858276e-01
2.341368496417999268e-01
0.000000000000000000e+00
1.976352632045745850e-01
1.250235289335250854e-01
1.218669787049293518e-01
4.655944824218750000e+00
1.128492578864097595e-01
3.475312888622283936e-02
2.139859497547149658e-01
3.345965445041656494e-01
4.902648627758026123e-01
2.671200335025787354e-01
7.737998664379119873e-02
4.695609807968139648e-01
8.124678581953048706e-02
2.389471530914306641e-01
8.312536776065826416e-02
1.279082894325256348e+00
3.458629846572875977e-01
0.000000000000000000e+00
3.816847503185272217e-01
3.620748817920684814e-01
1.380337476730346680e-01
0.000000000000000000e+00
3.010870516300201416e-01
0.000000000000000000e+00
0.000000000000000000e+00
0.000000000000000000e+00
2.209050059318542480e-01
4.569647312164306641e-01
8.880783915519714355e-01
1.805172674357891083e-02
4.082798063755035400e-01
2.911700725555419922e+00
0.000000000000000000e+00
0.000000000000000000e+00
1.435202062129974365e-01
2.213709242641925812e-02
1.749789156019687653e-02
1.272466659545898438e+00
5.368171725422143936e-03
0.000000000000000000e+00
4.378491878509521484e+00
0.000000000000000000e+00
1.569231033325195312e+00
6.188702955842018127e-02
3.262509033083915710e-02
3.512168526649475098e-01
1.825893968343734741e-01
0.000000000000000000e+00
1.986212469637393951e-02
0.000000000000000000e+00
0.000000000000000000e+00
2.394193410873413086e+00
1.094269156455993652e+00
1.392937302589416504e+00
4.047336056828498840e-02
1.953281462192535400e-01
2.427718341350555420e-01
4.030713081359863281e+00
4.868215322494506836e-02
1.828192919492721558e-01
0.000000000000000000e+00
0.000000000000000000e+00
5.790506601333618164e-01
1.110792398452758789e+00
3.591687604784965515e-02
8.581016212701797485e-02
3.511636257171630859e-01
8.197289109230041504e-01
0.000000000000000000e+00
2.301071286201477051e-01
1.118113279342651367e+00
9.487637877464294434e-02
1.644326560199260712e-02
5.417691543698310852e-02
0.000000000000000000e+00
1.128768175840377808e-01
6.602334976196289062e-01
2.200171584263443947e-03
7.877361774444580078e-01
1.068600825965404510e-02
1.790192872285842896e-01
1.545380353927612305e-01
9.227291494607925415e-02
1.919641345739364624e-01
6.656269431114196777e-01
1.983763873577117920e-01
3.422439470887184143e-02
3.008893132209777832e-01
2.852982580661773682e-01
3.089620033279061317e-03
1.513610035181045532e-02
1.488661859184503555e-02
3.315063118934631348e-01
1.423995792865753174e-01
0.000000000000000000e+00
1.012103483080863953e-01
1.117994040250778198e-01
0.000000000000000000e+00
0.000000000000000000e+00
2.960154041647911072e-02
3.711343929171562195e-02
8.692101389169692993e-02
1.504937000572681427e-02
1.620714515447616577e-01
3.720254171639680862e-04
3.427115380764007568e-01
2.045155525207519531e+00
2.810182515531778336e-03
4.334618151187896729e-02
1.372210860252380371e+00
0.000000000000000000e+00
1.156488060951232910e-01
2.731564640998840332e-02
4.352108836174011230e-01
5.069720149040222168e-01
1.169366762042045593e-02
2.503973543643951416e-01
4.630028083920478821e-02
3.433155119419097900e-01
0.000000000000000000e+00
0.000000000000000000e+00
3.312656879425048828e+00
2.165157794952392578e+00
1.118175387382507324e-01
6.518350541591644287e-02
1.073508709669113159e-02
2.612817473709583282e-02
7.805096358060836792e-02
2.851391769945621490e-02
1.996276974678039551e+00
1.138507109135389328e-02
8.619241714477539062e-01
2.679127156734466553e-01
1.093515753746032715e+00
2.779758768156170845e-03
5.797624588012695312e-01
1.520806399639695883e-04
1.051170518621802330e-03
3.146316766738891602e+00
3.056662678718566895e-01
1.275884509086608887e+00
1.349105238914489746e-01
0.000000000000000000e+00
2.056011930108070374e-02
0.000000000000000000e+00
9.063949435949325562e-02
1.948712468147277832e-01
3.499529063701629639e-01
6.466475129127502441e-01
7.811427116394042969e-03
1.368582546710968018e-01
1.629439443349838257e-01
3.083810582756996155e-02
5.331864953041076660e-02
4.019306600093841553e-02
3.243521451950073242e-01
1.840408891439437866e-02
0.000000000000000000e+00
0.000000000000000000e+00
4.851571470499038696e-02
2.283397674560546875e+00
1.421935576945543289e-02
4.195784032344818115e-02
1.871792972087860107e-01
6.767078302800655365e-03
2.899199910461902618e-02
2.641359567642211914e-01
2.155919224023818970e-01
1.899126470088958740e-01
2.072761207818984985e-02
0.000000000000000000e+00
6.799317151308059692e-02
0.000000000000000000e+00
1.437769681215286255e-01
2.003903239965438843e-01
4.255850799381732941e-03
2.275418758392333984e+00
1.109506376087665558e-02
2.996302545070648193e-01
5.650308448821306229e-03
0.000000000000000000e+00
5.699292756617069244e-03
4.744115099310874939e-02
4.307000339031219482e-01
2.145535126328468323e-02
7.388657424598932266e-03
0.000000000000000000e+00
7.797220349311828613e-01
6.715086847543716431e-02
7.112077623605728149e-02
1.855283826589584351e-01
5.023336410522460938e-02
4.017528146505355835e-02
0.000000000000000000e+00
2.516312837600708008e+00
4.091861248016357422e-01
1.764433383941650391e-01
6.823899596929550171e-02
9.502451419830322266e-01
7.470150478184223175e-03
0.000000000000000000e+00
9.522631764411926270e-01
5.837751924991607666e-02
0.000000000000000000e+00
1.210526108741760254e+00
1.663645962253212929e-03
0.000000000000000000e+00
1.108163744211196899e-01
4.042099118232727051e-01
4.764645546674728394e-02
1.152325421571731567e-01
6.693920493125915527e-01
5.019949283450841904e-03
2.950851917266845703e-01
2.923734486103057861e-02
1.705128312110900879e+00
2.091009616851806641e+00
4.471127390861511230e-01
1.442812085151672363e+00
3.381729498505592346e-02
1.729490637779235840e+00
1.528396159410476685e-01
8.391301631927490234e-01
3.766834735870361328e-02
8.558037132024765015e-02
0.000000000000000000e+00
8.418420553207397461e-01
5.859480053186416626e-02
0.000000000000000000e+00
1.376547217369079590e-01
1.732257306575775146e-01
0.000000000000000000e+00
1.246059089899063110e-01
1.089423615485429764e-02
2.551909685134887695e-01
5.549418926239013672e-01
2.951852083206176758e-01
2.785444498062133789e+00
3.653498291969299316e-01
1.318519189953804016e-02
1.013471186161041260e-02
1.524581313133239746e-01
9.525441378355026245e-02
6.541341543197631836e-01
0.000000000000000000e+00
4.422490000724792480e-01
1.440572738647460938e-01
0.000000000000000000e+00
7.625223696231842041e-02
1.990269899368286133e+00
1.779779195785522461e-01
0.000000000000000000e+00
6.707298452965915203e-04
7.415854185819625854e-02
0.000000000000000000e+00
0.000000000000000000e+00
2.145526930689811707e-02
4.360031187534332275e-01
7.052494678646326065e-03
0.000000000000000000e+00
4.485419392585754395e-02
1.435625366866588593e-03
6.516616344451904297e-01
3.795398399233818054e-02
1.228634357452392578e+00
1.120445877313613892e-01
0.000000000000000000e+00
0.000000000000000000e+00
0.000000000000000000e+00
0.000000000000000000e+00
2.543741166591644287e-01
3.355340361595153809e-01
8.487802743911743164e-02
1.208956599235534668e+00
6.723432987928390503e-02
2.653933465480804443e-01
7.262207567691802979e-02
1.589947700500488281e+00
0.000000000000000000e+00
6.472218036651611328e-02
8.799288868904113770e-01
1.540629416704177856e-01
6.211866065859794617e-02
6.859700679779052734e-01
0.000000000000000000e+00
1.120990663766860962e-01
5.175274610519409180e-01
0.000000000000000000e+00
1.274233907461166382e-01
2.420485734939575195e+00
2.280667304992675781e+00
2.288895398378372192e-01
2.207764238119125366e-01
2.375285886228084564e-02
8.906922340393066406e-01
1.060732901096343994e-01
3.952237069606781006e-01
5.851433277130126953e-01
0.000000000000000000e+00
4.880349040031433105e-01
2.790465354919433594e-01
1.280849277973175049e-01
2.217924356460571289e+00
1.553089320659637451e-01
7.090752124786376953e-01
1.828490257263183594e+00
8.589249849319458008e-02
2.612638771533966064e-01
7.911908030509948730e-01
6.575582027435302734e-01
9.890026450157165527e-01
9.659998863935470581e-02
5.908423569053411484e-03
7.784881591796875000e-01
1.342280507087707520e+00
1.386390030384063721e-01
5.961074680089950562e-02
0.000000000000000000e+00
2.428099215030670166e-01
7.676269859075546265e-02
1.478588730096817017e-01
2.027647972106933594e+00
2.880136854946613312e-02
1.180317625403404236e-01
0.000000000000000000e+00
1.079894065856933594e+00
1.481559127569198608e-02
0.000000000000000000e+00
5.375978723168373108e-02
3.017208278179168701e-01
3.871392905712127686e-01
0.000000000000000000e+00
8.252422809600830078e-01
1.350176632404327393e-01
0.000000000000000000e+00
6.634350866079330444e-02
0.000000000000000000e+00
1.250153407454490662e-02
3.231537938117980957e-01
0.000000000000000000e+00
6.486094594001770020e-01
2.761903762817382812e+00
3.911640867590904236e-02
8.225993067026138306e-02
6.958162784576416016e-01
1.322103440761566162e-01
2.302352339029312134e-01
1.026683952659368515e-03
0.000000000000000000e+00
0.000000000000000000e+00
5.854921340942382812e-01
3.264464437961578369e-02
2.721182107925415039e-01
1.757807284593582153e-02
7.729227840900421143e-02
5.398378241807222366e-03
1.138931214809417725e-01
0.000000000000000000e+00
3.352041542530059814e-02
3.252410650253295898e+00
7.422842551022768021e-03
6.878950167447328568e-03
0.000000000000000000e+00
6.513337045907974243e-02
7.475999593734741211e-01
3.193915635347366333e-02
2.524974346160888672e-01
1.017301455140113831e-01
0.000000000000000000e+00
3.166781738400459290e-02
0.000000000000000000e+00
2.280671894550323486e-01
1.203194737434387207e+00
2.402124181389808655e-02
