7.932925820350646973e-01
9.272422194480895996e-01
0.000000000000000000e+00
8.679331541061401367e-01
2.386783063411712646e-01
2.477747678756713867e+00
0.000000000000000000e+00
2.407722324132919312e-01
7.328028678894042969e-01
9.096786379814147949e-01
2.668795585632324219e-01
5.354914665222167969e-01
7.565041184425354004e-01
2.229214459657669067e-02
7.328201532363891602e-01
1.083486318588256836e+00
1.578388959169387817e-01
1.595450878143310547e+00
5.392707511782646179e-02
5.719370841979980469e-01
7.474438846111297607e-02
1.770884841680526733e-01
2.337902188301086426e-01
2.137432098388671875e-01
0.000000000000000000e+00
1.591544151306152344e-01
0.000000000000000000e+00
2.132978439331054688e-01
1.792335957288742065e-01
1.349069476127624512e-01
1.445800781250000000e+00
0.000000000000000000e+00
2.455741912126541138e-01
1.172899920493364334e-02
7.328607141971588135e-02
1.530743598937988281e+00
1.250294744968414307e-01
8.470468521118164062e-01
6.717388331890106201e-02
1.174822092056274414e+00
1.291397511959075928e-01
1.298613101243972778e-01
5.341557264328002930e-01
4.952088296413421631e-01
5.214421153068542480e-01
9.477626085281372070e-01
1.132680550217628479e-01
2.124588251113891602e+00
5.250739455223083496e-01
2.271280050277709961e+00
4.758355617523193359e-01
4.339044392108917236e-01
4.000101685523986816e-01
1.019434183835983276e-01
1.218398734927177429e-01
6.061646621674299240e-03
8.486747145652770996e-01
7.958559393882751465e-01
0.000000000000000000e+00
3.270450532436370850e-01
6.911990046501159668e-02
1.140253096818923950e-01
8.271299302577972412e-02
4.386587440967559814e-01
3.538666665554046631e-02
2.185094356536865234e-01
2.456013485789299011e-02
3.703230321407318115e-01
3.380315750837326050e-02
0.000000000000000000e+00
2.614119350910186768e-01
5.397620201110839844e-01
6.175172515213489532e-03
5.696060135960578918e-02
2.464893087744712830e-02
6.980825215578079224e-03
4.451911151409149170e-02
4.186030030250549316e-01
1.887336522340774536e-01
5.331474915146827698e-02
1.026170730590820312e+00
1.918534278869628906e+00
1.062604039907455444e-01
1.133492469787597656e+00
9.575268626213073730e-02
3.076731860637664795e-01
2.172626554965972900e-01
2.961229681968688965e-01
2.168121933937072754e-01
2.354573011398315430e-01
4.414894059300422668e-02
1.847591251134872437e-02
4.515966027975082397e-02
0.000000000000000000e+00
4.973564147949218750e-01
1.940397769212722778e-01
1.656226634979248047e+00
1.777380704879760742e-01
1.103289872407913208e-01
2.299684733152389526e-01
1.542889326810836792e-01
9.780723452568054199e-01
1.286908388137817383e-01
1.577334642410278320e+00
4.326866269111633301e-01
9.821607470512390137e-01
8.077814579010009766e-01
8.882436901330947876e-02
6.041585206985473633e-01
2.000895977020263672e+00
2.483994483947753906e+00
9.058095216751098633e-01
0.000000000000000000e+00
1.778003931045532227e+00
6.261233985424041748e-02
0.000000000000000000e+00
1.563020199537277222e-01
4.540114477276802063e-02
0.000000000000000000e+00
8.209724724292755127e-02
1.942626595497131348e+00
2.326002120971679688e-01
3.075941503047943115e-01
2.244426161050796509e-01
6.111779212951660156e+00
1.048396900296211243e-02
4.515411853790283203e-01
3.650712072849273682e-01
6.313256025314331055e-01
3.817355632781982422e-01
7.765387892723083496e-01
4.708009362220764160e-01
4.139959514141082764e-01
0.000000000000000000e+00
5.853750109672546387e-01
1.157435178756713867e+00
2.547110430896282196e-02
4.810281395912170410e-01
1.206630945205688477e+00
1.401356011629104614e-01
2.310815602540969849e-01
8.691362142562866211e-01
2.029111832380294800e-01
2.448119401931762695e+00
2.375490188598632812e+00
6.223067641258239746e-01
3.838886022567749023e-01
4.043266475200653076e-01
3.787838667631149292e-02
2.728325426578521729e-01
2.481639862060546875e+00
4.419247061014175415e-02
1.562402248382568359e-01
1.641112208366394043e+00
9.800700843334197998e-02
1.039973869919776917e-01
5.163526535034179688e-01
1.796347349882125854e-01
1.092341262847185135e-02
7.182105630636215210e-02
8.576408773660659790e-02
2.069530487060546875e-01
5.303559303283691406e-01
3.801704049110412598e-01
2.274519652128219604e-01
5.016518235206604004e-01
4.489834606647491455e-02
3.429225981235504150e-01
2.003401368856430054e-01
1.087092161178588867e-01
1.573270857334136963e-01
1.073276400566101074e-01
2.268563508987426758e-01
4.018573760986328125e-01
0.000000000000000000e+00
6.949310898780822754e-01
1.320546958595514297e-02
3.263062834739685059e-01
4.954453706741333008e-01
3.666577488183975220e-02
3.063826821744441986e-02
7.202494889497756958e-02
4.446850344538688660e-02
0.000000000000000000e+00
4.171516280621290207e-03
1.131377592682838440e-01
0.000000000000000000e+00
3.414357900619506836e-01
3.356370031833648682e-01
1.016129106283187866e-01
4.125703811645507812e+00
7.657430171966552734e-01
7.662992924451828003e-02
5.329658389091491699e-01
2.290787994861602783e-01
4.169408231973648071e-03
4.818644747138023376e-02
9.689369201660156250e-01
0.000000000000000000e+00
8.277711272239685059e-02
7.568883150815963745e-02
1.961223222315311432e-02
8.426755070686340332e-01
1.270329952239990234e+00
1.316752433776855469e+00
1.296760607510805130e-02
4.460250437259674072e-01
2.444254636764526367e+00
1.196517869830131531e-01
7.494853138923645020e-01
1.791753023862838745e-01
6.395051479339599609e-01
1.273341327905654907e-01
1.995117187500000000e+00
3.270698189735412598e-01
9.117503650486469269e-03
1.806341886520385742e+00
3.591929376125335693e-01
6.631227582693099976e-02
2.581058442592620850e-01
3.575624153017997742e-02
2.522360980510711670e-01
3.454229533672332764e-01
0.000000000000000000e+00
0.000000000000000000e+00
9.013171195983886719e-01
1.637346297502517700e-01
9.026226997375488281e-01
2.836239635944366455e-01
4.081721007823944092e-01
2.547109127044677734e-01
1.751531362533569336e-01
1.536416858434677124e-01
3.094567358493804932e-02
9.744496084749698639e-03
6.892294883728027344e-01
6.971400380134582520e-01
3.507263213396072388e-02
8.812790364027023315e-02
2.273811995983123779e-01
9.109133481979370117e-01
5.460263490676879883e-01
3.857722040265798569e-03
2.462495304644107819e-02
2.740055695176124573e-02
1.284894645214080811e-01
2.163715288043022156e-02
2.524944543838500977e-01
6.814138293266296387e-01
6.338686943054199219e-01
8.970737457275390625e-02
3.081364631652832031e-01
2.065595053136348724e-02
3.550615906715393066e-02
1.569942116737365723e+00
1.063401341438293457e+00
1.875521242618560791e-01
1.223289743065834045e-01
5.079561471939086914e-02
1.260639429092407227e-01
9.861183166503906250e-02
3.288337262347340584e-03
5.624756217002868652e-01
3.022935390472412109e-01
1.042479369789361954e-02
2.015661001205444336e-01
1.486053504049777985e-02
7.063617464154958725e-03
8.854847550392150879e-01
1.635122746229171753e-01
2.558023296296596527e-02
1.300871074199676514e-01
2.694391459226608276e-02
1.872372068464756012e-02
1.609472185373306274e-01
1.559192687273025513e-01
9.969867020845413208e-02
1.506407409906387329e-01
4.893640875816345215e-01
1.141065001487731934e+00
2.280673831701278687e-01
3.626642748713493347e-02
1.151323989033699036e-01
2.206109464168548584e-02
3.019762277603149414e+00
7.599148154258728027e-02
4.301345907151699066e-03
2.902529239654541016e-01
1.203045606613159180e+00
6.979711651802062988e-01
3.855895698070526123e-01
1.445911228656768799e-01
2.073286771774291992e-01
1.297047257423400879e+00
2.113667316734790802e-02
2.186900228261947632e-01
5.113345384597778320e-01
6.988274455070495605e-01
0.000000000000000000e+00
1.600714206695556641e+00
7.485471367835998535e-01
8.180519938468933105e-01
3.168683052062988281e-01
0.000000000000000000e+00
1.488746376708149910e-03
0.000000000000000000e+00
9.251019358634948730e-02
3.648283481597900391e-01
3.549495637416839600e-01
1.216834187507629395e+00
7.595093250274658203e-01
3.558196723461151123e-01
6.370595842599868774e-02
3.224103689193725586e+00
1.406888961791992188e-01
1.090706586837768555e-01
1.384493242949247360e-02
3.893916010856628418e-01
8.564628958702087402e-01
2.372823841869831085e-02
4.746980220079421997e-02
4.440889954566955566e-01
3.730004429817199707e-01
8.325349688529968262e-01
1.078752949833869934e-01
2.104528993368148804e-02
4.345758818089962006e-03
1.412616491317749023e+00
2.558371343184262514e-04
4.878132343292236328e-01
3.648193478584289551e-01
2.369436174631118774e-01
4.786914885044097900e-01
1.506714075803756714e-01
0.000000000000000000e+00
2.453016340732574463e-01
7.934041619300842285e-01
1.345660090446472168e-01
5.443849787116050720e-02
6.643114686012268066e-01
1.079280734062194824e+00
2.443066984415054321e-01
2.058715075254440308e-01
1.643883287906646729e-01
1.441214531660079956e-01
3.872439861297607422e-01
0.000000000000000000e+00
7.441029548645019531e-01
8.017964363098144531e-01
1.867878064513206482e-02
1.204747557640075684e-01
1.233286559581756592e-01
3.698074445128440857e-02
6.619239225983619690e-03
5.373137444257736206e-02
1.929006427526473999e-01
1.264513731002807617e-01
9.650622010231018066e-01
7.288030348718166351e-03
5.288221291266381741e-04
3.804432868957519531e+00
1.874675303697586060e-01
1.986256241798400879e-02
5.234498530626296997e-02
3.486600220203399658e-01
4.219199120998382568e-01
2.156945019960403442e-01
0.000000000000000000e+00
3.298937156796455383e-02
9.322907775640487671e-02
2.940203845500946045e-01
1.918672770261764526e-02
2.178773283958435059e-01
6.754947304725646973e-01
2.226196080446243286e-01
1.634740114212036133e+00
5.336514674127101898e-03
8.654426038265228271e-02
7.086614519357681274e-02
7.657962441444396973e-01
2.773041725158691406e-01
2.799763202667236328e+00
1.629972755908966064e-01
1.372066438198089600e-01
1.257239729166030884e-01
4.647772014141082764e-01
2.761816382408142090e-01
0.000000000000000000e+00
0.000000000000000000e+00
9.012937545776367188e-03
6.123691201210021973e-01
4.571449160575866699e-01
7.312890887260437012e-02
4.047753289341926575e-03
1.729364544153213501e-01
7.048904299736022949e-01
1.034368127584457397e-01
1.595271378755569458e-01
7.091445922851562500e-01
8.285925984382629395e-01
2.037535756826400757e-01
2.512700080871582031e+00
5.580090880393981934e-01
8.247582614421844482e-02
1.124197483062744141e+00
3.688952326774597168e-01
1.364065647125244141e+00
1.639586538076400757e-01
5.594840049743652344e-01
2.045107841491699219e+00
1.691624894738197327e-02
1.201902031898498535e+00
1.794740855693817139e-01
0.000000000000000000e+00
6.120166927576065063e-02
5.397637933492660522e-02
5.628299117088317871e-01
3.229437768459320068e-01
1.423108130693435669e-01
7.615251839160919189e-02
4.428716003894805908e-01
1.287997364997863770e-01
1.119227707386016846e-01
4.085524380207061768e-01
2.556496858596801758e+00
1.259021759033203125e-01
2.232683181762695312e+00
8.549494147300720215e-01
1.460177749395370483e-01
1.249713897705078125e-01
6.746272444725036621e-01
1.368459612131118774e-01
3.314311802387237549e-01
2.174401581287384033e-01
2.339050732553005219e-02
3.129422187805175781e+00
9.192258119583129883e-02
1.563836121931672096e-03
1.597578227519989014e-01
8.949790000915527344e-01
6.934820115566253662e-02
3.676450252532958984e-01
2.980055212974548340e-01
1.617337763309478760e-01
0.000000000000000000e+00
4.831747710704803467e-01
7.999298572540283203e-01
2.801173925399780273e-01
1.563503593206405640e-02
1.767033827491104603e-03
2.002203762531280518e-01
8.539467453956604004e-01
6.637959480285644531e-01
4.357253909111022949e-01
3.531531095504760742e-01
1.507740259170532227e+00
2.138757556676864624e-01
0.000000000000000000e+00
2.716428339481353760e-01
4.403673857450485229e-02
9.666702151298522949e-01
4.501350224018096924e-02
5.156262964010238647e-02
2.755917012691497803e-01
6.222959607839584351e-02
1.283638000488281250e+00
3.767519490793347359e-03
8.297343738377094269e-03
9.330837428569793701e-02
2.608221054077148438e+00
5.513213276863098145e-01
1.010196566581726074e+00
2.587739527225494385e-01
9.661343693733215332e-01
1.575141102075576782e-01
3.142389774322509766e+00
8.822322636842727661e-02
2.260896861553192139e-01
2.151530385017395020e-01
2.057643651962280273e+00
8.893886208534240723e-01
1.712760090827941895e+00
1.268933415412902832e+00
7.839015871286392212e-02
9.197944998741149902e-01
6.770291924476623535e-01
2.182317823171615601e-01
3.619393408298492432e-01
3.150103092193603516e-01
4.450480937957763672e-01
5.084689259529113770e-01
1.286710143089294434e+00
1.467061489820480347e-01
0.000000000000000000e+00
1.932829618453979492e-01
1.409813314676284790e-01
7.013875246047973633e-01
1.208095923066139221e-01
3.765024840831756592e-01
2.071868330240249634e-01
1.495774835348129272e-01
9.130831807851791382e-03
5.372403264045715332e-01
7.517819106578826904e-02
2.480329036712646484e+00
6.217129528522491455e-03
8.499259948730468750e-01
2.101661637425422668e-02
1.976413577795028687e-01
0.000000000000000000e+00
1.120003983378410339e-01
4.476895928382873535e-02
8.315799236297607422e-01
1.206460893154144287e-01
4.304350540041923523e-02
2.500477135181427002e-01
5.642541646957397461e-01
3.113892078399658203e-01
3.430677652359008789e-01
1.818153262138366699e-01
3.877948760986328125e+00
5.140741541981697083e-02
5.627975612878799438e-02
1.068949326872825623e-01
9.138434380292892456e-02
5.249934196472167969e-01
2.197295278310775757e-01
1.012965321540832520e+00
6.340968012809753418e-01
3.407160192728042603e-02
2.122786790132522583e-01
1.298547029495239258e+00
4.045509696006774902e-01
0.000000000000000000e+00
2.154914289712905884e-02
6.089510396122932434e-02
7.005964964628219604e-02
1.187553927302360535e-01
3.683681786060333252e-01
6.007978320121765137e-02
6.925753951072692871e-01
8.552944660186767578e-01
3.447134047746658325e-02
1.112058013677597046e-01
4.750848412513732910e-01
1.138824224472045898e-01
1.900122910737991333e-01
8.199453353881835938e-01
2.086981534957885742e-01
8.628295361995697021e-02
3.520757853984832764e-01
1.373788416385650635e-01
2.819073796272277832e-01
1.444302499294281006e-01
4.764286801218986511e-02
1.071261148899793625e-02
1.383862644433975220e-01
6.066046953201293945e-01
0.000000000000000000e+00
2.604874670505523682e-01
5.367031693458557129e-01
7.944035530090332031e-01
2.396662533283233643e-01
1.516954898834228516e+00
4.457405954599380493e-02
1.067761778831481934e-01
7.977147102355957031e-01
8.918352723121643066e-01
1.066477317363023758e-02
1.136957108974456787e-01
2.868836820125579834e-01
0.000000000000000000e+00
6.040135398507118225e-03
2.223691701889038086e+00
1.317399501800537109e+00
0.000000000000000000e+00
4.513251595199108124e-03
1.936774998903274536e-01
2.726888954639434814e-01
2.683827280998229980e-01
6.228554248809814453e-01
9.046352468430995941e-03
1.193349584937095642e-01
3.497409522533416748e-01
3.414143919944763184e-01
4.321864992380142212e-02
3.175996541976928711e-01
4.256923198699951172e-01
8.708003908395767212e-02
9.109966456890106201e-02
2.292690753936767578e+00
3.410040168091654778e-03
4.368053376674652100e-01
1.987936794757843018e-01
2.352629322558641434e-03
3.258112072944641113e-02
2.435995191335678101e-01
2.003785967826843262e-01
0.000000000000000000e+00
9.027365595102310181e-02
1.734168976545333862e-01
1.072349548339843750e+00
3.049827218055725098e-01
2.154692076146602631e-03
3.195402920246124268e-01
2.040985971689224243e-01
4.068394899368286133e-01
3.981833904981613159e-02
7.066277980804443359e+00
3.213863074779510498e-02
1.000854223966598511e-01
2.761766910552978516e-01
4.597231745719909668e-01
3.382895886898040771e-02
7.090748846530914307e-02
3.866927623748779297e-01
3.609440028667449951e-01
0.000000000000000000e+00
5.630624666810035706e-02
2.915102522820234299e-03
2.717007100582122803e-01
3.241837024688720703e-01
1.108316630125045776e-01
2.793395519256591797e-01
1.073260426521301270e+00
1.210237145423889160e+00
1.991663575172424316e-01
2.035567522048950195e+00
4.252262413501739502e-02
6.274485588073730469e-01
6.362531334161758423e-02
0.000000000000000000e+00
1.792837977409362793e-01
4.791539609432220459e-01
0.000000000000000000e+00
0.000000000000000000e+00
6.674715131521224976e-02
2.051562070846557617e+00
7.880265265703201294e-02
3.507994115352630615e-01
4.668028354644775391e-01
1.210678443312644958e-01
1.860603213310241699e+00
3.918176889419555664e-01
1.034189909696578979e-01
8.237293958663940430e-01
2.416507601737976074e-01
2.322095036506652832e-01
5.938042998313903809e-01
0.000000000000000000e+00
2.319069057703018188e-01
1.865754425525665283e-01
3.391671478748321533e-01
2.619929909706115723e-01
6.697962284088134766e-01
2.033728122711181641e+00
1.509508304297924042e-02
2.760533571243286133e+00
5.680264830589294434e-01
9.986513257026672363e-01
3.669058680534362793e-01
2.111102640628814697e-01
3.076831400394439697e-01
3.271049857139587402e-01
1.193981915712356567e-01
3.057979583740234375e+00
7.616330385208129883e-01
4.242388159036636353e-02
2.595157325267791748e-01
3.025652281939983368e-02
3.778998851776123047e-01
5.131080374121665955e-02
1.336029078811407089e-02
9.329780191183090210e-02
1.718309521675109863e-01
3.128743544220924377e-02
2.236649751663208008e+00
2.326361417770385742e+00
3.707309812307357788e-02
1.689097404479980469e+00
4.760265350341796875e-01
0.000000000000000000e+00
1.122464910149574280e-01
1.635003834962844849e-01
6.408975273370742798e-02
4.635551944375038147e-02
3.837490081787109375e-02
1.343895196914672852e-01
8.830123394727706909e-02
6.812232732772827148e-02
2.169373780488967896e-01
2.968647181987762451e-01
8.338785767555236816e-01
0.000000000000000000e+00
7.901017554104328156e-03
1.545177549123764038e-01
1.448707431554794312e-01
7.108942419290542603e-02
1.255335509777069092e-01
3.782958090305328369e-01
2.451753467321395874e-01
6.909108161926269531e-01
1.905083537101745605e+00
2.526963055133819580e-01
4.848192259669303894e-02
5.773735046386718750e-02
1.385471820831298828e-01
1.387738138437271118e-01
2.841754257678985596e-02
4.471282064914703369e-01
9.118258953094482422e-01
1.118614077568054199e-01
6.363147497177124023e-02
2.683004140853881836e-01
1.370647400617599487e-01
2.827480733394622803e-01
1.506238281726837158e-01
2.661390304565429688e-01
8.374956250190734863e-01
1.967220157384872437e-01
4.623027741909027100e-01
1.179926767945289612e-01
2.542760372161865234e-01
1.188932359218597412e-02
0.000000000000000000e+00
0.000000000000000000e+00
8.422902226448059082e-02
6.636235862970352173e-02
6.248916983604431152e-01
1.237812563776969910e-01
2.384553194046020508e+00
1.719686202704906464e-03
4.206347092986106873e-02
1.157673001289367676e-01
2.247755788266658783e-02
1.534832358360290527e+00
1.387212276458740234e-01
1.386242061853408813e-01
6.501724477857351303e-03
5.194387584924697876e-02
1.023938208818435669e-01
2.648207247257232666e-01
2.834930717945098877e-01
5.182104557752609253e-02
3.976296484470367432e-01
9.225065112113952637e-01
1.372548341751098633e-01
1.773540377616882324e-01
2.049488760530948639e-02
5.747942626476287842e-02
3.581572696566581726e-02
9.640595316886901855e-02
1.084200143814086914e+00
2.077621407806873322e-02
2.902780175209045410e-01
1.238644216209650040e-02
4.404790401458740234e-01
1.317019015550613403e-01
1.492775440216064453e+00
3.156226277351379395e-01
8.222756385803222656e-01
2.812484800815582275e-01
1.649529635906219482e-01
2.689964696764945984e-02
2.003557085990905762e-01
5.821260809898376465e-01
3.345831483602523804e-02
9.127695113420486450e-03
0.000000000000000000e+00
1.794850826263427734e-01
3.351516723632812500e-01
4.773669242858886719e-01
3.727284908294677734e+00
0.000000000000000000e+00
9.007187187671661377e-02
7.636432535946369171e-03
1.474533230066299438e-02
1.026077628135681152e+00
2.279241979122161865e-01
1.258275508880615234e-01
8.960419148206710815e-02
4.276673793792724609e-01
0.000000000000000000e+00
5.523483753204345703e-01
1.348587311804294586e-02
1.437157750129699707e+00
7.253751754760742188e-01
8.044646978378295898e-01
3.236090183258056641e+00
2.810227870941162109e-01
1.770774871110916138e-01
2.000093609094619751e-01
1.685724973678588867e+00
4.667776525020599365e-01
1.206885129213333130e-01
4.957019910216331482e-02
4.813945591449737549e-01
2.776771597564220428e-02
7.387519478797912598e-01
1.922780871391296387e+00
1.313471317291259766e+00
2.111413329839706421e-01
0.000000000000000000e+00
9.975242614746093750e-01
3.416660726070404053e-01
4.809118807315826416e-01
1.621936261653900146e-01
8.580093383789062500e-01
2.790719568729400635e-01
1.607262492179870605e-01
6.634639948606491089e-02
1.198319047689437866e-01
1.577502675354480743e-02
0.000000000000000000e+00
7.555339485406875610e-02
2.460657656192779541e-01
8.491615653038024902e-01
4.682591557502746582e-01
1.557865738868713379e+00
6.076572537422180176e-01
0.000000000000000000e+00
4.278921782970428467e-01
9.341871738433837891e-02
4.689292013645172119e-01
4.655477046966552734e+00
0.000000000000000000e+00
9.734479188919067383e-01
2.913958393037319183e-02
2.860633611679077148e+00
6.081970408558845520e-02
3.851637616753578186e-02
4.448466300964355469e-01
0.000000000000000000e+00
5.543515086174011230e-01
1.280565559864044189e-01
6.296227872371673584e-02
1.362466812133789062e-01
4.127582609653472900e-01
2.609179168939590454e-02
1.673663854598999023e+00
1.227720499038696289e+00
9.174863696098327637e-01
9.793666191399097443e-03
3.385996446013450623e-03
3.024130463600158691e-01
2.080751180648803711e+00
9.745142459869384766e-01
0.000000000000000000e+00
2.885762155055999756e-01
6.674001812934875488e-01
9.430732578039169312e-02
3.165004551410675049e-01
1.796067692339420319e-02
1.041322499513626099e-01
4.251520335674285889e-01
1.118583083152770996e+00
5.225948244333267212e-02
2.572148106992244720e-02
1.127635240554809570e-01
1.437880098819732666e-01
1.488621346652507782e-02
4.072562158107757568e-01
1.268368363380432129e-01
1.409958116710186005e-02
3.515563532710075378e-02
1.177832707762718201e-01
3.477154076099395752e-01
1.799199283123016357e-01
0.000000000000000000e+00
2.614099681377410889e-01
3.999778330326080322e-01
5.311008095741271973e-01
0.000000000000000000e+00
0.000000000000000000e+00
1.363836526870727539e+00
1.652664244174957275e-01
7.827082648873329163e-03
1.646815687417984009e-01
4.958106204867362976e-02
6.280045956373214722e-02
7.260690629482269287e-02
0.000000000000000000e+00
1.990006566047668457e-01
1.008998006582260132e-01
3.847950398921966553e-01
1.345287203788757324e+00
1.247316002845764160e+00
4.899108409881591797e-01
9.493974447250366211e-01
0.000000000000000000e+00
2.819670915603637695e+00
6.945356726646423340e-02
1.531548619270324707e+00
1.217738762497901917e-01
1.395749747753143311e-01
1.875538676977157593e-01
8.445079326629638672e-01
3.575239479541778564e-01
2.435305595397949219e+00
5.153967440128326416e-02
1.550287365913391113e+00
2.489111721515655518e-01
1.102871820330619812e-01
1.963248550891876221e-01
1.425030548125505447e-02
3.182097971439361572e-01
0.000000000000000000e+00
7.054674625396728516e-01
1.334543107077479362e-03
6.814221851527690887e-04
7.998213171958923340e-03
1.018914580345153809e+00
2.276808619499206543e-01
2.247176468372344971e-01
5.195289850234985352e-01
9.235680103302001953e-02
1.384713351726531982e-01
1.987867429852485657e-02
1.576482653617858887e-01
4.149996489286422729e-02
5.757967233657836914e-01
1.323935091495513916e-01
1.003384664654731750e-01
3.934076812583953142e-04
2.034431695938110352e-01
1.627356931567192078e-02
6.021514162421226501e-02
1.286678165197372437e-01
1.773481965065002441e-01
9.458096623420715332e-01
0.000000000000000000e+00
2.796511054039001465e-01
6.662704348564147949e-01
5.063580274581909180e-01
3.216819763183593750e-01
4.168323278427124023e-01
5.376604795455932617e-01
8.893295377492904663e-02
2.057533264160156250e-01
4.688755273818969727e-01
6.372881531715393066e-01
2.727390527725219727e-01
1.534660160541534424e-01
2.746846675872802734e-01
6.196996197104454041e-02
3.627590239048004150e-01
3.059309005737304688e+00
4.479157626628875732e-01
9.363576173782348633e-01
5.318058729171752930e-01
5.905559062957763672e-01
0.000000000000000000e+00
2.920220792293548584e-02
4.302325248718261719e-01
2.346927076578140259e-01
1.991690844297409058e-01
4.660134613513946533e-01
4.321860373020172119e-01
9.500696063041687012e-01
1.363820880651473999e-01
5.404164791107177734e+00
6.389639526605606079e-02
2.840461432933807373e-01
5.816526412963867188e-01
1.595352403819561005e-02
2.119172923266887665e-02
3.720477819442749023e-01
2.154584169387817383e+00
7.166605591773986816e-01
5.819368362426757812e-02
9.812099933624267578e-01
1.787320710718631744e-02
4.768879711627960205e-02
2.215526103973388672e+00
1.086388006806373596e-01
2.000098302960395813e-02
4.840024709701538086e-01
1.107533723115921021e-01
1.330365985631942749e-01
1.289300769567489624e-01
1.680940538644790649e-01
3.147318065166473389e-01
6.555314175784587860e-03
1.002363204956054688e+00
1.442257016897201538e-01
1.619992107152938843e-01
8.612873554229736328e-01
1.999412059783935547e+00
1.309586316347122192e-01
3.726548254489898682e-01
3.060607612133026123e-01
2.921903431415557861e-01
3.779102563858032227e-01
3.814579844474792480e-01
6.356726884841918945e-01
4.453376680612564087e-02
2.464011907577514648e-01
0.000000000000000000e+00
3.023825585842132568e-01
0.000000000000000000e+00
2.517898082733154297e-01
8.939217776060104370e-02
2.604376554489135742e+00
3.175226449966430664e-01
3.521640598773956299e-01
2.477301508188247681e-01
1.931643635034561157e-01
4.551047831773757935e-02
1.261035203933715820e-01
5.709986686706542969e-01
2.125669717788696289e-01
4.359982609748840332e-01
1.480016708374023438e-01
0.000000000000000000e+00
6.028756499290466309e-01
1.868063583970069885e-02
3.212005496025085449e-01
2.555349767208099365e-01
1.359368205070495605e+00
9.265410900115966797e-02
7.651226222515106201e-02
2.332113981246948242e-01
1.383260488510131836e-01
4.657216370105743408e-02
7.205834984779357910e-02
1.014722466468811035e+00
4.724471569061279297e-01
1.361039280891418457e-01
2.483902573585510254e-01
5.777953565120697021e-02
3.669018149375915527e-01
3.785523772239685059e-02
1.056339621543884277e+00
2.974268421530723572e-02
6.112803816795349121e-01
6.489117741584777832e-01
4.676989316940307617e-01
5.727585405111312866e-02
4.478581994771957397e-02
8.241497911512851715e-03
5.110460519790649414e-01
0.000000000000000000e+00
3.105718176811933517e-03
7.238306999206542969e-01
0.000000000000000000e+00
6.710124015808105469e-02
6.079800724983215332e-01
2.955918433144688606e-03
2.277022749185562134e-01
3.277969732880592346e-02
8.452873826026916504e-01
2.188960835337638855e-02
2.459893524646759033e-01
4.750545322895050049e-01
1.215454041957855225e-01
4.384485781192779541e-01
5.644000321626663208e-02
1.618914157152175903e-01
1.439085841178894043e+00
1.124887228012084961e+00
4.742618501186370850e-01
5.514491558074951172e+00
4.543333351612091064e-01
2.873838245868682861e-01
0.000000000000000000e+00
8.979468941688537598e-01
3.392884135246276855e-01
6.305139660835266113e-01
0.000000000000000000e+00
5.566722154617309570e-01
2.496408373117446899e-01
2.986438572406768799e-01
2.438501119613647461e-01
0.000000000000000000e+00
1.264738589525222778e-01
9.454753398895263672e-01
3.064697608351707458e-02
8.606865406036376953e-01
3.301820158958435059e-02
3.768786042928695679e-02
9.239871799945831299e-02
5.465126410126686096e-02
8.985681533813476562e-01
6.172939762473106384e-02
9.591677784919738770e-02
1.670411527156829834e-01
2.865436673164367676e-01
0.000000000000000000e+00
1.829209774732589722e-01
1.502515822649002075e-01
6.211123242974281311e-02
1.896031379699707031e+00
2.018447369337081909e-01
1.028559636324644089e-02
1.174537744373083115e-02
3.518114686012268066e-01
1.421543478965759277e+00
5.282526016235351562e-01
1.075871706008911133e+00
6.643912792205810547e-01
5.321310833096504211e-02
2.095591127872467041e-01
2.769013941287994385e-01
1.587107628583908081e-01
5.098629742860794067e-03
2.076019048690795898e+00
1.353338360786437988e-01
2.153203450143337250e-02
1.590214669704437256e-01
2.892695367336273193e-01
0.000000000000000000e+00
5.177313089370727539e-02
1.238695144653320312e+00
1.525057703256607056e-01
7.774652242660522461e-01
9.642542004585266113e-01
3.299500644207000732e-01
1.333440065383911133e+00
3.137982487678527832e-01
1.239718198776245117e-01
1.435357425361871719e-02
2.173685789108276367e+00
3.540176153182983398e-01
3.898777365684509277e-01
3.070298731327056885e-01
1.185902357101440430e+00
1.434703320264816284e-01
4.181674122810363770e-01
5.177589058876037598e-01
2.220794260501861572e-01
1.392359659075737000e-02
5.997217819094657898e-02
2.175382852554321289e+00
7.654669880867004395e-02
4.486447572708129883e-01
5.114647746086120605e-02
6.556877493858337402e-01
8.358001708984375000e-01
7.974230647087097168e-01
1.925846338272094727e+00
1.223714575171470642e-01
3.624967113137245178e-02
2.937301993370056152e-01
0.000000000000000000e+00
7.469202995300292969e+00
4.263386130332946777e-01
0.000000000000000000e+00
4.885953664779663086e-01
2.860673666000366211e-01
2.375360280275344849e-01
3.388398408889770508e+00
1.845313906669616699e-01
8.174806833267211914e-01
8.684063702821731567e-02
4.866321086883544922e-01
0.000000000000000000e+00
8.285946846008300781e-01
1.380820155143737793e+00
6.443857550621032715e-01
2.840003743767738342e-02
0.000000000000000000e+00
2.693505883216857910e-01
1.489271402359008789e+00
4.463680684566497803e-01
7.674293220043182373e-02
1.907817423343658447e-01
2.573341727256774902e-01
3.126222193241119385e-01
4.461285769939422607e-01
7.889384627342224121e-01
5.264604687690734863e-01
1.204729303717613220e-01
1.636386990547180176e+00
8.819687366485595703e-01
8.642876148223876953e-02
3.122721426188945770e-02
7.161728739738464355e-01
4.551072418689727783e-01
4.714639484882354736e-01
2.874340116977691650e-01
5.743617936968803406e-02
4.619198143482208252e-01
2.809546887874603271e-01
2.207917124032974243e-01
2.044257521629333496e-02
2.400796264410018921e-01
9.141406416893005371e-01
5.050005316734313965e-01
1.464176774024963379e-01
8.544684648513793945e-01
4.197087511420249939e-02
8.666500449180603027e-01
1.869663834571838379e+00
1.948790550231933594e+00
7.823221087455749512e-01
1.583943516016006470e-01
4.561280906200408936e-01
1.883089065551757812e+00
7.646242529153823853e-02
8.196696043014526367e-01
3.930181264877319336e-01
6.733462214469909668e-01
2.735114991664886475e-01
2.604989111423492432e-01
2.739792168140411377e-01
4.101414605975151062e-02
4.400964826345443726e-02
4.234063252806663513e-02
5.905390381813049316e-01
8.216334134340286255e-02
7.512441873550415039e-01
4.672877490520477295e-03
1.781732678413391113e+00
5.637170672416687012e-01
3.263500034809112549e-01
1.242937207221984863e+00
3.260157629847526550e-02
3.834583759307861328e-01
2.278070598840713501e-01
4.280869364738464355e-01
7.009198665618896484e-01
4.125877380371093750e+00
2.233106374740600586e+00
1.430243104696273804e-01
1.604078561067581177e-01
2.057679295539855957e-01
2.411563508212566376e-02
3.007742464542388916e-01
5.069218873977661133e-01
1.706598326563835144e-02
6.473591178655624390e-02
1.419898308813571930e-02
4.114260673522949219e-01
0.000000000000000000e+00
9.023108482360839844e-01
1.609610044397413731e-03
5.897451639175415039e-01
0.000000000000000000e+00
2.966842800378799438e-02
6.014896556735038757e-02
2.293156385421752930e-01
3.094565153121948242e+00
3.111816346645355225e-01
1.461420059204101562e+00
1.673548936843872070e+00
0.000000000000000000e+00
1.620509475469589233e-01
1.696832180023193359e-01
5.841045975685119629e-01
3.460853695869445801e-01
1.672332584857940674e-01
5.572557449340820312e-02
7.456549257040023804e-02
3.723828494548797607e-01
5.052730068564414978e-02
4.638916850090026855e-01
2.186328917741775513e-01
1.078341007232666016e+00
2.547227144241333008e+00
7.069240510463714600e-02
1.946368962526321411e-01
4.123205840587615967e-01
2.992219626903533936e-01
2.896094322204589844e-01
5.492986440658569336e-01
5.504119209945201874e-03
2.018226087093353271e-01
1.243625357747077942e-01
4.336094260215759277e-01
4.221266135573387146e-02
2.613319829106330872e-02
4.208580404520034790e-02
9.422361254692077637e-01
4.576777219772338867e-01
0.000000000000000000e+00
5.840455740690231323e-02
1.115278124809265137e+00
0.000000000000000000e+00
1.120959036052227020e-02
2.421045899391174316e-01
4.022242128849029541e-01
1.721020936965942383e-01
3.707586526870727539e-01
6.708132028579711914e-01
6.748592853546142578e-02
7.321829348802566528e-02
9.464553594589233398e-01
3.958829045295715332e-01
5.479971319437026978e-02
2.128699049353599548e-02
2.157148271799087524e-01
6.283577531576156616e-03
1.091462373733520508e+00
2.874848246574401855e-01
2.678547203540802002e-01
9.668377637863159180e-01
1.656994372606277466e-01
2.782334573566913605e-02
2.540059015154838562e-02
7.568066716194152832e-01
1.205388784408569336e+00
6.525231990963220596e-03
1.647560745477676392e-01
6.146030426025390625e-01
1.795751452445983887e-01
2.255457825958728790e-02
6.273281574249267578e-01
8.493823558092117310e-02
0.000000000000000000e+00
5.668703317642211914e-01
1.608689725399017334e-01
2.210543900728225708e-01
6.292458176612854004e-01
2.209198623895645142e-01
6.890938431024551392e-02
1.955014586448669434e+00
8.715972304344177246e-02
2.395215779542922974e-01
0.000000000000000000e+00
2.113733887672424316e-01
2.060369402170181274e-01
9.892623871564865112e-03
8.868591859936714172e-03
3.952372312545776367e+00
2.700403332710266113e-02
4.721625149250030518e-01
0.000000000000000000e+00
1.294451355934143066e-01
7.470389455556869507e-02
9.805043935775756836e-01
4.189789295196533203e-01
2.472716718912124634e-01
3.975287973880767822e-01
1.015760004520416260e-01
3.178088068962097168e-01
2.218129578977823257e-03
6.391072273254394531e-02
2.855927050113677979e-01
5.395651459693908691e-01
2.816438861191272736e-02
9.971809983253479004e-01
2.799858808517456055e+00
1.806434154510498047e+00
1.995244920253753662e-01
2.854859232902526855e-01
9.037538431584835052e-03
3.625008510425686836e-03
1.466277539730072021e-01
7.935225963592529297e-03
3.337606787681579590e-02
6.986100971698760986e-02
1.203543618321418762e-01
8.824973553419113159e-02
1.429662704467773438e-01
1.697205193340778351e-02
8.168475627899169922e-01
6.737513840198516846e-02
4.130733758211135864e-02
3.524489998817443848e-01
3.520240068435668945e+00
4.409519135951995850e-01
9.473335146903991699e-01
1.234080553054809570e+00
3.488654969260096550e-03
0.000000000000000000e+00
0.000000000000000000e+00
4.244451969861984253e-02
0.000000000000000000e+00
1.379752648063004017e-03
1.019052416086196899e-01
4.932110011577606201e-01
7.853563129901885986e-02
3.490837290883064270e-02
4.569877386093139648e-01
1.709515154361724854e-01
1.438396275043487549e-01
7.411726564168930054e-02
4.561392664909362793e-01
5.283666849136352539e-01
1.575404778122901917e-02
1.650267690420150757e-01
8.994399905204772949e-01
2.381107211112976074e-01
2.041016072034835815e-01
1.046717524528503418e+00
2.570544183254241943e-01
6.131142377853393555e-01
4.518537819385528564e-01
9.422121196985244751e-02
0.000000000000000000e+00
6.125440448522567749e-02
0.000000000000000000e+00
1.633304476737976074e+00
5.540720745921134949e-02
2.496364712715148926e-02
7.184972167015075684e-01
8.653757162392139435e-03
2.800665795803070068e-01
2.811546623706817627e-01
3.729084879159927368e-02
2.145208358764648438e+00
0.000000000000000000e+00
1.959071606397628784e-01
0.000000000000000000e+00
8.879906684160232544e-02
7.302401214838027954e-02
1.449073255062103271e-01
3.905564248561859131e-01
6.494446843862533569e-02
2.854753732681274414e+00
1.955624669790267944e-01
0.000000000000000000e+00
2.186468124389648438e+00
7.991085201501846313e-02
3.225019693374633789e+00
2.982134744524955750e-02
2.228342890739440918e-01
4.938881099224090576e-01
0.000000000000000000e+00
1.751534581184387207e+00
8.176569342613220215e-01
1.862945407629013062e-01
8.231753855943679810e-02
2.932013571262359619e-01
6.474537253379821777e-01
2.241061329841613770e-01
8.966079354286193848e-01
1.627377867698669434e+00
2.577670812606811523e-01
1.753409206867218018e-01
1.972015947103500366e-02
1.038261428475379944e-01
6.753968447446823120e-02
1.931795239448547363e+00
6.726025938987731934e-01
2.685350477695465088e-01
2.237161546945571899e-01
2.023802399635314941e-01
3.708455264568328857e-01
3.531786501407623291e-01
0.000000000000000000e+00
2.263143658638000488e-01
4.404478073120117188e+00
8.318817615509033203e-01
9.282880276441574097e-02
2.573476433753967285e-01
7.997942715883255005e-02
4.180018424987792969e+00
5.990068912506103516e-01
6.845050454139709473e-01
4.136798903346061707e-02
2.376981824636459351e-01
9.045067429542541504e-02
1.578371286392211914e+00
2.853539705276489258e+00
1.446811795234680176e+00
1.506078541278839111e-01
0.000000000000000000e+00
1.940217912197113037e-01
3.581328317523002625e-02
1.307685971260070801e-01
1.140986323356628418e+00
4.281077384948730469e-01
1.195720490068197250e-02
1.946097426116466522e-02
8.407952636480331421e-02
1.879331171512603760e-01
6.731310486793518066e-02
1.394373178482055664e+00
1.525472849607467651e-02
4.433232918381690979e-02
4.178481996059417725e-01
1.625305265188217163e-01
2.076921984553337097e-02
0.000000000000000000e+00
2.476717084646224976e-01
9.968353509902954102e-01
3.229810893535614014e-01
6.604489088058471680e-01
4.211880564689636230e-01
1.206193268299102783e-01
1.188819631934165955e-01
1.511919796466827393e-01
8.734135627746582031e-01
0.000000000000000000e+00
1.689176082611083984e+00
2.710960209369659424e-01
2.713606879115104675e-02
1.227430775761604309e-01
2.691361188888549805e+00
2.310333102941513062e-01
1.385572999715805054e-01
1.571025699377059937e-01
2.473695874214172363e-01
2.097389400005340576e-01
5.775468051433563232e-02
1.621329635381698608e-01
3.781436979770660400e-01
2.010136991739273071e-01
2.846201360225677490e-01
1.450465917587280273e+00
2.367186784744262695e+00
2.309164032340049744e-02
2.683568596839904785e-01
2.303100377321243286e-02
1.085575763136148453e-02
1.030356526374816895e+00
6.284094452857971191e-01
1.973957195878028870e-02
1.460935831069946289e+00
5.527201890945434570e-01
2.296133279800415039e+00
1.362776756286621094e+00
8.104469627141952515e-02
7.597497850656509399e-02
2.935097932815551758e+00
5.297179222106933594e-01
7.508878707885742188e-01
7.713761329650878906e-01
1.441247224807739258e+00
4.315846562385559082e-01
0.000000000000000000e+00
0.000000000000000000e+00
7.833306491374969482e-02
1.412384510040283203e-01
1.384148448705673218e-01
0.000000000000000000e+00
1.986105740070343018e-01
1.056993752717971802e-01
7.230644226074218750e-01
2.267195656895637512e-02
1.485029309988021851e-01
2.018458098173141479e-01
3.104771077632904053e-01
3.611312061548233032e-02
4.764393344521522522e-02
1.283716440200805664e+00
1.350193619728088379e+00
3.824652731418609619e-01
0.000000000000000000e+00
0.000000000000000000e+00
7.839196175336837769e-02
1.287863731384277344e+00
4.282328486442565918e-02
3.516189157962799072e-01
7.272915542125701904e-02
1.441928297281265259e-01
1.438291668891906738e-01
3.464968502521514893e-02
1.697415299713611603e-02
9.964589029550552368e-02
1.047954916954040527e+00
1.366367459297180176e+00
4.239065945148468018e-01
1.701936572790145874e-01
2.178774029016494751e-01
2.632635235786437988e-01
1.101170539855957031e+00
6.274589896202087402e-01
0.000000000000000000e+00
7.882568836212158203e-01
3.546420931816101074e-01
6.337500363588333130e-02
8.309462666511535645e-02
0.000000000000000000e+00
5.267041921615600586e-01
1.828312687575817108e-02
9.623023122549057007e-02
1.261547803878784180e-01
2.240744352340698242e+00
4.344065189361572266e-01
1.291110157966613770e+00
0.000000000000000000e+00
1.004301086068153381e-01
4.163497984409332275e-01
6.161628291010856628e-02
5.538212135434150696e-02
1.318825244903564453e+00
2.021475881338119507e-01
1.487659215927124023e+00
0.000000000000000000e+00
3.224806189537048340e-01
0.000000000000000000e+00
5.015919804573059082e-01
6.244308948516845703e-01
4.547230899333953857e-02
1.515978127717971802e-01
3.270464539527893066e-01
2.455340623855590820e-01
4.482719674706459045e-02
1.664414629340171814e-02
1.921018362045288086e-01
5.076857209205627441e-01
5.829218626022338867e-01
2.990396022796630859e-01
3.163330489769577980e-03
0.000000000000000000e+00
3.461953401565551758e+00
7.195131480693817139e-02
0.000000000000000000e+00
2.036342164501547813e-03
3.204920515418052673e-02
2.255571931600570679e-01
4.189436435699462891e-01
1.605938524007797241e-01
4.099105894565582275e-01
2.995818138122558594e+00
3.488525152206420898e-01
3.626182973384857178e-01
2.513967752456665039e-01
8.298878557980060577e-03
1.923539638519287109e-01
1.285922825336456299e-01
4.849114269018173218e-02
4.214275777339935303e-01
1.100419759750366211e+00
4.005470499396324158e-02
1.688375920057296753e-01
1.796129941940307617e-01
1.225953221321105957e+00
2.923615694046020508e+00
0.000000000000000000e+00
7.170146564021706581e-04
5.825463682413101196e-02
7.117696851491928101e-02
3.546166233718395233e-03
6.112954616546630859e-01
0.000000000000000000e+00
1.941069811582565308e-01
5.848993659019470215e-01
2.366555929183959961e-01
5.391773954033851624e-02
1.118391677737236023e-01
1.434437036514282227e-01
1.328320384025573730e+00
1.051145553588867188e+00
1.236686408519744873e-01
1.848424077033996582e-01
3.470988571643829346e-02
1.761475354433059692e-01
3.357438445091247559e-01
1.580071896314620972e-01
1.945042051374912262e-02
2.546956576406955719e-02
2.096413401886820793e-03
5.959155037999153137e-02
1.136626489460468292e-02
1.629480272531509399e-01
6.559453159570693970e-02
1.847187578678131104e-01
2.401844114065170288e-01
1.457041978836059570e+00
3.376977145671844482e-02
2.624887228012084961e+00
1.784427404403686523e+00
2.230839431285858154e-01
4.197356104850769043e-02
3.184721171855926514e-01
2.291629761457443237e-01
3.591360449790954590e-01
0.000000000000000000e+00
4.547995328903198242e-01
1.434943675994873047e-01
2.703070081770420074e-02
0.000000000000000000e+00
8.421195149421691895e-01
1.380886912345886230e+00
7.693262696266174316e-01
1.361650705337524414e+00
2.010611891746520996e-01
1.064206480979919434e+00
5.026805400848388672e-01
2.373978793621063232e-01
8.234910666942596436e-03
8.644539713859558105e-01
6.902744770050048828e-01
2.871837317943572998e-01
2.372941970825195312e+00
2.733167111873626709e-01
3.642032444477081299e-01
0.000000000000000000e+00
7.371664792299270630e-02
8.440862298011779785e-01
4.547915160655975342e-01
7.976338863372802734e-01
1.809953600168228149e-01
1.512458641082048416e-02
1.953371614217758179e-01
4.889546632766723633e-01
1.319916367530822754e+00
2.192974537611007690e-01
2.835354581475257874e-02
5.283141732215881348e-01
1.110806345939636230e+00
1.442229747772216797e-01
1.168944407254457474e-02
3.898919820785522461e-01
0.000000000000000000e+00
3.862312436103820801e-01
2.895360998809337616e-02
1.509940326213836670e-01
1.303408622741699219e+00
1.476312172599136829e-03
1.596512347459793091e-01
1.153681799769401550e-01
2.410661280155181885e-01
0.000000000000000000e+00
4.228064417839050293e-01
8.698087930679321289e-01
0.000000000000000000e+00
1.900754690170288086e+00
2.788506984710693359e+00
4.171613156795501709e-01
5.475332494825124741e-03
1.806217551231384277e+00
5.890333279967308044e-02
1.755228638648986816e-01
1.719677925109863281e+00
1.981076151132583618e-01
3.186528086662292480e-01
2.401955425739288330e-01
0.000000000000000000e+00
2.821513079106807709e-02
6.227393075823783875e-02
5.777554586529731750e-02
4.990355014801025391e+00
1.869992733001708984e+00
6.431697010993957520e-01
2.292250394821166992e-01
0.000000000000000000e+00
2.080903798341751099e-01
1.377349019050598145e+00
2.518954277038574219e-01
1.506513450294733047e-02
2.797661721706390381e-01
4.141015410423278809e-01
3.366762697696685791e-01
7.972177863121032715e-01
4.354793131351470947e-01
1.339469999074935913e-01
4.038981348276138306e-02
1.536258459091186523e-01
5.055980384349822998e-02
1.220917701721191406e+00
7.942497134208679199e-01
1.760008931159973145e-02
3.205499798059463501e-02
2.404625713825225830e-01
4.618493467569351196e-02
2.643874168395996094e+00
4.352921992540359497e-02
1.654595136642456055e-01
0.000000000000000000e+00
9.929532557725906372e-02
1.475487947463989258e-01
7.100268453359603882e-02
1.322978883981704712e-01
4.283630475401878357e-02
1.136877536773681641e+00
1.091509580612182617e+00
1.518573313951492310e-01
0.000000000000000000e+00
3.189062476158142090e-01
3.674359917640686035e-01
1.035571563988924026e-02
1.086952746845781803e-03
5.592285469174385071e-02
5.989057570695877075e-02
7.000114023685455322e-02
1.053845137357711792e-01
3.940987214446067810e-02
2.640631496906280518e-01
1.430240273475646973e-01
5.614865422248840332e-01
6.592722535133361816e-01
3.869020044803619385e-01
4.934458732604980469e-01
1.370757669210433960e-01
5.020571351051330566e-01
8.016278147697448730e-01
2.478405237197875977e+00
5.586944818496704102e-01
3.723677247762680054e-02
4.739959537982940674e-01
2.285549044609069824e-01
6.488338112831115723e-01
2.159027904272079468e-01
6.359304189682006836e-01
1.080206751823425293e+00
1.001532554626464844e+00
1.207645423710346222e-02
3.851402401924133301e-01
7.293434739112854004e-01
2.541173100471496582e-01
6.636416912078857422e-02
2.352699995040893555e+00
2.323526293039321899e-01
4.463497549295425415e-02
7.027187943458557129e-02
6.403253972530364990e-02
7.446286734193563461e-03
8.790206909179687500e-01
0.000000000000000000e+00
6.998599171638488770e-01
6.339382529258728027e-01
4.641210734844207764e-01
3.174646794795989990e-01
1.048249244689941406e+00
0.000000000000000000e+00
2.569021470844745636e-02
8.142414689064025879e-02
4.716513156890869141e-01
1.816533088684082031e+00
4.073565602302551270e-01
7.384546995162963867e-01
4.635603725910186768e-01
2.066066116094589233e-01
6.574240326881408691e-02
3.726401552557945251e-02
9.922694414854049683e-03
7.466761469841003418e-01
9.615234285593032837e-02
3.362017273902893066e-01
8.768291026353836060e-02
1.038750540465116501e-02
8.129460811614990234e-01
0.000000000000000000e+00
0.000000000000000000e+00
1.004014387726783752e-01
3.260691761970520020e-01
1.487872600555419922e-01
1.107660010457038879e-01
5.381722934544086456e-03
0.000000000000000000e+00
3.621883392333984375e-01
4.223907738924026489e-02
2.224335446953773499e-02
6.128091365098953247e-02
7.329142093658447266e-02
9.781976938247680664e-01
2.265088409185409546e-01
2.597026824951171875e-01
2.669552862644195557e-01
5.857820808887481689e-02
8.180192708969116211e-01
3.159775584936141968e-02
2.957200109958648682e-01
4.599032178521156311e-02
1.691961102187633514e-02
8.783959597349166870e-02
4.890243709087371826e-01
5.523499250411987305e-01
2.309710830450057983e-01
8.611424267292022705e-02
3.018572926521301270e-01
3.407163545489311218e-02
0.000000000000000000e+00
8.182339668273925781e-01
1.055440157651901245e-01
2.675346434116363525e-01
8.957992494106292725e-02
7.087452411651611328e-01
9.644266963005065918e-01
3.772913245484232903e-03
1.395752727985382080e-01
4.477939605712890625e-01
3.406074270606040955e-02
1.987514346837997437e-01
1.101085901260375977e+00
2.753362655639648438e-01
2.444847077131271362e-01
6.812475156038999557e-03
1.885651201009750366e-01
2.951589412987232208e-02
3.142011910676956177e-02
1.612964719533920288e-01
2.293067693710327148e+00
1.670703105628490448e-02
1.942789107561111450e-01
1.896318197250366211e+00
5.981110036373138428e-02
0.000000000000000000e+00
3.964134454727172852e-01
2.716253884136676788e-02
1.447638124227523804e-01
1.119100093841552734e+00
8.831423521041870117e-02
4.732689857482910156e-01
7.908234596252441406e-01
1.564492940902709961e+00
8.388056159019470215e-01
1.027825940400362015e-02
1.183927297592163086e+00
2.420776486396789551e-01
2.307980060577392578e-01
3.136620521545410156e-01
1.286321133375167847e-01
0.000000000000000000e+00
9.955196827650070190e-02
1.937461644411087036e-01
8.534130454063415527e-01
1.192454934120178223e+00
0.000000000000000000e+00
3.183540105819702148e-01
2.050263136625289917e-01
1.153355464339256287e-02
0.000000000000000000e+00
3.007248416543006897e-02
5.190107226371765137e-01
2.212229967117309570e-01
1.035532116889953613e+00
8.885452747344970703e-01
3.031467795372009277e-01
5.708442330360412598e-01
3.504482209682464600e-01
1.053479909896850586e+00
2.334180623292922974e-01
3.179775476455688477e-01
0.000000000000000000e+00
5.091351866722106934e-01
1.487598172388970852e-03
1.707379817962646484e-01
3.001281917095184326e-01
2.992322921752929688e+00
1.884500145912170410e+00
0.000000000000000000e+00
0.000000000000000000e+00
1.255026906728744507e-01
3.873636424541473389e-01
1.536909397691488266e-02
4.887904506176710129e-03
1.584465384483337402e+00
0.000000000000000000e+00
2.763226069509983063e-02
7.213371247053146362e-02
0.000000000000000000e+00
2.623151801526546478e-02
4.778931140899658203e-01
2.643257081508636475e-01
3.230377042200416327e-04
2.012410387396812439e-02
1.652071475982666016e-01
2.978368997573852539e-01
0.000000000000000000e+00
1.904938369989395142e-01
1.594014279544353485e-02
1.757370680570602417e-01
1.023185133934020996e+00
6.542881950736045837e-03
6.574378609657287598e-01
3.757254183292388916e-01
3.290781751275062561e-02
0.000000000000000000e+00
2.329420000314712524e-01
1.030105948448181152e+00
1.092338681221008301e+00
0.000000000000000000e+00
1.108435750007629395e+00
9.371066698804497719e-04
3.424883484840393066e-01
2.973441481590270996e-01
4.941939190030097961e-02
1.204089760780334473e+00
1.093669056892395020e+00
1.740434765815734863e+00
9.653508663177490234e-01
3.382743597030639648e-01
7.135953307151794434e-01
1.410251855850219727e+00
3.795290291309356689e-01
1.622169315814971924e-01
1.759757518768310547e+00
5.199971795082092285e-01
6.986948251724243164e-01
3.138238489627838135e-01
3.125376701354980469e-01
1.097608089447021484e+00
5.281050205230712891e-01
1.226011395454406738e+00
3.617217838764190674e-01
1.418805599212646484e+00
2.743152976036071777e-01
6.064843013882637024e-02
8.634670078754425049e-02
2.138082087039947510e-01
1.099400129169225693e-02
3.901426494121551514e-01
1.548731774091720581e-01
3.640066683292388916e-01
4.702811315655708313e-02
1.266362786293029785e+00
5.435909032821655273e-01
9.332695603370666504e-01
6.476233601570129395e-01
2.084291772916913033e-03
3.017489671707153320e+00
5.590987391769886017e-03
3.563968241214752197e-01
0.000000000000000000e+00
1.577837169170379639e-01
4.057394713163375854e-02
8.347544074058532715e-01
4.974298179149627686e-02
5.528256893157958984e-01
5.255693197250366211e-01
0.000000000000000000e+00
1.165443807840347290e-01
1.161216944456100464e-01
5.655055120587348938e-02
7.309203147888183594e-01
0.000000000000000000e+00
1.129811927676200867e-01
1.325239092111587524e-01
1.457721471786499023e+00
1.961909055709838867e+00
6.823600530624389648e-01
3.096268773078918457e-01
0.000000000000000000e+00
2.011830806732177734e+00
1.308432102203369141e+00
7.946065068244934082e-01
3.000408783555030823e-02
5.007563903927803040e-02
8.648118004202842712e-03
5.612611770629882812e-01
9.842332452535629272e-02
9.398028999567031860e-02
1.343193054199218750e-01
1.051246523857116699e-01
3.393678069114685059e-01
0.000000000000000000e+00
1.545296013355255127e-01
4.873674735426902771e-02
3.740040659904479980e-01
6.101672649383544922e-01
0.000000000000000000e+00
7.663486152887344360e-02
4.464365914463996887e-02
2.677177451550960541e-02
8.184468150138854980e-01
9.070821404457092285e-01
3.142798542976379395e-01
2.105448767542839050e-02
1.981076598167419434e-01
9.299914538860321045e-02
7.170487046241760254e-01
3.226809203624725342e-02
1.353849172592163086e-01
