1.415353175252676010e-02
4.502061307430267334e-01
0.000000000000000000e+00
8.580239117145538330e-02
1.749593615531921387e-01
3.185004711151123047e+00
3.342271968722343445e-02
3.721745684742927551e-02
7.430453598499298096e-02
6.712663173675537109e-02
9.478620290756225586e-01
2.501203119754791260e-01
8.206387050449848175e-03
2.087542973458766937e-02
3.885626792907714844e-01
3.112010308541357517e-04
8.133530616760253906e-03
4.510421752929687500e-01
1.291049458086490631e-02
2.155163511633872986e-02
1.389434933662414551e-01
4.259423352777957916e-03
0.000000000000000000e+00
5.926068872213363647e-02
3.363607451319694519e-02
1.709923595190048218e-01
1.169496681541204453e-02
1.847324967384338379e-01
2.545044422149658203e-01
0.000000000000000000e+00
5.185475349426269531e-01
0.000000000000000000e+00
1.340300217270851135e-02
1.255226880311965942e-02
2.235628664493560791e-01
1.084213018417358398e+00
1.200455307960510254e+00
5.699169635772705078e-01
2.893236465752124786e-02
1.181209683418273926e+00
5.784667446278035641e-04
0.000000000000000000e+00
3.341576084494590759e-02
3.711048513650894165e-02
7.147516012191772461e-01
2.849120199680328369e-01
0.000000000000000000e+00
7.831488847732543945e-01
5.345425754785537720e-02
1.955158114433288574e+00
1.055120527744293213e-01
3.654572665691375732e-01
2.218327373266220093e-01
3.363581597805023193e-01
4.647898375988006592e-01
0.000000000000000000e+00
1.408044397830963135e-01
9.544256329536437988e-01
5.951802060008049011e-02
7.698205709457397461e-01
6.702663749456405640e-02
5.803527832031250000e-01
4.059408903121948242e-01
3.453841432929039001e-02
7.032636553049087524e-02
3.921728581190109253e-02
3.188303411006927490e-01
2.227500200271606445e+00
3.823852911591529846e-02
0.000000000000000000e+00
1.701835840940475464e-01
4.257315397262573242e-01
4.434369131922721863e-02
6.606808900833129883e-01
6.999511271715164185e-02
1.053063943982124329e-01
1.844411194324493408e-01
2.603251636028289795e-01
1.316998600959777832e-01
6.332377903163433075e-03
1.054919362068176270e+00
1.362743616104125977e+00
1.176754981279373169e-01
1.139741897583007812e+00
8.907923102378845215e-01
2.911306619644165039e+00
1.295431107282638550e-01
5.017685890197753906e-02
7.018902897834777832e-01
1.079948782920837402e+00
3.256511986255645752e-01
0.000000000000000000e+00
0.000000000000000000e+00
6.121352314949035645e-02
2.040039747953414917e-01
4.073237180709838867e-01
2.090410739183425903e-01
3.191036283969879150e-01
3.945778906345367432e-01
2.934017181396484375e-01
2.324153780937194824e-01
5.154704451560974121e-01
4.182727336883544922e-01
9.314646720886230469e-01
4.230007231235504150e-01
6.067001447081565857e-02
6.404787302017211914e-01
8.968180418014526367e-02
1.741191744804382324e-01
2.283990859985351562e+00
1.752167940139770508e+00
4.869714081287384033e-01
7.308933883905410767e-02
6.266096234321594238e-01
8.020412921905517578e-02
6.632113829255104065e-03
1.277415752410888672e+00
1.008164510130882263e-01
2.498410176485776901e-03
0.000000000000000000e+00
2.894363164901733398e+00
1.103386953473091125e-01
0.000000000000000000e+00
1.553161144256591797e-01
5.491231441497802734e+00
2.335406281054019928e-02
6.805130839347839355e-02
6.648069024085998535e-01
6.423065066337585449e-01
6.431521773338317871e-01
4.932764917612075806e-02
8.693147897720336914e-01
6.164116263389587402e-01
7.474780082702636719e-02
5.307831242680549622e-02
9.695110917091369629e-01
1.335901021957397461e-01
6.424547731876373291e-02
1.773764491081237793e-01
4.738764166831970215e-01
3.322483897209167480e-01
1.381995201110839844e+00
7.264650464057922363e-01
1.146465539932250977e+00
1.221837326884269714e-01
7.954411506652832031e-01
2.614280879497528076e-01
0.000000000000000000e+00
1.561497151851654053e-02
1.044821739196777344e+00
2.931749105453491211e+00
2.634360194206237793e-01
2.044837325811386108e-01
7.371158897876739502e-02
8.121410012245178223e-02
3.372764214873313904e-02
4.615732468664646149e-03
1.224332213401794434e+00
1.462114136666059494e-02
2.200273051857948303e-02
0.000000000000000000e+00
7.206203881651163101e-03
7.919429987668991089e-02
3.182857930660247803e-01
0.000000000000000000e+00
1.709955930709838867e+00
2.363110519945621490e-02
2.171011418104171753e-01
1.754437983036041260e-01
1.314012855291366577e-01
8.004299998283386230e-01
2.126643508672714233e-01
1.157123595476150513e-01
5.164826288819313049e-02
0.000000000000000000e+00
7.272997498512268066e-01
0.000000000000000000e+00
1.586225867271423340e+00
8.187312483787536621e-01
0.000000000000000000e+00
1.504687517881393433e-01
6.186419725418090820e-01
2.065333127975463867e-01
1.110752969980239868e-01
3.209539502859115601e-02
4.713121950626373291e-01
2.860007807612419128e-02
1.767963051795959473e+00
6.035108119249343872e-02
3.156661987304687500e-02
3.269414901733398438e+00
1.208389624953269958e-01
2.814427204430103302e-02
1.122499555349349976e-01
5.426388233900070190e-02
7.204604148864746094e-02
5.635011792182922363e-01
6.019757986068725586e-01
0.000000000000000000e+00
1.058496534824371338e-01
4.209581762552261353e-02
9.196182340383529663e-02
9.279084205627441406e-01
2.808514982461929321e-02
1.140099540352821350e-01
0.000000000000000000e+00
9.508554935455322266e-01
2.623234272003173828e+00
1.507757902145385742e-01
4.813157618045806885e-01
2.529893219470977783e-01
0.000000000000000000e+00
0.000000000000000000e+00
1.696675658226013184e+00
1.060026045888662338e-02
3.677421808242797852e-01
2.842442035675048828e+00
2.758374810218811035e-01
3.457197546958923340e-01
2.467983067035675049e-01
1.747645139694213867e-01
4.843033254146575928e-01
4.965167492628097534e-02
6.353592500090599060e-03
1.985283195972442627e-02
6.644318103790283203e-01
4.863702133297920227e-02
6.618786454200744629e-01
8.819214701652526855e-01
3.004918992519378662e-01
2.426541000604629517e-01
3.972704708576202393e-02
9.004939347505569458e-02
0.000000000000000000e+00
9.272074326872825623e-03
6.564689874649047852e-01
3.976852595806121826e-01
1.917440444231033325e-01
1.870914362370967865e-02
1.099316626787185669e-01
9.013597369194030762e-01
1.060434132814407349e-01
1.254992336034774780e-01
3.659440437331795692e-03
2.121821641921997070e-01
4.588674008846282959e-01
4.302325472235679626e-02
8.996617980301380157e-03
1.707158833742141724e-01
2.279989272356033325e-01
0.000000000000000000e+00
2.668201178312301636e-02
6.605450063943862915e-03
4.566386342048645020e-02
7.667346596717834473e-01
1.101310178637504578e-01
3.018112853169441223e-02
0.000000000000000000e+00
9.916165471076965332e-02
3.970708698034286499e-03
2.406573593616485596e-01
1.401637028902769089e-02
4.724374115467071533e-01
4.853351712226867676e-01
7.441004365682601929e-02
2.131176441907882690e-01
4.329090192914009094e-02
3.043986260890960693e-01
1.168306991457939148e-01
2.718519605696201324e-02
2.089218348264694214e-01
1.012851595878601074e-01
1.280889809131622314e-01
1.626714318990707397e-01
4.296371340751647949e-02
1.830116659402847290e-02
1.225631088018417358e-01
4.932011943310499191e-03
1.508993655443191528e-01
9.885823726654052734e-01
9.303840994834899902e-02
2.334056794643402100e-01
8.575907349586486816e-02
0.000000000000000000e+00
2.910535335540771484e-01
3.591395318508148193e-01
1.395598240196704865e-02
1.272558718919754028e-01
4.273062705993652344e+00
0.000000000000000000e+00
3.029924035072326660e-01
0.000000000000000000e+00
0.000000000000000000e+00
1.579412698745727539e+00
0.000000000000000000e+00
4.014679417014122009e-02
3.919647336006164551e-01
2.045873738825321198e-02
2.826856970787048340e-01
1.301357388496398926e+00
1.551318615674972534e-01
2.242548167705535889e-01
1.018446922302246094e+00
1.333948504179716110e-02
1.052451208233833313e-01
1.913791745901107788e-01
4.105582237243652344e-01
9.408824262209236622e-04
0.000000000000000000e+00
5.936295390129089355e-01
1.982219815254211426e-01
2.991922199726104736e-01
1.700778156518936157e-01
1.904668211936950684e+00
2.961416728794574738e-03
7.204918265342712402e-01
3.396011190488934517e-03
5.174523591995239258e-01
6.567478924989700317e-02
1.236044242978096008e-01
3.698857873678207397e-02
1.807735800743103027e+00
5.729736089706420898e-01
4.965923726558685303e-01
1.343295574188232422e-01
2.167308628559112549e-01
6.949675828218460083e-02
1.032742783427238464e-01
0.000000000000000000e+00
6.464880108833312988e-01
6.569521129131317139e-02
1.116672083735466003e-01
4.893670380115509033e-01
9.527645707130432129e-01
0.000000000000000000e+00
1.492284536361694336e-01
1.336854044348001480e-02
6.436741352081298828e-02
4.648744165897369385e-01
4.052011966705322266e-01
7.511258721351623535e-01
0.000000000000000000e+00
2.355246990919113159e-01
1.418712586164474487e-01
4.728978872299194336e-02
0.000000000000000000e+00
6.734748929738998413e-02
1.212185025215148926e+00
3.082779347896575928e-01
0.000000000000000000e+00
0.000000000000000000e+00
1.147107362747192383e+00
9.878586977720260620e-03
0.000000000000000000e+00
0.000000000000000000e+00
3.261366128921508789e+00
4.272004067897796631e-01
2.607380747795104980e-01
2.790282666683197021e-02
0.000000000000000000e+00
3.118576049804687500e+00
9.452245235443115234e-01
1.793396621942520142e-01
1.053956616669893265e-02
1.222851634025573730e+00
1.289331912994384766e+00
2.031399011611938477e-01
2.039343714714050293e-01
6.115430593490600586e-01
9.636685997247695923e-02
1.618627160787582397e-01
7.166201621294021606e-02
1.959358900785446167e-01
1.750123500823974609e-01
1.563696563243865967e-02
2.076710224151611328e+00
3.632366359233856201e-01
3.561435639858245850e-01
2.143237041309475899e-03
5.079209208488464355e-01
1.281462162733078003e-01
3.886315822601318359e+00
1.123187780380249023e+00
1.859180815517902374e-02
1.061288118362426758e+00
1.200344443321228027e+00
1.336334943771362305e-01
3.032347559928894043e-01
0.000000000000000000e+00
7.846036553382873535e-01
1.663040220737457275e-01
2.522828429937362671e-02
0.000000000000000000e+00
4.817366600036621094e-02
2.408437579870223999e-01
4.949356615543365479e-02
8.493433147668838501e-02
7.934252917766571045e-02
1.177941799163818359e+00
9.308789372444152832e-01
2.757357060909271240e-01
3.582528352737426758e+00
1.668577939271926880e-01
1.252844370901584625e-02
9.733778238296508789e-01
4.567792415618896484e-01
7.466321587562561035e-01
1.242738813161849976e-01
4.801057577133178711e-01
1.394567172974348068e-02
1.088262572884559631e-01
8.111178874969482422e-01
1.983631998300552368e-01
2.514977380633354187e-02
6.526696681976318359e-01
5.321156382560729980e-01
1.756645143032073975e-01
7.092918753623962402e-01
3.999160826206207275e-01
1.317157745361328125e-01
6.067331880331039429e-03
0.000000000000000000e+00
8.116770982742309570e-01
6.123941540718078613e-01
2.432781219482421875e+00
4.213608205318450928e-01
2.620122909545898438e+00
1.058701157569885254e+00
4.636071324348449707e-01
7.061908394098281860e-02
1.539199948310852051e+00
1.119516976177692413e-02
8.974355459213256836e-01
8.766008540987968445e-03
0.000000000000000000e+00
4.983103275299072266e-01
3.872093558311462402e-01
0.000000000000000000e+00
1.072525084018707275e-01
6.342480778694152832e-01
2.279341220855712891e-02
3.000125885009765625e-01
0.000000000000000000e+00
4.113807380199432373e-01
1.682320376858115196e-03
2.079766802489757538e-02
2.004232406616210938e+00
5.096060633659362793e-01
6.223592162132263184e-01
9.565955996513366699e-01
4.364674091339111328e-01
6.850554943084716797e-01
1.835466176271438599e-01
2.793844416737556458e-02
2.642011404037475586e+00
9.720594286918640137e-01
4.004861041903495789e-02
3.036101162433624268e-02
1.459791064262390137e-01
0.000000000000000000e+00
3.245874643325805664e-01
7.289104908704757690e-02
7.413804531097412109e-02
0.000000000000000000e+00
2.185194045305252075e-01
2.670677006244659424e-01
5.205724239349365234e-01
2.745078504085540771e-01
4.532734677195549011e-02
5.054482258856296539e-03
4.713611602783203125e-01
2.391784489154815674e-01
0.000000000000000000e+00
3.538501262664794922e+00
1.628384590148925781e-01
1.517598986625671387e+00
5.006573796272277832e-01
4.077842831611633301e-02
1.849865466356277466e-01
1.062997460365295410e+00
5.194612145423889160e-01
3.712877631187438965e-01
7.957227826118469238e-01
1.015878200531005859e+00
1.031816720962524414e+00
2.465183660387992859e-02
3.373084589838981628e-02
2.130491733551025391e-01
1.742740124464035034e-01
9.693716168403625488e-01
2.661255300045013428e-01
9.190955758094787598e-01
9.958148002624511719e-03
1.370244175195693970e-01
3.910180032253265381e-01
3.437268733978271484e-02
5.493849143385887146e-02
0.000000000000000000e+00
0.000000000000000000e+00
1.875788271427154541e-01
8.939657360315322876e-02
0.000000000000000000e+00
2.115481138229370117e+00
9.016957283020019531e-01
4.688301086425781250e-01
0.000000000000000000e+00
2.347519397735595703e+00
6.549255251884460449e-01
8.118824958801269531e-01
1.129520460963249207e-01
2.431810796260833740e-01
1.356091052293777466e-01
5.853322148323059082e-01
1.207468472421169281e-02
0.000000000000000000e+00
3.264243155717849731e-02
7.814924418926239014e-02
1.115954637527465820e+00
8.533006161451339722e-02
0.000000000000000000e+00
1.567208886146545410e+00
1.144252568483352661e-01
1.713406480848789215e-02
5.220276117324829102e-02
0.000000000000000000e+00
1.369020640850067139e-01
5.886000990867614746e-01
0.000000000000000000e+00
3.313293159008026123e-01
6.811979413032531738e-01
2.137404866516590118e-02
1.398513793945312500e+00
2.882540225982666016e-01
2.615025639533996582e-02
2.661583423614501953e-01
0.000000000000000000e+00
7.299077510833740234e-01
2.562772929668426514e-01
2.103907316923141479e-01
1.058919075876474380e-02
8.135381937026977539e-01
1.135908961296081543e+00
0.000000000000000000e+00
2.442312240600585938e-01
1.757067292928695679e-01
2.322460860013961792e-01
4.242123067378997803e-01
6.203639507293701172e-01
2.381662838160991669e-03
6.622155010700225830e-02
1.886585474014282227e+00
5.960543826222419739e-02
2.017693966627120972e-01
6.043400149792432785e-03
1.313819456845521927e-02
1.575686503201723099e-03
2.013491392135620117e-01
5.950274318456649780e-02
5.348595976829528809e-02
8.848257064819335938e-01
1.939848810434341431e-01
1.121348142623901367e+00
7.642455101013183594e-01
9.179217219352722168e-01
6.431426107883453369e-02
1.436098664999008179e-02
3.888036906719207764e-01
6.348299980163574219e-01
5.612966790795326233e-02
1.132236048579216003e-01
7.052699103951454163e-03
3.636555001139640808e-02
1.176772415637969971e-01
9.863021373748779297e-01
1.752744168043136597e-01
2.979905717074871063e-02
6.329267472028732300e-02
4.058564081788063049e-03
2.683506011962890625e+00
3.350050747394561768e-02
0.000000000000000000e+00
1.955490261316299438e-01
3.946966025978326797e-03
3.108251094818115234e-01
6.687640547752380371e-01
1.338023692369461060e-01
6.647368669509887695e-01
1.526032686233520508e-01
1.155779287219047546e-01
5.909356847405433655e-02
5.395643413066864014e-03
1.942821405827999115e-02
2.193363755941390991e-01
6.141211986541748047e-01
4.140064418315887451e-01
2.015999406576156616e-01
8.301395922899246216e-02
8.643093705177307129e-02
8.200610429048538208e-02
1.443839818239212036e-02
1.148709505796432495e-01
1.147076487541198730e-01
1.012688055634498596e-01
9.402937442064285278e-02
3.829007269814610481e-03
4.351802766323089600e-01
2.039557844400405884e-01
1.138275742530822754e+00
3.083818197250366211e+00
9.719132445752620697e-03
0.000000000000000000e+00
8.469466120004653931e-02
1.450174301862716675e-01
4.946069419384002686e-02
1.924909055233001709e-01
4.793498814105987549e-01
7.859462499618530273e-02
4.998632520437240601e-02
1.529033062979578972e-03
3.788128122687339783e-02
1.137660384178161621e+00
3.530903756618499756e-01
1.752709299325942993e-01
7.808297872543334961e-01
8.437328934669494629e-01
1.290462493896484375e+00
3.229249715805053711e-01
2.716628074645996094e+00
0.000000000000000000e+00
2.081019245088100433e-02
3.936015442013740540e-02
5.759062618017196655e-02
1.194715499877929688e-03
8.598608970642089844e-01
0.000000000000000000e+00
8.201107382774353027e-02
8.131768554449081421e-02
6.605686545372009277e-01
1.556798517704010010e-01
3.641005158424377441e-01
5.244202017784118652e-01
0.000000000000000000e+00
4.191130101680755615e-01
6.158132851123809814e-02
2.058391273021697998e-02
3.010568916797637939e-01
1.845880299806594849e-01
4.747951403260231018e-02
1.268265098333358765e-01
0.000000000000000000e+00
4.591751098632812500e-02
1.777194887399673462e-01
1.213143989443778992e-01
1.115818768739700317e-01
3.841251730918884277e-01
3.673444986343383789e+00
0.000000000000000000e+00
7.468848228454589844e-01
3.085126578807830811e-01
2.449442595243453979e-01
5.770229101181030273e-01
2.064657211303710938e-01
8.300784975290298462e-03
1.259196083992719650e-02
1.917742639780044556e-01
1.685760617256164551e+00
6.269490718841552734e-01
1.721227020025253296e-01
5.257359147071838379e-01
9.826342761516571045e-02
7.291048169136047363e-01
3.452617824077606201e-01
4.709968809038400650e-03
0.000000000000000000e+00
8.408927917480468750e-02
2.342514544725418091e-01
5.175793915987014771e-02
8.360117673873901367e-01
4.524771273136138916e-01
6.325659155845642090e-01
3.346296399831771851e-02
8.041556924581527710e-03
4.253741726279258728e-02
2.939663529396057129e-01
6.384167820215225220e-02
6.007755920290946960e-02
5.487022399902343750e-01
0.000000000000000000e+00
0.000000000000000000e+00
3.808292793110013008e-03
9.330757260322570801e-01
2.172649800777435303e-01
4.574354588985443115e-01
0.000000000000000000e+00
1.262350678443908691e-01
7.470907270908355713e-02
2.547220885753631592e-02
8.700484037399291992e-02
1.997804641723632812e-02
4.261839091777801514e-01
1.604456901550292969e+00
4.776960611343383789e-01
1.308493614196777344e+00
4.340166924521327019e-04
1.039511263370513916e-01
3.366101980209350586e-01
7.036184072494506836e-01
9.268830716609954834e-02
5.926646664738655090e-02
6.175885722041130066e-02
1.077260375022888184e+00
0.000000000000000000e+00
0.000000000000000000e+00
9.056201577186584473e-02
3.819235861301422119e-01
2.764044106006622314e-01
8.360798358917236328e-01
2.958980202674865723e-01
1.044502854347229004e-01
0.000000000000000000e+00
0.000000000000000000e+00
4.987307824194431305e-03
2.230049073696136475e-01
6.189840659499168396e-02
0.000000000000000000e+00
1.081537222489714622e-03
0.000000000000000000e+00
6.714458577334880829e-03
2.642186880111694336e-01
4.437605664134025574e-02
4.171105384826660156e+00
0.000000000000000000e+00
1.987186446785926819e-02
1.994856238365173340e+00
2.846275568008422852e-01
3.009705841541290283e-01
1.215462759137153625e-02
1.888438127934932709e-02
2.171164304018020630e-01
2.180894613265991211e-01
1.129504203796386719e+00
8.412257432937622070e-01
8.587791770696640015e-02
9.598729759454727173e-02
6.269995123147964478e-02
1.295404583215713501e-01
1.378986332565546036e-02
1.023298799991607666e-01
3.819527924060821533e-01
3.378914669156074524e-02
5.414095520973205566e-02
3.635052591562271118e-02
1.536997556686401367e+00
4.573832154273986816e-01
2.824178934097290039e-01
4.975288212299346924e-01
1.985312849283218384e-01
8.112210035324096680e-01
8.490198850631713867e-01
6.184185743331909180e-01
1.214638710021972656e+00
1.158179402351379395e+00
1.003614719957113266e-02
1.215819716453552246e-01
1.813131421804428101e-01
1.218012794852256775e-01
3.172261640429496765e-03
1.865751892328262329e-01
2.552170753479003906e-01
8.903860300779342651e-02
2.000952482223510742e+00
2.261467725038528442e-01
2.163225173950195312e+00
0.000000000000000000e+00
6.265883892774581909e-02
6.368055194616317749e-02
0.000000000000000000e+00
3.217402696609497070e-01
1.747053563594818115e-01
1.015564322471618652e+00
2.705505862832069397e-02
7.616316080093383789e-01
1.042894646525382996e-01
8.006632328033447266e-02
0.000000000000000000e+00
6.651016473770141602e-01
2.024184316396713257e-01
1.799702793359756470e-01
1.619570255279541016e+00
1.236018538475036621e-01
1.156669259071350098e-01
6.062719598412513733e-02
2.409245252609252930e+00
2.333573549985885620e-01
2.748861014842987061e-01
6.003085374832153320e-01
0.000000000000000000e+00
3.589253723621368408e-01
1.019520282745361328e+00
1.846829295158386230e+00
1.579726785421371460e-01
3.722820580005645752e-01
5.428151488304138184e-01
1.102703690528869629e+00
5.557754635810852051e-01
8.663842827081680298e-02
3.389319404959678650e-02
1.209158003330230713e-01
0.000000000000000000e+00
5.970649123191833496e-01
4.565233588218688965e-01
1.031673629768192768e-03
0.000000000000000000e+00
1.574835479259490967e-01
1.620531082153320312e-01
5.173488259315490723e-01
1.156738638877868652e+00
0.000000000000000000e+00
1.073124766349792480e+00
3.000394403934478760e-01
0.000000000000000000e+00
1.277181804180145264e-01
2.490535080432891846e-01
1.008612364530563354e-01
3.724884986877441406e+00
3.245135396718978882e-02
5.409530177712440491e-02
6.852078437805175781e-02
1.309481263160705566e+00
5.874278023838996887e-02
1.069088652729988098e-01
1.406043529510498047e+00
0.000000000000000000e+00
2.812510132789611816e-01
1.591659784317016602e-01
6.225349009037017822e-02
0.000000000000000000e+00
4.448429048061370850e-01
5.559638142585754395e-02
2.111213803291320801e-01
6.164882704615592957e-02
5.534684062004089355e-01
0.000000000000000000e+00
7.537957280874252319e-02
6.706155538558959961e-01
1.027646780014038086e+00
9.975555352866649628e-03
5.020757205784320831e-03
3.389484435319900513e-02
3.343720734119415283e-01
0.000000000000000000e+00
1.815305650234222412e-02
4.222803711891174316e-01
2.679589390754699707e-01
2.147295475006103516e-01
2.640889167785644531e+00
4.415783658623695374e-02
8.105919510126113892e-02
2.616028189659118652e-01
2.446242570877075195e-01
1.688047945499420166e-01
5.967904925346374512e-01
1.579354107379913330e-01
0.000000000000000000e+00
1.550600677728652954e-01
2.349414676427841187e-01
8.539692312479019165e-02
1.927947998046875000e-01
0.000000000000000000e+00
6.628268864005804062e-03
3.395998775959014893e-01
4.728954732418060303e-01
6.338828708976507187e-03
5.173628926277160645e-01
3.371270895004272461e-01
2.799771353602409363e-02
8.578968048095703125e-02
6.124600768089294434e-01
2.510325610637664795e-01
2.007551193237304688e-01
1.308477967977523804e-01
8.213437199592590332e-01
8.040715008974075317e-02
7.405307143926620483e-02
7.371981739997863770e-01
7.366901040077209473e-01
2.655608952045440674e-01
7.024298906326293945e-01
1.098696440458297729e-01
1.074236235581338406e-03
9.330235123634338379e-01
1.012186333537101746e-01
1.945366412401199341e-01
2.986069023609161377e-01
3.419612646102905273e-01
3.427911400794982910e-01
3.227768838405609131e-01
6.971310973167419434e-01
1.648049354553222656e+00
0.000000000000000000e+00
1.971082925796508789e+00
9.138305187225341797e-01
6.605215370655059814e-02
3.075326681137084961e-01
3.079882264137268066e-02
1.514562964439392090e-01
1.596971973776817322e-02
2.478633448481559753e-02
1.250728033483028412e-02
4.274592176079750061e-02
8.613380044698715210e-02
4.348960518836975098e-01
2.456695139408111572e-01
0.000000000000000000e+00
3.212563991546630859e-01
5.804654583334922791e-02
1.078502237796783447e-01
2.002715617418289185e-01
3.386683464050292969e-01
0.000000000000000000e+00
6.283748745918273926e-01
1.245674584060907364e-02
9.913572669029235840e-02
0.000000000000000000e+00
6.976760625839233398e-01
5.537996441125869751e-02
3.120586276054382324e-02
7.296944260597229004e-01
3.611806780099868774e-02
7.931358218193054199e-01
7.496704906225204468e-02
1.343005299568176270e-01
1.536964178085327148e-01
3.686024108901619911e-03
2.907644025981426239e-02
1.135283261537551880e-01
2.302521705627441406e+00
3.498762547969818115e-01
0.000000000000000000e+00
1.340849846601486206e-01
9.551118314266204834e-02
3.294678926467895508e-01
7.476670295000076294e-02
1.434087753295898438e-03
7.804062217473983765e-02
4.159255921840667725e-01
3.726898193359375000e+00
5.842469334602355957e-01
5.222190022468566895e-01
1.412797719240188599e-01
4.213796183466911316e-02
0.000000000000000000e+00
5.430333316326141357e-03
5.427425503730773926e-01
7.069742679595947266e-01
1.919306278228759766e+00
2.177129834890365601e-01
1.998828947544097900e-01
2.994063794612884521e-01
5.055397748947143555e-01
1.459845304489135742e+00
1.038148254156112671e-02
4.021841287612915039e-01
4.011106789112091064e-01
0.000000000000000000e+00
1.185808256268501282e-01
5.224205255508422852e-01
1.327343344688415527e+00
1.386058330535888672e-01
2.077637938782572746e-03
5.507875680923461914e-01
1.206799894571304321e-01
1.852084249258041382e-01
2.850897312164306641e+00
8.058229088783264160e-02
3.643843904137611389e-02
1.137771531939506531e-01
0.000000000000000000e+00
3.094922304153442383e-01
5.856901407241821289e-02
1.461516618728637695e-01
1.115544795989990234e+00
1.968435570597648621e-02
1.035640597343444824e+00
3.650677390396595001e-03
1.834986507892608643e-01
8.242993950843811035e-01
2.072126388549804688e+00
5.670124888420104980e-01
1.686618849635124207e-02
2.984078601002693176e-03
1.428277194499969482e-01
2.380430698394775391e-01
8.661647886037826538e-02
3.135219961404800415e-02
6.514612585306167603e-02
3.981600403785705566e-01
1.462016552686691284e-01
1.563720405101776123e-02
0.000000000000000000e+00
1.662291735410690308e-01
1.147491857409477234e-01
1.089025974273681641e+00
2.806846797466278076e-01
2.976284921169281006e-01
1.666506985202431679e-03
1.664218455553054810e-01
1.581752151250839233e-01
1.938296109437942505e-01
3.693424165248870850e-02
8.147514611482620239e-02
2.606545388698577881e-01
6.681590806692838669e-03
1.750542968511581421e-02
4.427210688591003418e-01
0.000000000000000000e+00
0.000000000000000000e+00
2.169079519808292389e-02
6.941509433090686798e-03
2.823078632354736328e-02
1.819439046084880829e-02
1.043234094977378845e-01
1.151414036750793457e+00
1.387467861175537109e+00
3.132158890366554260e-02
1.073089718818664551e+00
1.056127366609871387e-03
8.484343439340591431e-02
2.273773774504661560e-03
0.000000000000000000e+00
6.942772120237350464e-02
0.000000000000000000e+00
6.626765727996826172e-01
4.745733365416526794e-02
8.152392506599426270e-01
1.940495073795318604e-01
1.950638413429260254e+00
6.890420615673065186e-02
8.475936204195022583e-02
2.614877186715602875e-02
1.417371928691864014e-01
8.774832636117935181e-02
1.469186246395111084e-01
2.422053664922714233e-01
6.677855551242828369e-02
4.137883428484201431e-03
6.912652403116226196e-03
1.614865064620971680e-01
3.843018710613250732e-01
4.500536322593688965e-01
3.858041465282440186e-01
1.484165638685226440e-01
8.326824903488159180e-01
2.459969967603683472e-01
5.350953340530395508e-02
1.033395171165466309e+00
2.454643398523330688e-01
3.455382883548736572e-01
9.113131165504455566e-01
2.491039186716079712e-01
6.376364082098007202e-02
1.919026136398315430e+00
0.000000000000000000e+00
3.685661554336547852e-01
8.390619754791259766e-01
1.102898940443992615e-01
1.741656541824340820e+00
3.272154554724693298e-02
3.087085206061601639e-03
6.356576085090637207e-02
1.665154099464416504e-01
1.523141115903854370e-01
6.065770983695983887e-01
7.091357558965682983e-02
5.251091122627258301e-01
9.822933375835418701e-02
3.567612767219543457e-01
5.690726637840270996e-01
4.646478965878486633e-02
1.979674100875854492e-01
1.347262971103191376e-02
2.626871690154075623e-03
2.535150289535522461e+00
2.639310359954833984e-01
3.011023700237274170e-01
1.349806338548660278e-01
1.361108899116516113e+00
2.767966389656066895e-01
9.437023997306823730e-01
2.475306391716003418e-01
2.337413281202316284e-01
6.317555904388427734e-01
1.401952356100082397e-01
0.000000000000000000e+00
1.205400526523590088e-01
2.911529503762722015e-02
1.257574319839477539e+00
3.237786293029785156e-01
2.413709610700607300e-01
1.182854175567626953e+00
0.000000000000000000e+00
3.029234707355499268e-02
4.355166554450988770e-01
1.804019212722778320e-01
3.129487158730626106e-03
4.210895597934722900e-01
1.172737777233123779e-01
2.119954973459243774e-01
7.404897361993789673e-02
2.749494910240173340e-01
2.005263417959213257e-01
1.091809153556823730e+00
2.952749729156494141e-01
0.000000000000000000e+00
2.113596051931381226e-01
7.450841069221496582e-01
5.494741797447204590e-01
3.812998533248901367e-02
3.253691643476486206e-02
1.631936291232705116e-03
8.203203082084655762e-01
6.148920208215713501e-02
7.472234964370727539e-01
8.234088420867919922e-01
7.728080451488494873e-02
8.991559743881225586e-01
6.175917107611894608e-03
1.158911287784576416e-01
7.383041083812713623e-02
4.229837656021118164e-01
3.094898350536823273e-02
0.000000000000000000e+00
9.816302061080932617e-01
1.320814626524224877e-04
1.359389722347259521e-01
0.000000000000000000e+00
1.469490885734558105e+00
5.994461178779602051e-01
1.058536648750305176e+00
2.997868776321411133e+00
0.000000000000000000e+00
0.000000000000000000e+00
5.267885327339172363e-01
1.381162106990814209e-01
6.004906654357910156e+00
5.617761611938476562e-02
1.077218577265739441e-01
1.425235033035278320e+00
1.819680035114288330e-01
5.747683048248291016e-01
1.789178848266601562e+00
8.023367077112197876e-02
4.915722087025642395e-02
2.257684618234634399e-01
1.519578695297241211e+00
5.030196309089660645e-01
1.691801287233829498e-02
5.212206244468688965e-01
0.000000000000000000e+00
1.402335613965988159e-01
3.132950514554977417e-02
3.607058525085449219e-01
0.000000000000000000e+00
1.300831884145736694e-01
1.185837015509605408e-01
4.185338318347930908e-01
1.360714137554168701e-01
7.510540634393692017e-02
5.740334391593933105e-01
2.920507490634918213e-01
4.841141998767852783e-01
1.344938278198242188e-01
5.771463364362716675e-02
7.934097200632095337e-02
3.996065855026245117e-01
6.443255394697189331e-02
3.986517190933227539e-01
3.464894294738769531e-01
3.109237909317016602e+00
2.622567415237426758e-01
3.724542260169982910e-01
0.000000000000000000e+00
2.508106827735900879e-01
1.457632035017013550e-01
3.655542805790901184e-02
4.469535779207944870e-03
1.052245616912841797e+00
5.825223401188850403e-02
7.025005668401718140e-02
2.086552232503890991e-01
2.021070569753646851e-02
4.245919585227966309e-01
6.222401261329650879e-01
1.401168704032897949e+00
6.923723220825195312e-01
9.909365326166152954e-02
9.786376953125000000e-01
6.524716019630432129e-01
1.139715220779180527e-02
7.378970086574554443e-02
5.312475562095642090e-01
2.230568528175354004e-01
2.608435973525047302e-02
1.678738892078399658e-01
3.761590421199798584e-01
7.749524712562561035e-02
1.943857595324516296e-02
0.000000000000000000e+00
1.389627307653427124e-01
1.794295161962509155e-01
5.331504940986633301e-01
1.949724107980728149e-01
2.644993662834167480e-01
8.039859682321548462e-02
0.000000000000000000e+00
1.946111172437667847e-01
2.844744827598333359e-03
3.200290501117706299e-01
1.182845532894134521e-01
7.769825309514999390e-02
1.150415182113647461e+00
2.085747241973876953e+00
2.699350357055664062e+00
6.014064326882362366e-02
2.511032521724700928e-01
1.950689852237701416e-01
3.369944393634796143e-01
3.560225963592529297e-01
8.448801040649414062e-01
1.427509188652038574e-01
0.000000000000000000e+00
1.095492094755172729e-01
9.769452810287475586e-01
2.605089247226715088e-01
2.888576686382293701e-01
0.000000000000000000e+00
2.321048259735107422e+00
1.827985197305679321e-01
0.000000000000000000e+00
3.141972050070762634e-02
6.739904731512069702e-02
1.849300503730773926e+00
7.002134323120117188e-01
6.941778063774108887e-01
2.347491532564163208e-01
5.866069719195365906e-02
3.376427292823791504e-02
5.242104530334472656e-01
0.000000000000000000e+00
0.000000000000000000e+00
4.211901724338531494e-01
2.017028033733367920e-01
1.461226046085357666e-01
7.683455944061279297e-02
0.000000000000000000e+00
3.392055332660675049e-01
5.012318491935729980e-01
1.076036393642425537e-01
2.411507606506347656e+00
4.020037353038787842e-01
8.048244118690490723e-01
4.608108997344970703e-01
9.322347640991210938e-01
2.594206929206848145e-01
1.471268534660339355e-01
4.782212525606155396e-02
4.274692386388778687e-02
4.563055932521820068e-01
0.000000000000000000e+00
3.296488523483276367e-01
9.900221824645996094e-01
5.825207754969596863e-02
1.177000522613525391e+00
3.247573226690292358e-02
0.000000000000000000e+00
2.843255102634429932e-01
1.451554298400878906e+00
0.000000000000000000e+00
7.838286459445953369e-02
8.467237353324890137e-01
4.786645174026489258e-01
1.913592666387557983e-01
0.000000000000000000e+00
9.299209713935852051e-01
1.315190792083740234e-01
1.395854502916336060e-01
1.500630021095275879e+00
3.225439786911010742e-02
2.730151712894439697e-01
3.718481585383415222e-02
3.617642521858215332e-01
8.746448904275894165e-03
2.687991857528686523e-01
8.337808847427368164e-01
9.506218135356903076e-03
7.258533835411071777e-01
1.359543353319168091e-01
1.122405007481575012e-01
3.653251379728317261e-02
1.635710448026657104e-01
1.782614588737487793e+00
1.669000536203384399e-01
2.345646619796752930e-01
2.948101460933685303e-01
0.000000000000000000e+00
1.012254692614078522e-02
8.070963621139526367e-01
2.002086788415908813e-01
1.591498404741287231e-01
8.321578502655029297e-01
1.954676508903503418e-01
9.968388080596923828e-02
7.014203816652297974e-02
2.232777774333953857e-01
1.411011517047882080e-01
2.074031829833984375e-01
6.672035455703735352e-01
3.496972620487213135e-01
6.270933896303176880e-03
1.999475508928298950e-01
6.010131239891052246e-01
4.486161924432963133e-04
0.000000000000000000e+00
5.337947845458984375e+00
3.181179463863372803e-01
9.598715230822563171e-03
2.984651923179626465e-01
2.475980967283248901e-01
3.646633327007293701e-01
8.586041927337646484e-01
1.460327059030532837e-01
3.862720355391502380e-02
4.395968914031982422e-01
1.653381288051605225e-01
6.966121196746826172e-01
3.744978830218315125e-02
0.000000000000000000e+00
8.532806485891342163e-02
1.290254592895507812e-01
4.091466218233108521e-02
2.112552523612976074e-01
1.216259837150573730e+00
3.612539470195770264e-01
1.418897986412048340e+00
3.920431435108184814e-01
5.065937042236328125e-01
5.717029422521591187e-02
7.653414011001586914e-01
1.052885875105857849e-02
2.082945592701435089e-02
6.744626909494400024e-02
2.340328097343444824e-01
2.623199857771396637e-02
0.000000000000000000e+00
6.248781085014343262e-02
1.509476900100708008e-01
0.000000000000000000e+00
3.659448385238647461e+00
7.311605215072631836e-01
4.704331755638122559e-01
2.250037431716918945e+00
6.291503310203552246e-01
5.515847727656364441e-02
2.156860381364822388e-01
2.940851822495460510e-02
0.000000000000000000e+00
2.568346820771694183e-02
1.798087656497955322e-01
1.711431592702865601e-01
1.250351406633853912e-02
2.301651239395141602e-01
0.000000000000000000e+00
9.809519350528717041e-02
4.610343575477600098e-01
6.718258261680603027e-01
4.022757411003112793e-01
6.716883927583694458e-02
0.000000000000000000e+00
9.912121891975402832e-01
1.187949925661087036e-01
2.037317276000976562e+00
1.166092976927757263e-01
3.127818703651428223e-01
2.205201685428619385e-01
1.417848348617553711e+00
1.818762421607971191e-01
1.274790614843368530e-01
1.155251145362854004e+00
1.778873056173324585e-02
2.316206879913806915e-02
4.547253549098968506e-01
0.000000000000000000e+00
1.153324842453002930e+00
1.784753948450088501e-01
8.533258922398090363e-03
1.760002821683883667e-01
4.724738001823425293e-02
2.478912919759750366e-01
0.000000000000000000e+00
9.695906192064285278e-02
8.198435306549072266e-01
0.000000000000000000e+00
4.378420114517211914e-01
6.108459085226058960e-03
3.608352690935134888e-02
2.838337421417236328e-01
5.348441004753112793e-02
3.086276650428771973e-01
4.460552707314491272e-02
1.525890946388244629e+00
0.000000000000000000e+00
2.630742639303207397e-02
2.284224182367324829e-01
3.649748265743255615e-01
1.631001353263854980e+00
8.686198294162750244e-02
8.826615661382675171e-02
6.090306863188743591e-02
1.120859384536743164e-02
6.327848434448242188e-01
8.071747422218322754e-01
5.295864492654800415e-02
4.135190248489379883e-01
0.000000000000000000e+00
0.000000000000000000e+00
2.546703629195690155e-02
1.733110427856445312e+00
3.339944481849670410e-01
4.295734316110610962e-02
4.413471519947052002e-01
0.000000000000000000e+00
1.664754450321197510e-01
0.000000000000000000e+00
1.445291519165039062e+00
1.987455934286117554e-01
1.189514473080635071e-01
2.361610978841781616e-01
2.852261252701282501e-02
7.548540830612182617e-02
2.524678111076354980e-01
3.218955397605895996e-01
4.397441446781158447e-02
3.082832813262939453e+00
4.253148138523101807e-01
0.000000000000000000e+00
6.081863045692443848e-01
2.570549845695495605e-01
4.320951998233795166e-01
1.335067600011825562e-01
1.705630898475646973e+00
1.542093753814697266e-01
3.299955278635025024e-02
7.281704246997833252e-02
3.773025423288345337e-02
2.591114044189453125e+00
1.768157929182052612e-01
2.391459047794342041e-01
0.000000000000000000e+00
6.581803783774375916e-03
8.510960265994071960e-03
1.612302958965301514e-01
6.278507113456726074e-01
3.048177063465118408e-01
0.000000000000000000e+00
2.058071792125701904e-01
1.015554815530776978e-01
3.031975626945495605e-01
5.393483638763427734e-01
9.855229854583740234e-01
0.000000000000000000e+00
0.000000000000000000e+00
3.935199677944183350e-01
9.879243560135364532e-03
0.000000000000000000e+00
0.000000000000000000e+00
5.954375863075256348e-02
8.155786991119384766e-01
8.002323508262634277e-01
5.487930178642272949e-01
2.557634711265563965e-01
1.934971362352371216e-01
0.000000000000000000e+00
0.000000000000000000e+00
2.167451567947864532e-02
2.009672969579696655e-01
8.132570981979370117e-01
8.643480390310287476e-02
5.559759140014648438e-01
6.957750022411346436e-02
2.692377090454101562e+00
7.966153323650360107e-03
4.918501079082489014e-01
0.000000000000000000e+00
2.919904515147209167e-02
2.913899421691894531e-01
2.409294433891773224e-02
0.000000000000000000e+00
9.893910586833953857e-02
1.247698906809091568e-02
1.797992289066314697e-01
9.071488380432128906e-01
2.402200698852539062e+00
1.438939273357391357e-01
2.957505881786346436e-01
1.060028299689292908e-01
3.108431771397590637e-02
1.738916188478469849e-01
1.502467989921569824e-01
8.889502286911010742e-02
9.804664254188537598e-01
2.400238439440727234e-02
5.156152248382568359e-01
9.424172043800354004e-01
3.647693991661071777e-02
1.262335628271102905e-01
6.565037965774536133e-01
7.308355569839477539e-01
5.038512349128723145e-01
4.378092885017395020e-01
1.564873814582824707e+00
1.178777962923049927e-01
0.000000000000000000e+00
4.271894693374633789e-02
3.227156400680541992e-02
4.194648936390876770e-02
3.831583261489868164e-02
1.417597830295562744e-01
3.942857682704925537e-02
1.168946146965026855e+00
7.669491320848464966e-02
6.848952919244766235e-02
1.791567541658878326e-02
1.012330055236816406e-01
3.506887853145599365e-01
1.019141748547554016e-01
1.740820705890655518e-01
2.357956647872924805e+00
1.387311220169067383e+00
5.868746340274810791e-02
3.271866217255592346e-02
0.000000000000000000e+00
9.897103905677795410e-02
2.158618420362472534e-01
0.000000000000000000e+00
7.035184651613235474e-02
4.159481823444366455e-02
3.806369751691818237e-02
4.081531167030334473e-01
8.578330278396606445e-02
1.916647106409072876e-01
1.937993884086608887e+00
4.303115606307983398e-02
2.215826511383056641e-01
1.534676849842071533e-01
1.627567596733570099e-02
8.193034678697586060e-02
0.000000000000000000e+00
2.079891204833984375e+00
1.965215682983398438e+00
2.231789082288742065e-01
5.213866829872131348e-01
9.804674983024597168e-01
0.000000000000000000e+00
1.365506947040557861e-01
9.370689513161778450e-04
7.601383924484252930e-01
8.266311883926391602e-01
8.254484273493289948e-03
1.651909500360488892e-01
2.995362281799316406e-01
3.575526773929595947e-01
4.063426017761230469e+00
6.474955379962921143e-02
3.922117501497268677e-02
9.492957592010498047e-02
8.946955204010009766e-02
1.475426554679870605e-01
2.543723285198211670e-01
4.499717354774475098e-01
3.005506277084350586e+00
1.081544309854507446e-01
7.311249524354934692e-02
1.562140434980392456e-01
1.410488486289978027e+00
6.214383840560913086e-01
3.984624054282903671e-03
3.648064136505126953e-01
2.098165750503540039e-01
4.927468299865722656e-01
3.835376799106597900e-01
0.000000000000000000e+00
9.001556038856506348e-02
1.132578253746032715e+00
3.513668477535247803e-01
4.308642148971557617e-01
2.437303066253662109e-01
2.596086077392101288e-02
4.437460601329803467e-01
5.587249994277954102e-02
6.249970290809869766e-03
2.509641833603382111e-02
5.716336965560913086e-01
2.779009286314249039e-03
4.337952996138483286e-04
2.915110439062118530e-02
2.170452594757080078e+00
1.588097691535949707e+00
1.751331239938735962e-02
1.129765436053276062e-01
5.426897853612899780e-02
2.310879528522491455e-02
4.147374629974365234e-01
2.114719599485397339e-01
4.918280243873596191e-02
8.466428518295288086e-02
1.977173089981079102e-01
0.000000000000000000e+00
1.329036802053451538e-01
1.237960159778594971e-01
5.776076316833496094e-01
1.334960103034973145e+00
4.015217069536447525e-03
0.000000000000000000e+00
0.000000000000000000e+00
2.896591648459434509e-02
6.137412786483764648e-02
3.479780852794647217e-01
0.000000000000000000e+00
3.144131973385810852e-02
6.879766583442687988e-01
5.022820234298706055e-01
0.000000000000000000e+00
8.284000754356384277e-01
1.495524048805236816e-01
2.435662269592285156e+00
6.383318901062011719e-01
4.057684242725372314e-01
1.151675283908843994e-01
1.764318048954010010e-01
0.000000000000000000e+00
2.948249317705631256e-02
8.563376665115356445e-01
4.852546006441116333e-02
2.451023831963539124e-02
7.261428236961364746e-02
4.409828484058380127e-01
2.486425917595624924e-03
0.000000000000000000e+00
2.955026626586914062e-01
3.329941034317016602e-01
4.880286380648612976e-02
1.380106091499328613e+00
4.478902742266654968e-02
9.739593267440795898e-01
5.533515214920043945e-01
1.885983645915985107e-01
7.972384802997112274e-03
7.833015918731689453e-01
1.432423472404479980e+00
3.907759189605712891e-01
6.052676960825920105e-02
6.762295961380004883e-04
1.721266955137252808e-01
1.229211568832397461e+00
2.659634053707122803e-01
2.622680962085723877e-01
2.950320243835449219e-01
6.999341845512390137e-01
3.982192575931549072e-01
4.938602074980735779e-02
3.460780084133148193e-01
2.390815168619155884e-01
4.737723171710968018e-01
2.961320988833904266e-02
1.008432134985923767e-01
0.000000000000000000e+00
7.185207307338714600e-02
2.777777433395385742e+00
5.495743751525878906e-01
3.621058166027069092e-01
3.203866258263587952e-02
2.904807589948177338e-02
6.517756581306457520e-01
3.672589659690856934e-01
3.435109555721282959e-01
1.080996841192245483e-01
2.558435779064893723e-03
1.253065615892410278e-01
2.871003746986389160e-01
3.047749519348144531e+00
1.144030243158340454e-01
7.044506818056106567e-02
2.200083062052726746e-02
2.086328506469726562e+00
1.725418716669082642e-01
1.320210695266723633e-01
3.619778528809547424e-02
1.013706903904676437e-02
7.957457751035690308e-02
9.056538343429565430e-02
0.000000000000000000e+00
7.784177660942077637e-01
9.827204793691635132e-02
2.710703015327453613e-01
2.220268994569778442e-01
9.018434286117553711e-01
0.000000000000000000e+00
1.482166498899459839e-01
2.349334508180618286e-01
0.000000000000000000e+00
1.290718317031860352e-01
2.653725862503051758e+00
1.500904560089111328e-01
4.103619139641523361e-03
4.264178752899169922e+00
0.000000000000000000e+00
2.673786580562591553e-01
3.507270812988281250e-01
0.000000000000000000e+00
1.820006519556045532e-01
8.993037045001983643e-02
6.648460030555725098e-02
3.294195607304573059e-02
1.634377837181091309e-01
6.894671916961669922e-02
3.759889602661132812e+00
1.107370376586914062e+00
3.967968374490737915e-02
4.699519276618957520e-01
1.553511023521423340e-01
5.472327396273612976e-02
1.685681819915771484e+00
0.000000000000000000e+00
9.394066408276557922e-03
5.573628842830657959e-02
2.008566409349441528e-01
1.549650216475129128e-03
1.983691193163394928e-02
4.992314577102661133e-01
5.779100954532623291e-02
2.910998463630676270e-02
2.160177081823348999e-01
1.247135177254676819e-01
8.879364132881164551e-01
1.700494736433029175e-01
0.000000000000000000e+00
0.000000000000000000e+00
2.073842585086822510e-01
1.411881763488054276e-02
9.359045326709747314e-02
9.860645979642868042e-02
1.312327831983566284e-01
1.792469769716262817e-01
7.518788576126098633e-01
1.009156778454780579e-01
8.017377257347106934e-01
1.081003174185752869e-01
0.000000000000000000e+00
1.562276124954223633e+00
8.857390284538269043e-02
0.000000000000000000e+00
3.312414586544036865e-01
3.940651193261146545e-02
3.973799198865890503e-02
1.221805661916732788e-01
1.649296469986438751e-02
9.914031624794006348e-02
2.984015643596649170e-02
8.961988613009452820e-03
1.025506295263767242e-02
1.395466089248657227e+00
1.009342446923255920e-01
4.362490493804216385e-03
1.044644474983215332e+00
5.578636005520820618e-02
5.957671441137790680e-03
3.639875650405883789e-01
5.350798964500427246e-01
0.000000000000000000e+00
4.059693515300750732e-01
1.170279741287231445e+00
4.138556122779846191e-01
4.281775951385498047e-01
2.119247466325759888e-01
1.338918656110763550e-01
3.858795166015625000e-01
1.326309442520141602e-01
3.117374181747436523e-01
6.823172569274902344e-01
4.523919522762298584e-01
1.719393208622932434e-02
4.874946549534797668e-02
4.372662901878356934e-01
6.032870616763830185e-03
1.288589984178543091e-01
1.495842814445495605e+00
2.416526556015014648e+00
1.510720551013946533e-01
8.109315484762191772e-02
8.377814292907714844e-01
1.984732300043106079e-01
9.113182127475738525e-02
1.114661339670419693e-02
9.900705814361572266e-01
2.684338688850402832e-01
5.388289690017700195e-01
1.364108920097351074e+00
2.999418258666992188e+00
0.000000000000000000e+00
1.231020689010620117e-01
7.367993146181106567e-02
9.546419978141784668e-01
2.296817302703857422e+00
1.266399174928665161e-01
5.171785950660705566e-01
9.629096388816833496e-01
8.974294662475585938e-01
1.168616935610771179e-01
0.000000000000000000e+00
0.000000000000000000e+00
6.084012985229492188e-01
1.900168806314468384e-01
1.034538149833679199e+00
4.537805169820785522e-02
1.503188721835613251e-02
9.834495186805725098e-02
0.000000000000000000e+00
0.000000000000000000e+00
2.206439226865768433e-01
9.211582690477371216e-02
0.000000000000000000e+00
0.000000000000000000e+00
0.000000000000000000e+00
1.032988131046295166e-01
7.516080737113952637e-01
0.000000000000000000e+00
1.431039720773696899e-01
4.584470018744468689e-02
0.000000000000000000e+00
4.627512395381927490e-01
7.149116396903991699e-01
8.807711601257324219e-01
9.223012626171112061e-02
6.630786061286926270e-01
3.930100500583648682e-01
1.445983350276947021e-01
1.320106387138366699e-01
8.488650200888514519e-04
3.018695414066314697e-01
2.813541144132614136e-02
1.924160361289978027e+00
1.983191967010498047e-01
1.811448857188224792e-02
1.923323720693588257e-01
5.240462422370910645e-01
2.764399163424968719e-02
4.161408543586730957e-02
2.023860931396484375e+00
1.427477151155471802e-01
1.805795170366764069e-02
9.208330884575843811e-03
6.386193037033081055e-01
5.974896550178527832e-01
6.761234253644943237e-02
2.583346329629421234e-02
8.616937994956970215e-01
4.090595543384552002e-01
1.126807834953069687e-02
2.706461429595947266e+00
3.518014550209045410e-01
1.143993288278579712e-01
0.000000000000000000e+00
3.596433401107788086e-01
4.542396962642669678e-02
0.000000000000000000e+00
5.114464759826660156e-01
3.452119827270507812e+00
0.000000000000000000e+00
5.789921283721923828e-01
2.593330740928649902e-01
0.000000000000000000e+00
1.504116356372833252e-01
2.298585027456283569e-01
0.000000000000000000e+00
0.000000000000000000e+00
6.655431389808654785e-01
4.348934814333915710e-02
1.200583204627037048e-01
3.529518246650695801e-01
3.233540058135986328e-01
2.693730872124433517e-03
6.856658309698104858e-02
1.249018430709838867e+00
7.363171875476837158e-02
4.894996583461761475e-01
0.000000000000000000e+00
0.000000000000000000e+00
5.481827072799205780e-03
2.003651410341262817e-01
4.407421872019767761e-02
9.844633340835571289e-01
2.434259355068206787e-01
8.884090930223464966e-03
4.524885714054107666e-01
4.695606231689453125e-02
4.330669064074754715e-03
6.044005230069160461e-02
1.179110854864120483e-01
8.580660820007324219e-01
3.580893576145172119e-01
8.564542531967163086e-01
3.665193915367126465e-01
1.224686205387115479e-01
1.333006098866462708e-02
4.542113244533538818e-01
4.124907553195953369e-01
2.717875838279724121e-01
4.792939499020576477e-02
8.607591502368450165e-03
2.391900569200515747e-01
5.697457790374755859e-01
0.000000000000000000e+00
3.047273457050323486e-01
1.754580497741699219e+00
5.890542864799499512e-01
8.284156024456024170e-02
1.446678042411804199e-01
0.000000000000000000e+00
6.506722569465637207e-01
2.030319534242153168e-02
2.761821448802947998e-01
9.629229456186294556e-02
3.651770204305648804e-02
0.000000000000000000e+00
0.000000000000000000e+00
0.000000000000000000e+00
2.021155506372451782e-01
3.113812506198883057e-01
3.881200551986694336e-01
5.799651145935058594e-03
1.889411509037017822e-01
4.868512041866779327e-03
1.017158105969429016e-02
2.024938352406024933e-02
2.494146227836608887e-01
3.612013757228851318e-01
7.855798602104187012e-01
1.631886959075927734e+00
0.000000000000000000e+00
1.368625879287719727e+00
2.872249782085418701e-01
1.139640510082244873e-01
7.361005991697311401e-02
1.529390923678874969e-02
6.379005312919616699e-01
1.021299287676811218e-01
2.303906530141830444e-02
1.657135486602783203e+00
0.000000000000000000e+00
7.324453443288803101e-02
0.000000000000000000e+00
8.531302213668823242e-02
1.783753931522369385e-01
7.427464723587036133e-01
1.830070614814758301e+00
7.711404561996459961e-02
1.126135047525167465e-02
2.007097750902175903e-01
7.546905279159545898e-01
1.666409969329833984e-01
1.776133924722671509e-01
1.941894926130771637e-02
1.071376502513885498e-01
0.000000000000000000e+00
2.739842981100082397e-03
1.399861812591552734e+00
5.919599533081054688e-01
2.177300304174423218e-01
9.990511536598205566e-01
1.531112313270568848e+00
3.049179911613464355e-01
2.326162904500961304e-01
5.015986412763595581e-02
3.703500330448150635e-01
5.558877717703580856e-03
1.238629072904586792e-01
1.578926295042037964e-01
5.104590654373168945e-01
1.326941251754760742e-01
5.382505655288696289e-01
0.000000000000000000e+00
6.913705915212631226e-02
1.527450382709503174e-01
4.079625010490417480e-01
1.958365738391876221e-02
3.435311317443847656e-01
1.067354250699281693e-02
6.899516284465789795e-02
0.000000000000000000e+00
2.384823281317949295e-03
4.406167194247245789e-02
6.549637317657470703e-01
1.335859298706054688e-01
3.601055145263671875e-01
1.591710187494754791e-02
2.725829370319843292e-02
1.588965654373168945e-01
8.063825219869613647e-02
5.946464836597442627e-03
2.425399571657180786e-01
6.310018151998519897e-02
4.282399713993072510e-01
4.217071533203125000e-01
1.157283782958984375e-01
7.360504865646362305e-01
1.752451509237289429e-01
1.789685487747192383e-01
4.557660967111587524e-02
6.481776833534240723e-01
2.061420232057571411e-01
2.161211073398590088e-01
5.133125185966491699e-01
1.960983872413635254e-02
0.000000000000000000e+00
1.875742673873901367e-01
6.417123600840568542e-03
4.714042413979768753e-03
2.274069935083389282e-02
8.336681127548217773e-02
3.825684264302253723e-02
2.220460474491119385e-01
1.864745467901229858e-02
1.373680979013442993e-01
1.863327980041503906e+00
3.006430864334106445e-01
7.975241541862487793e-02
9.364260733127593994e-02
7.486809045076370239e-02
0.000000000000000000e+00
1.246418654918670654e-01
5.097243189811706543e-01
5.786364674568176270e-01
6.687962263822555542e-02
3.042967990040779114e-02
7.010438293218612671e-02
4.971165210008621216e-02
6.930500864982604980e-01
0.000000000000000000e+00
