1.876472681760787964e-01
5.083438158035278320e-01
9.656000882387161255e-02
2.889456152915954590e-01
3.515279293060302734e-02
2.520492315292358398e+00
2.627614140510559082e-02
0.000000000000000000e+00
4.775719940662384033e-01
5.191978216171264648e-01
1.058791756629943848e+00
7.770433276891708374e-02
6.960226595401763916e-02
7.481898069381713867e-01
1.050813198089599609e+00
1.021487832069396973e+00
3.042744994163513184e-01
8.831632137298583984e-01
8.231618404388427734e-01
3.445473611354827881e-01
1.138528138399124146e-01
2.648747861385345459e-01
2.721951603889465332e-01
0.000000000000000000e+00
4.711508378386497498e-02
4.800054728984832764e-01
2.271761000156402588e-02
5.574431419372558594e-01
7.039930224418640137e-01
0.000000000000000000e+00
5.477542281150817871e-01
0.000000000000000000e+00
9.418268203735351562e-01
2.410833388566970825e-01
5.418611764907836914e-01
8.666968941688537598e-01
8.636153936386108398e-01
1.804652661085128784e-01
6.477000117301940918e-01
3.336535096168518066e-01
1.122260928153991699e+00
3.288622796535491943e-01
3.862690925598144531e-01
2.327285706996917725e-01
8.384597897529602051e-01
3.485169634222984314e-02
7.028017640113830566e-01
9.347375631332397461e-01
9.343472719192504883e-01
7.741742730140686035e-01
6.684702634811401367e-02
3.158398568630218506e-01
1.699495874345302582e-02
1.602542996406555176e-01
2.639413438737392426e-02
2.824133336544036865e-01
7.351115345954895020e-01
5.702413320541381836e-01
1.364558096975088120e-02
3.324006199836730957e-01
0.000000000000000000e+00
1.011325269937515259e-01
3.629791736602783203e-01
3.691585958003997803e-01
0.000000000000000000e+00
1.088206619024276733e-01
1.871327310800552368e-01
5.487114787101745605e-01
9.015724658966064453e-01
5.296530202031135559e-02
4.945591986179351807e-01
0.000000000000000000e+00
0.000000000000000000e+00
1.174175381660461426e+00
2.170213870704174042e-02
7.663390785455703735e-02
5.526360124349594116e-03
1.260101199150085449e-01
7.385705411434173584e-02
8.764114975929260254e-01
8.669970035552978516e-01
7.827707529067993164e-01
3.677437901496887207e-01
8.741770982742309570e-01
2.770084440708160400e-01
5.569601655006408691e-01
1.062897313386201859e-02
1.270015630871057510e-02
6.528634577989578247e-02
2.492855489253997803e-02
3.252169862389564514e-02
0.000000000000000000e+00
0.000000000000000000e+00
1.896285861730575562e-01
1.215241476893424988e-01
8.434022665023803711e-01
4.364876151084899902e-01
1.187627464532852173e-01
1.057278752326965332e+00
5.767380818724632263e-02
3.920170664787292480e-02
6.143075227737426758e-01
4.998795390129089355e-01
1.195529818534851074e+00
3.705293834209442139e-01
4.560233280062675476e-02
3.515330851078033447e-01
1.043015122413635254e-01
9.612922072410583496e-01
2.044487714767456055e+00
3.144498467445373535e-01
3.083423376083374023e-01
1.275957524776458740e-01
1.620141625404357910e+00
2.567931115627288818e-01
0.000000000000000000e+00
1.233657523989677429e-01
6.300183534622192383e-01
2.546558678150177002e-01
1.152525842189788818e-01
5.123435854911804199e-01
8.461159304715692997e-04
9.377487003803253174e-02
1.909913122653961182e-02
5.094943046569824219e+00
3.418532311916351318e-01
0.000000000000000000e+00
5.792712047696113586e-02
9.672242999076843262e-01
1.616802997887134552e-02
3.128651082515716553e-01
1.302267313003540039e+00
8.127789497375488281e-01
5.413439869880676270e-02
1.227427601814270020e+00
4.015476405620574951e-01
2.580494284629821777e-01
6.519830822944641113e-01
7.349011301994323730e-01
1.598621726036071777e+00
3.081127069890499115e-03
8.783017396926879883e-01
1.851855635643005371e+00
1.605447292327880859e+00
1.167671307921409607e-01
1.180122122168540955e-01
6.650640368461608887e-01
3.908644616603851318e-01
1.860965043306350708e-02
8.399484306573867798e-02
1.343975186347961426e+00
3.588120639324188232e-01
4.106097221374511719e-01
3.313415050506591797e-01
1.100340366363525391e+00
0.000000000000000000e+00
7.183270901441574097e-02
4.277228936553001404e-02
2.281988225877285004e-02
3.798391520977020264e-01
6.122134625911712646e-02
9.275276958942413330e-02
1.109210014343261719e+00
2.405044734477996826e-01
0.000000000000000000e+00
1.597540378570556641e+00
4.495760202407836914e-01
1.594680190086364746e+00
1.508364528417587280e-01
2.944463491439819336e-01
1.998367160558700562e-01
5.996905565261840820e-01
2.954703569412231445e-01
1.098729223012924194e-01
0.000000000000000000e+00
4.470183253288269043e-01
0.000000000000000000e+00
4.420031011104583740e-01
2.087029218673706055e+00
5.825259089469909668e-01
1.351271867752075195e-01
2.279018461704254150e-01
2.531099081039428711e+00
2.955435812473297119e-01
0.000000000000000000e+00
0.000000000000000000e+00
2.833753637969493866e-02
2.753804326057434082e-01
2.749645113945007324e-01
2.009650617837905884e-01
2.720868587493896484e-01
7.427259087562561035e-01
5.556097254157066345e-02
1.226155832409858704e-01
1.608972400426864624e-01
2.459351718425750732e-01
3.519163429737091064e-01
1.051685214042663574e+00
1.023598313331604004e-01
9.749115444719791412e-03
7.822305560111999512e-01
2.732151448726654053e-01
2.824781239032745361e-01
0.000000000000000000e+00
6.761332750320434570e-01
1.278733741492033005e-02
1.996148191392421722e-02
3.378776788711547852e+00
1.340502977371215820e+00
1.491083145141601562e+00
3.388120234012603760e-01
2.016135752201080322e-01
4.818108677864074707e-02
4.725463390350341797e+00
1.033083081245422363e+00
8.469004034996032715e-01
1.933123707771301270e+00
8.135834336280822754e-02
4.854520782828330994e-03
4.953122138977050781e-01
5.805996656417846680e-01
3.231754004955291748e-01
8.300055563449859619e-02
0.000000000000000000e+00
1.609904766082763672e-01
4.565024375915527344e-01
6.392474770545959473e-01
1.271604180335998535e+00
1.188657999038696289e+00
1.333310306072235107e-01
7.921703159809112549e-03
1.108180165290832520e+00
1.998284459114074707e-02
9.377938508987426758e-02
3.013283312320709229e-01
1.105555057525634766e+00
2.759245634078979492e-01
0.000000000000000000e+00
3.451960510574281216e-04
1.319892257452011108e-01
2.292557209730148315e-01
7.118430137634277344e-01
5.460556745529174805e-01
3.845888376235961914e-02
5.755066871643066406e-02
3.108636438846588135e-01
7.586552500724792480e-01
1.210668310523033142e-01
7.870274782180786133e-02
8.044195920228958130e-02
2.999582588672637939e-01
4.914203584194183350e-01
1.175169944763183594e+00
0.000000000000000000e+00
1.846601665019989014e-01
8.158890902996063232e-02
1.678182482719421387e-01
1.228001862764358521e-01
5.301713943481445312e-01
2.308182269334793091e-01
2.410564422607421875e-01
1.058271378278732300e-01
1.462324142456054688e+00
3.133474290370941162e-01
0.000000000000000000e+00
5.301583558320999146e-02
0.000000000000000000e+00
9.504270553588867188e-02
7.078583240509033203e-01
0.000000000000000000e+00
5.849120616912841797e-01
2.702733576297760010e-01
2.542663514614105225e-01
4.964859485626220703e-01
1.911183446645736694e-01
1.885990202426910400e-01
1.273422688245773315e-01
3.910281658172607422e-01
7.656384706497192383e-01
7.851737737655639648e-02
5.028789043426513672e-01
2.272751480340957642e-01
0.000000000000000000e+00
1.227155402302742004e-01
2.044952630996704102e+00
2.595418989658355713e-01
8.280207216739654541e-02
1.399269104003906250e-01
2.184684991836547852e+00
4.771908372640609741e-02
4.280740916728973389e-01
2.387629449367523193e-02
8.919410407543182373e-03
1.117295145988464355e+00
2.041322365403175354e-02
2.281396649777889252e-02
2.402239441871643066e-01
5.261344835162162781e-02
1.705178176052868366e-03
2.188264876604080200e-01
1.416077852249145508e+00
1.295529603958129883e+00
2.361441701650619507e-01
0.000000000000000000e+00
1.761685609817504883e-01
9.299752116203308105e-02
3.067373633384704590e-01
6.939038634300231934e-02
3.222603797912597656e-01
7.832298278808593750e-01
2.320509999990463257e-01
7.425197958946228027e-02
1.684764623641967773e-01
4.100910186767578125e+00
2.059240192174911499e-01
2.427096664905548096e-01
2.940971255302429199e-01
1.246662810444831848e-03
2.206544019281864166e-02
4.244101420044898987e-02
1.881282329559326172e-01
3.107304811477661133e+00
9.495953321456909180e-01
8.263429626822471619e-03
6.297630667686462402e-01
2.243035845458507538e-02
1.223110035061836243e-02
1.069135293364524841e-01
1.067911833524703979e-01
8.191744983196258545e-02
1.406826376914978027e+00
8.545427769422531128e-02
1.278791189193725586e+00
1.830934174358844757e-02
3.513768315315246582e-01
4.076465666294097900e-01
1.012535333633422852e+00
2.889039460569620132e-03
2.887224592268466949e-02
4.003314673900604248e-01
6.648542284965515137e-01
3.140252530574798584e-01
1.459271553903818130e-02
2.480301260948181152e-02
0.000000000000000000e+00
2.583038210868835449e-01
3.388918563723564148e-02
1.729745417833328247e-01
3.953052759170532227e-01
7.079098373651504517e-02
3.076367974281311035e-01
5.153578519821166992e-02
2.747456431388854980e-01
3.294185735285282135e-03
5.338689684867858887e-02
8.752685785293579102e-01
4.115650057792663574e-01
8.689369559288024902e-01
0.000000000000000000e+00
1.140017155557870865e-02
2.946064949035644531e+00
4.086678028106689453e-01
5.622840523719787598e-01
4.150761067867279053e-01
1.209373950958251953e+00
2.991481423377990723e-01
2.940964139997959137e-02
6.344134807586669922e-01
3.160353004932403564e-01
1.599929779767990112e-01
3.615982532501220703e-01
1.423486024141311646e-01
7.086767256259918213e-02
2.865604162216186523e-01
2.558965049684047699e-02
2.184120863676071167e-01
5.338594913482666016e-01
6.316798925399780273e-02
5.723976492881774902e-01
1.657320976257324219e+00
1.237932872027158737e-02
3.630720853805541992e+00
9.215123206377029419e-02
0.000000000000000000e+00
2.165948867797851562e+00
1.793906986713409424e-01
1.434163898229598999e-01
7.752663493156433105e-01
2.004175074398517609e-02
3.029873371124267578e-01
5.677441954612731934e-01
7.291417121887207031e-01
1.712391972541809082e-01
7.671235501766204834e-02
2.829740345478057861e-01
4.497300684452056885e-01
2.145500928163528442e-01
7.152438759803771973e-01
1.993281692266464233e-01
1.523299217224121094e+00
4.705421924591064453e-01
1.437760949134826660e+00
4.461928009986877441e-01
9.710000455379486084e-02
1.615167409181594849e-01
1.845446228981018066e-01
1.734500288963317871e+00
2.901691496372222900e-01
8.511715531349182129e-01
1.418226599693298340e+00
0.000000000000000000e+00
1.700202822685241699e-01
5.273885726928710938e-01
5.041757971048355103e-02
9.628715515136718750e-01
2.810971997678279877e-02
2.092213742434978485e-02
4.195324331521987915e-02
7.684014737606048584e-02
9.749227203428745270e-03
1.201964989304542542e-01
1.387742757797241211e-01
3.049242198467254639e-01
1.092189908027648926e+00
2.914021968841552734e+00
6.882225871086120605e-01
2.571164131164550781e+00
1.567015796899795532e-01
3.607004582881927490e-01
1.525919437408447266e+00
1.013100147247314453e+00
0.000000000000000000e+00
6.280293464660644531e-01
4.184988513588905334e-02
3.344266116619110107e-01
2.106582880020141602e+00
0.000000000000000000e+00
9.429933875799179077e-02
3.330496847629547119e-01
1.730383634567260742e-01
6.153334975242614746e-01
4.190077539533376694e-03
7.655528187751770020e-02
7.195952534675598145e-01
5.651732683181762695e-01
6.809091567993164062e-01
3.826007843017578125e-01
2.694258689880371094e+00
1.443731039762496948e-01
2.486738413572311401e-01
4.205240905284881592e-01
1.756800413131713867e-01
4.436204433441162109e-01
1.298089027404785156e-01
5.643065571784973145e-01
1.366191506385803223e+00
3.675148189067840576e-01
1.955641247332096100e-02
0.000000000000000000e+00
7.113653421401977539e-02
7.904479503631591797e-01
2.895079553127288818e-01
4.389213621616363525e-01
7.161259651184082031e-01
0.000000000000000000e+00
6.811165064573287964e-02
4.273906350135803223e-01
1.013354286551475525e-01
0.000000000000000000e+00
3.244952261447906494e-01
1.627916097640991211e-01
5.299779176712036133e-01
5.922501087188720703e-01
1.732226014137268066e+00
3.003886044025421143e-01
2.469686508178710938e+00
3.244131058454513550e-02
2.626913189888000488e-01
4.075718298554420471e-02
1.139885544776916504e+00
6.224237084388732910e-01
2.027929306030273438e+00
1.517845630645751953e+00
8.700071275234222412e-02
6.357399821281433105e-01
8.022518455982208252e-02
9.068731218576431274e-02
1.185519769787788391e-01
2.105819880962371826e-01
4.363563954830169678e-01
3.512157201766967773e-01
9.541144371032714844e-01
3.549656271934509277e-01
3.967117667198181152e-01
9.341621994972229004e-01
2.308402210474014282e-02
2.420514523983001709e-01
4.841226339340209961e-02
3.028261847794055939e-02
5.494737252593040466e-02
9.657812118530273438e-02
6.472317576408386230e-01
7.427037358283996582e-01
4.299380779266357422e-01
1.380441904067993164e+00
9.981102943420410156e-01
7.404255121946334839e-02
7.327785249799489975e-03
5.600311756134033203e-01
0.000000000000000000e+00
2.609026245772838593e-02
6.894327998161315918e-01
5.867494344711303711e-01
1.646743714809417725e-01
6.160930934129282832e-05
6.781382113695144653e-02
5.131076648831367493e-02
7.164453268051147461e-01
3.891802430152893066e-01
2.988196909427642822e-01
2.530987977981567383e+00
7.592267394065856934e-01
4.096296429634094238e-02
1.390615403652191162e-01
0.000000000000000000e+00
2.100849300622940063e-01
2.025195658206939697e-01
0.000000000000000000e+00
1.891547203063964844e+00
3.327981233596801758e-01
0.000000000000000000e+00
1.613442897796630859e+00
2.115504503250122070e+00
6.414756178855895996e-02
7.148932665586471558e-02
3.732009604573249817e-02
7.945683002471923828e-01
2.820752859115600586e-01
1.496963053941726685e-01
1.669424176216125488e-01
7.938263416290283203e-01
1.528607249259948730e+00
4.070411249995231628e-02
2.753381133079528809e-01
0.000000000000000000e+00
8.003483414649963379e-01
1.096123829483985901e-02
7.381892204284667969e-01
5.221017599105834961e-01
8.234741687774658203e-01
8.028295040130615234e-01
1.909578889608383179e-01
2.948845326900482178e-01
2.106040269136428833e-01
1.652669459581375122e-01
2.327166050672531128e-01
4.296139180660247803e-01
2.152048610150814056e-02
6.356115341186523438e-01
1.998055875301361084e-01
4.232352972030639648e-01
1.416597962379455566e-01
0.000000000000000000e+00
1.194856241345405579e-01
1.063199713826179504e-01
7.344474643468856812e-02
1.990447491407394409e-01
1.149011015892028809e+00
2.388517409563064575e-01
4.563972949981689453e-01
1.236567199230194092e-01
2.632182836532592773e-01
0.000000000000000000e+00
3.004902362823486328e+00
3.791315853595733643e-01
3.269496187567710876e-02
1.626541912555694580e-01
0.000000000000000000e+00
1.231863856315612793e+00
4.450384676456451416e-01
3.285230323672294617e-02
0.000000000000000000e+00
1.306342005729675293e+00
4.469180107116699219e-01
1.047518625855445862e-01
1.817342787981033325e-01
3.375763297080993652e-01
2.033679336309432983e-01
4.702467620372772217e-01
3.069556355476379395e-01
3.685138225555419922e+00
2.984155416488647461e-01
1.781390630640089512e-03
1.544565334916114807e-02
2.087001800537109375e-01
1.521419435739517212e-01
1.127406135201454163e-01
1.900831013917922974e-01
2.261377125978469849e-01
1.329511851072311401e-01
1.029948219656944275e-01
2.356593459844589233e-01
3.774155080318450928e-01
1.628430485725402832e-01
4.268850684165954590e-01
9.826402664184570312e-01
6.052487492561340332e-01
2.721410989761352539e-01
2.103937864303588867e+00
5.227573961019515991e-02
2.668506838381290436e-02
7.233664989471435547e-01
6.240692734718322754e-01
8.514691144227981567e-03
5.212146043777465820e-01
9.329432249069213867e-01
1.507587581872940063e-01
0.000000000000000000e+00
3.089335560798645020e-02
4.033532738685607910e-02
4.901008903980255127e-01
6.707845926284790039e-01
1.726302504539489746e+00
7.523681521415710449e-01
1.143365025520324707e+00
6.577419638633728027e-01
5.001754760742187500e-01
7.024561762809753418e-01
1.496552675962448120e-01
1.765911132097244263e-01
0.000000000000000000e+00
3.414123058319091797e-01
4.367366433143615723e-02
5.375286936759948730e-01
8.287064731121063232e-03
1.723719686269760132e-01
6.819563452154397964e-03
1.721149325370788574e+00
8.520631492137908936e-02
6.599516868591308594e-01
1.304567813873291016e+00
0.000000000000000000e+00
2.839509546756744385e-01
7.135162595659494400e-04
9.539365023374557495e-02
1.685421705245971680e+00
3.859674036502838135e-01
2.115050852298736572e-01
7.499029487371444702e-02
6.727683544158935547e-02
5.789228715002536774e-03
8.390493392944335938e-01
5.341893807053565979e-02
3.957179188728332520e-01
1.375188708305358887e+00
2.127387046813964844e+00
7.660675048828125000e-02
8.928202390670776367e-01
3.239517807960510254e-01
8.048096299171447754e-01
8.486979007720947266e-01
1.186533570289611816e+00
3.310260772705078125e-01
2.393621653318405151e-01
2.189733535051345825e-01
7.653841376304626465e-01
2.228145122528076172e+00
3.369964659214019775e-02
7.225777953863143921e-02
3.808971047401428223e-01
1.095615267753601074e+00
2.192597538232803345e-01
2.275659441947937012e-01
5.579109489917755127e-02
2.207016013562679291e-02
6.508366018533706665e-02
8.439770340919494629e-02
1.289628267288208008e+00
5.872187018394470215e-01
1.351195096969604492e+00
0.000000000000000000e+00
6.232792735099792480e-01
7.946216501295566559e-03
0.000000000000000000e+00
1.066149622201919556e-01
2.325518876314163208e-01
4.193283617496490479e-02
2.415352500975131989e-02
1.752694994211196899e-01
1.338830441236495972e-01
2.889776825904846191e-01
4.743314385414123535e-01
8.968415260314941406e-01
0.000000000000000000e+00
2.015021741390228271e-01
1.388836503028869629e-01
7.158364355564117432e-02
2.235295474529266357e-01
8.721730858087539673e-02
9.085228443145751953e-01
5.141404867172241211e-01
5.588942170143127441e-01
3.056550584733486176e-02
1.260834038257598877e-01
2.345924377441406250e-01
2.139710783958435059e-01
7.894182801246643066e-01
1.751592159271240234e-01
3.321814239025115967e-01
1.372840881347656250e+00
7.620745301246643066e-01
4.918358847498893738e-02
3.375389277935028076e-01
2.333410680294036865e-01
3.145969808101654053e-01
2.063690274953842163e-01
1.289881616830825806e-01
2.145571410655975342e-01
6.272903084754943848e-01
1.862739771604537964e-01
5.187577009201049805e-01
9.678354114294052124e-02
1.483993604779243469e-02
6.762988865375518799e-02
1.220243796706199646e-01
0.000000000000000000e+00
6.375166703946888447e-04
3.167317509651184082e-01
2.447590380907058716e-01
0.000000000000000000e+00
3.482556343078613281e+00
0.000000000000000000e+00
0.000000000000000000e+00
1.940923184156417847e-01
7.653415203094482422e-01
1.363900065422058105e+00
1.534027978777885437e-02
3.451761007308959961e-01
4.852029681205749512e-02
0.000000000000000000e+00
0.000000000000000000e+00
1.612941622734069824e+00
5.868862867355346680e-01
1.374206095933914185e-01
3.840198516845703125e-01
4.448945224285125732e-01
5.281201004981994629e-01
1.485753990709781647e-02
8.851247429847717285e-01
7.364687919616699219e-01
1.308643519878387451e-01
1.159152612090110779e-01
6.808613538742065430e-01
3.421936929225921631e-01
3.937084674835205078e-01
3.845404684543609619e-01
1.324830502271652222e-01
1.666842401027679443e-02
1.073174715042114258e+00
1.321093291044235229e-01
1.482011795043945312e+00
4.650191068649291992e-01
5.708769708871841431e-02
0.000000000000000000e+00
3.146884441375732422e-01
1.935412764549255371e+00
1.615241356194019318e-02
2.162331938743591309e-01
8.000742197036743164e-01
1.374100893735885620e-02
2.616790533065795898e-01
1.966517046093940735e-02
2.281098127365112305e+00
9.536764770746231079e-02
9.060607850551605225e-02
2.096462845802307129e-01
2.948467060923576355e-02
1.061701893806457520e+00
3.731375634670257568e-01
1.809286594390869141e+00
2.247094362974166870e-01
1.425674259662628174e-01
3.351860120892524719e-02
3.770091533660888672e-01
4.016519188880920410e-01
4.315966367721557617e-01
4.713113307952880859e-01
5.099565982818603516e-01
8.071915507316589355e-01
1.920800074003636837e-03
1.045528724789619446e-01
1.784298121929168701e-01
1.764937758445739746e+00
2.138274013996124268e-01
5.527561306953430176e-01
5.758352279663085938e-01
3.493691384792327881e-01
9.923838824033737183e-02
2.590746283531188965e-01
7.657181024551391602e-01
5.611566305160522461e-01
4.231433570384979248e-01
6.563425809144973755e-02
1.596769332885742188e+00
2.027049213647842407e-01
2.022770166397094727e+00
1.476309776306152344e+00
4.346742928028106689e-01
3.819940984249114990e-02
2.002688646316528320e+00
2.669595181941986084e-01
1.345169637352228165e-02
3.232216462492942810e-02
2.513457275927066803e-02
1.417546272277832031e-01
3.866169452667236328e-01
8.793060481548309326e-02
5.682589411735534668e-01
1.798283815383911133e+00
1.039064645767211914e+00
2.287173569202423096e-01
4.103998541831970215e-01
4.311307370662689209e-01
5.684344768524169922e-01
1.912723183631896973e+00
2.813873440027236938e-02
1.279813349246978760e-01
1.237092390656471252e-01
1.063315391540527344e+00
6.724838018417358398e-01
5.671401619911193848e-01
1.560481429100036621e+00
0.000000000000000000e+00
1.697680473327636719e+00
2.764405906200408936e-01
2.574955224990844727e-01
5.984121561050415039e-02
1.124598741531372070e+00
9.425814449787139893e-02
1.521970748901367188e+00
4.525320231914520264e-01
7.280048727989196777e-01
1.893077045679092407e-01
2.478668838739395142e-01
8.132318258285522461e-01
2.619909286499023438e+00
2.496615238487720490e-02
0.000000000000000000e+00
6.490806490182876587e-02
0.000000000000000000e+00
5.260439217090606689e-02
2.808081917464733124e-03
6.630894541740417480e-02
4.518803954124450684e-01
5.831224471330642700e-02
7.749641537666320801e-01
6.969673037528991699e-01
3.458801656961441040e-02
1.014866709709167480e+00
1.839697510004043579e-01
1.792943477630615234e-01
1.560781002044677734e+00
4.676695168018341064e-02
0.000000000000000000e+00
3.960372135043144226e-02
4.206697046756744385e-01
1.553584337234497070e-01
1.207225799560546875e+00
6.831534206867218018e-03
9.859210252761840820e-01
9.473087787628173828e-01
9.255673289299011230e-01
9.267901629209518433e-02
2.416218072175979614e-02
1.754420399665832520e-01
1.153475716710090637e-01
3.350608944892883301e-01
5.641971230506896973e-01
7.381811738014221191e-02
6.134486570954322815e-02
5.644153058528900146e-02
6.965479850769042969e-01
1.948889940977096558e-01
7.390629500150680542e-02
5.384269356727600098e-01
7.247635126113891602e-01
2.685478031635284424e-01
1.110475063323974609e+00
1.868666857481002808e-01
0.000000000000000000e+00
9.948537349700927734e-01
8.628920651972293854e-03
1.109857916831970215e+00
4.446933791041374207e-02
1.087595462799072266e+00
9.898927807807922363e-01
4.335483908653259277e-01
1.417084574699401855e+00
7.680595517158508301e-01
0.000000000000000000e+00
1.160578846931457520e+00
8.722423017024993896e-02
4.974493384361267090e-01
2.189823985099792480e-01
1.225110981613397598e-02
1.026325114071369171e-02
7.125014066696166992e-02
8.823452889919281006e-02
2.714951038360595703e-01
3.525788784027099609e-01
2.062984555959701538e-01
6.748191118240356445e-01
5.582455396652221680e-01
4.091849029064178467e-01
4.180689752101898193e-01
1.275872230529785156e+00
2.046807408332824707e-01
1.077194139361381531e-01
3.600948333740234375e+00
8.414105325937271118e-02
1.102045103907585144e-01
7.679454088211059570e-01
0.000000000000000000e+00
3.709020018577575684e-01
8.195998668670654297e-01
2.484715133905410767e-01
1.883499324321746826e-01
3.099750876426696777e-01
7.008369266986846924e-02
1.154124259948730469e+00
3.174977302551269531e-01
5.483788251876831055e-01
8.320813179016113281e-01
7.767288088798522949e-01
1.829882860183715820e-01
1.256101131439208984e+00
1.256704807281494141e+00
3.803744018077850342e-01
1.453439742326736450e-01
3.903378844261169434e-01
9.261138737201690674e-03
4.534506797790527344e-01
1.270950436592102051e-01
1.671564877033233643e-01
1.309159755706787109e+00
1.475308179855346680e+00
2.161398649215698242e+00
2.499509811401367188e+00
4.324424564838409424e-01
1.294184476137161255e-01
1.476240158081054688e-02
2.587073445320129395e-01
1.412932761013507843e-02
8.786382675170898438e-01
2.130011916160583496e-01
7.045772075653076172e-01
1.848186731338500977e+00
4.041266441345214844e-01
5.648191571235656738e-01
1.664099395275115967e-01
2.219248771667480469e+00
2.268996685743331909e-01
3.668795526027679443e-01
1.922437429428100586e+00
9.119982831180095673e-03
4.392137229442596436e-01
1.056990385055541992e+00
7.946553230285644531e-01
4.817377924919128418e-01
2.532102167606353760e-01
2.900385260581970215e-01
1.072279930114746094e+00
1.263811141252517700e-01
1.589294314384460449e+00
2.699451744556427002e-01
3.216288983821868896e-01
3.099797725677490234e+00
3.263046741485595703e-01
2.969642877578735352e-01
1.391369581222534180e+00
6.614210549741983414e-03
3.939935266971588135e-01
2.551052020862698555e-03
3.728540241718292236e-01
2.457307875156402588e-01
1.447201520204544067e-01
7.473473548889160156e-01
3.507306575775146484e-01
1.670939773321151733e-01
2.651101946830749512e-01
2.729460000991821289e-01
3.720875084400177002e-01
1.523094326257705688e-01
1.038911819458007812e+00
3.500230014324188232e-01
3.639943599700927734e-01
2.671338617801666260e-01
3.327001035213470459e-01
1.421118378639221191e-01
2.657336890697479248e-01
6.103184223175048828e-01
9.514896571636199951e-02
4.168503284454345703e-01
6.284803748130798340e-01
1.529955387115478516e+00
9.724147617816925049e-02
2.278686501085758209e-02
1.595850229263305664e+00
4.504873454570770264e-01
3.744020760059356689e-01
3.621627688407897949e-01
1.337586879730224609e+00
1.455663144588470459e-01
0.000000000000000000e+00
4.874327778816223145e-01
0.000000000000000000e+00
4.801652976311743259e-04
5.366867873817682266e-03
1.079648375511169434e+00
9.790656715631484985e-02
1.825461745262145996e+00
8.243830204010009766e-01
3.225552439689636230e-01
4.562348593026399612e-03
6.390209197998046875e-01
4.738307595252990723e-01
0.000000000000000000e+00
7.691223174333572388e-02
7.788925170898437500e-01
5.549074709415435791e-02
4.092472139745950699e-03
3.264209330081939697e-01
8.231526017189025879e-01
1.135279387235641479e-01
9.034796059131622314e-02
2.961740195751190186e-01
4.182214289903640747e-02
8.196148276329040527e-02
4.179363697767257690e-02
0.000000000000000000e+00
1.916268467903137207e+00
4.460358917713165283e-01
1.172852218151092529e-01
0.000000000000000000e+00
8.061040192842483521e-02
0.000000000000000000e+00
4.530210420489311218e-02
6.721061188727617264e-03
5.324271321296691895e-01
3.575934842228889465e-02
6.011335253715515137e-01
1.463921368122100830e-01
1.071620658040046692e-01
2.139113470911979675e-02
3.740569809451699257e-03
9.325146079063415527e-01
0.000000000000000000e+00
1.984966099262237549e-01
1.817177236080169678e-01
1.762166976928710938e+00
3.319689989089965820e+00
4.736961364746093750e+00
1.260215938091278076e-01
9.812995046377182007e-02
0.000000000000000000e+00
3.805461898446083069e-02
1.883387565612792969e+00
1.125157833099365234e+00
1.170185673981904984e-02
2.869454324245452881e-01
4.677751958370208740e-01
1.017184972763061523e+00
2.329123020172119141e-02
0.000000000000000000e+00
6.217236816883087158e-02
7.572188377380371094e-01
4.587792232632637024e-02
1.395637989044189453e-01
1.461913287639617920e-01
0.000000000000000000e+00
1.751599609851837158e-01
0.000000000000000000e+00
2.880787372589111328e+00
2.427073866128921509e-01
1.222039014101028442e-01
4.045073315501213074e-02
5.879723280668258667e-02
7.902044057846069336e-02
1.423450708389282227e+00
3.052461445331573486e-01
3.779022023081779480e-03
8.938723206520080566e-01
4.544263184070587158e-01
0.000000000000000000e+00
3.649946451187133789e-01
6.382913887500762939e-02
1.047506928443908691e+00
5.603228211402893066e-01
3.837141692638397217e-01
1.546740889549255371e+00
9.977925568819046021e-02
1.838719099760055542e-02
4.196075201034545898e-01
2.526079714298248291e-01
7.951211929321289062e-02
1.827328085899353027e+00
1.341017633676528931e-01
3.113879859447479248e-01
2.166165597736835480e-02
8.872757107019424438e-02
8.510445803403854370e-02
9.157381653785705566e-01
9.340922236442565918e-01
1.885019421577453613e+00
5.817868113517761230e-01
9.552380442619323730e-01
6.201555207371711731e-02
4.625641107559204102e-01
0.000000000000000000e+00
5.950976163148880005e-03
1.861605793237686157e-01
2.275034904479980469e+00
1.192404306493699551e-03
5.179791450500488281e-01
2.020783275365829468e-01
1.082334876060485840e+00
1.271177768707275391e+00
8.641512989997863770e-01
2.876817286014556885e-01
8.581786155700683594e-01
5.599112510681152344e-01
0.000000000000000000e+00
1.518472790718078613e+00
5.870909616351127625e-02
3.376259803771972656e-01
2.765826582908630371e-01
1.334774494171142578e-01
2.459388971328735352e-01
6.465598195791244507e-02
9.495175480842590332e-01
6.390158832073211670e-02
1.081386348232626915e-03
4.174306392669677734e-01
1.628796458244323730e-01
1.787441134452819824e+00
1.494556516408920288e-01
6.980852782726287842e-02
3.170020878314971924e-02
5.631519947201013565e-03
2.593293786048889160e-02
1.858731269836425781e+00
6.471701897680759430e-03
1.618901342153549194e-01
1.990610919892787933e-02
1.603853702545166016e-01
0.000000000000000000e+00
3.341458737850189209e-02
1.210390478372573853e-01
1.371165066957473755e-01
6.589411944150924683e-02
1.600857228040695190e-01
2.716602385044097900e-01
1.229497790336608887e+00
6.767034530639648438e-02
8.940331637859344482e-02
1.328000426292419434e+00
2.167923688888549805e+00
4.670390486717224121e-02
1.324307680130004883e+00
6.544083356857299805e-01
2.977964580059051514e-01
9.214072674512863159e-02
2.936141252517700195e+00
4.936805367469787598e-01
0.000000000000000000e+00
6.013488769531250000e-02
3.023174405097961426e-01
0.000000000000000000e+00
7.856374979019165039e-01
3.288021981716156006e-01
6.255402415990829468e-02
7.058095335960388184e-01
3.502544164657592773e-01
1.613240987062454224e-01
9.508670121431350708e-02
1.615653932094573975e-02
1.652829498052597046e-01
1.232705637812614441e-01
1.407767385244369507e-01
1.183843910694122314e-01
6.849792599678039551e-02
8.677116632461547852e-01
2.762598395347595215e-01
1.810407042503356934e+00
1.381196022033691406e+00
2.401619451120495796e-03
7.378889322280883789e-01
8.775106072425842285e-01
1.297820210456848145e+00
6.609704345464706421e-02
4.767503440380096436e-01
4.183068275451660156e-01
7.696587592363357544e-02
2.153500467538833618e-01
0.000000000000000000e+00
4.858853518962860107e-01
1.512997150421142578e-01
2.965670526027679443e-01
3.356752693653106689e-01
1.616058051586151123e-01
4.052408695220947266e+00
3.281734883785247803e-02
1.343648433685302734e+00
9.434434771537780762e-01
9.508886188268661499e-02
3.343219757080078125e-01
3.409392237663269043e-01
6.879928112030029297e-01
1.204410642385482788e-01
9.137313067913055420e-02
4.214923679828643799e-01
2.672913312911987305e+00
3.325101613998413086e+00
8.592350482940673828e-01
3.519537393003702164e-03
6.220688223838806152e-01
8.608987927436828613e-01
8.403094410896301270e-01
4.425816059112548828e+00
5.407255887985229492e-02
1.205226127058267593e-02
8.749438077211380005e-02
3.076938390731811523e-01
2.081334777176380157e-02
2.139256298542022705e-01
7.888383418321609497e-02
3.609409630298614502e-01
1.188469767570495605e+00
2.473353892564773560e-01
0.000000000000000000e+00
1.186369210481643677e-01
5.608313083648681641e+00
4.631996452808380127e-01
1.490205407142639160e+00
1.161934733390808105e+00
3.611023724079132080e-02
4.293110594153404236e-02
4.100802540779113770e-01
0.000000000000000000e+00
3.269369900226593018e-01
2.311894297599792480e-01
1.007385253906250000e-01
1.877845525741577148e-01
1.170135736465454102e-01
2.708789333701133728e-02
5.749255418777465820e-01
2.385680526494979858e-01
2.930012643337249756e-01
3.463262081146240234e+00
1.079235076904296875e-01
1.143248915672302246e+00
7.008174806833267212e-02
6.628166139125823975e-02
7.913195341825485229e-02
1.034577786922454834e-01
7.633219361305236816e-01
0.000000000000000000e+00
8.920811414718627930e-01
6.663677692413330078e-01
8.173404633998870850e-02
7.182419300079345703e-01
7.279869914054870605e-01
1.254053592681884766e+00
9.785298109054565430e-01
1.691570132970809937e-02
0.000000000000000000e+00
5.409312248229980469e-01
6.618431769311428070e-03
5.504503101110458374e-02
1.308476328849792480e+00
8.460422158241271973e-01
1.846336126327514648e-01
3.332649469375610352e-01
7.997355461120605469e-01
1.682230234146118164e-01
3.648520214483141899e-03
2.995870113372802734e+00
7.124365121126174927e-02
7.548546195030212402e-01
4.041936993598937988e-02
9.214777946472167969e-01
0.000000000000000000e+00
1.372014522552490234e+00
3.440450131893157959e-02
1.668040081858634949e-02
5.836010575294494629e-01
2.963340282440185547e-01
1.868727207183837891e-01
3.157531619071960449e-01
5.907955765724182129e-01
1.554460763931274414e+00
2.416468709707260132e-01
5.187574774026870728e-03
1.112597227096557617e+00
1.187979280948638916e-01
0.000000000000000000e+00
3.543774485588073730e-01
4.723767638206481934e-01
9.622682631015777588e-02
8.694003224372863770e-01
9.247108548879623413e-02
2.627103403210639954e-02
5.334998369216918945e-01
1.403764635324478149e-01
6.679531931877136230e-01
6.459661722183227539e-01
2.364754676818847656e-03
7.367408834397792816e-03
1.895416378974914551e+00
1.074609532952308655e-01
6.038619875907897949e-01
5.753385424613952637e-01
0.000000000000000000e+00
2.094229221343994141e+00
3.236942887306213379e-01
1.303820610046386719e+00
3.123554959893226624e-02
6.123571395874023438e-01
6.323892474174499512e-01
1.754013597965240479e-01
2.724930047988891602e+00
7.587399482727050781e-01
1.306050539016723633e+00
3.624993860721588135e-01
3.572587668895721436e-02
3.529684245586395264e-01
1.396891325712203979e-01
1.778546422719955444e-01
0.000000000000000000e+00
2.861088141798973083e-02
2.612474858760833740e-01
1.055632829666137695e-01
7.700950503349304199e-01
6.433960199356079102e-01
1.839118123054504395e+00
0.000000000000000000e+00
3.321372345089912415e-02
2.296276837587356567e-01
5.488138198852539062e-01
4.016756713390350342e-01
1.467507332563400269e-01
1.706933528184890747e-01
2.242342829704284668e-01
6.604961752891540527e-01
1.886751800775527954e-01
4.725337922573089600e-01
8.499386161565780640e-02
2.931318879127502441e-01
8.344727754592895508e-02
1.748148083686828613e+00
1.989931583404541016e+00
2.779758274555206299e-01
0.000000000000000000e+00
6.697355210781097412e-02
2.781387865543365479e-01
1.729966998100280762e-01
6.536454707384109497e-02
1.451044201850891113e+00
5.222658067941665649e-02
4.012742042541503906e-01
2.167757749557495117e-01
4.018261134624481201e-01
9.602436795830726624e-03
1.530633401125669479e-02
0.000000000000000000e+00
2.801992595195770264e-01
3.287195563316345215e-01
1.065470054745674133e-01
9.333865046501159668e-01
0.000000000000000000e+00
2.961139678955078125e-01
2.580605447292327881e-01
5.065003037452697754e-01
2.729420661926269531e-01
9.147695451974868774e-02
9.679594635963439941e-02
4.846166968345642090e-01
2.502424418926239014e-01
9.830748289823532104e-02
0.000000000000000000e+00
0.000000000000000000e+00
8.155276626348495483e-02
5.422544956207275391e+00
3.983932137489318848e-01
1.950043439865112305e-01
6.631588339805603027e-01
1.924300342798233032e-01
1.095657348632812500e+00
0.000000000000000000e+00
1.576987951993942261e-01
3.008737862110137939e-01
8.701851218938827515e-02
1.106742620468139648e-01
0.000000000000000000e+00
1.226928681135177612e-01
5.105688795447349548e-02
5.209060013294219971e-02
1.222030520439147949e+00
3.577368557453155518e-01
5.256586074829101562e-01
0.000000000000000000e+00
1.150874495506286621e-01
2.323418378829956055e+00
1.747249811887741089e-01
2.062633991241455078e+00
9.095866233110427856e-02
4.997899532318115234e-01
6.036605834960937500e-01
6.754291057586669922e-02
2.719744145870208740e-01
1.734205484390258789e-01
3.233415186405181885e-01
2.795116007328033447e-01
2.759046852588653564e-02
4.261856079101562500e-01
2.997624278068542480e-01
8.100458383560180664e-01
9.305180609226226807e-02
1.120458394289016724e-01
2.644144697114825249e-03
5.141535401344299316e-02
5.810672044754028320e-01
5.626289844512939453e-01
4.196416378021240234e+00
6.136470437049865723e-01
1.450839638710021973e+00
3.454987332224845886e-02
6.744241714477539062e-01
1.024809241294860840e+00
4.158432781696319580e-02
4.897796735167503357e-02
2.060059309005737305e-01
1.724326014518737793e+00
1.334584434516727924e-03
0.000000000000000000e+00
1.414747238159179688e-01
6.697724759578704834e-02
2.355512380599975586e+00
4.468798264861106873e-02
7.853873968124389648e-01
1.604302525520324707e-01
1.450484395027160645e-01
4.326357841491699219e-01
4.625294804573059082e-01
9.198898077011108398e-01
9.753301739692687988e-01
1.652879826724529266e-02
1.555948406457901001e-01
2.535865902900695801e-01
1.017122030258178711e+00
6.102694869041442871e-01
3.386568546295166016e+00
3.190691173076629639e-01
4.529016315937042236e-01
0.000000000000000000e+00
1.214463949203491211e+00
9.299041032791137695e-01
3.119164407253265381e-01
2.406493425369262695e+00
0.000000000000000000e+00
5.252119153738021851e-02
2.614150345325469971e-01
8.380192518234252930e-01
1.016855463385581970e-01
6.710469722747802734e-03
7.232689112424850464e-02
1.442290067672729492e+00
1.347252488136291504e+00
9.398668408393859863e-01
2.602162361145019531e-01
1.091411337256431580e-01
0.000000000000000000e+00
1.412597149610519409e-01
8.223050236701965332e-01
7.390895485877990723e-02
1.023646354675292969e+00
3.740214928984642029e-02
7.831985503435134888e-02
1.249397516250610352e+00
4.978870391845703125e+00
1.461889594793319702e-01
2.064604461193084717e-01
0.000000000000000000e+00
3.843706846237182617e-01
8.602450489997863770e-01
0.000000000000000000e+00
5.636026337742805481e-02
1.053641662001609802e-01
5.381867289543151855e-01
6.926844120025634766e-01
1.072854042053222656e+00
3.439413070678710938e+00
1.396827101707458496e-01
8.719983100891113281e-01
1.357435584068298340e+00
0.000000000000000000e+00
5.321695208549499512e-01
3.216104507446289062e-01
6.827092766761779785e-01
1.606907695531845093e-01
7.512499690055847168e-01
1.955774784088134766e+00
3.350436985492706299e-01
3.019407689571380615e-01
1.298943348228931427e-02
5.874276161193847656e-01
8.778750896453857422e-02
7.873852849006652832e-01
3.615553975105285645e-01
6.991282105445861816e-01
7.713374495506286621e-01
6.727212667465209961e-01
3.654139041900634766e-01
1.161246597766876221e-01
6.181105971336364746e-01
5.286348238587379456e-02
2.828041650354862213e-02
5.100388526916503906e-01
5.894588828086853027e-01
5.293690040707588196e-02
4.773130714893341064e-01
3.842973411083221436e-01
4.434197843074798584e-01
2.823194265365600586e-01
8.916652202606201172e-02
5.176556296646595001e-03
6.179602742195129395e-01
1.673616841435432434e-02
3.820227682590484619e-01
2.205388247966766357e-01
2.247172445058822632e-01
6.946225464344024658e-02
4.782806038856506348e-01
2.208425104618072510e-02
5.679926276206970215e-01
8.306809067726135254e-01
1.226522400975227356e-01
4.773890078067779541e-01
3.454730808734893799e-01
4.480906575918197632e-02
3.544331789016723633e-01
2.544450759887695312e-01
3.954815864562988281e-01
0.000000000000000000e+00
6.642574667930603027e-01
1.603637784719467163e-01
5.627732276916503906e-01
8.502546548843383789e-01
1.717912316322326660e+00
6.373595446348190308e-02
5.479254573583602905e-02
2.628960013389587402e-01
8.120915293693542480e-02
6.830400824546813965e-01
1.037841197103261948e-02
1.000652194023132324e+00
1.841194033622741699e-01
1.080126152373850346e-03
4.853764257859438658e-04
2.716201543807983398e+00
6.052799522876739502e-02
2.944400787353515625e+00
1.236006841063499451e-01
6.962606310844421387e-01
8.300766348838806152e-01
8.139697462320327759e-02
4.839796721935272217e-01
1.824128627777099609e+00
5.841090679168701172e-01
3.088958024978637695e+00
8.812128007411956787e-02
1.368742287158966064e-01
5.012558307498693466e-03
2.438843250274658203e+00
6.349319964647293091e-02
2.236963510513305664e-01
3.860814571380615234e-01
5.797738581895828247e-02
3.222162723541259766e-01
7.016830891370773315e-02
0.000000000000000000e+00
1.296865344047546387e-01
2.264236450195312500e+00
1.692525446414947510e-01
1.768481135368347168e-01
3.385490179061889648e-01
1.640971866436302662e-03
1.424999475479125977e+00
5.597780346870422363e-01
2.305618822574615479e-01
2.828472256660461426e-01
1.309828519821166992e+00
6.604998707771301270e-01
6.426976919174194336e-01
2.187133580446243286e-01
2.572309076786041260e-01
9.475588202476501465e-01
9.398195892572402954e-02
6.200559139251708984e-01
5.508065223693847656e-03
9.258636087179183960e-02
8.401439338922500610e-02
5.129650831222534180e-01
2.015311717987060547e+00
3.352467715740203857e-01
4.957734644412994385e-01
3.933918476104736328e-01
6.526965498924255371e-01
5.237014293670654297e-01
5.240339040756225586e-01
2.923518657684326172e+00
1.842798441648483276e-01
8.101385086774826050e-03
3.313245177268981934e-01
1.128051638603210449e+00
1.256242860108613968e-02
4.531723260879516602e-01
4.099032282829284668e-02
1.578284651041030884e-01
5.804927349090576172e-01
1.525483429431915283e-01
1.825602054595947266e-01
1.525879263877868652e+00
5.422064661979675293e-01
5.732471942901611328e-01
5.980540066957473755e-03
0.000000000000000000e+00
1.424033045768737793e-01
3.987414240837097168e-01
3.661808073520660400e-01
8.056209087371826172e-01
1.528522521257400513e-01
1.695230007171630859e-01
5.249674916267395020e-01
1.586233079433441162e-02
9.258778393268585205e-02
0.000000000000000000e+00
2.186482213437557220e-02
1.276705622673034668e+00
4.207197427749633789e-01
2.684168517589569092e-01
4.775469303131103516e-01
1.701570749282836914e-01
6.634736061096191406e-01
6.613829731941223145e-01
5.172212719917297363e-01
6.698844581842422485e-02
6.337105035781860352e-01
8.152951598167419434e-01
2.678523659706115723e-01
3.791642934083938599e-02
7.440572977066040039e-01
4.837873578071594238e-02
2.555997483432292938e-02
2.083473056554794312e-01
8.154276609420776367e-01
1.962605267763137817e-01
1.079995274543762207e+00
1.490153670310974121e+00
5.823686718940734863e-01
1.249914884567260742e+00
1.470688730478286743e-01
7.683798074722290039e-01
6.535309553146362305e-02
4.451241493225097656e-01
7.342395186424255371e-01
9.025164693593978882e-02
1.536055922508239746e+00
1.195370629429817200e-01
4.229362681508064270e-02
8.047816902399063110e-02
5.067388340830802917e-02
1.130652904510498047e+00
4.763589054346084595e-02
2.705797553062438965e-01
3.338048234581947327e-02
2.232563495635986328e-01
9.442085623741149902e-01
1.694556474685668945e-01
1.893029928207397461e+00
0.000000000000000000e+00
1.318408250808715820e-01
2.275324344635009766e+00
1.007657051086425781e-01
7.901458740234375000e-01
7.422205805778503418e-02
7.084738016128540039e-01
5.407973751425743103e-02
2.834766916930675507e-02
2.468372136354446411e-02
3.725502267479896545e-02
1.919968485832214355e+00
3.156314417719841003e-02
1.104949355125427246e+00
1.006559729576110840e+00
6.440016627311706543e-01
3.406134620308876038e-02
4.959309697151184082e-01
1.579288125038146973e+00
6.873729079961776733e-02
1.000114440917968750e+00
1.564942955970764160e+00
9.657974541187286377e-02
7.807359844446182251e-02
1.184352278709411621e+00
2.665845453739166260e-01
1.206936240196228027e+00
1.366830945014953613e+00
2.245410382747650146e-01
5.887861847877502441e-01
4.007882177829742432e-01
3.587484657764434814e-01
5.281245103105902672e-04
3.459420427680015564e-02
4.829627871513366699e-01
2.292857170104980469e+00
7.304121255874633789e-01
2.960879564285278320e+00
1.284975409507751465e-01
2.761743962764739990e-01
3.690461218357086182e-01
6.807779312133789062e+00
2.116901800036430359e-02
1.229403540492057800e-01
1.595571041107177734e-01
1.722987592220306396e-01
2.285529851913452148e+00
5.704541206359863281e-01
8.996938467025756836e-01
4.300573170185089111e-01
3.502505421638488770e-01
6.528935432434082031e-01
5.074403248727321625e-03
3.421415090560913086e-01
1.432659506797790527e+00
0.000000000000000000e+00
0.000000000000000000e+00
2.834095358848571777e-01
6.167361512780189514e-02
9.989668428897857666e-02
2.312210947275161743e-01
1.937350034713745117e-01
9.649074077606201172e-02
3.567644357681274414e-01
3.287793397903442383e-01
2.464159950613975525e-02
1.268005371093750000e-02
6.073518842458724976e-02
7.036375999450683594e-01
1.676896691322326660e+00
3.326107859611511230e-01
1.041934609413146973e+00
1.397127062082290649e-01
7.545121908187866211e-01
0.000000000000000000e+00
1.144616864621639252e-02
2.719144225120544434e-01
6.848200559616088867e-01
2.098939381539821625e-02
6.297525763511657715e-02
1.822676360607147217e-01
9.054268002510070801e-01
4.529660940170288086e-02
5.055165886878967285e-01
3.421370983123779297e-01
2.912653982639312744e-01
2.104897201061248779e-01
4.221006929874420166e-01
1.889300793409347534e-01
8.110454082489013672e-01
1.291766881942749023e+00
1.804531514644622803e-01
5.542152747511863708e-02
5.024180188775062561e-02
5.562982559204101562e-01
7.435228228569030762e-01
2.169088423252105713e-01
1.638232469558715820e-01
5.663096904754638672e-01
1.760247498750686646e-01
7.497482895851135254e-01
5.708349347114562988e-01
3.319599106907844543e-02
1.338053215295076370e-02
3.426493704319000244e-02
2.431911230087280273e+00
9.856703877449035645e-02
3.473100066184997559e-01
5.025684088468551636e-02
1.106604002416133881e-03
3.564943075180053711e-01
9.718172252178192139e-02
5.181179642677307129e-01
2.529340796172618866e-02
1.708893328905105591e-01
6.051409840583801270e-01
6.965720653533935547e-01
5.661317706108093262e-01
0.000000000000000000e+00
1.410018056631088257e-01
3.031130433082580566e-01
2.410570144653320312e+00
1.040802121162414551e+00
1.193899631500244141e+00
2.154478788375854492e+00
4.523693323135375977e-01
9.439393877983093262e-01
0.000000000000000000e+00
6.863006949424743652e-02
1.428564935922622681e-01
1.483670234680175781e+00
1.615609526634216309e-01
4.858927130699157715e-01
2.968199178576469421e-02
3.732012808322906494e-01
1.082616895437240601e-01
2.114511840045452118e-02
2.339359223842620850e-01
2.718012928962707520e-01
1.899236142635345459e-01
1.401422917842864990e-01
9.962085634469985962e-02
1.681442372500896454e-02
5.285724401473999023e-01
4.382318496704101562e+00
0.000000000000000000e+00
0.000000000000000000e+00
2.078249007463455200e-01
1.118905767798423767e-01
5.814118310809135437e-02
4.318460822105407715e-01
2.471178174018859863e-01
6.440662592649459839e-02
3.271527886390686035e-01
8.033680319786071777e-01
9.177986532449722290e-02
8.347564376890659332e-03
8.234304934740066528e-02
1.134481281042098999e-02
3.167004883289337158e-01
8.919610977172851562e-01
5.666991472244262695e-01
5.260400846600532532e-02
8.807263970375061035e-01
1.145354986190795898e+00
9.126892685890197754e-02
7.738042473793029785e-01
2.773604631423950195e+00
2.242705106735229492e+00
3.083980083465576172e-01
1.877850741147994995e-01
1.243517152033746243e-03
3.472712278366088867e+00
2.790149115025997162e-02
1.138978730887174606e-02
9.646521806716918945e-01
2.444279380142688751e-02
3.594236820936203003e-02
3.234761655330657959e-01
0.000000000000000000e+00
5.455369949340820312e-01
1.971662044525146484e-01
8.612540364265441895e-01
6.215585023164749146e-02
2.423493191599845886e-03
5.951571464538574219e-01
1.293540000915527344e+00
6.776300668716430664e-01
1.435779929161071777e-01
2.650064826011657715e-01
0.000000000000000000e+00
6.151167303323745728e-02
4.654656946659088135e-01
5.585669279098510742e-01
5.857289582490921021e-02
3.057799577713012695e+00
4.949879646301269531e-01
5.476180315017700195e-01
6.459302455186843872e-02
1.029350399971008301e+00
1.176491737365722656e+00
2.263410985469818115e-01
6.837310791015625000e-01
5.628558993339538574e-02
2.650730133056640625e+00
7.510235905647277832e-02
6.223923563957214355e-01
1.790131814777851105e-02
8.562891185283660889e-02
1.570391297340393066e+00
2.265230178833007812e+00
2.140601873397827148e-01
0.000000000000000000e+00
1.438380241394042969e+00
0.000000000000000000e+00
7.723703980445861816e-02
2.148954570293426514e-02
1.033663079142570496e-01
6.187597513198852539e-01
1.767371296882629395e-01
1.924673318862915039e+00
2.037921687588095665e-03
4.713851511478424072e-01
4.483281672000885010e-01
3.306592106819152832e-01
7.703562974929809570e-01
1.682458668947219849e-01
1.594735234975814819e-01
7.988291233777999878e-02
1.833378523588180542e-01
4.061078652739524841e-03
7.661733627319335938e-01
6.505004763603210449e-01
2.063664197921752930e+00
5.829395651817321777e-01
3.106034547090530396e-02
6.390184909105300903e-02
5.429757833480834961e-01
5.247282981872558594e-02
8.658673167228698730e-01
3.125433921813964844e-01
2.462834268808364868e-01
2.135697193443775177e-02
3.276528418064117432e-01
4.415911063551902771e-02
1.647296696901321411e-01
1.601244568824768066e+00
2.374076843261718750e+00
7.434777170419692993e-02
1.215132117271423340e+00
8.195719122886657715e-02
2.093139737844467163e-01
1.968915462493896484e-01
0.000000000000000000e+00
7.914534807205200195e-01
2.147712111473083496e-01
2.638614475727081299e-01
2.565982341766357422e+00
1.057647705078125000e+00
2.153891324996948242e+00
8.638950437307357788e-02
4.373484756797552109e-03
3.051498904824256897e-02
1.569129109382629395e+00
1.387686848640441895e+00
9.917033463716506958e-02
1.125548407435417175e-01
2.772323787212371826e-02
2.063431311398744583e-03
7.841237783432006836e-01
1.071734130382537842e-01
2.283324114978313446e-02
2.365210279822349548e-02
2.939275026321411133e+00
7.618627548217773438e-01
5.800092816352844238e-01
5.612342357635498047e-01
2.919812127947807312e-02
1.031260609626770020e+00
4.760421514511108398e-01
6.079357862472534180e-01
6.693498790264129639e-02
2.309830784797668457e-01
4.571278691291809082e-01
1.293858658755198121e-04
9.613563418388366699e-01
1.539705246686935425e-01
1.986043453216552734e-01
2.922055006027221680e+00
8.231573104858398438e-01
9.594680070877075195e-01
9.803826361894607544e-02
5.422243848443031311e-02
7.794870138168334961e-01
3.104327619075775146e-02
2.453753352165222168e-01
2.046312838792800903e-01
8.043978214263916016e-01
1.882947325706481934e+00
1.192541003227233887e+00
4.789057672023773193e-01
4.781022369861602783e-01
7.949180155992507935e-02
1.809810400009155273e-01
1.263893842697143555e+00
3.149748086929321289e+00
0.000000000000000000e+00
9.861630201339721680e-02
4.646007344126701355e-02
3.855802584439516068e-03
2.368876151740550995e-02
9.265154004096984863e-01
9.155349731445312500e-01
1.998224407434463501e-01
8.757540583610534668e-01
0.000000000000000000e+00
1.836416274309158325e-01
8.142299205064773560e-02
2.119287103414535522e-02
4.794290363788604736e-01
1.241259463131427765e-02
1.698976941406726837e-02
2.837224900722503662e-01
1.753668934106826782e-01
1.056383132934570312e+00
9.286761283874511719e-01
5.556793212890625000e-01
1.071523781865835190e-02
1.997848153114318848e+00
1.061631441116333008e+00
2.456988207995891571e-02
7.249379158020019531e-01
9.311631321907043457e-02
0.000000000000000000e+00
2.628267705440521240e-01
0.000000000000000000e+00
1.641053557395935059e-01
3.286530971527099609e-01
7.184409350156784058e-02
5.268509387969970703e-01
2.956947311758995056e-02
6.608907878398895264e-02
4.000493288040161133e-01
1.790112853050231934e+00
0.000000000000000000e+00
4.750948250293731689e-01
2.609571628272533417e-02
5.612894892692565918e-02
4.048303887248039246e-02
3.100280463695526123e-02
7.388767600059509277e-01
3.186027705669403076e-01
2.084724307060241699e-01
8.422034382820129395e-01
4.500704407691955566e-01
1.107622683048248291e-01
1.202197670936584473e+00
3.059715218842029572e-02
