3.155831694602966309e-01
8.850367069244384766e-01
6.425461173057556152e-02
9.074338078498840332e-01
1.225074157118797302e-01
3.809873163700103760e-01
0.000000000000000000e+00
0.000000000000000000e+00
3.686831593513488770e-01
0.000000000000000000e+00
1.564132332801818848e+00
9.782875776290893555e-01
7.237072288990020752e-02
1.505496818572282791e-02
1.127072215080261230e+00
3.071677088737487793e-01
0.000000000000000000e+00
3.935408294200897217e-01
6.205049157142639160e-02
0.000000000000000000e+00
8.127713799476623535e-01
3.371665477752685547e-01
8.432311564683914185e-02
6.713134050369262695e-02
1.954083703458309174e-02
5.580776929855346680e-01
1.441984325647354126e-01
6.517940666526556015e-03
1.855386048555374146e-01
4.595759883522987366e-02
8.512342572212219238e-01
1.021196879446506500e-02
6.401050090789794922e-02
6.014089658856391907e-02
1.458646655082702637e-01
1.116967946290969849e-02
2.117614746093750000e+00
3.639414906501770020e-01
1.178264692425727844e-01
1.192138552665710449e+00
1.167768836021423340e-01
0.000000000000000000e+00
3.353965282440185547e-01
2.043811380863189697e-01
1.409884542226791382e-01
1.616014391183853149e-01
1.094834730029106140e-01
1.223839402198791504e+00
6.313326302915811539e-03
1.317296504974365234e+00
1.580203920602798462e-01
9.007205367088317871e-01
9.544806927442550659e-02
1.296092122793197632e-01
1.691903591156005859e+00
2.665438950061798096e-01
1.722695529460906982e-01
1.136229187250137329e-01
2.046680450439453125e-01
7.511688470840454102e-01
2.019629999995231628e-02
1.457460999488830566e+00
7.254634797573089600e-02
9.214500337839126587e-02
9.013468772172927856e-02
8.262132108211517334e-02
0.000000000000000000e+00
2.923143386840820312e+00
3.739809617400169373e-02
0.000000000000000000e+00
8.258171677589416504e-01
4.631115123629570007e-02
0.000000000000000000e+00
1.171042680740356445e+00
2.272094041109085083e-01
1.458020657300949097e-01
4.924014806747436523e-01
1.783823668956756592e-01
4.252190142869949341e-02
3.682207465171813965e-01
1.148369789123535156e+00
1.352037906646728516e+00
9.867639541625976562e-01
8.251502513885498047e-01
8.701985934749245644e-04
5.062772274017333984e+00
3.326085163280367851e-03
0.000000000000000000e+00
1.571526229381561279e-01
6.174559593200683594e-01
5.732325911521911621e-01
3.151241838932037354e-01
1.554367970675230026e-02
0.000000000000000000e+00
2.332644164562225342e-01
1.637863159179687500e+00
2.771049924194812775e-02
8.876324445009231567e-02
5.543419122695922852e-01
2.727804481983184814e-01
3.518908619880676270e-01
6.987587809562683105e-01
3.077849978581070900e-03
2.476610183715820312e+00
7.956298589706420898e-01
7.223635446280241013e-03
3.022584021091461182e-01
0.000000000000000000e+00
3.214150667190551758e-02
7.901870608329772949e-01
1.869642883539199829e-01
6.234232187271118164e-01
3.963135778903961182e-01
2.008435726165771484e-01
4.487126767635345459e-01
1.310821026563644409e-01
9.068921208381652832e-01
8.266410827636718750e-01
8.023254573345184326e-02
1.389893293380737305e-01
1.382399916648864746e+00
1.502514630556106567e-02
0.000000000000000000e+00
1.071274995803833008e+00
6.169151306152343750e+00
3.404293954372406006e-01
0.000000000000000000e+00
6.976294517517089844e-01
8.619450926780700684e-01
1.482930928468704224e-01
3.110602498054504395e-01
6.901322007179260254e-01
5.405035018920898438e-01
1.757720261812210083e-01
2.896373346447944641e-02
1.002414345741271973e+00
1.608379036188125610e-01
2.709425240755081177e-02
3.108042106032371521e-02
6.040324568748474121e-01
1.256583631038665771e-01
1.616895675659179688e+00
6.976336836814880371e-01
5.851848125457763672e-01
4.654363393783569336e-01
3.954143822193145752e-01
0.000000000000000000e+00
2.992135584354400635e-01
1.651508919894695282e-02
7.372059226036071777e-01
3.018672466278076172e+00
9.034019708633422852e-02
1.223549544811248779e-01
2.365204738453030586e-03
2.693489380180835724e-02
1.130592972040176392e-01
2.229346781969070435e-01
1.096981093287467957e-01
3.586896136403083801e-02
0.000000000000000000e+00
1.191336989402770996e+00
0.000000000000000000e+00
0.000000000000000000e+00
3.169714510440826416e-01
1.114571839570999146e-02
1.605965256690979004e+00
0.000000000000000000e+00
2.889658510684967041e-01
4.560293853282928467e-01
7.969113439321517944e-02
1.389961987733840942e-01
7.196387648582458496e-02
1.003600239753723145e+00
5.935418605804443359e-01
9.159603714942932129e-02
1.474254369735717773e+00
0.000000000000000000e+00
1.283968091011047363e+00
4.525743722915649414e-01
9.684928506612777710e-02
9.264508262276649475e-04
7.001327872276306152e-01
1.052516222000122070e+00
1.163761764764785767e-01
3.354427590966224670e-02
1.532362550497055054e-01
2.223344892263412476e-02
1.568174809217453003e-01
4.270740747451782227e-01
1.731211990118026733e-01
2.989269256591796875e+00
1.959657669067382812e-01
2.097153902053833008e+00
9.643633961677551270e-01
9.856475144624710083e-02
3.772369353100657463e-03
8.870616555213928223e-01
9.796725511550903320e-01
5.272543802857398987e-02
2.262039035558700562e-01
1.571204699575901031e-02
0.000000000000000000e+00
1.034330487251281738e+00
7.370058447122573853e-03
1.465425342321395874e-01
1.375998719595372677e-03
2.325088739395141602e+00
2.674913883209228516e+00
9.655618667602539062e-01
1.594400852918624878e-01
1.028222441673278809e-01
4.498394429683685303e-01
0.000000000000000000e+00
1.050164699554443359e+00
2.859199605882167816e-02
1.017248392105102539e+00
2.572234869003295898e+00
1.095081046223640442e-01
0.000000000000000000e+00
8.748258650302886963e-02
5.801697820425033569e-02
8.887106180191040039e-01
3.810093179345130920e-02
0.000000000000000000e+00
6.011721491813659668e-02
1.019748374819755554e-01
2.973870374262332916e-03
9.378283619880676270e-01
7.582373172044754028e-02
2.268348932266235352e-01
5.592218041419982910e-01
2.214284688234329224e-01
1.865412457846105099e-03
9.837273508310317993e-02
3.374513089656829834e-01
1.531668186187744141e+00
1.634328663349151611e-01
1.721682399511337280e-02
2.999844551086425781e-01
1.536938827484846115e-02
1.927657276391983032e-01
1.549408137798309326e-01
7.896488904953002930e-01
5.451938882470130920e-02
1.054104268550872803e-01
4.705677926540374756e-01
2.861880064010620117e-01
2.139439340680837631e-03
2.538215219974517822e-01
0.000000000000000000e+00
4.429164826869964600e-01
0.000000000000000000e+00
4.491613432765007019e-02
3.204182684421539307e-01
1.211355566978454590e+00
2.005820907652378082e-02
5.992930964566767216e-04
3.941692784428596497e-02
1.887770742177963257e-01
6.397267803549766541e-03
4.839382171630859375e-01
7.482652366161346436e-02
6.707847118377685547e-02
6.249194741249084473e-01
8.087823539972305298e-02
1.703316159546375275e-02
2.850897312164306641e-01
1.999473124742507935e-01
2.449082583189010620e-01
1.407487085089087486e-03
6.762046366930007935e-02
7.182288765907287598e-01
8.405434340238571167e-02
4.331616312265396118e-02
3.373698331415653229e-03
3.514060750603675842e-02
5.683618783950805664e-02
0.000000000000000000e+00
1.489405930042266846e-01
1.307633638381958008e+00
0.000000000000000000e+00
4.527003318071365356e-02
1.747851222753524780e-01
2.142486572265625000e-01
3.988554179668426514e-01
4.437694251537322998e-01
6.738910917192697525e-03
2.695851027965545654e-02
5.793510437011718750e+00
1.260556429624557495e-01
2.230090945959091187e-01
6.763312965631484985e-02
0.000000000000000000e+00
1.374563574790954590e+00
2.948167384602129459e-04
4.788518324494361877e-02
4.307046234607696533e-01
0.000000000000000000e+00
2.372829988598823547e-02
9.356043338775634766e-01
7.475608587265014648e-02
4.570604860782623291e-02
7.609396427869796753e-02
4.424462094902992249e-02
3.187067508697509766e-01
6.434811949729919434e-01
3.817831575870513916e-01
0.000000000000000000e+00
5.867604911327362061e-02
5.002486705780029297e-01
1.377241313457489014e-01
2.265864014625549316e-01
2.736357748508453369e-01
1.727015733718872070e+00
6.346967536956071854e-03
8.382191061973571777e-01
2.657323479652404785e-01
4.882088005542755127e-01
0.000000000000000000e+00
0.000000000000000000e+00
0.000000000000000000e+00
2.353141307830810547e+00
3.010508716106414795e-01
1.574850524775683880e-03
2.329730987548828125e-02
0.000000000000000000e+00
8.344962447881698608e-02
4.263685271143913269e-02
3.346290811896324158e-02
2.808695733547210693e-01
1.220726445317268372e-01
1.144457235932350159e-01
9.449758529663085938e-01
1.224338412284851074e+00
0.000000000000000000e+00
6.212390214204788208e-02
6.050017476081848145e-01
2.815698981285095215e-01
1.057133555412292480e+00
0.000000000000000000e+00
7.607040405273437500e-01
7.791912555694580078e-02
2.340712249279022217e-01
4.042202141135931015e-03
2.083716541528701782e-02
0.000000000000000000e+00
0.000000000000000000e+00
8.960144519805908203e-01
2.993798255920410156e-02
1.402693986892700195e-01
3.834992349147796631e-01
7.226081490516662598e-01
1.934751309454441071e-02
2.361337468028068542e-02
1.568304747343063354e-02
5.888128757476806641e+00
6.988306045532226562e-01
3.872719407081604004e-02
0.000000000000000000e+00
5.920057184994220734e-03
1.950212955474853516e+00
8.105812668800354004e-01
1.470421999692916870e-01
2.360596507787704468e-01
5.256447196006774902e-01
9.562858343124389648e-01
2.110626697540283203e-01
2.590016126632690430e-01
3.129787147045135498e-01
1.862626820802688599e-01
0.000000000000000000e+00
3.370932070538401604e-03
2.172244787216186523e-01
2.693996066227555275e-03
5.852432548999786377e-02
5.116694569587707520e-01
1.726899854838848114e-02
1.292195200920104980e+00
2.089296467602252960e-02
1.021312832832336426e+00
4.076603353023529053e-01
1.733508110046386719e+00
7.195557653903961182e-02
1.734654605388641357e-01
5.505756735801696777e-01
1.532775878906250000e+00
7.349512726068496704e-02
2.303436517715454102e+00
0.000000000000000000e+00
5.016812086105346680e-01
4.692362248897552490e-01
1.014514937996864319e-01
1.365746408700942993e-01
1.113458275794982910e-01
3.918188810348510742e-01
1.032998412847518921e-01
1.646353339310735464e-04
5.506525635719299316e-01
1.313263297080993652e+00
2.197525739669799805e+00
1.092985391616821289e+00
3.636982202529907227e+00
5.990412831306457520e-01
7.041773200035095215e-02
4.046172797679901123e-01
9.338841438293457031e-01
2.096846401691436768e-01
0.000000000000000000e+00
1.488009542226791382e-01
1.609731465578079224e-01
3.786018490791320801e-01
0.000000000000000000e+00
1.506104040890932083e-02
3.603509068489074707e-02
7.075937986373901367e-01
3.388584882486611605e-04
1.472137868404388428e-01
5.461479425430297852e-01
1.319209456443786621e+00
1.921285875141620636e-02
7.275016978383064270e-03
2.055154740810394287e-01
9.181709289550781250e-01
6.079524159431457520e-01
7.316350340843200684e-01
0.000000000000000000e+00
9.314341545104980469e-01
1.378027200698852539e-01
1.343577057123184204e-01
2.060794234275817871e-01
3.278493165969848633e+00
8.686564862728118896e-02
5.919032692909240723e-01
0.000000000000000000e+00
1.293107867240905762e-01
4.005675315856933594e-01
7.259709294885396957e-03
8.615417033433914185e-02
7.814248800277709961e-01
3.631840944290161133e-01
3.973024711012840271e-02
3.293734788894653320e-02
0.000000000000000000e+00
4.497995972633361816e-01
8.034731447696685791e-02
5.005246773362159729e-02
1.110768795013427734e+00
1.366958260536193848e+00
1.516974568367004395e-01
1.147072836756706238e-01
2.257072925567626953e+00
7.581716030836105347e-02
2.777149975299835205e-01
0.000000000000000000e+00
3.080857038497924805e+00
8.192209601402282715e-01
9.770799428224563599e-03
0.000000000000000000e+00
6.442605704069137573e-02
3.662734925746917725e-01
2.658154815435409546e-03
3.307010829448699951e-01
0.000000000000000000e+00
5.736992359161376953e-01
2.246536314487457275e-01
1.161147505044937134e-01
0.000000000000000000e+00
5.787437558174133301e-01
4.486638307571411133e-02
2.497913781553506851e-03
4.551433622837066650e-01
4.706151783466339111e-01
0.000000000000000000e+00
1.223819375038146973e+00
1.996518485248088837e-02
5.652869492769241333e-02
3.765300810337066650e-01
2.329857945442199707e-01
9.360103309154510498e-02
2.197018384933471680e+00
8.129800558090209961e-01
4.093899726867675781e-01
2.387465685606002808e-01
6.591301411390304565e-02
5.346190929412841797e-01
5.596160888671875000e-01
2.680254280567169189e-01
0.000000000000000000e+00
2.595567107200622559e-01
1.487227231264114380e-01
0.000000000000000000e+00
1.683501362800598145e+00
0.000000000000000000e+00
5.422325730323791504e-01
7.561381459236145020e-01
2.012351155281066895e-02
7.702855020761489868e-02
0.000000000000000000e+00
3.780159354209899902e-02
1.333211362361907959e-01
0.000000000000000000e+00
3.887589275836944580e-02
4.595437049865722656e+00
6.630661338567733765e-02
2.107839472591876984e-02
7.555134296417236328e-01
1.136710166931152344e+00
4.316832497715950012e-02
1.893837600946426392e-01
8.188743889331817627e-02
2.626310102641582489e-02
2.348241955041885376e-01
1.664592027664184570e+00
2.243633195757865906e-02
8.517678827047348022e-03
1.222556009888648987e-01
4.558949917554855347e-02
1.803492069244384766e+00
1.118419617414474487e-01
7.300750911235809326e-02
1.661281943321228027e+00
9.178066998720169067e-02
3.094129264354705811e-01
1.172426994889974594e-02
8.992413431406021118e-02
5.202649906277656555e-02
2.966261208057403564e-01
5.085981637239456177e-02
6.830458641052246094e-01
4.027576744556427002e-01
5.298212543129920959e-02
6.064189076423645020e-01
1.676364094018936157e-01
7.007884979248046875e-02
2.891480922698974609e-01
0.000000000000000000e+00
1.542341232299804688e+00
3.360115289688110352e-01
4.604064524173736572e-01
4.658129811286926270e-02
5.622710585594177246e-01
6.816226243972778320e-01
2.464197278022766113e-01
1.855463907122612000e-02
8.599487543106079102e-01
2.780607640743255615e-01
1.646948695182800293e+00
2.442737072706222534e-01
4.321127012372016907e-02
7.751318812370300293e-02
1.434629678726196289e+00
1.542547345161437988e-01
2.100620120763778687e-01
4.575028549879789352e-03
3.226613104343414307e-01
3.665646910667419434e-01
8.103556931018829346e-02
2.485334873199462891e-01
2.798658050596714020e-02
9.537897109985351562e-01
0.000000000000000000e+00
1.408068299293518066e+00
8.868706226348876953e-01
9.150414466857910156e-01
4.259247183799743652e-01
4.001875873655080795e-03
7.944940328598022461e-01
1.667704731225967407e-01
0.000000000000000000e+00
7.521968334913253784e-02
0.000000000000000000e+00
1.942193955183029175e-01
3.300950229167938232e-01
2.009369134902954102e+00
2.209626436233520508e-01
1.518092863261699677e-02
1.387726143002510071e-02
1.192837730050086975e-01
5.217206001281738281e+00
7.690822333097457886e-02
7.224879860877990723e-01
1.049345359206199646e-01
3.020155429840087891e-01
1.311209201812744141e+00
5.493142008781433105e-01
1.368301641196012497e-02
2.193742990493774414e+00
1.454148590564727783e-01
9.352792799472808838e-02
9.240162372589111328e-02
9.846979519352316856e-04
1.488323360681533813e-01
8.260359764099121094e-01
9.551674127578735352e-01
2.250016629695892334e-01
8.361847698688507080e-02
8.231041580438613892e-02
1.872076466679573059e-02
1.912848204374313354e-01
2.863316535949707031e-01
5.574578046798706055e-01
8.387748003005981445e-01
6.111068278551101685e-02
1.458531916141510010e-01
2.631752192974090576e-01
4.530074000358581543e-01
4.755210503935813904e-02
5.381767153739929199e-01
1.932597279548645020e+00
7.114782929420471191e-02
5.126997455954551697e-02
6.290810555219650269e-02
6.644256114959716797e-01
1.174393016844987869e-02
0.000000000000000000e+00
1.469167590141296387e+00
0.000000000000000000e+00
1.364169955253601074e+00
2.858584187924861908e-02
1.270697265863418579e-02
2.268211126327514648e+00
1.047052908688783646e-02
1.350459754467010498e-01
1.095218181610107422e+00
4.719296693801879883e-01
2.152127504348754883e+00
2.450328320264816284e-01
3.646492481231689453e+00
9.676045924425125122e-02
4.770081955939531326e-03
5.089737474918365479e-02
3.836933523416519165e-03
1.633656024932861328e-02
5.490269660949707031e-01
0.000000000000000000e+00
4.527919590473175049e-01
6.844937801361083984e-02
9.167973995208740234e-01
1.109257992357015610e-02
1.149817481637001038e-01
2.321871370077133179e-01
7.552776951342821121e-03
1.161079779267311096e-01
1.858523041009902954e-01
7.109602913260459900e-03
1.377493143081665039e+00
1.239658743143081665e-01
0.000000000000000000e+00
2.472938597202301025e-02
0.000000000000000000e+00
5.252917483448982239e-02
2.857978343963623047e-01
3.727333992719650269e-02
4.360287636518478394e-02
7.541007399559020996e-01
3.593434333801269531e+00
3.514992073178291321e-02
2.449594974517822266e+00
2.270953916013240814e-02
8.867126703262329102e-02
8.096964359283447266e-01
3.554801940917968750e-01
1.024601608514785767e-01
0.000000000000000000e+00
3.411950916051864624e-02
1.399338364601135254e+00
5.342904329299926758e-01
1.259261667728424072e-01
2.463197112083435059e-01
1.285007745027542114e-01
6.076537370681762695e-01
2.143045902252197266e+00
1.179985702037811279e-01
7.987143844366073608e-02
1.536286622285842896e-02
6.891735792160034180e-01
8.668833412230014801e-03
1.494165897369384766e+00
6.846314668655395508e-02
1.864514589309692383e+00
3.485428988933563232e-01
5.671251937747001648e-02
7.815552875399589539e-03
8.059854507446289062e-01
1.323392242193222046e-01
1.902696490287780762e-02
2.538161873817443848e-01
8.263424783945083618e-02
7.614703774452209473e-01
0.000000000000000000e+00
4.348320960998535156e+00
5.214118957519531250e-01
1.306190371513366699e+00
0.000000000000000000e+00
0.000000000000000000e+00
9.743969887495040894e-03
1.557434052228927612e-01
8.899885416030883789e-01
1.818548291921615601e-01
3.104984760284423828e-01
6.361698508262634277e-01
5.163644552230834961e-01
2.304619312286376953e+00
2.379196509718894958e-02
7.342319190502166748e-02
6.904607415199279785e-01
5.545117855072021484e-01
3.983194380998611450e-02
2.716106548905372620e-02
6.755249202251434326e-02
3.409942626953125000e+00
6.724704056978225708e-02
0.000000000000000000e+00
5.202488973736763000e-02
8.567464947700500488e-01
7.752851396799087524e-02
1.515380263328552246e+00
4.909369349479675293e-01
4.362722933292388916e-01
2.541736699640750885e-02
5.021281167864799500e-02
1.719832979142665863e-02
0.000000000000000000e+00
6.280997395515441895e-02
3.329444304108619690e-02
7.113931234925985336e-03
3.488160297274589539e-02
3.614281713962554932e-01
2.037190347909927368e-01
4.851378127932548523e-02
2.836308002471923828e+00
8.737847954034805298e-02
0.000000000000000000e+00
3.736115455627441406e+00
0.000000000000000000e+00
3.107421994209289551e-01
0.000000000000000000e+00
3.241200745105743408e-02
9.428240358829498291e-03
0.000000000000000000e+00
1.631592154502868652e+00
2.833040356636047363e-01
0.000000000000000000e+00
8.461288176476955414e-03
1.638450175523757935e-01
9.550444781780242920e-03
2.056068554520606995e-02
8.346757292747497559e-02
3.425681591033935547e-01
5.522181987762451172e-01
2.816806137561798096e-01
2.616237103939056396e-02
1.279060244560241699e+00
5.686325430870056152e-01
1.157546043395996094e-01
1.306511461734771729e-01
3.885395526885986328e-01
2.480758726596832275e-01
1.749790310859680176e-01
4.035849273204803467e-01
1.432186365127563477e-01
1.161102175712585449e+00
9.986644983291625977e-02
1.622346490621566772e-01
4.579289630055427551e-02
1.217419952154159546e-01
0.000000000000000000e+00
1.447519510984420776e-01
5.113996863365173340e-01
3.561070561408996582e-01
6.951660513877868652e-01
6.356839835643768311e-02
1.092664480209350586e+00
0.000000000000000000e+00
0.000000000000000000e+00
5.221782997250556946e-02
9.288414716720581055e-01
4.272309839725494385e-01
3.795944852754473686e-03
3.048394322395324707e-01
4.531678557395935059e-01
6.111081317067146301e-02
1.200230270624160767e-01
1.438963133841753006e-02
1.242254301905632019e-02
7.566078901290893555e-01
1.568691879510879517e-01
0.000000000000000000e+00
6.636362075805664062e-01
2.373499572277069092e-01
9.716304950416088104e-03
1.104905843734741211e+00
2.143623113632202148e+00
1.177926454693078995e-02
4.977679252624511719e-01
0.000000000000000000e+00
0.000000000000000000e+00
2.597113549709320068e-01
1.882073283195495605e-01
8.564533591270446777e-01
8.633185178041458130e-02
1.386351346969604492e+00
3.273645639419555664e-01
1.306763172149658203e+00
4.014079868793487549e-01
1.890157163143157959e-01
5.091368556022644043e-01
2.162975817918777466e-01
1.610603630542755127e-01
2.221191227436065674e-01
5.772850289940834045e-02
3.677042424678802490e-01
5.851877853274345398e-02
1.339385211467742920e-01
4.583275914192199707e-01
3.503794372081756592e-01
2.329106628894805908e-01
2.024438828229904175e-01
1.965625166893005371e+00
6.286160945892333984e-01
0.000000000000000000e+00
9.588444828987121582e-01
1.039979681372642517e-01
7.042440772056579590e-02
2.273266792297363281e+00
1.490020900964736938e-01
2.450114861130714417e-02
2.218240737915039062e+00
6.912523508071899414e-01
5.174395814538002014e-02
2.652460932731628418e-01
4.279814660549163818e-01
0.000000000000000000e+00
2.075484097003936768e-01
4.790731519460678101e-02
7.723649963736534119e-03
0.000000000000000000e+00
2.623865902423858643e-01
2.110635340213775635e-01
3.182879090309143066e-01
9.026473015546798706e-02
1.943796277046203613e-01
0.000000000000000000e+00
6.500640884041786194e-03
1.731263250112533569e-01
3.429449498653411865e-01
4.551683664321899414e-01
5.172457173466682434e-02
5.193457007408142090e-02
7.986941933631896973e-01
1.586549282073974609e-01
4.682263731956481934e-02
3.432507514953613281e-01
2.150301456451416016e+00
6.842353343963623047e-01
7.938455939292907715e-01
2.084442079067230225e-01
2.527124583721160889e-01
1.131321936845779419e-01
2.914554439485073090e-02
1.202141866087913513e-01
1.257900446653366089e-01
4.842789843678474426e-02
4.590665176510810852e-02
4.962203502655029297e-01
1.236817333847284317e-02
2.799654901027679443e-01
5.825492739677429199e-02
1.614208146929740906e-02
5.995497107505798340e-02
9.783487319946289062e-01
5.462524294853210449e-01
0.000000000000000000e+00
3.786517679691314697e-01
2.617910206317901611e-01
1.931753009557723999e-02
1.817319169640541077e-02
2.366275787353515625e-01
6.519269943237304688e-01
7.777884602546691895e-02
2.691829502582550049e-01
5.050321817398071289e-01
4.650345444679260254e-02
3.085522726178169250e-02
1.044167280197143555e+00
3.662399649620056152e-01
1.610265672206878662e-02
4.558849036693572998e-01
1.480747247114777565e-03
0.000000000000000000e+00
2.166664302349090576e-01
6.970814615488052368e-02
1.693628281354904175e-01
2.551569044589996338e-01
5.798057913780212402e-01
8.062883280217647552e-03
3.842830657958984375e-01
1.979525089263916016e-01
5.329936146736145020e-01
0.000000000000000000e+00
3.886375129222869873e-01
7.731795310974121094e-01
1.764598302543163300e-02
3.343427181243896484e-01
4.611252248287200928e-02
2.350597875192761421e-03
0.000000000000000000e+00
3.301050364971160889e-01
1.880259066820144653e-01
1.175060048699378967e-01
4.229854345321655273e-01
1.059283018112182617e+00
8.931559324264526367e-01
1.250900886952877045e-02
0.000000000000000000e+00
3.325216472148895264e-01
4.179153144359588623e-01
5.921744182705879211e-02
1.280722767114639282e-01
4.114770889282226562e-02
1.489043831825256348e+00
4.005592763423919678e-01
6.892332434654235840e-02
2.059140503406524658e-01
1.981298327445983887e+00
5.447965860366821289e-02
6.522268801927566528e-02
5.890919566154479980e-01
3.628341257572174072e-01
2.505349636077880859e+00
1.276560783386230469e+00
1.577977657318115234e+00
6.909756660461425781e-01
0.000000000000000000e+00
6.307169049978256226e-02
1.306097507476806641e-01
9.059976935386657715e-01
3.281680941581726074e-01
5.259300768375396729e-02
8.490675687789916992e-02
1.714535802602767944e-01
1.826657503843307495e-01
1.238613873720169067e-01
4.559926688671112061e-02
4.319828294683247805e-04
3.945054113864898682e-01
9.808329939842224121e-01
4.549328088760375977e-01
4.432537555694580078e-01
8.672617673873901367e-01
3.088082186877727509e-02
7.705385237932205200e-02
0.000000000000000000e+00
1.158605337142944336e+00
5.370824933052062988e-01
2.142248392105102539e+00
2.710239887237548828e-01
8.795913308858871460e-03
8.317524194717407227e-02
3.029174804687500000e-01
1.832685023546218872e-01
3.203343972563743591e-02
2.441882491111755371e-01
1.428841799497604370e-01
9.703198075294494629e-02
0.000000000000000000e+00
3.250527083873748779e-01
5.531478524208068848e-01
8.925194293260574341e-02
0.000000000000000000e+00
9.688541889190673828e-01
1.657135963439941406e+00
9.017281979322433472e-02
1.120197296142578125e+00
3.044005036354064941e-01
4.104618132114410400e-01
3.292170464992523193e-01
5.274087563157081604e-02
2.656506597995758057e-01
9.588918089866638184e-02
0.000000000000000000e+00
2.740172147750854492e-01
5.754434689879417419e-02
5.582405328750610352e-01
0.000000000000000000e+00
6.449818611145019531e-01
1.158615827560424805e+00
3.175784587860107422e+00
1.171168088912963867e+00
8.202793449163436890e-02
0.000000000000000000e+00
1.234038710594177246e+00
8.616289496421813965e-02
1.090389370918273926e+00
6.742163002490997314e-02
0.000000000000000000e+00
1.058621883392333984e+00
8.102393746376037598e-01
8.717695251107215881e-03
0.000000000000000000e+00
8.384300768375396729e-02
7.766930460929870605e-01
8.248669505119323730e-01
3.270405158400535583e-02
3.408282399177551270e-01
1.945585012435913086e-01
2.656823694705963135e-01
0.000000000000000000e+00
9.452284872531890869e-02
0.000000000000000000e+00
2.035496383905410767e-01
1.155611157417297363e+00
1.461915858089923859e-02
7.042773067951202393e-03
1.439415514469146729e-01
2.028805017471313477e-01
1.374411862343549728e-02
0.000000000000000000e+00
1.001074388623237610e-01
4.651602208614349365e-01
1.705687642097473145e-01
1.106113567948341370e-02
1.561618894338607788e-01
9.637002944946289062e-01
1.334532909095287323e-02
4.297019004821777344e+00
1.171956285834312439e-01
3.863516077399253845e-02
3.930124640464782715e-02
1.517551485449075699e-02
9.024248272180557251e-02
0.000000000000000000e+00
2.984921932220458984e-01
8.267699480056762695e-01
7.444866895675659180e-01
2.386839985847473145e-01
1.608643651008605957e+00
8.575726300477981567e-02
0.000000000000000000e+00
0.000000000000000000e+00
1.463775992393493652e+00
1.037706136703491211e-01
7.618290837854146957e-03
1.979866862297058105e+00
9.036241471767425537e-02
0.000000000000000000e+00
1.710055768489837646e-02
4.663463532924652100e-01
9.917981624603271484e-01
2.550421655178070068e-02
4.767486453056335449e-01
1.582516543567180634e-02
7.923347949981689453e-01
0.000000000000000000e+00
8.162549138069152832e-02
2.237896680831909180e+00
2.718881368637084961e-01
1.468701753765344620e-02
2.835140228271484375e+00
4.244586527347564697e-01
7.693658769130706787e-02
1.583645105361938477e+00
9.576653689146041870e-02
1.631623506546020508e-02
6.747914105653762817e-02
1.665720790624618530e-01
1.738430976867675781e+00
1.074773725122213364e-02
2.933969255536794662e-03
4.676033183932304382e-02
3.547412902116775513e-02
5.708391070365905762e-01
5.066246390342712402e-01
9.501248132437467575e-04
4.985624551773071289e-01
6.148084402084350586e-01
5.187812075018882751e-02
2.563531398773193359e+00
3.072600439190864563e-02
1.725723594427108765e-02
1.131977364420890808e-01
2.997454255819320679e-02
2.133814334869384766e+00
0.000000000000000000e+00
0.000000000000000000e+00
1.586983203887939453e-01
7.193207740783691406e-01
2.476320415735244751e-01
9.536638259887695312e-01
9.821997582912445068e-02
7.200114428997039795e-02
2.063263177871704102e+00
8.894023299217224121e-02
0.000000000000000000e+00
1.120082214474678040e-01
1.370367854833602905e-01
5.451640486717224121e-01
6.236613541841506958e-02
3.315164744853973389e-01
5.428625941276550293e-01
8.022487163543701172e-02
6.784034520387649536e-02
1.133483052253723145e+00
4.093727841973304749e-02
4.022612571716308594e-01
1.035992264747619629e+00
1.870177313685417175e-02
1.261436641216278076e-01
1.366702318191528320e-01
5.106941610574722290e-02
4.400545358657836914e-01
9.994435310363769531e-01
1.959571838378906250e-01
0.000000000000000000e+00
8.412577956914901733e-02
1.114504337310791016e+00
1.156677454710006714e-01
1.828563064336776733e-01
1.201226115226745605e-01
3.232235787436366081e-03
6.919438838958740234e-01
1.249477826058864594e-02
3.625519275665283203e-01
4.638517796993255615e-01
1.409851163625717163e-01
8.914052248001098633e-01
1.618139296770095825e-01
6.406030803918838501e-02
8.866820335388183594e-01
1.637620776891708374e-01
3.167482316493988037e-01
2.880875393748283386e-02
5.734831094741821289e-01
1.565433293581008911e-01
3.982500433921813965e-01
0.000000000000000000e+00
5.755715966224670410e-01
7.233316898345947266e-01
6.324592232704162598e-02
1.554932475090026855e+00
1.096147224307060242e-01
0.000000000000000000e+00
2.160943895578384399e-01
2.077021747827529907e-01
2.089552164077758789e+00
1.441175863146781921e-02
9.043654426932334900e-04
2.222653865814208984e+00
2.833488583564758301e-02
5.728256106376647949e-01
1.469392418861389160e+00
0.000000000000000000e+00
7.860177755355834961e-02
7.244773209095001221e-02
1.401618480682373047e+00
4.102584421634674072e-01
0.000000000000000000e+00
3.301449716091156006e-01
9.951202571392059326e-02
1.477214694023132324e-01
9.718649834394454956e-02
8.872332572937011719e-01
5.326022505760192871e-01
4.336075186729431152e-01
8.254141360521316528e-02
1.069999784231185913e-01
2.037265598773956299e-01
2.090255320072174072e-01
7.793566584587097168e-01
9.849202632904052734e-02
1.086018607020378113e-01
5.645866692066192627e-02
2.058860957622528076e-01
1.732381343841552734e+00
6.716758012771606445e-01
7.152085304260253906e-01
1.986870467662811279e-01
0.000000000000000000e+00
3.761750221252441406e+00
3.950778841972351074e-01
5.349544435739517212e-02
0.000000000000000000e+00
1.072054132819175720e-01
9.581463411450386047e-03
4.713272675871849060e-03
1.326444791629910469e-03
3.129142522811889648e-01
3.680205941200256348e-01
1.996445842087268829e-02
5.078415274620056152e-01
0.000000000000000000e+00
1.433507502079010010e-01
4.407219290733337402e-01
1.895668864250183105e+00
9.208705425262451172e-01
8.029987663030624390e-02
1.899199634790420532e-01
1.366758108139038086e+00
3.515112772583961487e-02
1.180026959627866745e-02
3.214657902717590332e-01
4.986389353871345520e-02
0.000000000000000000e+00
2.096611112356185913e-01
8.463999629020690918e-01
0.000000000000000000e+00
2.104232609272003174e-01
1.403387188911437988e-01
8.270649313926696777e-01
9.240107983350753784e-02
7.859722971916198730e-01
8.801813125610351562e-01
3.252549886703491211e+00
1.229230687022209167e-02
2.374893873929977417e-01
2.325144857168197632e-01
0.000000000000000000e+00
7.498862594366073608e-02
6.897430121898651123e-02
2.321899123489856720e-02
9.258326888084411621e-01
1.531489133834838867e+00
9.016744494438171387e-01
3.775987923145294189e-01
4.778490588068962097e-02
2.356080412864685059e-01
4.529293179512023926e-01
6.324987411499023438e-01
3.057062864303588867e+00
1.462980747222900391e+00
3.276911377906799316e-02
0.000000000000000000e+00
3.848809301853179932e-01
6.558609008789062500e-01
1.858303695917129517e-01
2.316312491893768311e-02
3.595486640930175781e+00
5.592278242111206055e-01
3.687086328864097595e-02
8.685024455189704895e-03
7.719186693429946899e-02
1.514870643615722656e+00
9.003512859344482422e-01
1.197879910469055176e-01
1.254584491252899170e-01
0.000000000000000000e+00
1.628178544342517853e-02
4.228138327598571777e-01
2.202147804200649261e-02
5.120050534605979919e-02
2.710147760808467865e-03
5.062651634216308594e-01
3.886480629444122314e-02
0.000000000000000000e+00
2.748711109161376953e-01
0.000000000000000000e+00
1.027156472206115723e+00
4.535714909434318542e-02
7.939617633819580078e-01
1.489836871623992920e-01
1.368642330169677734e+00
8.820408582687377930e-01
5.640401244163513184e-01
6.246598958969116211e-01
2.977303043007850647e-02
2.305510640144348145e-01
1.571436077356338501e-01
5.362735986709594727e-01
0.000000000000000000e+00
3.369015082716941833e-02
1.057999581098556519e-02
4.366899728775024414e-01
3.713353872299194336e-01
8.098111748695373535e-01
1.242956891655921936e-01
1.951523423194885254e-01
1.813361287117004395e+00
0.000000000000000000e+00
1.288858205080032349e-01
1.397859573364257812e+00
7.256243377923965454e-02
3.434709012508392334e-01
1.294410824775695801e-01
5.313044786453247070e-01
0.000000000000000000e+00
9.538331627845764160e-02
2.324043750762939453e+00
7.968517951667308807e-03
3.622305691242218018e-01
4.000450372695922852e-01
5.248875021934509277e-01
0.000000000000000000e+00
4.579193294048309326e-01
1.039163842797279358e-01
6.201505661010742188e-03
4.050220549106597900e-01
4.047484993934631348e-01
0.000000000000000000e+00
1.806681305170059204e-01
6.094771623611450195e-01
1.141120553016662598e+00
0.000000000000000000e+00
7.283150553703308105e-01
1.201267316937446594e-01
6.928541511297225952e-02
0.000000000000000000e+00
7.645062804222106934e-01
1.641496717929840088e-01
1.002537980675697327e-01
9.161992669105529785e-01
2.364015392959117889e-02
9.772200137376785278e-02
0.000000000000000000e+00
1.259086728096008301e-01
1.687101572751998901e-01
0.000000000000000000e+00
1.048963427543640137e+00
0.000000000000000000e+00
1.790725886821746826e-01
2.209468781948089600e-01
6.033653020858764648e-01
0.000000000000000000e+00
1.987960375845432281e-02
2.697727680206298828e+00
8.457181453704833984e-01
0.000000000000000000e+00
1.410232018679380417e-02
0.000000000000000000e+00
3.320711851119995117e-01
2.399890273809432983e-01
6.337253451347351074e-01
1.851898282766342163e-01
9.874702095985412598e-01
4.074156582355499268e-01
5.513772368431091309e-01
0.000000000000000000e+00
0.000000000000000000e+00
1.884152740240097046e-02
3.480403125286102295e-02
5.080103501677513123e-02
4.120837748050689697e-01
5.642750263214111328e-01
3.460754752159118652e-01
1.204696416854858398e+00
1.472885131835937500e+00
5.920104682445526123e-02
1.163466051220893860e-01
6.628050655126571655e-02
5.409098044037818909e-02
1.258506774902343750e-01
2.470869012176990509e-02
3.828729968518018723e-03
7.299596071243286133e-02
0.000000000000000000e+00
1.252022832632064819e-01
4.701482355594635010e-01
1.615966558456420898e-01
2.533682346343994141e+00
5.198861956596374512e-01
2.889967858791351318e-01
5.118439674377441406e+00
9.858565330505371094e-01
6.841834634542465210e-02
0.000000000000000000e+00
1.296207495033740997e-02
2.034735232591629028e-01
0.000000000000000000e+00
4.124810397624969482e-01
1.930440217256546021e-01
3.241617232561111450e-02
1.333725750446319580e-01
0.000000000000000000e+00
3.723368048667907715e-01
6.724029779434204102e-02
2.432555437088012695e+00
1.464590132236480713e-01
1.484319381415843964e-02
1.191946268081665039e-01
8.050578236579895020e-01
2.737610936164855957e-01
3.685450077056884766e+00
1.301851868629455566e-01
3.966129124164581299e-01
1.438720524311065674e-01
1.232620835304260254e+00
0.000000000000000000e+00
1.261150121688842773e+00
6.934803724288940430e-01
1.616372764110565186e-01
0.000000000000000000e+00
2.820607721805572510e-01
0.000000000000000000e+00
2.848324179649353027e-01
3.190928995609283447e-01
1.746527552604675293e-01
1.024339571595191956e-01
3.865044191479682922e-02
9.744901657104492188e-01
2.252869904041290283e-01
1.637337327003479004e+00
1.170758008956909180e+00
3.763879835605621338e-02
6.105346679687500000e-01
0.000000000000000000e+00
0.000000000000000000e+00
6.748889386653900146e-02
2.352621555328369141e-01
4.847056269645690918e-01
2.104032337665557861e-01
7.177676558494567871e-01
0.000000000000000000e+00
6.253172159194946289e-01
6.420128792524337769e-02
4.209866821765899658e-01
8.234829902648925781e-01
1.938240230083465576e-01
3.402948752045631409e-02
7.049332261085510254e-01
1.000100523233413696e-01
3.569951653480529785e-01
2.837409079074859619e-01
2.681500911712646484e-01
0.000000000000000000e+00
0.000000000000000000e+00
0.000000000000000000e+00
3.084661252796649933e-02
1.842491626739501953e+00
3.527155518531799316e-02
0.000000000000000000e+00
3.573453724384307861e-01
1.310179829597473145e-01
2.786017358303070068e-01
2.485491521656513214e-02
1.961691141128540039e+00
3.522790074348449707e-01
1.209176927804946899e-01
1.255300194025039673e-01
6.300112605094909668e-02
1.270832896232604980e+00
1.637736409902572632e-01
0.000000000000000000e+00
8.014732599258422852e-02
2.563603878021240234e+00
1.048470214009284973e-01
0.000000000000000000e+00
1.222962737083435059e+00
2.463983535766601562e+00
1.138664782047271729e-02
3.990700468420982361e-02
2.800311446189880371e-01
4.812101721763610840e-01
4.836159646511077881e-01
0.000000000000000000e+00
2.489121705293655396e-01
3.917217254638671875e-01
1.872431933879852295e-01
9.004736319184303284e-03
3.190013021230697632e-02
3.546532690525054932e-01
1.608669385313987732e-02
7.734958827495574951e-02
5.271531343460083008e-01
2.443471690639853477e-03
2.484866976737976074e-02
4.551848769187927246e-02
2.059477567672729492e-01
1.014053672552108765e-01
4.548229277133941650e-01
7.485835552215576172e-01
1.140332296490669250e-01
2.435173466801643372e-02
9.882675111293792725e-02
0.000000000000000000e+00
0.000000000000000000e+00
1.163662299513816833e-01
1.642153561115264893e-01
1.881712198257446289e+00
7.225282788276672363e-01
7.481803297996520996e-01
1.626200973987579346e-01
3.314507603645324707e-01
4.812572300434112549e-01
3.146262168884277344e-01
8.121376484632492065e-02
9.569250047206878662e-02
6.826644539833068848e-01
2.573525719344615936e-02
6.160510182380676270e-01
0.000000000000000000e+00
2.324156999588012695e+00
0.000000000000000000e+00
2.843208238482475281e-02
5.255349874496459961e-01
1.847062259912490845e-02
4.524130746722221375e-02
6.354279071092605591e-02
0.000000000000000000e+00
3.850992619991302490e-01
7.968994230031967163e-02
2.917879447340965271e-02
7.588559985160827637e-01
1.555931925773620605e+00
2.247096151113510132e-01
5.849685072898864746e-01
1.572267174720764160e+00
1.658987700939178467e-01
1.456438452005386353e-01
3.462261054664850235e-03
0.000000000000000000e+00
1.226986527442932129e+00
3.293772339820861816e-01
4.765179753303527832e-01
2.394537448883056641e+00
6.132679432630538940e-02
4.301199316978454590e-01
3.339442729949951172e+00
4.868608117103576660e-01
1.374335139989852905e-01
8.556149154901504517e-02
1.134511590003967285e+00
2.590082585811614990e-01
7.362927775830030441e-03
3.542481660842895508e-01
0.000000000000000000e+00
4.526468813419342041e-01
2.084329575300216675e-01
0.000000000000000000e+00
0.000000000000000000e+00
3.639023005962371826e-01
2.811125814914703369e-01
1.531869024038314819e-01
0.000000000000000000e+00
3.085828758776187897e-02
3.798731565475463867e-01
2.318736165761947632e-03
6.677476689219474792e-03
1.237230777740478516e+00
1.135057926177978516e+00
2.877499461174011230e-01
0.000000000000000000e+00
0.000000000000000000e+00
0.000000000000000000e+00
1.160413026809692383e+00
1.984504237771034241e-02
2.431979328393936157e-01
1.140413805842399597e-03
6.925086490809917450e-04
8.994310498237609863e-01
3.601796180009841919e-02
5.547353625297546387e-02
1.554583668708801270e+00
2.773247659206390381e-01
1.784939318895339966e-01
2.979411371052265167e-02
5.561130587011575699e-03
1.428594440221786499e-01
1.511441194452345371e-03
1.275870323181152344e+00
2.978760719299316406e+00
7.325980812311172485e-02
1.088260173797607422e+00
3.136660456657409668e-01
1.837327480316162109e-01
0.000000000000000000e+00
4.308289885520935059e-01
4.246470034122467041e-01
5.249829888343811035e-01
9.375428408384323120e-02
2.768669836223125458e-02
5.196537375450134277e-01
1.210244774818420410e+00
3.236598968505859375e+00
1.148026436567306519e-01
4.927319008857011795e-03
4.972796440124511719e-01
1.586076244711875916e-02
5.999871529638767242e-03
1.813452482223510742e+00
4.180664420127868652e-01
2.583053827285766602e+00
1.277173054404556751e-03
0.000000000000000000e+00
4.010248556733131409e-02
5.149394869804382324e-01
3.232279121875762939e-01
0.000000000000000000e+00
8.746004700660705566e-01
7.778018247336149216e-03
1.376945674419403076e-01
6.290620565414428711e-01
0.000000000000000000e+00
1.391499042510986328e-01
1.941720962524414062e+00
7.129026204347610474e-02
1.730675548315048218e-01
4.366146773099899292e-02
3.440459445118904114e-02
2.768832817673683167e-02
1.047649085521697998e-01
0.000000000000000000e+00
0.000000000000000000e+00
6.994413584470748901e-02
1.322349190711975098e+00
4.095331579446792603e-02
7.228588685393333435e-03
1.192744374275207520e+00
7.776662111282348633e-01
2.336891368031501770e-03
2.940978109836578369e-01
1.575323641300201416e-01
9.274315237998962402e-01
7.027484178543090820e-01
3.201303258538246155e-02
0.000000000000000000e+00
4.427343606948852539e-02
7.085624337196350098e-01
1.315393596887588501e-01
1.207776963710784912e-01
2.617078423500061035e-01
5.950588583946228027e-01
2.562357664108276367e+00
0.000000000000000000e+00
4.708637595176696777e-01
0.000000000000000000e+00
0.000000000000000000e+00
5.912116765975952148e-01
0.000000000000000000e+00
9.354625828564167023e-03
0.000000000000000000e+00
2.100966721773147583e-01
3.096057891845703125e+00
7.848346233367919922e-02
7.882449626922607422e-01
2.242357730865478516e-01
1.000327825546264648e+00
1.212890371680259705e-01
6.179729104042053223e-01
1.370712667703628540e-01
7.333678007125854492e-02
6.596709042787551880e-02
0.000000000000000000e+00
4.339676380157470703e+00
6.200328469276428223e-01
2.386068738996982574e-02
5.958814173936843872e-02
5.620454549789428711e-01
1.060099713504314423e-02
0.000000000000000000e+00
7.986729741096496582e-01
3.385327458381652832e-01
1.192368865013122559e-01
4.287430047988891602e-01
9.470090270042419434e-03
1.056194901466369629e+00
3.758536279201507568e-01
2.862256169319152832e-01
2.351032383739948273e-02
2.132369279861450195e-01
2.117352038621902466e-01
1.324314028024673462e-01
0.000000000000000000e+00
1.023086309432983398e-01
2.684494853019714355e-01
1.386090636253356934e+00
0.000000000000000000e+00
8.169395923614501953e-01
2.454410307109355927e-02
8.558535575866699219e-01
1.468015648424625397e-02
3.052799031138420105e-02
7.369391918182373047e-01
3.840030729770660400e-01
1.471907049417495728e-01
2.793424949049949646e-02
1.096215918660163879e-01
3.183364868164062500e-01
1.115013808012008667e-01
3.551298856735229492e+00
0.000000000000000000e+00
5.488527193665504456e-02
6.378486752510070801e-01
5.520544573664665222e-02
2.802031934261322021e-01
4.476885199546813965e-01
0.000000000000000000e+00
1.918139308691024780e-01
9.312010556459426880e-02
5.130009725689888000e-02
1.129919067025184631e-01
1.713926076889038086e+00
1.329165548086166382e-01
0.000000000000000000e+00
8.181883096694946289e-01
1.058272123336791992e+00
5.251162052154541016e-01
1.460046414285898209e-02
1.212489530444145203e-01
9.032074362039566040e-03
3.656241297721862793e-01
1.190026327967643738e-01
0.000000000000000000e+00
1.129330515861511230e+00
3.005214035511016846e-02
9.114995002746582031e-01
4.976287484169006348e-01
5.736668705940246582e-01
0.000000000000000000e+00
4.136160314083099365e-01
2.378481149673461914e+00
0.000000000000000000e+00
1.745426803827285767e-01
1.328644752502441406e+00
3.730557560920715332e-01
0.000000000000000000e+00
4.601457595825195312e+00
6.592639535665512085e-02
1.661349684000015259e-01
1.241018056869506836e+00
9.367077797651290894e-02
3.979016095399856567e-03
1.625823527574539185e-01
7.884454727172851562e-01
0.000000000000000000e+00
6.273131817579269409e-02
1.492305994033813477e-01
3.620770215988159180e+00
4.542383551597595215e-01
1.228847384452819824e+00
3.951920866966247559e-01
4.127505123615264893e-01
7.774665951728820801e-02
2.190233707427978516e+00
4.007829353213310242e-02
0.000000000000000000e+00
9.665070474147796631e-02
1.895877718925476074e-01
5.725074186921119690e-02
3.542561531066894531e-01
2.100112289190292358e-01
1.053494662046432495e-01
0.000000000000000000e+00
1.639556288719177246e-01
7.392559647560119629e-01
6.969043016433715820e-01
3.590311706066131592e-01
2.988040260970592499e-02
0.000000000000000000e+00
6.314945816993713379e-01
2.832257933914661407e-02
2.828870415687561035e-01
5.325356125831604004e-01
1.535270363092422485e-02
4.245383739471435547e-01
7.290042936801910400e-02
1.176926540210843086e-03
7.424858808517456055e-01
8.136298507452011108e-02
0.000000000000000000e+00
6.561454534530639648e-01
3.953263163566589355e-02
8.384659141302108765e-02
5.348161235451698303e-02
9.028772264719009399e-02
6.355522572994232178e-02
1.243237778544425964e-01
4.814774543046951294e-02
2.031483352184295654e-01
3.670931234955787659e-02
1.575546711683273315e-01
4.879221692681312561e-02
4.041717648506164551e-01
9.432950019836425781e-01
0.000000000000000000e+00
1.259838461875915527e+00
6.374453306198120117e-01
5.786688625812530518e-02
1.596896409988403320e+00
7.857007980346679688e-01
9.980364888906478882e-02
4.684646427631378174e-02
1.088645815849304199e+00
1.890775710344314575e-01
2.016549557447433472e-01
6.074742078781127930e-01
2.047503739595413208e-01
1.883142590522766113e-01
2.464290559291839600e-01
3.786125481128692627e-01
1.301981508731842041e-01
1.039363503456115723e+00
9.675206989049911499e-02
6.662208121269941330e-03
0.000000000000000000e+00
5.107641220092773438e-03
6.424416601657867432e-02
7.049600481986999512e-01
1.873036623001098633e+00
1.404791325330734253e-01
2.211353182792663574e-01
4.377599805593490601e-03
1.463226079940795898e-01
3.022186756134033203e-01
7.534430827945470810e-03
1.326610326766967773e+00
1.611582189798355103e-02
7.601287364959716797e-01
3.983349204063415527e-01
2.393837690353393555e+00
0.000000000000000000e+00
2.919412851333618164e-01
1.417550295591354370e-01
1.504654884338378906e+00
4.709664583206176758e-01
0.000000000000000000e+00
1.697002351284027100e-01
7.715116143226623535e-01
1.638581752777099609e-01
2.411670610308647156e-02
1.712192082777619362e-03
9.458526037633419037e-03
3.498581349849700928e-01
2.451699525117874146e-01
1.157170534133911133e+00
1.356903910636901855e-01
3.975209221243858337e-02
8.600699156522750854e-02
9.799204021692276001e-02
0.000000000000000000e+00
3.671298921108245850e-01
1.299982219934463501e-01
1.440591961145401001e-01
3.702839091420173645e-02
4.743544757366180420e-02
1.095471978187561035e-01
3.048183202743530273e+00
0.000000000000000000e+00
4.075354337692260742e-02
4.083067923784255981e-02
0.000000000000000000e+00
1.191843971610069275e-01
0.000000000000000000e+00
3.174750566482543945e+00
3.523345887660980225e-01
4.953446984291076660e-01
5.016667395830154419e-02
1.191292777657508850e-01
0.000000000000000000e+00
0.000000000000000000e+00
3.343189880251884460e-02
2.261358350515365601e-01
1.222423672676086426e+00
9.820611774921417236e-02
4.132182896137237549e-01
1.363026499748229980e-01
1.234965398907661438e-01
1.400392353534698486e-01
1.832368597388267517e-02
2.016054153442382812e+00
3.843325376510620117e-01
9.786334633827209473e-02
4.486259073019027710e-02
4.865299165248870850e-01
2.497729063034057617e-01
5.741390585899353027e-02
2.477859556674957275e-01
6.003861427307128906e-01
1.139662504196166992e+00
0.000000000000000000e+00
1.587240099906921387e+00
4.473312199115753174e-01
3.487768471240997314e-01
0.000000000000000000e+00
5.217315554618835449e-01
1.145653948187828064e-01
1.573857516050338745e-01
3.751421868801116943e-01
2.528220176696777344e+00
1.024297103285789490e-01
1.896078824996948242e+00
4.881079196929931641e-01
5.351622402667999268e-02
0.000000000000000000e+00
4.758996665477752686e-01
1.030616462230682373e-01
5.845545530319213867e-01
1.557187795639038086e+00
3.919263184070587158e-02
5.353089794516563416e-02
2.920042872428894043e-01
2.766307890415191650e-01
1.415046811103820801e+00
6.081802845001220703e-01
9.666369557380676270e-01
1.792550086975097656e-03
5.373611450195312500e-01
2.911736369132995605e-01
4.292907714843750000e-01
5.023161321878433228e-02
2.180822938680648804e-01
3.644379228353500366e-02
8.978381156921386719e-01
3.060871362686157227e-01
5.956815130048198625e-06
1.136158034205436707e-01
1.205551400780677795e-01
2.975129522383213043e-02
0.000000000000000000e+00
0.000000000000000000e+00
6.419797539710998535e-01
4.048581421375274658e-01
8.648811578750610352e-01
2.722958028316497803e-01
2.556748390197753906e-01
1.916642934083938599e-01
2.495743483304977417e-01
3.130953013896942139e-01
1.555533558130264282e-01
2.729638516902923584e-01
0.000000000000000000e+00
2.338334918022155762e-01
1.568964719772338867e-01
2.096099704504013062e-01
3.580574393272399902e-01
1.108500242233276367e+00
4.334492087364196777e-01
8.836679160594940186e-03
1.587038487195968628e-01
0.000000000000000000e+00
8.662513494491577148e-01
0.000000000000000000e+00
1.305803470313549042e-02
2.795644700527191162e-01
4.954547435045242310e-02
0.000000000000000000e+00
1.363657694309949875e-02
3.055953187867999077e-03
2.246884107589721680e+00
1.825996935367584229e-01
6.004628539085388184e-01
7.106751203536987305e-02
8.609955012798309326e-02
1.092470213770866394e-01
1.665922068059444427e-02
2.246490716934204102e-01
2.582270838320255280e-02
0.000000000000000000e+00
7.806129753589630127e-02
2.989609479904174805e+00
1.762498915195465088e-01
1.748283267021179199e+00
3.125145435333251953e-01
1.259559094905853271e-01
1.154205873608589172e-01
7.695500254631042480e-01
4.384382069110870361e-01
1.809864044189453125e-01
2.753181755542755127e-02
1.402154922485351562e+00
0.000000000000000000e+00
6.119402050971984863e-01
5.728155970573425293e-01
2.216869965195655823e-02
1.240273751318454742e-02
6.944486498832702637e-01
6.194416880607604980e-01
1.063957139849662781e-01
1.150659248232841492e-01
9.286310523748397827e-02
3.972142636775970459e-01
1.510035693645477295e-01
1.414808928966522217e-01
2.293736189603805542e-01
0.000000000000000000e+00
1.699147187173366547e-02
2.129613421857357025e-02
1.076007962226867676e+00
1.175874695181846619e-01
2.709346823394298553e-02
1.396218180656433105e+00
7.915056347846984863e-01
3.294599950313568115e-01
2.645393013954162598e-01
9.366329759359359741e-03
5.900706052780151367e-01
6.688545942306518555e-01
2.841530740261077881e-02
6.490018218755722046e-02
5.891945958137512207e-01
5.124929919838905334e-02
2.767861485481262207e-01
0.000000000000000000e+00
0.000000000000000000e+00
0.000000000000000000e+00
1.454395521432161331e-02
6.772250402718782425e-03
1.550426930189132690e-01
9.804417192935943604e-02
2.463936060667037964e-01
2.180009521543979645e-02
1.176145076751708984e+00
2.224223315715789795e-02
3.030773103237152100e-01
6.699068844318389893e-02
1.216761469841003418e+00
5.067267268896102905e-02
1.681008636951446533e-01
2.936527132987976074e-01
8.356899023056030273e-02
8.553674072027206421e-02
2.165675312280654907e-01
1.270938664674758911e-01
4.850688874721527100e-01
4.588737618178129196e-03
1.032242029905319214e-01
1.292077541351318359e+00
1.595236301422119141e+00
1.498670876026153564e-01
9.164562821388244629e-02
3.895691931247711182e-01
1.660062074661254883e-01
3.146333387121558189e-03
2.205326110124588013e-01
1.354218460619449615e-02
0.000000000000000000e+00
3.432368040084838867e-01
1.874392777681350708e-01
1.752753625623881817e-03
9.549233131110668182e-03
5.501522421836853027e-01
0.000000000000000000e+00
5.204318165779113770e-01
9.234239906072616577e-02
2.946477234363555908e-01
2.945043087005615234e+00
1.784551858901977539e+00
0.000000000000000000e+00
0.000000000000000000e+00
5.441782251000404358e-02
0.000000000000000000e+00
1.224876940250396729e-02
2.263734042644500732e-01
2.048087269067764282e-01
3.262377157807350159e-02
3.622143864631652832e-01
7.253259420394897461e-02
3.676122426986694336e-01
7.243817448616027832e-01
0.000000000000000000e+00
