1.615554988384246826e-01
2.548347413539886475e-01
2.009882032871246338e-01
2.957327365875244141e-01
0.000000000000000000e+00
2.728623449802398682e-01
3.838279843330383301e-01
8.537989109754562378e-02
1.945137500762939453e+00
0.000000000000000000e+00
0.000000000000000000e+00
1.559228152036666870e-01
0.000000000000000000e+00
6.561801582574844360e-02
7.720462977886199951e-03
3.041429817676544189e-01
3.423957824707031250e-01
0.000000000000000000e+00
5.193271487951278687e-02
2.680485844612121582e-01
1.050228998064994812e-02
2.226323336362838745e-01
5.358227491378784180e-01
4.052040632814168930e-03
3.122115135192871094e-01
5.016348958015441895e-01
1.361111998558044434e+00
1.112465500831604004e+00
1.023421809077262878e-01
4.093092679977416992e-01
3.552638590335845947e-01
3.874762773513793945e+00
7.836291193962097168e-01
5.179034471511840820e-01
9.102345257997512817e-02
3.360351920127868652e-02
0.000000000000000000e+00
3.284595012664794922e-01
0.000000000000000000e+00
2.013507783412933350e-01
2.147170782089233398e+00
9.135298728942871094e-01
5.784039571881294250e-02
1.133897542953491211e+00
4.986160248517990112e-02
1.288566738367080688e-01
2.829573750495910645e-01
1.630547493696212769e-01
7.060566544532775879e-02
9.445270523428916931e-03
3.658161312341690063e-02
1.324311971664428711e+00
1.314163655042648315e-01
5.674625635147094727e-01
7.069053649902343750e-01
3.641512989997863770e-01
2.304966598749160767e-01
0.000000000000000000e+00
2.993629574775695801e-01
1.676933169364929199e-01
1.987982273101806641e+00
2.841181159019470215e-01
4.698226973414421082e-02
0.000000000000000000e+00
0.000000000000000000e+00
0.000000000000000000e+00
1.280242800712585449e+00
4.501206398010253906e+00
1.708108037710189819e-01
8.367175608873367310e-02
2.414941787719726562e+00
1.362437754869461060e-01
0.000000000000000000e+00
1.289401173591613770e+00
0.000000000000000000e+00
2.294527553021907806e-02
1.908924579620361328e-01
5.253217741847038269e-02
8.514119386672973633e-01
7.603526115417480469e-03
2.741734981536865234e-01
0.000000000000000000e+00
4.463990684598684311e-03
0.000000000000000000e+00
6.037388443946838379e-01
1.112419813871383667e-01
2.319756150245666504e-02
0.000000000000000000e+00
2.716661989688873291e-02
0.000000000000000000e+00
0.000000000000000000e+00
5.580330267548561096e-03
2.249399572610855103e-02
6.949266791343688965e-02
1.000381261110305786e-01
1.719957031309604645e-02
5.037296190857887268e-02
1.502004623413085938e+00
5.487252235412597656e+00
7.305421829223632812e-01
4.885012283921241760e-02
8.461354374885559082e-01
8.689074516296386719e-01
2.418790817260742188e+00
0.000000000000000000e+00
6.084834337234497070e-01
4.769404977560043335e-02
9.814935922622680664e-02
0.000000000000000000e+00
6.411883831024169922e-01
0.000000000000000000e+00
1.504455655813217163e-01
3.265010416507720947e-01
0.000000000000000000e+00
1.038479089736938477e+00
9.822782129049301147e-02
5.072992667555809021e-02
9.985259771347045898e-01
2.606090605258941650e-01
0.000000000000000000e+00
0.000000000000000000e+00
2.410319820046424866e-02
0.000000000000000000e+00
1.232806801795959473e+00
5.833459377288818359e+00
1.683495640754699707e-01
1.813249289989471436e-02
8.991165161132812500e-01
5.370064824819564819e-02
0.000000000000000000e+00
1.541320383548736572e-01
1.759485900402069092e-01
3.876889497041702271e-02
9.881399571895599365e-03
0.000000000000000000e+00
4.617117717862129211e-02
8.174908757209777832e-01
5.347928404808044434e-02
2.172162771224975586e+00
2.602908611297607422e-01
3.845640420913696289e-01
7.736613601446151733e-02
2.383026182651519775e-01
0.000000000000000000e+00
4.480617493391036987e-02
0.000000000000000000e+00
7.639768123626708984e-01
7.552556395530700684e-01
9.302178025245666504e-02
0.000000000000000000e+00
9.446309208869934082e-01
0.000000000000000000e+00
7.690729107707738876e-03
0.000000000000000000e+00
3.445635139942169189e-01
7.182165281847119331e-04
0.000000000000000000e+00
5.530578549951314926e-03
0.000000000000000000e+00
2.808545716106891632e-02
4.752252623438835144e-02
2.646845579147338867e-01
1.093297600746154785e+00
2.891517244279384613e-02
5.813784524798393250e-02
2.881891727447509766e+00
1.841115951538085938e-02
9.385373443365097046e-02
8.838602155447006226e-02
9.543520212173461914e-01
4.223722219467163086e-01
2.835625708103179932e-01
8.534905500710010529e-03
9.019597172737121582e-01
1.576873706653714180e-03
3.723049461841583252e-01
2.087924927473068237e-01
1.064340677112340927e-02
0.000000000000000000e+00
7.816385626792907715e-01
1.280892372131347656e+00
0.000000000000000000e+00
8.017603307962417603e-02
2.961997091770172119e-01
0.000000000000000000e+00
0.000000000000000000e+00
0.000000000000000000e+00
1.571649014949798584e-01
0.000000000000000000e+00
9.618829935789108276e-03
4.774996079504489899e-03
2.291910201311111450e-01
9.814295172691345215e-02
7.605919241905212402e-02
0.000000000000000000e+00
1.785514056682586670e-01
8.120421767234802246e-01
1.416625231504440308e-01
0.000000000000000000e+00
7.391880750656127930e-01
0.000000000000000000e+00
3.863914012908935547e-01
2.396334111690521240e-01
3.865192458033561707e-02
4.770642518997192383e-02
2.162042632699012756e-02
1.663526706397533417e-02
2.320656627416610718e-01
2.924306318163871765e-02
4.211197141557931900e-03
4.169904813170433044e-02
0.000000000000000000e+00
0.000000000000000000e+00
5.929187536239624023e-01
5.169604420661926270e-01
5.005162954330444336e-01
2.759219147264957428e-02
3.528704494237899780e-02
1.687896549701690674e-01
2.051053941249847412e-01
5.613670349121093750e-01
1.110604181885719299e-01
1.363792419433593750e-01
2.355856634676456451e-02
2.903457731008529663e-02
0.000000000000000000e+00
1.457707025110721588e-02
3.205414116382598877e-01
4.338118433952331543e-01
4.205347895622253418e-01
9.933875501155853271e-02
6.496803760528564453e-01
6.891815662384033203e-01
7.312282174825668335e-02
1.037099599838256836e+00
6.648424863815307617e-01
5.604992434382438660e-02
1.609823107719421387e-02
1.816160860471427441e-03
1.070837583392858505e-02
4.684866592288017273e-02
7.859840244054794312e-02
2.603545188903808594e-01
3.300378322601318359e-01
2.394845932722091675e-01
0.000000000000000000e+00
1.558852475136518478e-02
0.000000000000000000e+00
0.000000000000000000e+00
2.243589311838150024e-01
8.818817138671875000e-01
2.634721100330352783e-01
8.121365904808044434e-01
0.000000000000000000e+00
9.151001460850238800e-03
1.173413619399070740e-01
2.780541591346263885e-02
2.386261522769927979e-02
2.969997227191925049e-01
2.543675303459167480e-01
1.869118511676788330e-01
1.399456143379211426e+00
7.331858634948730469e+00
2.183811739087104797e-02
2.253029309213161469e-02
0.000000000000000000e+00
8.454614132642745972e-02
4.150395393371582031e-01
8.369193673133850098e-01
1.452635765075683594e+00
1.785257756710052490e-01
3.753629028797149658e-01
3.563383221626281738e-02
3.759473562240600586e-01
3.617793321609497070e-02
2.501284480094909668e-01
5.659980699419975281e-02
3.275499865412712097e-02
6.913080811500549316e-02
7.172447443008422852e-02
5.046850442886352539e-01
9.367654472589492798e-02
5.584930777549743652e-01
1.135058328509330750e-01
3.239506483078002930e-01
5.062115788459777832e-01
6.184655427932739258e-01
5.671848654747009277e-01
1.527869701385498047e-01
7.144090533256530762e-01
3.867545723915100098e-01
0.000000000000000000e+00
1.253955252468585968e-02
0.000000000000000000e+00
0.000000000000000000e+00
7.399795651435852051e-01
1.049815863370895386e-01
1.026399526745080948e-02
4.675024375319480896e-02
8.405555039644241333e-03
7.941365242004394531e-01
1.414118558168411255e-01
4.238247871398925781e-01
1.200595311820507050e-02
1.101004555821418762e-01
3.758154809474945068e-01
2.653702199459075928e-01
4.596870243549346924e-01
8.820697069168090820e-01
0.000000000000000000e+00
8.190700784325599670e-03
4.057664275169372559e-01
2.233991622924804688e+00
0.000000000000000000e+00
6.224756315350532532e-02
0.000000000000000000e+00
3.259367346763610840e-01
8.699180930852890015e-02
7.417474985122680664e-01
9.950701147317886353e-02
1.693806350231170654e-01
0.000000000000000000e+00
1.152861356735229492e+00
1.430332064628601074e-01
9.841561317443847656e-01
0.000000000000000000e+00
1.984879225492477417e-01
5.252666473388671875e-01
1.543227732181549072e-01
1.637512087821960449e+00
5.516000986099243164e-01
1.869077533483505249e-01
1.902700513601303101e-01
4.228064417839050293e-02
1.049257218837738037e-01
7.344955205917358398e-02
7.656926512718200684e-01
4.849906079471111298e-03
1.473880410194396973e+00
6.740994751453399658e-02
2.153413603082299232e-03
5.201852321624755859e-01
6.156855821609497070e-01
5.617359876632690430e-01
0.000000000000000000e+00
7.488532719435170293e-05
0.000000000000000000e+00
0.000000000000000000e+00
0.000000000000000000e+00
1.719457656145095825e-01
1.761947721242904663e-01
0.000000000000000000e+00
1.978251188993453979e-01
4.990075156092643738e-02
3.026172816753387451e-01
4.035294651985168457e-01
0.000000000000000000e+00
4.010173976421356201e-01
1.811923861503601074e+00
3.057270050048828125e-01
2.266833186149597168e-01
2.766062617301940918e-01
0.000000000000000000e+00
0.000000000000000000e+00
7.804705295711755753e-03
1.794382929801940918e-02
1.479739785194396973e+00
0.000000000000000000e+00
5.156847089529037476e-02
1.841047257184982300e-01
3.888087719678878784e-02
1.820098519325256348e+00
3.812164766713976860e-03
5.493642687797546387e-01
0.000000000000000000e+00
0.000000000000000000e+00
0.000000000000000000e+00
0.000000000000000000e+00
1.365210890769958496e+00
1.120688557624816895e+00
2.850180268287658691e-01
1.287273287773132324e+00
5.435630083084106445e-01
0.000000000000000000e+00
1.686441339552402496e-02
2.446400374174118042e-01
1.653695665299892426e-02
3.976284265518188477e-01
8.942586183547973633e-01
3.765864064916968346e-03
5.720004439353942871e-02
3.476510345935821533e-01
0.000000000000000000e+00
5.277964472770690918e-02
1.049104928970336914e-01
7.058672904968261719e-01
7.215677201747894287e-02
5.891336798667907715e-01
0.000000000000000000e+00
0.000000000000000000e+00
5.639612078666687012e-01
1.786069869995117188e-01
2.312952652573585510e-02
2.884929478168487549e-01
0.000000000000000000e+00
7.903395593166351318e-02
0.000000000000000000e+00
1.244767069816589355e+00
2.677848339080810547e-01
1.576550602912902832e-01
0.000000000000000000e+00
4.781822115182876587e-02
8.859459310770034790e-02
2.230879068374633789e-01
2.351153641939163208e-01
7.930582761764526367e-01
1.618199497461318970e-01
4.962645471096038818e-01
0.000000000000000000e+00
2.065836219117045403e-03
9.050581604242324829e-02
5.616757553070783615e-03
2.628424763679504395e-02
1.618135452270507812e+00
1.393944607116281986e-03
0.000000000000000000e+00
2.660101950168609619e-01
5.314297601580619812e-02
0.000000000000000000e+00
0.000000000000000000e+00
3.542147278785705566e-01
1.734183132648468018e-01
2.994604349136352539e+00
1.410901844501495361e-01
3.372239172458648682e-01
7.828563451766967773e-02
1.353648258373141289e-03
1.683207005262374878e-01
1.600836776196956635e-02
0.000000000000000000e+00
1.327565014362335205e-01
0.000000000000000000e+00
1.346002519130706787e-01
4.572245478630065918e-02
0.000000000000000000e+00
1.491947323083877563e-01
5.784864537417888641e-03
7.820092141628265381e-02
2.478520013391971588e-02
2.209043651819229126e-01
2.418350242078304291e-02
2.050723284482955933e-01
1.474879682064056396e-01
4.795706272125244141e-01
8.840074297040700912e-04
7.987693548202514648e-01
1.549666821956634521e-01
5.190027505159378052e-02
2.548594474792480469e-01
0.000000000000000000e+00
0.000000000000000000e+00
7.454000115394592285e-01
5.787935853004455566e-02
6.660677790641784668e-01
7.051143329590559006e-03
0.000000000000000000e+00
4.165915399789810181e-02
1.150285720825195312e+00
5.095558241009712219e-02
0.000000000000000000e+00
0.000000000000000000e+00
3.366365432739257812e+00
0.000000000000000000e+00
3.909481465816497803e-01
1.551930785179138184e+00
2.556026279926300049e-01
0.000000000000000000e+00
3.701177239418029785e-02
8.009966611862182617e-01
0.000000000000000000e+00
0.000000000000000000e+00
1.210541129112243652e-01
7.175416946411132812e-01
6.781689822673797607e-02
4.581657350063323975e-01
1.978380233049392700e-01
1.696199364960193634e-02
0.000000000000000000e+00
0.000000000000000000e+00
1.910128831863403320e+00
2.642278373241424561e-01
7.546764612197875977e-02
1.013839095830917358e-01
1.425199955701828003e-01
2.899079956114292145e-02
0.000000000000000000e+00
0.000000000000000000e+00
1.179992079734802246e+00
5.026220679283142090e-01
7.266588807106018066e-01
1.317431777715682983e-01
3.306208252906799316e-01
2.610289812088012695e+00
0.000000000000000000e+00
3.716360777616500854e-02
4.616683814674615860e-03
2.474181912839412689e-02
1.376895140856504440e-02
9.099354743957519531e-01
3.517159447073936462e-02
2.074729055166244507e-01
1.049133986234664917e-01
3.117625236511230469e+00
7.953717112541198730e-01
2.276573181152343750e-01
1.783278286457061768e-01
4.155606925487518311e-01
3.060251474380493164e-01
2.792290747165679932e-01
2.076455652713775635e-01
3.175458014011383057e-01
7.641985267400741577e-02
2.194066524505615234e+00
5.338067561388015747e-02
1.489557046443223953e-02
1.959309339523315430e+00
3.645541728474199772e-04
0.000000000000000000e+00
0.000000000000000000e+00
1.494760904461145401e-02
0.000000000000000000e+00
6.835646629333496094e-01
1.629473686218261719e+00
2.576115913689136505e-02
6.957891583442687988e-01
2.343717098236083984e+00
0.000000000000000000e+00
2.168958075344562531e-02
3.148752450942993164e-01
2.422979921102523804e-01
1.697266846895217896e-02
2.509728372097015381e-01
8.912793159484863281e+00
3.189157322049140930e-02
1.339799016714096069e-01
1.655376315116882324e+00
2.842708826065063477e-01
1.317959129810333252e-01
8.987525850534439087e-02
1.330718398094177246e+00
1.341301500797271729e-01
1.207671687006950378e-01
4.164264723658561707e-02
4.429224133491516113e-02
1.048600301146507263e-01
1.865721344947814941e-01
4.964387975633144379e-03
4.090978205204010010e-01
0.000000000000000000e+00
8.824033290147781372e-02
1.123052000999450684e+00
8.991549164056777954e-02
7.320968434214591980e-03
4.575868844985961914e-01
2.798775769770145416e-02
1.477556973695755005e-01
5.528749432414770126e-03
3.600082919001579285e-02
2.542620338499546051e-02
5.579138398170471191e-01
1.213728915899991989e-02
4.330175742506980896e-02
3.095560967922210693e-01
1.519913133233785629e-02
2.125410363078117371e-02
5.572548508644104004e-02
7.744171470403671265e-02
1.405526995658874512e-01
9.208226576447486877e-03
1.446978002786636353e-01
0.000000000000000000e+00
4.572553932666778564e-01
4.592877626419067383e-02
9.341102242469787598e-01
0.000000000000000000e+00
5.467808842658996582e-01
1.045473441481590271e-01
2.579240798950195312e-01
4.731563091278076172e+00
1.756734251976013184e-01
0.000000000000000000e+00
4.788925647735595703e-01
5.046804547309875488e-01
1.176941022276878357e-02
9.348836541175842285e-02
2.323959954082965851e-02
3.828243315219879150e-01
0.000000000000000000e+00
1.181069090962409973e-01
3.317531570792198181e-02
4.231380522251129150e-01
3.418400883674621582e-02
1.315270960330963135e-01
9.769176840782165527e-01
1.092231035232543945e+00
0.000000000000000000e+00
2.662150561809539795e-02
1.476478725671768188e-01
1.304084897041320801e+00
3.138671163469552994e-04
7.269586324691772461e-01
2.386056184768676758e-01
3.196298182010650635e-01
1.664197631180286407e-02
6.546153128147125244e-02
7.011581063270568848e-01
1.064679384231567383e+00
4.985629115253686905e-03
0.000000000000000000e+00
1.167174577713012695e-01
5.002575516700744629e-01
1.308827757835388184e+00
1.409618258476257324e+00
2.536647617816925049e-01
9.920112788677215576e-02
2.977457828819751740e-02
3.947186283767223358e-03
5.134767293930053711e-01
0.000000000000000000e+00
9.031052468344569206e-04
0.000000000000000000e+00
4.209585785865783691e-01
1.666969154030084610e-03
1.027978211641311646e-01
5.727081373333930969e-02
4.935774505138397217e-01
1.208501830697059631e-01
3.485279083251953125e-01
3.872309625148773193e-01
3.904180228710174561e-01
2.450527250766754150e-01
1.931805014610290527e+00
8.196130394935607910e-03
2.110292017459869385e-01
6.445014476776123047e-02
0.000000000000000000e+00
7.090179133228957653e-04
6.026627030223608017e-03
9.861820377409458160e-03
1.011453848332166672e-02
4.966160655021667480e-02
7.648218870162963867e-01
6.825497001409530640e-02
1.574596524238586426e+00
5.845056101679801941e-02
1.181451916694641113e+00
1.801159419119358063e-02
0.000000000000000000e+00
5.217187106609344482e-02
7.888677120208740234e-01
2.509339570999145508e+00
5.607624053955078125e-01
3.925704956054687500e-01
0.000000000000000000e+00
0.000000000000000000e+00
0.000000000000000000e+00
3.069753646850585938e+00
1.814891099929809570e-01
1.124375313520431519e-01
1.042958814650774002e-02
0.000000000000000000e+00
4.522606134414672852e-01
5.939858499914407730e-03
1.770707666873931885e-01
0.000000000000000000e+00
2.871763110160827637e-01
1.523309797048568726e-01
0.000000000000000000e+00
3.777060985565185547e+00
0.000000000000000000e+00
3.517404794692993164e-01
9.474579244852066040e-03
0.000000000000000000e+00
5.855805277824401855e-01
1.244497179985046387e+00
8.516772091388702393e-02
0.000000000000000000e+00
2.714661657810211182e-01
1.898824870586395264e-01
2.805877290666103363e-02
6.846947968006134033e-02
2.321575731039047241e-01
7.038155570626258850e-03
2.951543219387531281e-02
4.855199456214904785e-01
6.027210950851440430e-01
0.000000000000000000e+00
1.459063053131103516e+00
1.635604649782180786e-01
1.952495612204074860e-02
2.400463670492172241e-01
7.253435999155044556e-02
0.000000000000000000e+00
3.126552700996398926e-01
3.609759211540222168e-01
9.707535803318023682e-02
2.174537032842636108e-01
3.619869425892829895e-02
1.498361956328153610e-02
1.783219575881958008e+00
7.497543096542358398e-01
6.457805037498474121e-01
0.000000000000000000e+00
5.479746311902999878e-02
0.000000000000000000e+00
1.485027559101581573e-02
1.840446889400482178e-02
3.762673214077949524e-02
1.513345688581466675e-01
2.241259627044200897e-02
2.998351752758026123e-01
1.420036144554615021e-02
2.642112784087657928e-02
2.286774516105651855e-01
7.649176716804504395e-01
1.766438363119959831e-04
3.750399872660636902e-02
1.719689667224884033e-01
2.748032510280609131e-01
2.882395386695861816e-01
2.350849658250808716e-01
4.456075429916381836e-01
0.000000000000000000e+00
3.562587261199951172e+00
1.523453891277313232e-01
0.000000000000000000e+00
1.163585633039474487e-01
8.284708857536315918e-01
1.638625562191009521e-02
0.000000000000000000e+00
1.865464329719543457e+00
1.575010418891906738e-01
1.858449429273605347e-01
4.527717083692550659e-02
7.954991608858108521e-02
8.989844918251037598e-01
1.864898800849914551e+00
6.947489827871322632e-02
1.794421076774597168e-01
1.360381841659545898e-01
3.414590656757354736e-02
2.592872858047485352e+00
4.402329027652740479e-02
3.030563890933990479e-01
1.527494844049215317e-02
2.559627294540405273e-01
0.000000000000000000e+00
0.000000000000000000e+00
2.377689361572265625e+00
4.026082754135131836e-01
3.844796447083353996e-03
1.801326125860214233e-01
1.345393508672714233e-01
5.077227950096130371e-02
5.175495743751525879e-01
3.534432500600814819e-03
9.702103561721742153e-04
1.081377360969781876e-02
3.215700685977935791e-01
2.114790678024291992e-01
1.874599903821945190e-01
1.630710512399673462e-01
4.058931171894073486e-01
4.711109772324562073e-02
1.041260827332735062e-02
5.844358205795288086e-01
1.172371029853820801e+00
5.560688376426696777e-01
5.544794201850891113e-01
3.148814141750335693e-01
2.323690801858901978e-03
1.539137661457061768e-01
2.499988675117492676e-01
2.425445802509784698e-02
4.252972006797790527e-01
0.000000000000000000e+00
5.165261030197143555e-01
1.086568161845207214e-01
3.248499035835266113e-01
2.204294204711914062e-01
2.871919870376586914e-01
3.054322004318237305e-01
2.916966564953327179e-02
0.000000000000000000e+00
9.266862273216247559e-02
6.044461131095886230e-01
1.744829863309860229e-01
3.684266656637191772e-02
5.911308526992797852e-02
1.585657596588134766e-01
3.385787606239318848e-01
5.934338569641113281e-01
5.152441263198852539e-01
2.233745455741882324e-01
0.000000000000000000e+00
6.870482116937637329e-02
6.907843053340911865e-02
1.658112764358520508e+00
7.538171857595443726e-02
5.618085861206054688e-01
0.000000000000000000e+00
8.818146586418151855e-02
3.594067692756652832e-02
3.223434686660766602e-01
5.781950429081916809e-02
0.000000000000000000e+00
0.000000000000000000e+00
1.682519763708114624e-01
3.101255595684051514e-01
0.000000000000000000e+00
3.865961357951164246e-02
1.650824546813964844e+00
3.215906675904989243e-03
4.621335119009017944e-02
6.279285430908203125e+00
1.838594488799571991e-02
0.000000000000000000e+00
0.000000000000000000e+00
0.000000000000000000e+00
6.909309029579162598e-01
0.000000000000000000e+00
1.559750288724899292e-01
0.000000000000000000e+00
7.227969169616699219e-01
4.924616590142250061e-02
6.915812939405441284e-02
0.000000000000000000e+00
0.000000000000000000e+00
6.076259166002273560e-02
5.952805280685424805e-01
0.000000000000000000e+00
7.603182643651962280e-02
2.055823057889938354e-01
4.483324885368347168e-01
4.708332121372222900e-01
4.051220118999481201e-01
3.696807622909545898e-01
6.572026759386062622e-02
5.771353840827941895e-01
6.058724597096443176e-03
3.554206788539886475e-01
0.000000000000000000e+00
2.596987187862396240e-01
8.603493683040142059e-03
2.016975283622741699e-01
1.517116129398345947e-01
8.248401805758476257e-03
2.422550767660140991e-01
5.224508047103881836e-01
9.539256095886230469e-01
8.182502537965774536e-02
4.874947015196084976e-03
7.166860699653625488e-01
5.721518993377685547e-01
1.046840906143188477e+00
8.892403244972229004e-01
2.691811919212341309e-01
2.348453737795352936e-02
7.909901323728263378e-04
2.675372660160064697e-01
1.666898131370544434e-01
1.533029824495315552e-01
5.419667959213256836e-01
0.000000000000000000e+00
0.000000000000000000e+00
1.372358053922653198e-01
2.093515843152999878e-01
3.371833562850952148e-01
1.185946166515350342e-01
1.143019720911979675e-01
0.000000000000000000e+00
1.976617276668548584e-01
9.038861840963363647e-03
2.542830109596252441e-01
8.880708366632461548e-02
1.002615332603454590e+00
6.929383147507905960e-03
1.214416861534118652e+00
2.199728228151798248e-02
2.861979231238365173e-02
4.870488867163658142e-02
6.087736785411834717e-02
4.068605899810791016e-01
9.937697090208530426e-03
1.626121997833251953e-01
8.029125928878784180e-01
1.092455983161926270e+00
5.669609829783439636e-02
7.354763031005859375e+00
4.890111088752746582e-02
1.806170865893363953e-02
1.261262297630310059e+00
6.026331335306167603e-02
1.032685488462448120e-01
1.032642796635627747e-01
0.000000000000000000e+00
4.005672335624694824e-01
2.423857301473617554e-01
5.789783969521522522e-02
0.000000000000000000e+00
0.000000000000000000e+00
4.599851369857788086e-02
6.861438155174255371e-01
7.726379632949829102e-01
7.628852725028991699e-01
6.647933721542358398e-01
0.000000000000000000e+00
8.583769202232360840e-02
3.119957745075225830e-01
0.000000000000000000e+00
1.317477971315383911e-01
1.040440320968627930e+00
0.000000000000000000e+00
2.237569540739059448e-02
3.235398558899760246e-03
9.707647562026977539e-01
7.530481219291687012e-01
4.810962826013565063e-02
4.016709625720977783e-01
2.696468830108642578e-01
3.100514598190784454e-02
3.015891015529632568e-01
4.897655919194221497e-02
4.004405736923217773e-01
1.324930191040039062e+00
5.711933970451354980e-01
0.000000000000000000e+00
1.800194531679153442e-01
2.371088601648807526e-02
3.469142913818359375e-01
0.000000000000000000e+00
5.192547291517257690e-02
5.923179164528846741e-02
0.000000000000000000e+00
1.139185190200805664e+00
0.000000000000000000e+00
8.001946657896041870e-02
3.575352951884269714e-02
2.816565632820129395e-01
2.504504323005676270e-01
1.541881915181875229e-02
0.000000000000000000e+00
8.721618913114070892e-03
0.000000000000000000e+00
2.690357863903045654e-01
5.708368420600891113e-01
6.630018353462219238e-01
0.000000000000000000e+00
1.126657202839851379e-01
5.998693108558654785e-01
2.911484241485595703e-01
3.835059702396392822e-02
8.923906087875366211e-01
1.941104382276535034e-01
0.000000000000000000e+00
1.726641893386840820e+00
4.107702895998954773e-02
8.403373360633850098e-01
7.593498826026916504e-01
1.128596067428588867e-01
1.391350388526916504e+00
2.112318992614746094e+00
9.845975786447525024e-02
3.190917670726776123e-01
1.532586477696895599e-02
5.698490142822265625e-01
2.211966991424560547e+00
0.000000000000000000e+00
0.000000000000000000e+00
2.121914476156234741e-01
1.059130907058715820e+00
1.196079999208450317e-01
0.000000000000000000e+00
2.220402508974075317e-01
5.221562832593917847e-02
1.285779476165771484e+00
2.358528040349483490e-02
3.608058094978332520e-01
3.360011056065559387e-02
4.507017433643341064e-01
1.678938567638397217e-01
3.741060569882392883e-02
0.000000000000000000e+00
5.234484672546386719e-01
8.500858396291732788e-02
0.000000000000000000e+00
1.559206936508417130e-02
0.000000000000000000e+00
6.418770551681518555e-02
3.206104755401611328e+00
4.280859470367431641e+00
1.781468652188777924e-02
1.627654023468494415e-02
5.544031038880348206e-02
2.841112315654754639e-01
1.656523346900939941e-01
5.088278092443943024e-03
5.272010713815689087e-02
3.156967461109161377e-02
2.641395032405853271e-01
1.403802186250686646e-01
0.000000000000000000e+00
0.000000000000000000e+00
0.000000000000000000e+00
5.150461196899414062e+00
1.076494306325912476e-01
0.000000000000000000e+00
0.000000000000000000e+00
8.441526293754577637e-01
2.156559944152832031e+00
4.595348536968231201e-01
1.556812047958374023e+00
0.000000000000000000e+00
5.544163659214973450e-02
1.679502427577972412e-01
1.697896979749202728e-02
1.314677447080612183e-01
7.540166378021240234e-02
2.055772840976715088e-01
0.000000000000000000e+00
0.000000000000000000e+00
4.828419070690870285e-03
3.341623544692993164e-01
0.000000000000000000e+00
1.522804796695709229e-02
4.744915068149566650e-01
3.785422816872596741e-02
0.000000000000000000e+00
0.000000000000000000e+00
1.908429525792598724e-02
0.000000000000000000e+00
4.306217283010482788e-02
5.370173454284667969e-01
4.557653963565826416e-01
1.043869927525520325e-01
6.883347034454345703e-02
5.360649432986974716e-03
3.303689062595367432e-01
7.739198207855224609e-02
3.589317202568054199e-01
7.839624881744384766e-01
2.165120244026184082e-01
7.609993219375610352e-02
4.920901060104370117e-01
9.913647174835205078e-02
8.005905151367187500e-02
9.595861434936523438e-01
8.132433891296386719e-01
4.741419479250907898e-02
1.651859432458877563e-01
0.000000000000000000e+00
4.929544031620025635e-01
1.386009901762008667e-01
7.689921557903289795e-02
1.000545844435691833e-01
3.935474455356597900e-01
0.000000000000000000e+00
5.059180855751037598e-01
2.883800566196441650e-01
1.342492848634719849e-01
5.791626572608947754e-01
2.145652770996093750e-01
1.308885097503662109e+00
2.546642422676086426e-01
7.948118448257446289e-01
1.111595705151557922e-02
1.214061379432678223e+00
2.515482306480407715e-01
5.963317155838012695e-01
2.244995981454849243e-01
4.807497859001159668e-01
2.200589142739772797e-02
1.580843031406402588e-01
1.690934300422668457e-01
1.508286315947771072e-02
1.127258986234664917e-01
0.000000000000000000e+00
8.509091287851333618e-02
1.009013280272483826e-01
6.717964261770248413e-02
1.405059695243835449e+00
3.191716372966766357e-01
6.557026505470275879e-02
0.000000000000000000e+00
2.706600585952401161e-03
5.920118838548660278e-02
0.000000000000000000e+00
3.272500634193420410e-02
3.839705139398574829e-02
0.000000000000000000e+00
2.074484676122665405e-01
0.000000000000000000e+00
0.000000000000000000e+00
5.001067519187927246e-01
1.924615651369094849e-01
2.032016068696975708e-01
2.961119413375854492e-01
0.000000000000000000e+00
2.571108937263488770e-02
8.892337977886199951e-02
9.386068582534790039e-01
5.777371674776077271e-02
1.766502670943737030e-02
6.631922125816345215e-01
7.580868601799011230e-01
1.672181300818920135e-02
5.930693820118904114e-02
8.890950083732604980e-01
1.801500469446182251e-01
4.659163765609264374e-03
2.467056177556514740e-02
3.750393167138099670e-02
1.212859433144330978e-02
6.760201454162597656e-01
8.473156690597534180e-01
9.465115666389465332e-01
1.842233687639236450e-01
1.532516032457351685e-01
1.427218616008758545e-01
2.041510194540023804e-01
2.000487148761749268e-01
1.299565136432647705e-01
0.000000000000000000e+00
3.786619901657104492e-01
6.714936345815658569e-02
5.120370388031005859e-01
2.719978392124176025e-01
5.946130752563476562e-01
2.001038566231727600e-02
2.515148930251598358e-02
2.962600998580455780e-02
7.618928700685501099e-02
1.459503918886184692e-01
7.495960593223571777e-02
0.000000000000000000e+00
0.000000000000000000e+00
0.000000000000000000e+00
2.327526211738586426e-01
3.830956518650054932e-01
3.060952126979827881e-01
4.231105744838714600e-01
3.447925150394439697e-01
1.179393172264099121e+00
1.573605388402938843e-01
1.912729814648628235e-02
0.000000000000000000e+00
3.489739447832107544e-02
1.369698718190193176e-02
2.261812984943389893e-01
1.661220490932464600e-01
0.000000000000000000e+00
7.606399655342102051e-01
2.524217367172241211e-01
0.000000000000000000e+00
2.560147258918732405e-04
0.000000000000000000e+00
2.012472040951251984e-02
9.965386986732482910e-02
1.380823731422424316e+00
0.000000000000000000e+00
1.904598325490951538e-01
9.803151339292526245e-02
6.471744924783706665e-02
0.000000000000000000e+00
1.208608504384756088e-02
2.994104288518428802e-03
8.366750478744506836e-01
5.635116621851921082e-02
1.028216257691383362e-01
0.000000000000000000e+00
5.393184348940849304e-02
2.711802907288074493e-02
1.121069788932800293e-01
1.268400438129901886e-02
2.679058074951171875e+00
0.000000000000000000e+00
1.094285011291503906e+00
9.222678542137145996e-01
1.027409195899963379e+00
0.000000000000000000e+00
2.439931407570838928e-02
1.545814275741577148e-01
1.499574072659015656e-02
1.706988215446472168e-01
0.000000000000000000e+00
7.672927975654602051e-01
3.726100549101829529e-02
1.203497573733329773e-01
4.383842945098876953e-01
8.199412375688552856e-03
1.622426956892013550e-01
0.000000000000000000e+00
2.096572071313858032e-01
3.583094337955117226e-03
1.708870679140090942e-01
1.139977872371673584e-01
2.410668134689331055e-01
1.059796810150146484e+00
0.000000000000000000e+00
2.352568954229354858e-01
2.747845649719238281e-01
0.000000000000000000e+00
1.283572018146514893e-01
0.000000000000000000e+00
3.399966061115264893e-01
8.271579444408416748e-02
6.538352966308593750e-01
2.125253826379776001e-01
2.635710835456848145e-01
7.267463207244873047e-01
8.306232094764709473e-01
1.037613600492477417e-01
6.196718692779541016e+00
4.253064393997192383e-01
0.000000000000000000e+00
3.437193930149078369e-01
8.263823390007019043e-02
0.000000000000000000e+00
8.444857597351074219e-01
6.938184052705764771e-02
2.117307186126708984e-01
1.554046105593442917e-02
1.055387128144502640e-02
1.392045617103576660e-01
1.004780888557434082e+00
9.581433534622192383e-01
3.289261460304260254e-02
1.174381151795387268e-01
4.619329869747161865e-01
1.311435550451278687e-02
9.976806491613388062e-02
6.061906814575195312e-01
2.732367813587188721e-01
4.915632903575897217e-01
1.415546797215938568e-02
2.262797951698303223e-02
0.000000000000000000e+00
0.000000000000000000e+00
3.761693462729454041e-02
9.709043800830841064e-02
1.103668883442878723e-01
2.614249587059020996e-01
7.421381771564483643e-02
1.106393575668334961e+00
1.433167420327663422e-02
1.599449813365936279e-01
2.752099633216857910e-01
2.578199096024036407e-02
1.537268282845616341e-03
1.075152397155761719e+00
6.575517356395721436e-02
7.328478246927261353e-02
4.251510798931121826e-01
3.551467895507812500e+00
1.051971316337585449e-01
9.835771284997463226e-03
0.000000000000000000e+00
1.563657760620117188e+00
8.654224872589111328e-02
1.336317777633666992e+00
0.000000000000000000e+00
3.936449587345123291e-01
3.170333057641983032e-02
2.459896504878997803e-01
1.339646130800247192e-01
7.297546267509460449e-01
0.000000000000000000e+00
4.475982189178466797e-01
4.566661834716796875e+00
9.819985181093215942e-02
0.000000000000000000e+00
1.315285414457321167e-01
5.074172616004943848e-01
0.000000000000000000e+00
4.347205162048339844e-01
2.823436446487903595e-02
9.404642507433891296e-03
2.815980315208435059e-01
1.608488410711288452e-01
3.981118276715278625e-02
3.839582204818725586e-02
0.000000000000000000e+00
4.819645732641220093e-02
4.033590853214263916e-01
1.749627590179443359e-01
0.000000000000000000e+00
3.039763867855072021e-01
3.574788197875022888e-02
5.426608957350254059e-03
0.000000000000000000e+00
0.000000000000000000e+00
2.540588974952697754e-01
3.128568530082702637e-01
2.025832980871200562e-01
1.428355462849140167e-02
4.030101117677986622e-04
1.912231184542179108e-02
0.000000000000000000e+00
1.021278798580169678e-01
9.782502055168151855e-02
0.000000000000000000e+00
2.572238445281982422e-03
1.965745538473129272e-02
1.077059730887413025e-01
0.000000000000000000e+00
2.619721367955207825e-02
3.946101069450378418e-01
9.313593059778213501e-02
1.123366039246320724e-02
1.466380357742309570e-01
0.000000000000000000e+00
0.000000000000000000e+00
9.707371145486831665e-02
0.000000000000000000e+00
2.278915643692016602e-01
1.647572278976440430e+00
8.450503945350646973e-01
4.477916751056909561e-03
3.740828633308410645e-01
0.000000000000000000e+00
2.397372387349605560e-03
7.995693944394588470e-03
1.430324465036392212e-01
3.774144053459167480e-01
0.000000000000000000e+00
5.428692817687988281e+00
2.434317022562026978e-02
4.378434419631958008e-01
1.560356654226779938e-02
1.540895253419876099e-01
1.121441181749105453e-02
1.304512144997715950e-03
1.732476651668548584e-01
1.787287473678588867e+00
1.808746457099914551e-01
5.316727161407470703e-01
2.139966189861297607e-01
7.409853339195251465e-01
2.430441081523895264e-01
2.354756183922290802e-02
6.843200325965881348e-01
1.011123433709144592e-01
5.221311375498771667e-02
1.290626078844070435e-01
1.166187971830368042e-01
8.460487723350524902e-01
9.876062273979187012e-01
2.847818374633789062e+00
2.078126072883605957e-01
4.498536586761474609e-01
2.114609815180301666e-02
2.223659753799438477e-01
3.338876366615295410e-01
5.097920894622802734e-01
6.736986041069030762e-01
1.529115438461303711e-01
1.219911966472864151e-02
3.901355981826782227e+00
2.351661622524261475e-01
3.955313004553318024e-03
5.495800375938415527e-01
8.127094805240631104e-02
6.046747788786888123e-02
1.038022756576538086e+00
4.956701025366783142e-02
6.796216964721679688e-01
2.364201843738555908e-01
1.545044314116239548e-02
2.484388589859008789e+00
1.216187000274658203e+00
0.000000000000000000e+00
2.276552170515060425e-01
2.583256065845489502e-01
8.833200335502624512e-01
0.000000000000000000e+00
5.361206531524658203e-01
5.614650435745716095e-03
0.000000000000000000e+00
1.936582773923873901e-01
5.143258348107337952e-02
1.449771672487258911e-01
3.841073811054229736e-01
8.227620124816894531e-01
2.601481974124908447e-01
8.071457147598266602e-01
0.000000000000000000e+00
6.125980615615844727e-02
1.300547242164611816e+00
0.000000000000000000e+00
6.946544349193572998e-02
0.000000000000000000e+00
3.727984130382537842e-01
1.324036270380020142e-01
3.518572747707366943e-01
1.224041938781738281e+00
4.053376674652099609e+00
2.517012134194374084e-02
4.507559817284345627e-03
4.374493658542633057e-01
6.953720934689044952e-03
2.613354288041591644e-02
0.000000000000000000e+00
3.073903918266296387e-01
4.434601962566375732e-01
0.000000000000000000e+00
2.845695056021213531e-02
3.417885676026344299e-02
7.813456654548645020e-02
1.712245702743530273e+00
3.814852610230445862e-02
6.318626459687948227e-03
3.308243751525878906e-01
3.341488540172576904e-02
8.651604652404785156e-01
2.211445093154907227e+00
2.591329216957092285e-01
4.348376989364624023e-01
0.000000000000000000e+00
2.472511306405067444e-02
7.057825475931167603e-02
2.279077190905809402e-03
1.269328594207763672e-01
2.626703679561614990e-01
2.698782980442047119e-01
2.420443058013916016e+00
4.690774917602539062e+00
9.371744841337203979e-02
1.767030000686645508e+00
1.886733919382095337e-01
4.387479126453399658e-01
0.000000000000000000e+00
0.000000000000000000e+00
3.932545334100723267e-02
1.346352696418762207e-01
3.697002306580543518e-02
4.659142810851335526e-03
7.262595295906066895e-01
0.000000000000000000e+00
6.503962725400924683e-02
0.000000000000000000e+00
0.000000000000000000e+00
3.608379513025283813e-02
0.000000000000000000e+00
1.283566653728485107e-01
1.331681609153747559e-01
3.626504242420196533e-01
4.627976100891828537e-03
1.763485074043273926e+00
1.762112043797969818e-02
2.830531597137451172e-01
4.296647384762763977e-02
5.275010690093040466e-02
2.665908634662628174e-01
1.380844593048095703e+00
8.954217284917831421e-02
0.000000000000000000e+00
0.000000000000000000e+00
8.709423243999481201e-02
1.895388364791870117e-01
9.752444028854370117e-01
1.160422444343566895e+00
1.468318104743957520e-01
8.160559460520744324e-03
9.891694935504347086e-05
3.802231699228286743e-02
6.756443977355957031e-01
2.405086308717727661e-01
3.823498636484146118e-02
6.588225066661834717e-02
0.000000000000000000e+00
1.916026622056961060e-01
6.017573177814483643e-02
3.930263817310333252e-01
4.913253337144851685e-02
0.000000000000000000e+00
1.318762063980102539e+00
0.000000000000000000e+00
1.355090886354446411e-01
8.606501668691635132e-02
9.311864525079727173e-02
2.190070897340774536e-01
1.089547753334045410e+00
0.000000000000000000e+00
4.972010254859924316e-01
2.735411226749420166e-01
2.098687410354614258e+00
8.956419676542282104e-02
6.076803803443908691e-02
1.396527141332626343e-01
4.756797552108764648e-01
1.690298318862915039e-01
8.176202774047851562e-01
1.496051073074340820e+00
8.194912672042846680e-01
2.815747559070587158e-01
7.933731190860271454e-03
1.262159794569015503e-01
9.194028973579406738e-01
1.777116358280181885e-01
8.682464808225631714e-02
8.657994866371154785e-01
5.169738531112670898e-01
3.436381340026855469e+00
5.514428392052650452e-02
0.000000000000000000e+00
6.856366991996765137e-02
8.340505361557006836e-01
1.209376931190490723e+00
0.000000000000000000e+00
2.728595025837421417e-02
4.805431514978408813e-02
1.496560573577880859e+00
2.690657377243041992e-01
1.464745700359344482e-01
6.091364473104476929e-02
7.895153760910034180e-01
2.915710806846618652e-01
3.886226937174797058e-02
0.000000000000000000e+00
3.644066751003265381e-01
1.450682759284973145e+00
1.476443260908126831e-01
1.191551834344863892e-01
5.459126234054565430e-01
0.000000000000000000e+00
0.000000000000000000e+00
9.429624304175376892e-03
4.928313568234443665e-02
1.297404337674379349e-02
7.398605346679687500e-02
1.916184276342391968e-01
9.741728752851486206e-02
5.584721267223358154e-02
3.800871595740318298e-02
6.553499102592468262e-01
2.371904850006103516e-01
4.432177916169166565e-02
7.160804700106382370e-03
8.181919455528259277e-01
0.000000000000000000e+00
5.580385684967041016e+00
3.441417589783668518e-02
8.660340681672096252e-03
9.537709504365921021e-02
0.000000000000000000e+00
1.325185596942901611e-01
2.522757351398468018e-01
5.801523104310035706e-02
3.490360826253890991e-02
0.000000000000000000e+00
7.406403064727783203e+00
8.915954828262329102e-02
1.820196211338043213e-01
1.361704915761947632e-01
2.249565720558166504e-01
2.065227739512920380e-02
3.200377225875854492e-01
1.259380578994750977e-01
5.108563899993896484e-01
2.087841480970382690e-01
2.581970691680908203e-01
0.000000000000000000e+00
1.219604760408401489e-01
8.241446614265441895e-01
2.123382091522216797e-01
1.050610244274139404e-01
7.094155251979827881e-02
1.008254289627075195e-01
0.000000000000000000e+00
1.640861853957176208e-02
3.688199073076248169e-02
3.579764962196350098e-01
7.679142057895660400e-02
0.000000000000000000e+00
2.981609106063842773e-01
1.650876253843307495e-01
1.355616375803947449e-03
1.205858513712882996e-01
4.252453148365020752e-01
7.733004633337259293e-03
6.632281541824340820e-01
2.558592259883880615e-01
2.448683418333530426e-02
6.665694713592529297e-02
1.187596678733825684e+00
9.472421556711196899e-02
2.887662351131439209e-01
6.705873608589172363e-01
7.177012506872415543e-03
0.000000000000000000e+00
1.004135981202125549e-01
0.000000000000000000e+00
7.960019111633300781e-01
0.000000000000000000e+00
0.000000000000000000e+00
4.786733537912368774e-02
1.234757080674171448e-01
1.106847636401653290e-02
9.592884778976440430e-02
9.454490989446640015e-02
1.103042513132095337e-01
5.968198180198669434e-02
0.000000000000000000e+00
3.318078815937042236e-02
9.628020524978637695e-01
2.192115783691406250e+00
3.413487434387207031e+00
7.343538105487823486e-02
2.226546555757522583e-01
3.154695332050323486e-01
1.827030442655086517e-02
7.360054552555084229e-02
4.703260958194732666e-02
3.695147037506103516e-01
5.807740092277526855e-01
4.138144254684448242e-01
6.725731492042541504e-02
2.202307581901550293e-01
2.183190882205963135e-01
1.952884793281555176e-01
6.771767139434814453e-02
1.998281031847000122e-01
5.450333282351493835e-02
2.374964393675327301e-02
9.754374623298645020e-02
5.184635892510414124e-02
0.000000000000000000e+00
1.743497326970100403e-02
0.000000000000000000e+00
1.694294810295104980e-02
4.053657352924346924e-01
0.000000000000000000e+00
3.180924803018569946e-02
7.216835021972656250e-01
0.000000000000000000e+00
2.950741648674011230e-01
4.738016724586486816e-01
2.239417076110839844e+00
1.831584423780441284e-01
7.868169546127319336e-01
1.611226648092269897e-01
1.841557919979095459e-01
1.213323697447776794e-01
1.617525145411491394e-02
4.184669349342584610e-03
1.759809404611587524e-01
6.112442165613174438e-02
2.489389926195144653e-01
0.000000000000000000e+00
1.594961583614349365e-01
0.000000000000000000e+00
8.180320858955383301e-01
1.400606036186218262e-01
4.158504307270050049e-03
6.359837949275970459e-02
9.253644347190856934e-01
1.107157230377197266e+00
2.187661081552505493e-01
9.357429295778274536e-02
4.943443927913904190e-03
1.092639286071062088e-02
1.047901585698127747e-01
2.622208744287490845e-02
1.121148690581321716e-01
3.813035786151885986e-02
0.000000000000000000e+00
3.747590482234954834e-01
8.000183850526809692e-02
1.506210118532180786e-01
6.383365392684936523e-02
1.361894607543945312e-01
4.617358744144439697e-02
1.007800221443176270e+00
2.106859721243381500e-02
2.381732314825057983e-01
5.205464363098144531e-01
0.000000000000000000e+00
2.912149429321289062e+00
7.517929673194885254e-01
2.207147628068923950e-01
2.840718328952789307e-01
2.426940351724624634e-01
1.015766263008117676e-01
0.000000000000000000e+00
0.000000000000000000e+00
8.693943917751312256e-02
0.000000000000000000e+00
1.795933395624160767e-01
2.830426096916198730e-01
9.858848899602890015e-02
2.835539579391479492e-01
2.928249835968017578e-01
1.315576732158660889e-01
3.768708407878875732e-01
1.148464083671569824e-01
0.000000000000000000e+00
0.000000000000000000e+00
1.624933257699012756e-02
3.470165133476257324e-01
3.072816319763660431e-02
2.843003869056701660e-01
2.161392718553543091e-01
4.450561404228210449e-01
2.951544523239135742e-01
0.000000000000000000e+00
6.741907913237810135e-03
2.411070019006729126e-01
3.194178104400634766e+00
4.165269806981086731e-02
1.439313497394323349e-02
1.512063741683959961e+00
2.499197423458099365e-01
3.461180999875068665e-02
0.000000000000000000e+00
5.434701219201087952e-02
1.269301623106002808e-01
6.298291683197021484e-01
4.527680203318595886e-02
5.712907910346984863e-01
3.406776487827301025e-01
9.987577795982360840e-02
0.000000000000000000e+00
2.808639705181121826e-01
4.227923229336738586e-02
0.000000000000000000e+00
9.556292742490768433e-02
1.348440170288085938e+00
4.205408319830894470e-02
8.681569993495941162e-02
3.335636556148529053e-01
0.000000000000000000e+00
3.811693787574768066e-01
1.360754296183586121e-02
1.075123548507690430e-01
1.469904277473688126e-02
1.973485797643661499e-01
1.191207766532897949e-01
2.731387317180633545e-01
6.394872814416885376e-02
1.108386635780334473e+00
0.000000000000000000e+00
2.063100598752498627e-02
9.430075883865356445e-01
7.180172204971313477e-02
2.219339460134506226e-01
8.028784990310668945e-01
1.286681799683719873e-04
8.302948623895645142e-02
0.000000000000000000e+00
4.347046837210655212e-03
0.000000000000000000e+00
5.612209811806678772e-02
1.799438476562500000e+00
1.870485022664070129e-02
0.000000000000000000e+00
2.912963628768920898e-01
0.000000000000000000e+00
2.692586556077003479e-02
1.304556727409362793e+00
8.750020265579223633e-01
2.423792891204357147e-02
1.110447868704795837e-01
4.927598312497138977e-02
5.073075182735919952e-03
7.678614854812622070e-01
5.489959940314292908e-02
7.831162773072719574e-03
1.116379618644714355e+00
7.255394458770751953e-01
1.235756516456604004e+00
5.451204776763916016e-01
3.401234745979309082e-02
5.532993003726005554e-02
1.470946818590164185e-01
1.372243463993072510e-02
0.000000000000000000e+00
1.553560793399810791e-01
3.729139566421508789e-01
1.526854336261749268e-01
1.658564247190952301e-02
0.000000000000000000e+00
5.659313499927520752e-02
2.061457484960556030e-01
1.359833031892776489e-02
5.051558017730712891e-01
6.817723065614700317e-02
8.575692772865295410e-03
0.000000000000000000e+00
1.108301281929016113e-01
3.891756832599639893e-01
7.809741050004959106e-02
8.841799572110176086e-03
4.026173949241638184e-01
1.080047965049743652e+00
0.000000000000000000e+00
0.000000000000000000e+00
5.351939424872398376e-02
2.150868810713291168e-02
9.474726021289825439e-02
1.136474013328552246e-01
1.374528855085372925e-01
1.387381672859191895e+00
0.000000000000000000e+00
1.302118748426437378e-01
7.468582596629858017e-03
1.218329649418592453e-02
1.887584924697875977e-01
1.751926913857460022e-02
1.038658022880554199e+00
4.086281955242156982e-01
4.286195337772369385e-01
9.670526981353759766e-01
4.831114411354064941e-01
1.726379394531250000e-01
0.000000000000000000e+00
6.459656357765197754e-01
2.537135779857635498e-01
2.160355746746063232e-01
9.633327126502990723e-01
4.446156919002532959e-01
7.454912066459655762e-01
8.102833479642868042e-02
7.611364591866731644e-03
8.032121509313583374e-02
7.555738091468811035e-02
0.000000000000000000e+00
0.000000000000000000e+00
7.236196845769882202e-02
1.556811630725860596e-01
8.489180356264114380e-02
0.000000000000000000e+00
0.000000000000000000e+00
1.603514790534973145e+00
2.443376779556274414e+00
0.000000000000000000e+00
4.725863337516784668e-01
3.233000040054321289e-01
5.716120451688766479e-02
5.269421935081481934e-01
0.000000000000000000e+00
6.696323305368423462e-02
1.192505005747079849e-02
0.000000000000000000e+00
4.689924716949462891e-01
6.466979533433914185e-02
1.780839711427688599e-01
3.690751492977142334e-01
9.126951098442077637e-01
1.111847013235092163e-01
1.187007278203964233e-01
4.759189486503601074e-01
2.659285999834537506e-02
3.734144866466522217e-01
4.255781322717666626e-02
1.537821143865585327e-01
1.724666953086853027e+00
9.435617923736572266e-02
5.711334943771362305e-01
2.791871130466461182e-02
6.478534340858459473e-01
8.086016029119491577e-02
3.472166359424591064e-01
1.980337202548980713e-01
1.205671668052673340e+00
7.307259738445281982e-02
5.494012963026762009e-03
1.246029585599899292e-01
7.240422368049621582e-01
3.068689346313476562e+00
2.272522449493408203e-01
4.925723969936370850e-01
1.653054356575012207e+00
1.685657054185867310e-01
1.424154490232467651e-01
5.294548720121383667e-02
1.240327581763267517e-01
0.000000000000000000e+00
4.589231684803962708e-03
1.540414895862340927e-02
4.171460866928100586e-01
4.565636068582534790e-02
7.849454283714294434e-01
3.194356858730316162e-01
1.459783762693405151e-01
9.244132637977600098e-01
4.825530573725700378e-02
1.648839414119720459e-01
5.935196951031684875e-02
2.737532258033752441e-01
0.000000000000000000e+00
0.000000000000000000e+00
1.189434900879859924e-01
6.848528515547513962e-03
2.097441256046295166e-01
0.000000000000000000e+00
6.163018196821212769e-02
1.604322493076324463e-01
3.532523870468139648e+00
5.808878340758383274e-04
1.914001256227493286e-01
1.052722036838531494e-01
1.111701950430870056e-01
0.000000000000000000e+00
4.540226887911558151e-03
1.144667640328407288e-01
3.506882190704345703e-01
3.137778341770172119e-01
1.043324828147888184e+00
2.378516830503940582e-02
2.968656122684478760e-01
7.352727651596069336e-01
4.722746610641479492e-01
3.030518770217895508e+00
1.352949291467666626e-01
6.945810794830322266e+00
4.006274789571762085e-02
1.375957727432250977e-01
4.441666007041931152e-01
0.000000000000000000e+00
2.716239988803863525e-01
4.866275489330291748e-01
1.537334322929382324e-01
3.222426772117614746e-02
9.102964401245117188e-01
1.377892494201660156e-02
3.286404609680175781e+00
2.478641271591186523e+00
4.633776545524597168e-01
0.000000000000000000e+00
4.714014828205108643e-01
9.052231907844543457e-02
6.978973001241683960e-02
1.130127385258674622e-01
3.488122299313545227e-02
3.352956473827362061e-02
6.502263993024826050e-02
1.036895215511322021e-01
6.398243363946676254e-03
1.419468317180871964e-02
0.000000000000000000e+00
1.684173494577407837e-01
3.013233661651611328e+00
1.700672745704650879e+00
1.008910592645406723e-02
1.115526631474494934e-01
0.000000000000000000e+00
1.230469495058059692e-01
1.130522489547729492e+00
0.000000000000000000e+00
0.000000000000000000e+00
1.874031871557235718e-01
1.233954355120658875e-01
1.440015584230422974e-01
4.855534434318542480e-01
1.793455034494400024e-01
4.888729192316532135e-03
0.000000000000000000e+00
1.749118044972419739e-02
1.352240443229675293e-01
2.837431430816650391e-01
1.084028929471969604e-01
9.569110721349716187e-02
2.093954086303710938e+00
2.562144100666046143e-01
5.520322546362876892e-02
3.209461569786071777e-01
0.000000000000000000e+00
2.214310318231582642e-02
5.577343329787254333e-02
1.433321535587310791e-01
0.000000000000000000e+00
0.000000000000000000e+00
0.000000000000000000e+00
1.372729390859603882e-01
0.000000000000000000e+00
2.215208709239959717e-01
4.180416464805603027e-02
6.981822103261947632e-02
3.852014662697911263e-03
1.480039656162261963e-01
1.053588930517435074e-02
1.079232804477214813e-02
3.275262415409088135e-01
8.246876597404479980e-01
1.919485330581665039e-01
6.986899375915527344e-01
2.369900792837142944e-02
0.000000000000000000e+00
6.648394465446472168e-01
5.090649425983428955e-02
3.735730648040771484e-01
0.000000000000000000e+00
7.887858152389526367e-02
1.481001377105712891e-01
3.834426701068878174e-01
2.026219153776764870e-03
0.000000000000000000e+00
0.000000000000000000e+00
5.112848281860351562e-01
2.248557750135660172e-03
1.690723001956939697e-02
1.624917268753051758e+00
6.964328140020370483e-02
3.483583033084869385e-01
4.333939030766487122e-02
0.000000000000000000e+00
1.593913584947586060e-01
3.540334999561309814e-01
3.019122965633869171e-02
1.128933787345886230e+00
6.546049844473600388e-04
6.283729076385498047e-01
0.000000000000000000e+00
1.064390037208795547e-02
3.027081012725830078e+00
1.023581922054290771e-01
2.689065411686897278e-02
1.875034570693969727e+00
6.339319050312042236e-03
0.000000000000000000e+00
0.000000000000000000e+00
0.000000000000000000e+00
8.558852970600128174e-02
1.551405638456344604e-01
0.000000000000000000e+00
1.329674869775772095e-01
3.820785495918244123e-04
1.198036409914493561e-02
0.000000000000000000e+00
4.734335541725158691e-01
1.491780281066894531e+00
4.597189370542764664e-03
5.600097775459289551e-01
0.000000000000000000e+00
1.838743984699249268e-01
1.464451402425765991e-01
0.000000000000000000e+00
1.187996119260787964e-01
