3.193555176258087158e-01
3.484214544296264648e-01
3.249389817938208580e-03
0.000000000000000000e+00
2.099565416574478149e-01
8.086105808615684509e-04
5.609368160367012024e-02
6.091105751693248749e-03
0.000000000000000000e+00
0.000000000000000000e+00
3.593403473496437073e-02
1.382972300052642822e-01
1.145893335342407227e-01
5.171785950660705566e-01
1.480626583099365234e+00
0.000000000000000000e+00
2.004354000091552734e+00
0.000000000000000000e+00
8.990181982517242432e-02
0.000000000000000000e+00
1.157918870449066162e-01
8.033018559217453003e-02
2.567864395678043365e-02
6.328211426734924316e-01
4.990232177078723907e-03
1.993309557437896729e-01
2.016366243362426758e+00
3.994721174240112305e-02
0.000000000000000000e+00
0.000000000000000000e+00
8.800076842308044434e-01
4.062779545783996582e-01
1.236193418502807617e+00
0.000000000000000000e+00
9.614607691764831543e-02
0.000000000000000000e+00
0.000000000000000000e+00
0.000000000000000000e+00
0.000000000000000000e+00
6.890645027160644531e-01
5.680642127990722656e+00
8.445376902818679810e-02
8.126980066299438477e-02
2.459222078323364258e+00
8.599736541509628296e-02
4.469772800803184509e-03
1.591379344463348389e-01
0.000000000000000000e+00
3.122575348243117332e-03
2.967389523983001709e-01
1.461687590926885605e-02
2.196959257125854492e-01
1.374287605285644531e-01
1.337231248617172241e-01
1.626420170068740845e-01
0.000000000000000000e+00
2.876768074929714203e-02
1.129809021949768066e-01
0.000000000000000000e+00
7.416272908449172974e-02
2.108670072630047798e-03
3.312307596206665039e+00
1.703459739685058594e+00
0.000000000000000000e+00
2.485196590423583984e-01
0.000000000000000000e+00
1.151059195399284363e-01
8.191644668579101562e+00
0.000000000000000000e+00
6.612371653318405151e-03
2.574192523956298828e+00
1.661756634712219238e-01
8.610802888870239258e-02
2.523727715015411377e-01
0.000000000000000000e+00
1.770198792219161987e-01
5.897989124059677124e-02
4.409467875957489014e-01
3.233109712600708008e-01
1.696053892374038696e-01
1.544607639312744141e+00
1.679447889328002930e+00
0.000000000000000000e+00
0.000000000000000000e+00
0.000000000000000000e+00
7.737497687339782715e-01
0.000000000000000000e+00
9.934701025485992432e-02
1.061318628489971161e-02
0.000000000000000000e+00
7.252072542905807495e-02
0.000000000000000000e+00
0.000000000000000000e+00
2.056003175675868988e-02
4.480328559875488281e-01
0.000000000000000000e+00
7.436453104019165039e-01
5.682262033224105835e-02
4.012886524200439453e+00
5.061525106430053711e-01
0.000000000000000000e+00
1.045471578836441040e-01
4.365597963333129883e-01
4.095838069915771484e-01
3.511843085289001465e-02
0.000000000000000000e+00
7.441166639328002930e-01
0.000000000000000000e+00
0.000000000000000000e+00
1.634805917739868164e+00
0.000000000000000000e+00
1.293950974941253662e-01
0.000000000000000000e+00
7.650220766663551331e-03
3.464262932538986206e-02
1.897479034960269928e-02
1.652392745018005371e-01
3.074611425399780273e-01
0.000000000000000000e+00
2.525984076783061028e-03
7.343801259994506836e-01
1.122133880853652954e-01
0.000000000000000000e+00
0.000000000000000000e+00
6.633739948272705078e+00
0.000000000000000000e+00
1.608379185199737549e-02
1.774014472961425781e+00
1.075332053005695343e-02
0.000000000000000000e+00
1.379356384277343750e-01
2.445726469159126282e-02
0.000000000000000000e+00
0.000000000000000000e+00
0.000000000000000000e+00
0.000000000000000000e+00
3.506137728691101074e-01
5.148016661405563354e-02
7.857877016067504883e-01
1.138373743742704391e-02
4.538049548864364624e-02
2.994378805160522461e-01
5.065379664301872253e-02
6.834557056427001953e-01
0.000000000000000000e+00
0.000000000000000000e+00
1.774237155914306641e-01
1.562665961682796478e-02
1.166867241263389587e-01
0.000000000000000000e+00
4.410789489746093750e+00
8.912014216184616089e-02
1.146753877401351929e-02
0.000000000000000000e+00
1.370324380695819855e-02
5.630703270435333252e-02
9.302361309528350830e-02
0.000000000000000000e+00
0.000000000000000000e+00
6.402602791786193848e-02
0.000000000000000000e+00
6.601420044898986816e-02
5.066174268722534180e-01
9.802682697772979736e-02
5.451715551316738129e-03
5.433535099029541016e+00
0.000000000000000000e+00
0.000000000000000000e+00
7.966830134391784668e-01
3.224338769912719727e+00
3.917369544506072998e-01
1.514198422431945801e+00
2.537617683410644531e-01
0.000000000000000000e+00
3.826752305030822754e-02
0.000000000000000000e+00
9.321989119052886963e-02
0.000000000000000000e+00
9.775133430957794189e-02
7.331273555755615234e-01
1.369542837142944336e+00
3.492156863212585449e-01
1.228942722082138062e-02
4.704105481505393982e-02
9.568084478378295898e-01
0.000000000000000000e+00
5.580957531929016113e-01
3.039406379684805870e-03
0.000000000000000000e+00
0.000000000000000000e+00
3.746459260582923889e-02
4.096422344446182251e-02
7.361529469490051270e-01
0.000000000000000000e+00
0.000000000000000000e+00
0.000000000000000000e+00
1.071798443794250488e+00
1.746329516172409058e-01
1.440213900059461594e-02
5.136164426803588867e-01
0.000000000000000000e+00
6.641722470521926880e-02
2.113835513591766357e-01
0.000000000000000000e+00
9.994695335626602173e-02
1.402430385351181030e-01
0.000000000000000000e+00
4.608972370624542236e-01
0.000000000000000000e+00
8.437782526016235352e-02
7.506264001131057739e-02
0.000000000000000000e+00
0.000000000000000000e+00
0.000000000000000000e+00
1.718462444841861725e-02
2.477802336215972900e-01
0.000000000000000000e+00
1.435332372784614563e-02
1.635546563193202019e-03
0.000000000000000000e+00
7.044252753257751465e-01
1.656918078660964966e-01
6.032614707946777344e-01
8.262945711612701416e-02
0.000000000000000000e+00
1.145603880286216736e-01
2.691024541854858398e-01
0.000000000000000000e+00
6.168896555900573730e-01
8.534687757492065430e-01
5.414202809333801270e-02
3.297389717772603035e-03
2.454320713877677917e-02
8.720863461494445801e-01
4.616832360625267029e-03
0.000000000000000000e+00
9.453373402357101440e-02
2.101210504770278931e-01
1.734885945916175842e-02
0.000000000000000000e+00
0.000000000000000000e+00
0.000000000000000000e+00
3.383975625038146973e-01
1.048976834863424301e-02
0.000000000000000000e+00
8.381454944610595703e-01
3.158814087510108948e-02
2.483049174770712852e-03
5.606871843338012695e-01
1.592906117439270020e-01
4.198557138442993164e-02
6.145356893539428711e-01
3.058049641549587250e-02
4.814015626907348633e-01
0.000000000000000000e+00
1.745300740003585815e-01
0.000000000000000000e+00
0.000000000000000000e+00
1.755386008881032467e-03
0.000000000000000000e+00
3.753120899200439453e-01
6.129696369171142578e-01
6.446018815040588379e-01
7.262548804283142090e-02
3.920631408691406250e-01
0.000000000000000000e+00
2.212409526109695435e-01
5.632174611091613770e-01
2.055392414331436157e-02
0.000000000000000000e+00
2.176076173782348633e-01
8.839884400367736816e-02
2.672433108091354370e-02
0.000000000000000000e+00
2.104181200265884399e-01
9.488020837306976318e-02
1.486138105392456055e-01
1.962803125381469727e+00
1.278066784143447876e-01
2.118744701147079468e-01
0.000000000000000000e+00
0.000000000000000000e+00
1.108220661990344524e-03
0.000000000000000000e+00
1.952395192347466946e-03
7.818142771720886230e-01
3.960345089435577393e-01
3.281002938747406006e-01
4.398980364203453064e-02
3.939549922943115234e-01
3.905479609966278076e-02
2.453170120716094971e-01
0.000000000000000000e+00
2.730479836463928223e-01
2.621605247259140015e-02
1.059309691190719604e-01
2.142966538667678833e-01
5.095889791846275330e-02
1.209965720772743225e-01
0.000000000000000000e+00
2.417625859379768372e-02
4.715785682201385498e-01
7.062230259180068970e-02
0.000000000000000000e+00
3.515340015292167664e-02
2.039287686347961426e-01
1.569440662860870361e-01
0.000000000000000000e+00
2.847323194146156311e-02
0.000000000000000000e+00
7.205095142126083374e-02
8.963491767644882202e-02
6.944777965545654297e-01
2.386792562901973724e-02
8.230238407850265503e-02
1.475964039564132690e-01
1.824422925710678101e-01
0.000000000000000000e+00
2.790826857089996338e-01
5.285838991403579712e-02
6.587979197502136230e-01
1.281115114688873291e-01
6.057116389274597168e-02
2.942268848419189453e+00
1.270655263215303421e-02
8.001081645488739014e-02
0.000000000000000000e+00
1.970249056816101074e+00
4.285138845443725586e-01
2.987928390502929688e-01
1.438845880329608917e-02
0.000000000000000000e+00
2.552565097808837891e+00
1.658240109682083130e-01
1.842647045850753784e-01
1.660272181034088135e-01
1.724464632570743561e-02
5.786023736000061035e-01
9.158889651298522949e-01
0.000000000000000000e+00
3.317419290542602539e-01
5.256320908665657043e-02
0.000000000000000000e+00
0.000000000000000000e+00
1.125533059239387512e-01
0.000000000000000000e+00
0.000000000000000000e+00
1.678824611008167267e-02
1.216370165348052979e-01
2.211195230484008789e-01
2.174362987279891968e-01
0.000000000000000000e+00
1.215193793177604675e-01
0.000000000000000000e+00
5.783842131495475769e-02
4.254211783409118652e-01
0.000000000000000000e+00
4.665705491788685322e-04
8.290770649909973145e-02
6.434258818626403809e-02
1.096342038363218307e-02
1.387529850006103516e+00
1.581252068281173706e-01
0.000000000000000000e+00
3.768742978572845459e-01
3.160174936056137085e-03
3.452600240707397461e-01
0.000000000000000000e+00
5.729840993881225586e-01
0.000000000000000000e+00
2.140229381620883942e-02
8.440659046173095703e-01
0.000000000000000000e+00
1.877502650022506714e-01
0.000000000000000000e+00
0.000000000000000000e+00
1.439335942268371582e-01
0.000000000000000000e+00
4.730224609375000000e-04
3.579598665237426758e-01
0.000000000000000000e+00
8.470321074128150940e-03
3.769641816616058350e-01
0.000000000000000000e+00
2.218726649880409241e-02
2.290207743644714355e-01
1.720667034387588501e-01
0.000000000000000000e+00
0.000000000000000000e+00
5.015925765037536621e-01
0.000000000000000000e+00
3.263747990131378174e-01
4.350098669528961182e-01
6.626126170158386230e-02
0.000000000000000000e+00
1.401575803756713867e+00
2.532112300395965576e-01
1.757205873727798462e-01
2.230164706707000732e-01
0.000000000000000000e+00
1.312912106513977051e-01
1.364298015832901001e-01
0.000000000000000000e+00
0.000000000000000000e+00
8.590972423553466797e-02
3.021918935701251030e-03
1.990685611963272095e-02
1.735224723815917969e+00
1.148075535893440247e-01
7.951514720916748047e-01
0.000000000000000000e+00
2.384963631629943848e-02
1.942893028259277344e+00
5.114847328513860703e-03
2.618055604398250580e-02
1.271127350628376007e-02
1.914422144182026386e-03
5.610723495483398438e-01
0.000000000000000000e+00
0.000000000000000000e+00
2.331612259149551392e-01
0.000000000000000000e+00
9.495382755994796753e-02
2.553982496261596680e+00
0.000000000000000000e+00
6.622371729463338852e-03
2.818896248936653137e-02
5.102111101150512695e-01
2.249967157840728760e-01
2.372753806412220001e-03
2.277441740036010742e+00
8.334325551986694336e-01
9.430366158485412598e-01
1.860935986042022705e-01
5.979192629456520081e-02
3.208465576171875000e-01
1.731370985507965088e-01
3.459944203495979309e-02
4.775280058383941650e-01
0.000000000000000000e+00
1.282092928886413574e+00
5.109917372465133667e-02
0.000000000000000000e+00
3.415987789630889893e-01
0.000000000000000000e+00
6.936495304107666016e-01
1.371251195669174194e-01
1.648733764886856079e-02
8.306408300995826721e-03
2.818722724914550781e-01
1.086251363158226013e-01
8.486897498369216919e-02
3.566839918494224548e-02
0.000000000000000000e+00
1.820979267358779907e-02
1.278090626001358032e-01
1.942691355943679810e-01
0.000000000000000000e+00
4.285676479339599609e-01
0.000000000000000000e+00
0.000000000000000000e+00
2.760109007358551025e-01
8.149983882904052734e-01
7.161560654640197754e-01
5.799724534153938293e-02
0.000000000000000000e+00
1.392319679260253906e+00
1.887488842010498047e+00
7.673750817775726318e-02
8.297613263130187988e-01
5.546651408076286316e-02
1.389475613832473755e-01
0.000000000000000000e+00
5.678609944880008698e-03
0.000000000000000000e+00
1.110369637608528137e-01
2.643627114593982697e-02
1.813552975654602051e-01
0.000000000000000000e+00
1.348662227392196655e-01
0.000000000000000000e+00
0.000000000000000000e+00
7.160183787345886230e-02
2.497467398643493652e-02
2.385642006993293762e-02
1.641111373901367188e-01
2.718576462939381599e-03
1.411114470101892948e-03
3.266154974699020386e-02
6.962272524833679199e-01
0.000000000000000000e+00
1.301661282777786255e-01
7.035475224256515503e-02
7.200673818588256836e-01
1.309856623411178589e-01
0.000000000000000000e+00
0.000000000000000000e+00
9.241669625043869019e-02
2.407960742712020874e-01
2.288443781435489655e-02
0.000000000000000000e+00
7.986191660165786743e-02
9.322187423706054688e+00
6.247199140489101410e-03
3.548108413815498352e-02
0.000000000000000000e+00
2.225434966385364532e-02
6.938914768397808075e-03
1.158821061253547668e-01
8.651040494441986084e-02
4.897284209728240967e-01
1.505980968475341797e+00
1.345540285110473633e+00
2.383121550083160400e-01
1.480447314679622650e-02
0.000000000000000000e+00
4.479916766285896301e-03
1.624990254640579224e-02
3.836130490526556969e-04
1.144387200474739075e-01
2.657460607588291168e-02
0.000000000000000000e+00
0.000000000000000000e+00
0.000000000000000000e+00
3.232943825423717499e-03
9.185634553432464600e-02
0.000000000000000000e+00
0.000000000000000000e+00
0.000000000000000000e+00
6.445864588022232056e-02
0.000000000000000000e+00
8.023758418858051300e-03
2.140627801418304443e-02
6.031190231442451477e-02
2.032081410288810730e-02
4.551046788692474365e-01
0.000000000000000000e+00
1.604904420673847198e-02
1.546277254819869995e-01
0.000000000000000000e+00
3.160396218299865723e-02
0.000000000000000000e+00
1.172497272491455078e+01
0.000000000000000000e+00
1.580766290426254272e-01
3.426363766193389893e-01
5.082443729043006897e-02
2.678620815277099609e-02
0.000000000000000000e+00
2.972012281417846680e+00
2.672487404197454453e-03
0.000000000000000000e+00
1.603381931781768799e-01
0.000000000000000000e+00
4.301437735557556152e-01
6.658291816711425781e-01
0.000000000000000000e+00
0.000000000000000000e+00
0.000000000000000000e+00
1.202887892723083496e-01
1.098254788666963577e-02
3.544516488909721375e-02
1.614291518926620483e-01
2.061942368745803833e-01
7.967831194400787354e-02
0.000000000000000000e+00
4.699173569679260254e-02
0.000000000000000000e+00
1.464849561452865601e-01
0.000000000000000000e+00
7.075681816786527634e-03
4.697477445006370544e-02
0.000000000000000000e+00
0.000000000000000000e+00
0.000000000000000000e+00
1.126213192939758301e+00
7.283734530210494995e-02
0.000000000000000000e+00
1.681417785584926605e-02
1.334074735641479492e-01
0.000000000000000000e+00
6.268546581268310547e-01
1.467173397541046143e-01
1.162006705999374390e-01
2.735717892646789551e-01
0.000000000000000000e+00
0.000000000000000000e+00
0.000000000000000000e+00
2.857639789581298828e-01
0.000000000000000000e+00
0.000000000000000000e+00
0.000000000000000000e+00
2.490103840827941895e-01
4.290736094117164612e-02
0.000000000000000000e+00
0.000000000000000000e+00
0.000000000000000000e+00
0.000000000000000000e+00
1.570695824921131134e-02
2.131910771131515503e-01
4.013256430625915527e-01
7.459714543074369431e-03
1.502676457166671753e-01
1.063957717269659042e-02
6.669278144836425781e-01
0.000000000000000000e+00
1.007281392812728882e-01
3.215567767620086670e-02
8.260561227798461914e-01
1.011587083339691162e-01
1.348845213651657104e-01
8.746980130672454834e-02
5.697707645595073700e-03
0.000000000000000000e+00
2.017942965030670166e-01
1.545620113611221313e-01
3.368583321571350098e-01
3.886054828763008118e-02
0.000000000000000000e+00
1.468725055456161499e-01
0.000000000000000000e+00
1.508456841111183167e-02
5.323144435882568359e+00
2.096869051456451416e-01
3.168423175811767578e-01
2.758056402206420898e+00
1.009274423122406006e-01
1.483961820602416992e+00
0.000000000000000000e+00
1.619984507560729980e-01
0.000000000000000000e+00
1.701301634311676025e-01
1.586208343505859375e-01
4.775808379054069519e-02
2.075869143009185791e-01
1.596677117049694061e-03
7.000204920768737793e-02
9.612715989351272583e-02
2.500158362090587616e-02
7.513874769210815430e-02
4.029482603073120117e-01
1.745654106140136719e+00
0.000000000000000000e+00
3.662632405757904053e-01
0.000000000000000000e+00
4.629359766840934753e-02
8.448998332023620605e-01
0.000000000000000000e+00
0.000000000000000000e+00
0.000000000000000000e+00
1.251791417598724365e-01
9.851854294538497925e-03
6.260533817112445831e-03
1.193826049566268921e-01
6.279128044843673706e-02
2.339435368776321411e-01
6.678722053766250610e-02
1.081627011299133301e-01
2.259042859077453613e-01
2.309905141592025757e-01
1.501512248069047928e-02
1.719417572021484375e-01
0.000000000000000000e+00
2.403986752033233643e-01
2.158299088478088379e-01
0.000000000000000000e+00
1.266820192337036133e+00
3.347510397434234619e-01
0.000000000000000000e+00
0.000000000000000000e+00
5.459887534379959106e-02
0.000000000000000000e+00
3.366399183869361877e-02
0.000000000000000000e+00
7.154933363199234009e-02
1.753435283899307251e-01
8.918759226799011230e-02
0.000000000000000000e+00
2.602867364883422852e+00
3.056807518005371094e-01
0.000000000000000000e+00
5.445515513420104980e-01
0.000000000000000000e+00
1.686591356992721558e-01
0.000000000000000000e+00
0.000000000000000000e+00
1.664742976427078247e-01
1.675176471471786499e-01
1.628508325666189194e-03
0.000000000000000000e+00
0.000000000000000000e+00
6.899211555719375610e-02
0.000000000000000000e+00
0.000000000000000000e+00
3.580983728170394897e-03
0.000000000000000000e+00
0.000000000000000000e+00
2.859607696533203125e+00
6.349923014640808105e-01
0.000000000000000000e+00
7.717168331146240234e-01
7.548344135284423828e-01
4.479258060455322266e-01
0.000000000000000000e+00
1.580433733761310577e-02
1.999798417091369629e-01
2.755625545978546143e-01
5.502220243215560913e-02
1.893047392368316650e-01
5.586144980043172836e-03
4.386936873197555542e-02
0.000000000000000000e+00
6.020651012659072876e-02
0.000000000000000000e+00
7.934725843369960785e-03
0.000000000000000000e+00
1.486372202634811401e-01
0.000000000000000000e+00
9.706328809261322021e-02
1.544443368911743164e+00
5.717439651489257812e-01
1.293119341135025024e-01
1.090218592435121536e-02
3.698474541306495667e-02
0.000000000000000000e+00
5.536694526672363281e-01
7.202343940734863281e-01
1.159924920648336411e-02
2.160605639219284058e-01
0.000000000000000000e+00
1.230522751808166504e+00
1.199856162071228027e+00
3.153055906295776367e-01
3.331748247146606445e+00
4.894188605248928070e-03
0.000000000000000000e+00
1.312361508607864380e-01
5.054978132247924805e-01
1.304786503314971924e-01
3.927875310182571411e-03
1.296290904283523560e-01
7.705724239349365234e-01
2.014655806124210358e-02
0.000000000000000000e+00
5.969029664993286133e-01
0.000000000000000000e+00
1.070346951484680176e+00
0.000000000000000000e+00
2.973240055143833160e-02
0.000000000000000000e+00
7.026302814483642578e-01
7.120599746704101562e-01
4.628005251288414001e-02
0.000000000000000000e+00
0.000000000000000000e+00
6.891301274299621582e-02
5.505087971687316895e-02
0.000000000000000000e+00
6.055478006601333618e-03
6.058789491653442383e-01
4.271025210618972778e-02
1.044777035713195801e-01
6.669881287962198257e-03
0.000000000000000000e+00
4.915169775485992432e-01
1.556308716535568237e-01
0.000000000000000000e+00
0.000000000000000000e+00
0.000000000000000000e+00
2.022370100021362305e-01
1.448196917772293091e-01
7.865036837756633759e-03
0.000000000000000000e+00
5.902467761188745499e-03
0.000000000000000000e+00
0.000000000000000000e+00
1.304485201835632324e-01
1.425572752952575684e+00
5.439641699194908142e-02
6.422683000564575195e-01
4.306668788194656372e-02
1.543848812580108643e-01
2.352369427680969238e-01
0.000000000000000000e+00
0.000000000000000000e+00
0.000000000000000000e+00
7.206711173057556152e-02
0.000000000000000000e+00
4.971857666969299316e-01
0.000000000000000000e+00
0.000000000000000000e+00
0.000000000000000000e+00
1.721884846687316895e+00
3.841836452484130859e-01
1.563606783747673035e-02
2.900469899177551270e-01
0.000000000000000000e+00
0.000000000000000000e+00
0.000000000000000000e+00
0.000000000000000000e+00
0.000000000000000000e+00
0.000000000000000000e+00
0.000000000000000000e+00
3.660894632339477539e-01
6.224890947341918945e-01
2.123490869998931885e-01
0.000000000000000000e+00
2.402085065841674805e+00
1.155419468879699707e+00
1.220300793647766113e-01
2.854082286357879639e-01
4.200093150138854980e-01
1.259581446647644043e-01
4.886568710207939148e-02
0.000000000000000000e+00
0.000000000000000000e+00
0.000000000000000000e+00
3.827469825744628906e+00
3.314048647880554199e-01
8.968364000320434570e-01
0.000000000000000000e+00
8.735978007316589355e-01
2.877096831798553467e-02
2.381939999759197235e-02
5.278831005096435547e+00
2.356461882591247559e-01
7.692409306764602661e-02
0.000000000000000000e+00
4.599101096391677856e-02
0.000000000000000000e+00
6.644254177808761597e-02
0.000000000000000000e+00
0.000000000000000000e+00
0.000000000000000000e+00
3.918446972966194153e-02
3.608003854751586914e-01
6.839660555124282837e-02
3.393030166625976562e-02
0.000000000000000000e+00
4.032152593135833740e-01
0.000000000000000000e+00
5.578080192208290100e-03
1.480118092149496078e-02
3.170416951179504395e-01
1.671660542488098145e-01
2.520815655589103699e-02
4.315682947635650635e-01
0.000000000000000000e+00
2.239212840795516968e-01
0.000000000000000000e+00
3.486248105764389038e-02
1.500949412584304810e-01
0.000000000000000000e+00
1.116174608469009399e-01
1.043187677860260010e-01
9.253838658332824707e-02
1.878112927079200745e-02
9.121022224426269531e-01
3.317379951477050781e-01
1.561594456434249878e-01
0.000000000000000000e+00
1.494268476963043213e-01
3.483745083212852478e-02
7.837941497564315796e-02
3.004101850092411041e-02
2.417078465223312378e-01
2.257654443383216858e-02
1.207359433174133301e-01
2.414019964635372162e-02
1.021069288253784180e+00
3.565428778529167175e-02
0.000000000000000000e+00
0.000000000000000000e+00
1.138565316796302795e-01
0.000000000000000000e+00
1.000539213418960571e-01
5.340622067451477051e-01
2.481217086315155029e-01
2.515074610710144043e-01
0.000000000000000000e+00
0.000000000000000000e+00
2.171988226473331451e-02
2.993751130998134613e-02
1.264260292053222656e+00
0.000000000000000000e+00
0.000000000000000000e+00
2.573145627975463867e-01
5.137061476707458496e-01
2.204916775226593018e-01
0.000000000000000000e+00
2.358344793319702148e-01
0.000000000000000000e+00
1.228357665240764618e-02
3.999604284763336182e-02
2.430098533630371094e+00
1.871306635439395905e-02
0.000000000000000000e+00
3.360080532729625702e-03
4.650236964225769043e-01
0.000000000000000000e+00
0.000000000000000000e+00
3.697034597396850586e+00
2.465225756168365479e-02
0.000000000000000000e+00
1.315672278404235840e+00
4.187647625803947449e-02
0.000000000000000000e+00
5.208379775285720825e-02
2.525245584547519684e-02
1.295037660747766495e-02
1.147924177348613739e-02
0.000000000000000000e+00
6.071509048342704773e-02
1.744274199008941650e-01
1.245644465088844299e-01
6.326283216476440430e-01
0.000000000000000000e+00
1.313145160675048828e-01
0.000000000000000000e+00
9.626519083976745605e-01
0.000000000000000000e+00
2.223944365978240967e-01
0.000000000000000000e+00
0.000000000000000000e+00
0.000000000000000000e+00
1.303922533988952637e-01
3.157156985253095627e-03
4.204177483916282654e-02
1.411069650202989578e-02
0.000000000000000000e+00
4.341163486242294312e-02
3.005206771194934845e-02
4.271571934223175049e-01
5.473832041025161743e-02
1.000808000564575195e+00
1.038874238729476929e-01
8.270069211721420288e-02
0.000000000000000000e+00
4.053061306476593018e-01
0.000000000000000000e+00
2.918194746598601341e-03
1.210374087095260620e-01
1.871160115115344524e-03
0.000000000000000000e+00
1.283882558345794678e-01
0.000000000000000000e+00
3.719248175621032715e-01
5.356424450874328613e-01
0.000000000000000000e+00
2.413305193185806274e-01
2.765901088714599609e-01
5.241454765200614929e-02
0.000000000000000000e+00
0.000000000000000000e+00
1.184928774833679199e+00
1.008699834346771240e-02
2.382013760507106781e-02
7.345358282327651978e-02
0.000000000000000000e+00
1.095918893814086914e+00
2.841908335685729980e-01
1.524833887815475464e-01
6.456938385963439941e-02
2.952007651329040527e-01
0.000000000000000000e+00
0.000000000000000000e+00
4.735367298126220703e-01
5.466658249497413635e-02
3.436855673789978027e-01
4.122241213917732239e-02
1.563969254493713379e-02
3.347177207469940186e-01
7.964134812355041504e-01
2.121034450829029083e-02
0.000000000000000000e+00
4.236058890819549561e-02
1.771034359931945801e+00
0.000000000000000000e+00
0.000000000000000000e+00
1.714737713336944580e-01
5.962948203086853027e-01
1.673783212900161743e-01
0.000000000000000000e+00
1.497489511966705322e-01
4.216842353343963623e-02
0.000000000000000000e+00
7.042872309684753418e-01
6.826983094215393066e-01
0.000000000000000000e+00
9.324480593204498291e-02
8.898734450340270996e-01
6.529848277568817139e-02
9.324185252189636230e-01
6.645705550909042358e-02
3.989029228687286377e-01
2.021132735535502434e-03
0.000000000000000000e+00
6.089808940887451172e-01
0.000000000000000000e+00
1.240378692746162415e-01
3.352724909782409668e-01
1.017296803183853626e-03
0.000000000000000000e+00
0.000000000000000000e+00
6.558360159397125244e-02
0.000000000000000000e+00
0.000000000000000000e+00
4.133704677224159241e-02
9.553352594375610352e-01
0.000000000000000000e+00
0.000000000000000000e+00
0.000000000000000000e+00
2.287960201501846313e-01
1.559001207351684570e-01
3.375929594039916992e-02
1.158057525753974915e-01
0.000000000000000000e+00
3.838540986180305481e-02
1.291349180974066257e-03
1.634371042251586914e+00
0.000000000000000000e+00
1.310483217239379883e-01
3.541802987456321716e-02
1.349335815757513046e-02
0.000000000000000000e+00
0.000000000000000000e+00
0.000000000000000000e+00
9.848900139331817627e-02
0.000000000000000000e+00
5.525857210159301758e-02
3.386750817298889160e-01
3.943241015076637268e-02
8.006089925765991211e-01
0.000000000000000000e+00
0.000000000000000000e+00
4.223299212753772736e-03
2.030734866857528687e-01
0.000000000000000000e+00
2.689092420041561127e-02
7.013398408889770508e-02
0.000000000000000000e+00
1.461389102041721344e-02
1.826917566359043121e-02
1.094382286071777344e+00
3.092858791351318359e-01
7.636255118995904922e-03
5.234856605529785156e-01
7.335836440324783325e-02
0.000000000000000000e+00
2.792471274733543396e-02
1.427053511142730713e-01
0.000000000000000000e+00
4.240624606609344482e-01
8.920560590922832489e-03
0.000000000000000000e+00
1.831859722733497620e-02
3.216027319431304932e-01
1.152454018592834473e+00
9.547910690307617188e-01
1.989499665796756744e-02
3.140434995293617249e-02
9.394229203462600708e-02
6.568877026438713074e-03
0.000000000000000000e+00
2.036919891834259033e-01
7.673022896051406860e-02
7.023821119219064713e-03
3.190152347087860107e-02
2.003434300422668457e-02
5.625566467642784119e-03
1.325101312249898911e-02
9.099729657173156738e-01
6.387674249708652496e-03
1.957941502332687378e-01
5.646484717726707458e-02
0.000000000000000000e+00
9.074768051505088806e-03
3.062700852751731873e-03
1.090877175331115723e+00
2.765983045101165771e-01
3.117977380752563477e-01
1.609173566102981567e-01
8.447507619857788086e-01
6.893051862716674805e-01
4.537585005164146423e-02
0.000000000000000000e+00
0.000000000000000000e+00
1.234269067645072937e-01
0.000000000000000000e+00
7.140009850263595581e-02
3.128672251477837563e-04
1.812612712383270264e-01
2.768254876136779785e-01
5.941721051931381226e-02
5.040637850761413574e-01
1.618822813034057617e-01
4.158731549978256226e-02
3.945813775062561035e-01
5.092871785163879395e-01
3.604533150792121887e-02
0.000000000000000000e+00
0.000000000000000000e+00
8.914536796510219574e-03
7.753446698188781738e-01
1.836180388927459717e-01
2.874229848384857178e-02
1.745253324508666992e+00
0.000000000000000000e+00
5.216141343116760254e-01
4.405412822961807251e-02
3.908319175243377686e-01
2.066062927246093750e+00
4.759863950312137604e-03
3.867563977837562561e-02
6.771884560585021973e-01
4.358412325382232666e-01
8.393516764044761658e-03
1.349833250045776367e+00
3.285946324467658997e-02
1.110028982162475586e+00
6.390200555324554443e-02
0.000000000000000000e+00
0.000000000000000000e+00
2.071108371019363403e-01
1.626447141170501709e-01
1.458533704280853271e-01
3.988616764545440674e-01
9.128996729850769043e-02
0.000000000000000000e+00
0.000000000000000000e+00
1.346950605511665344e-02
0.000000000000000000e+00
0.000000000000000000e+00
0.000000000000000000e+00
1.272491961717605591e-01
0.000000000000000000e+00
1.114246919751167297e-01
3.912495970726013184e-01
0.000000000000000000e+00
9.517710655927658081e-03
4.214930161833763123e-02
8.433721959590911865e-03
1.464164257049560547e-01
1.906000263988971710e-02
0.000000000000000000e+00
2.428046194836497307e-03
0.000000000000000000e+00
3.420352935791015625e-03
0.000000000000000000e+00
0.000000000000000000e+00
1.015800535678863525e-01
1.152317132800817490e-02
5.971540212631225586e-01
1.016066595911979675e-01
0.000000000000000000e+00
0.000000000000000000e+00
1.784991770982742310e-01
0.000000000000000000e+00
2.360471896827220917e-02
5.211603045463562012e-01
1.172863692045211792e-02
4.992242902517318726e-02
7.654014229774475098e-01
1.790024340152740479e-01
1.861541159451007843e-02
0.000000000000000000e+00
0.000000000000000000e+00
2.947664558887481689e-01
3.872355737257748842e-04
4.482281394302845001e-03
2.189698256552219391e-02
1.525917798280715942e-01
0.000000000000000000e+00
2.368863821029663086e-01
1.322291325777769089e-02
3.272046148777008057e-01
0.000000000000000000e+00
3.523130342364311218e-02
3.823888301849365234e-01
6.796851288527250290e-03
0.000000000000000000e+00
6.375218182802200317e-02
1.278525963425636292e-02
0.000000000000000000e+00
3.214870113879442215e-03
2.113768160343170166e-01
1.029430627822875977e+00
6.987200379371643066e-01
4.025277495384216309e-01
9.639511257410049438e-02
0.000000000000000000e+00
0.000000000000000000e+00
0.000000000000000000e+00
2.899896800518035889e-01
0.000000000000000000e+00
9.570957720279693604e-02
2.296455018222332001e-02
1.020993471145629883e+00
4.214831814169883728e-02
2.054739976301789284e-03
5.698361620306968689e-02
3.311754437163472176e-03
0.000000000000000000e+00
4.969929531216621399e-02
6.938435602933168411e-03
5.359133705496788025e-03
4.378881752490997314e-01
0.000000000000000000e+00
0.000000000000000000e+00
4.216737449169158936e-01
0.000000000000000000e+00
0.000000000000000000e+00
1.147688478231430054e-01
0.000000000000000000e+00
1.458786606788635254e+00
2.248435281217098236e-02
0.000000000000000000e+00
3.189969360828399658e-01
3.853685921058058739e-03
3.494272474199533463e-03
0.000000000000000000e+00
4.168544337153434753e-02
5.133095741271972656e+00
0.000000000000000000e+00
0.000000000000000000e+00
5.633628964424133301e-01
0.000000000000000000e+00
5.439157485961914062e-01
3.716890811920166016e-01
1.389188319444656372e-01
1.527844071388244629e-01
6.788305938243865967e-02
9.639040231704711914e-01
2.886621840298175812e-02
2.064446210861206055e+00
8.590961098670959473e-01
1.634599082171916962e-02
0.000000000000000000e+00
0.000000000000000000e+00
2.030596369877457619e-04
3.699727356433868408e-01
1.580486148595809937e-01
7.497261762619018555e-01
2.035994827747344971e-02
0.000000000000000000e+00
5.576210618019104004e-01
6.158987879753112793e-01
0.000000000000000000e+00
2.916123345494270325e-02
2.564768865704536438e-02
0.000000000000000000e+00
1.469771862030029297e-01
0.000000000000000000e+00
6.626759171485900879e-01
0.000000000000000000e+00
0.000000000000000000e+00
8.712451159954071045e-02
3.796476721763610840e-01
0.000000000000000000e+00
1.401435583829879761e-02
6.333905458450317383e-02
0.000000000000000000e+00
3.299751579761505127e-01
1.438744425773620605e+00
0.000000000000000000e+00
2.814346849918365479e-01
1.047527510672807693e-02
6.868662778288125992e-03
1.617226451635360718e-01
4.061147212982177734e+00
1.097099930047988892e-01
9.875146672129631042e-03
3.585872426629066467e-02
0.000000000000000000e+00
1.124980300664901733e-02
6.663553714752197266e-01
0.000000000000000000e+00
0.000000000000000000e+00
3.502064228057861328e+00
7.350444793701171875e-03
1.187282204627990723e+00
5.789726227521896362e-02
5.944970250129699707e-01
1.042969408445060253e-03
5.599559098482131958e-02
0.000000000000000000e+00
7.312079519033432007e-02
5.556465387344360352e-01
1.317989230155944824e-01
1.554096817970275879e+00
0.000000000000000000e+00
1.282699289731681347e-03
1.933047175407409668e-01
5.659798160195350647e-02
0.000000000000000000e+00
7.233761250972747803e-02
4.535045847296714783e-02
0.000000000000000000e+00
2.823065221309661865e-01
6.007849425077438354e-02
0.000000000000000000e+00
0.000000000000000000e+00
3.251336887478828430e-02
4.818283319473266602e-01
3.992228955030441284e-02
0.000000000000000000e+00
0.000000000000000000e+00
0.000000000000000000e+00
2.363343983888626099e-01
2.180188521742820740e-02
0.000000000000000000e+00
0.000000000000000000e+00
1.410116404294967651e-01
0.000000000000000000e+00
0.000000000000000000e+00
1.151491701602935791e-01
2.528147026896476746e-02
0.000000000000000000e+00
6.152107194066047668e-02
0.000000000000000000e+00
0.000000000000000000e+00
6.778486818075180054e-02
1.833379566669464111e-01
0.000000000000000000e+00
0.000000000000000000e+00
0.000000000000000000e+00
2.974320377688854933e-04
0.000000000000000000e+00
4.236896336078643799e-01
3.064055144786834717e-01
0.000000000000000000e+00
0.000000000000000000e+00
7.243493199348449707e-02
0.000000000000000000e+00
0.000000000000000000e+00
3.625314474105834961e+00
0.000000000000000000e+00
3.480719029903411865e-01
1.139610353857278824e-02
2.300003618001937866e-01
0.000000000000000000e+00
5.130386948585510254e-01
4.898110330104827881e-01
5.104064941406250000e-01
2.443765103816986084e-02
1.892806440591812134e-01
4.417087137699127197e-02
2.184991538524627686e-02
0.000000000000000000e+00
0.000000000000000000e+00
1.094142198562622070e-01
3.293408453464508057e-01
0.000000000000000000e+00
6.713042501360177994e-03
4.021218419075012207e-02
9.397544860839843750e-01
0.000000000000000000e+00
4.571312367916107178e-01
7.249309867620468140e-02
5.026215314865112305e-02
1.106037944555282593e-02
2.292671054601669312e-01
9.157846122980117798e-02
4.507581889629364014e-02
0.000000000000000000e+00
0.000000000000000000e+00
7.011502236127853394e-02
1.188093870878219604e-01
0.000000000000000000e+00
0.000000000000000000e+00
1.053497672080993652e+00
5.542980432510375977e-01
6.646670401096343994e-02
0.000000000000000000e+00
0.000000000000000000e+00
4.524931684136390686e-02
1.011869668960571289e+00
1.427295506000518799e-01
4.464213371276855469e+00
6.590732187032699585e-02
2.036141604185104370e-02
8.403266780078411102e-03
3.146800696849822998e-01
9.997293949127197266e-01
0.000000000000000000e+00
1.008033007383346558e-01
3.408631542697548866e-03
0.000000000000000000e+00
1.190695881843566895e+00
0.000000000000000000e+00
2.610514760017395020e-01
0.000000000000000000e+00
0.000000000000000000e+00
4.902004599571228027e-01
5.564119294285774231e-02
3.599208593368530273e-02
0.000000000000000000e+00
6.159261465072631836e-01
8.682364225387573242e-02
0.000000000000000000e+00
2.159059979021549225e-02
1.926657557487487793e-01
2.155327051877975464e-01
2.997154556214809418e-02
0.000000000000000000e+00
0.000000000000000000e+00
0.000000000000000000e+00
2.865117192268371582e-01
1.236521452665328979e-02
5.909247994422912598e-01
6.291602272540330887e-03
1.664747949689626694e-03
1.082991808652877808e-01
1.210890989750623703e-02
5.664646998047828674e-02
3.241657018661499023e-01
5.143100395798683167e-02
1.612486094236373901e-01
0.000000000000000000e+00
2.472759224474430084e-02
3.460466489195823669e-02
9.366519749164581299e-03
0.000000000000000000e+00
8.265090733766555786e-02
7.144911587238311768e-02
1.391581352800130844e-02
4.390100836753845215e-01
8.746868968009948730e-01
0.000000000000000000e+00
1.938837170600891113e-01
1.315883244387805462e-03
9.067073464393615723e-03
1.021026223897933960e-01
7.159241288900375366e-02
2.451596498489379883e+00
1.497061252593994141e+00
7.445168495178222656e-02
1.506386846303939819e-01
2.538160085678100586e-01
0.000000000000000000e+00
0.000000000000000000e+00
0.000000000000000000e+00
3.302623331546783447e-02
2.607922255992889404e-02
0.000000000000000000e+00
9.509884566068649292e-02
2.069469243288040161e-01
0.000000000000000000e+00
0.000000000000000000e+00
0.000000000000000000e+00
0.000000000000000000e+00
3.831499069929122925e-02
0.000000000000000000e+00
0.000000000000000000e+00
1.319696754217147827e-01
2.045588254928588867e+00
0.000000000000000000e+00
7.337355613708496094e-01
0.000000000000000000e+00
6.995599865913391113e-01
0.000000000000000000e+00
0.000000000000000000e+00
0.000000000000000000e+00
2.367462404072284698e-02
1.628707349300384521e-02
0.000000000000000000e+00
0.000000000000000000e+00
5.249710381031036377e-02
4.298289120197296143e-02
8.136626332998275757e-02
3.625664949417114258e+00
1.986937671899795532e-01
0.000000000000000000e+00
9.216328710317611694e-02
0.000000000000000000e+00
1.594772487878799438e-01
0.000000000000000000e+00
2.155862376093864441e-02
1.457603648304939270e-03
1.005110144615173340e-01
1.329566836357116699e-01
5.622031632810831070e-03
1.046644687652587891e+00
0.000000000000000000e+00
0.000000000000000000e+00
3.160789906978607178e-01
0.000000000000000000e+00
0.000000000000000000e+00
0.000000000000000000e+00
1.277708560228347778e-01
2.747146412730216980e-03
5.676281452178955078e-01
3.605635166168212891e-01
1.103823073208332062e-02
1.309734433889389038e-01
0.000000000000000000e+00
9.227011352777481079e-02
1.335868984460830688e-02
5.513898655772209167e-02
5.721399188041687012e-02
5.276145339012145996e-01
0.000000000000000000e+00
2.257900498807430267e-02
3.450193628668785095e-02
1.297874003648757935e-01
5.130392313003540039e-02
1.977206952869892120e-02
0.000000000000000000e+00
9.254801087081432343e-03
2.723397910594940186e-01
1.244906857609748840e-01
3.034280538558959961e-01
1.128788352012634277e+00
3.099899180233478546e-02
0.000000000000000000e+00
4.437212646007537842e-01
2.326111048460006714e-01
1.577376574277877808e-01
3.751857876777648926e-01
3.952930867671966553e-02
1.961083859205245972e-01
7.296183705329895020e-01
0.000000000000000000e+00
7.840297766961157322e-04
0.000000000000000000e+00
1.466434542089700699e-02
3.210992366075515747e-02
0.000000000000000000e+00
1.917292247526347637e-03
2.511936426162719727e-01
0.000000000000000000e+00
1.126082614064216614e-03
5.480864048004150391e-01
4.760014414787292480e-01
0.000000000000000000e+00
0.000000000000000000e+00
0.000000000000000000e+00
1.811998337507247925e-01
2.142105624079704285e-02
0.000000000000000000e+00
0.000000000000000000e+00
0.000000000000000000e+00
3.191998600959777832e-02
1.723211631178855896e-02
5.744943022727966309e-01
3.002598583698272705e-01
0.000000000000000000e+00
7.912692427635192871e-02
0.000000000000000000e+00
0.000000000000000000e+00
1.079774188995361328e+01
0.000000000000000000e+00
4.131341576576232910e-01
0.000000000000000000e+00
0.000000000000000000e+00
1.809384346008300781e+00
1.806754469871520996e-01
0.000000000000000000e+00
3.091926276683807373e-01
4.581286048050969839e-04
7.469478607177734375e+00
2.437775023281574249e-02
0.000000000000000000e+00
3.082311153411865234e-01
0.000000000000000000e+00
0.000000000000000000e+00
5.680584535002708435e-02
1.622604876756668091e-01
1.870348930358886719e+00
0.000000000000000000e+00
9.450622200965881348e-01
1.754079572856426239e-02
5.568917840719223022e-02
3.467185795307159424e-02
5.884005222469568253e-03
3.580983728170394897e-02
3.817119896411895752e-01
0.000000000000000000e+00
5.344825237989425659e-02
6.805476546287536621e-01
5.028791725635528564e-02
0.000000000000000000e+00
2.797992154955863953e-02
5.505239367485046387e-01
0.000000000000000000e+00
5.214883089065551758e-01
0.000000000000000000e+00
1.268446892499923706e-01
3.253878057003021240e-01
5.033597350120544434e-02
0.000000000000000000e+00
0.000000000000000000e+00
0.000000000000000000e+00
0.000000000000000000e+00
2.522982470691204071e-02
8.568003028631210327e-02
0.000000000000000000e+00
0.000000000000000000e+00
9.146522730588912964e-02
0.000000000000000000e+00
2.874496951699256897e-02
0.000000000000000000e+00
3.340714871883392334e-01
1.295968424528837204e-02
0.000000000000000000e+00
0.000000000000000000e+00
3.702344372868537903e-02
0.000000000000000000e+00
4.244999960064888000e-02
3.592653572559356689e-01
0.000000000000000000e+00
7.560572028160095215e-02
2.548781633377075195e-01
2.141027525067329407e-02
8.672005496919155121e-03
1.075293898582458496e+00
2.026519775390625000e+00
0.000000000000000000e+00
3.932824134826660156e-01
5.368041396141052246e-01
0.000000000000000000e+00
4.743292927742004395e-02
2.306552231311798096e-02
0.000000000000000000e+00
1.226426124572753906e+00
1.598553895950317383e+00
0.000000000000000000e+00
5.152011290192604065e-03
0.000000000000000000e+00
2.771238088607788086e-01
2.289353907108306885e-01
3.267395310103893280e-03
2.983207702636718750e-01
0.000000000000000000e+00
0.000000000000000000e+00
3.607548028230667114e-02
0.000000000000000000e+00
0.000000000000000000e+00
0.000000000000000000e+00
2.373306304216384888e-01
3.872159719467163086e-01
0.000000000000000000e+00
7.713116705417633057e-02
0.000000000000000000e+00
2.393624782562255859e-01
9.096086956560611725e-03
9.986867755651473999e-02
4.724586755037307739e-02
0.000000000000000000e+00
0.000000000000000000e+00
1.390484720468521118e-01
1.073620375245809555e-02
1.014221832156181335e-01
1.925207674503326416e-01
0.000000000000000000e+00
3.627528622746467590e-02
4.176898801233619452e-04
3.858923213556408882e-03
7.345944643020629883e-02
1.697465404868125916e-02
0.000000000000000000e+00
4.000129997730255127e-01
0.000000000000000000e+00
8.046254515647888184e-02
1.694858074188232422e-02
4.645375162363052368e-02
3.421676754951477051e-01
1.025573983788490295e-01
1.140270009636878967e-01
1.712305098772048950e-01
1.193932630121707916e-02
0.000000000000000000e+00
0.000000000000000000e+00
0.000000000000000000e+00
0.000000000000000000e+00
1.361850976943969727e+00
1.445403695106506348e+00
0.000000000000000000e+00
3.902665898203849792e-02
0.000000000000000000e+00
0.000000000000000000e+00
0.000000000000000000e+00
0.000000000000000000e+00
3.831705451011657715e-02
1.395986676216125488e-01
0.000000000000000000e+00
0.000000000000000000e+00
0.000000000000000000e+00
1.988518834114074707e-01
6.915869307704269886e-04
1.650221109390258789e+00
0.000000000000000000e+00
5.444545671343803406e-02
0.000000000000000000e+00
8.176957257091999054e-03
9.564192034304141998e-03
2.834333777427673340e-01
1.472198665142059326e-01
5.014839172363281250e-01
0.000000000000000000e+00
4.893231391906738281e-01
0.000000000000000000e+00
1.428453810513019562e-02
1.546249091625213623e-01
0.000000000000000000e+00
1.978330686688423157e-02
0.000000000000000000e+00
1.366559416055679321e-01
0.000000000000000000e+00
7.348197046667337418e-03
1.629863500595092773e+00
0.000000000000000000e+00
4.458481073379516602e-01
0.000000000000000000e+00
0.000000000000000000e+00
3.134245425462722778e-02
1.795911975204944611e-02
0.000000000000000000e+00
0.000000000000000000e+00
0.000000000000000000e+00
3.707167387008666992e+00
0.000000000000000000e+00
1.257259398698806763e-01
0.000000000000000000e+00
0.000000000000000000e+00
9.102857671678066254e-03
4.154069423675537109e-01
7.859589904546737671e-02
1.357757091522216797e+00
1.553464867174625397e-02
2.190163373947143555e+00
1.208692938089370728e-01
0.000000000000000000e+00
0.000000000000000000e+00
1.009146273136138916e-01
1.161737218499183655e-01
0.000000000000000000e+00
3.255845308303833008e-01
3.527432680130004883e-01
8.139182925224304199e-01
2.570475637912750244e-02
1.561748087406158447e-01
2.505051903426647186e-03
4.643914103507995605e-02
0.000000000000000000e+00
5.837749838829040527e-01
0.000000000000000000e+00
4.936642050743103027e-01
2.631853818893432617e-01
5.638332962989807129e-01
0.000000000000000000e+00
0.000000000000000000e+00
1.874123573303222656e+00
0.000000000000000000e+00
8.241022936999797821e-03
0.000000000000000000e+00
7.696103304624557495e-03
8.558470010757446289e-02
0.000000000000000000e+00
2.520955400541424751e-03
0.000000000000000000e+00
0.000000000000000000e+00
2.665568292140960693e-01
7.850342988967895508e-02
0.000000000000000000e+00
4.216428101062774658e-01
0.000000000000000000e+00
5.163061618804931641e-01
1.174142807722091675e-01
4.674924015998840332e-01
0.000000000000000000e+00
0.000000000000000000e+00
4.045840799808502197e-01
3.822589293122291565e-03
1.557106226682662964e-01
0.000000000000000000e+00
0.000000000000000000e+00
2.440845407545566559e-02
9.453932940959930420e-02
6.726710125803947449e-03
1.622022390365600586e+00
0.000000000000000000e+00
0.000000000000000000e+00
2.316288650035858154e-02
3.414176777005195618e-02
0.000000000000000000e+00
0.000000000000000000e+00
1.498634964227676392e-01
0.000000000000000000e+00
1.137150645256042480e+00
9.707834571599960327e-02
0.000000000000000000e+00
1.730325520038604736e-01
2.066383510828018188e-01
0.000000000000000000e+00
4.845736111747100949e-05
1.306490153074264526e-01
8.439425379037857056e-02
2.572920620441436768e-01
3.215570002794265747e-02
1.660223677754402161e-02
0.000000000000000000e+00
2.990702986717224121e-01
1.850253939628601074e+00
1.582902818918228149e-01
0.000000000000000000e+00
1.034066528081893921e-01
2.756770327687263489e-02
1.118824407458305359e-01
1.241748314350843430e-02
5.785387475043535233e-03
3.418925404548645020e-01
5.142286047339439392e-02
5.168123543262481689e-02
8.166166953742504120e-03
0.000000000000000000e+00
6.284296512603759766e-03
2.042488604784011841e-01
6.004015803337097168e-01
0.000000000000000000e+00
1.228676550090312958e-02
1.497804880142211914e+00
4.405904293060302734e+00
1.008238419890403748e-01
0.000000000000000000e+00
6.956052780151367188e-02
3.932473063468933105e-01
0.000000000000000000e+00
2.911018729209899902e-01
5.940971970558166504e-01
2.955180220305919647e-02
1.174607649445533752e-01
2.261314988136291504e-01
0.000000000000000000e+00
0.000000000000000000e+00
0.000000000000000000e+00
2.351774089038372040e-02
9.839741140604019165e-02
0.000000000000000000e+00
2.488013505935668945e-01
7.563155610114336014e-03
0.000000000000000000e+00
3.978883102536201477e-02
9.809240102767944336e-01
3.022053241729736328e-01
3.127539530396461487e-02
3.307142993435263634e-03
3.173732385039329529e-02
1.174783468246459961e+00
2.589070238173007965e-02
7.741172611713409424e-02
1.426714286208152771e-02
0.000000000000000000e+00
4.564842581748962402e-01
0.000000000000000000e+00
0.000000000000000000e+00
3.607600688934326172e+00
1.071141719818115234e+00
3.412674879655241966e-03
3.450494259595870972e-02
2.897283062338829041e-02
0.000000000000000000e+00
0.000000000000000000e+00
4.384104311466217041e-01
6.815097332000732422e-01
0.000000000000000000e+00
7.529335618019104004e-01
0.000000000000000000e+00
1.230379939079284668e-01
5.018585547804832458e-02
2.952044643461704254e-02
1.501061022281646729e-01
4.675348103046417236e-01
1.313997805118560791e-02
8.967599868774414062e-01
0.000000000000000000e+00
1.561844497919082642e-01
4.685511589050292969e-01
2.672529220581054688e+00
1.646854430437088013e-01
5.167970899492502213e-03
0.000000000000000000e+00
6.066602189093828201e-03
4.230890572071075439e-01
0.000000000000000000e+00
0.000000000000000000e+00
0.000000000000000000e+00
2.478567600250244141e+00
8.350514173507690430e-01
3.181669414043426514e-01
1.618839949369430542e-01
2.433681964874267578e+00
6.327588856220245361e-02
0.000000000000000000e+00
3.971028700470924377e-02
0.000000000000000000e+00
1.202537417411804199e-01
2.404543608427047729e-01
8.227438665926456451e-03
0.000000000000000000e+00
0.000000000000000000e+00
0.000000000000000000e+00
0.000000000000000000e+00
3.983035217970609665e-03
0.000000000000000000e+00
0.000000000000000000e+00
3.744673915207386017e-03
2.059011608362197876e-01
5.829894915223121643e-02
4.650256931781768799e-01
0.000000000000000000e+00
5.362871661782264709e-02
0.000000000000000000e+00
1.434854269027709961e+00
0.000000000000000000e+00
4.385730922222137451e-01
4.334856197237968445e-02
1.521838605403900146e-01
2.576955407857894897e-02
0.000000000000000000e+00
6.222765892744064331e-02
1.350130736827850342e-01
5.215514302253723145e-01
0.000000000000000000e+00
1.556799316406250000e+01
0.000000000000000000e+00
3.015000343322753906e+00
0.000000000000000000e+00
6.470149755477905273e-02
2.574080042541027069e-02
7.438995838165283203e-01
6.371577382087707520e-01
1.068587675690650940e-01
2.442966401576995850e-01
7.129900157451629639e-02
1.170969903469085693e-01
2.895998954772949219e-01
5.160148620605468750e+00
6.125067472457885742e-01
0.000000000000000000e+00
0.000000000000000000e+00
1.181754097342491150e-01
1.924033463001251221e-02
4.694244861602783203e-01
0.000000000000000000e+00
1.461762338876724243e-01
1.451200526207685471e-02
5.637135729193687439e-02
2.625498222187161446e-03
1.547643099911510944e-03
5.524578690528869629e-01
1.588439345359802246e+00
4.638980627059936523e-01
2.238226532936096191e-01
2.699185609817504883e-01
6.015703454613685608e-02
4.967415928840637207e-01
4.339478969573974609e+00
2.633057720959186554e-02
0.000000000000000000e+00
0.000000000000000000e+00
4.118693470954895020e-01
9.906638413667678833e-02
1.306410193443298340e+00
3.390470147132873535e-01
0.000000000000000000e+00
2.367605417966842651e-01
6.724627315998077393e-02
0.000000000000000000e+00
6.886452902108430862e-03
8.248032331466674805e-01
4.866108000278472900e-01
2.683790445327758789e+00
1.771222949028015137e-01
3.466865047812461853e-02
1.331085413694381714e-01
0.000000000000000000e+00
0.000000000000000000e+00
0.000000000000000000e+00
0.000000000000000000e+00
0.000000000000000000e+00
0.000000000000000000e+00
5.118601769208908081e-02
3.454245626926422119e-01
6.884689927101135254e-01
1.450823903083801270e+00
1.192293874919414520e-02
1.064752489328384399e-01
5.318531394004821777e-01
0.000000000000000000e+00
0.000000000000000000e+00
1.831765323877334595e-01
8.556937575340270996e-01
6.720004677772521973e-01
1.701866835355758667e-02
8.285965919494628906e-01
3.814690932631492615e-02
2.454076111316680908e-01
1.611135303974151611e-01
8.204861544072628021e-03
5.744799375534057617e-01
0.000000000000000000e+00
0.000000000000000000e+00
0.000000000000000000e+00
0.000000000000000000e+00
0.000000000000000000e+00
0.000000000000000000e+00
5.121972039341926575e-02
9.095550179481506348e-01
2.791802026331424713e-02
0.000000000000000000e+00
0.000000000000000000e+00
0.000000000000000000e+00
0.000000000000000000e+00
1.150425672531127930e+00
9.221998602151870728e-02
2.619053125381469727e-01
0.000000000000000000e+00
2.498439997434616089e-01
2.294219017028808594e+00
0.000000000000000000e+00
0.000000000000000000e+00
0.000000000000000000e+00
1.233376115560531616e-01
2.298217535018920898e+00
0.000000000000000000e+00
3.953229263424873352e-02
1.658054813742637634e-02
0.000000000000000000e+00
0.000000000000000000e+00
1.049712225794792175e-01
2.649398744106292725e-01
0.000000000000000000e+00
1.408634930849075317e-01
5.276188254356384277e-01
0.000000000000000000e+00
1.242981874383985996e-03
2.763984203338623047e-01
0.000000000000000000e+00
0.000000000000000000e+00
2.086913436651229858e-01
8.368361592292785645e-01
1.664752364158630371e-01
0.000000000000000000e+00
3.677522018551826477e-02
1.504427790641784668e-01
0.000000000000000000e+00
1.251308023929595947e-01
