8.253379911184310913e-02
3.184119164943695068e-01
2.188196778297424316e-01
1.290566567331552505e-02
6.093160435557365417e-02
2.531786449253559113e-04
2.847142815589904785e-01
0.000000000000000000e+00
4.684462910518050194e-04
6.076431870460510254e-01
1.134903579950332642e-01
1.437432020902633667e-01
1.190822482109069824e+00
8.832667954266071320e-03
0.000000000000000000e+00
2.634501457214355469e-01
4.281376302242279053e-01
0.000000000000000000e+00
1.019489765167236328e-02
0.000000000000000000e+00
2.145606577396392822e-01
2.122522564604878426e-03
1.140481829643249512e+00
0.000000000000000000e+00
3.496011495590209961e+00
1.187955494970083237e-03
2.724045328795909882e-02
2.887902855873107910e-01
0.000000000000000000e+00
4.664887115359306335e-02
5.606500506401062012e-01
1.050880029797554016e-01
1.083979010581970215e+00
5.724212899804115295e-02
0.000000000000000000e+00
0.000000000000000000e+00
1.552479574456810951e-03
1.601131074130535126e-02
5.973699316382408142e-02
8.550097346305847168e-01
5.766561627388000488e-01
9.921541810035705566e-01
2.349757403135299683e-01
2.001417726278305054e-01
8.597774058580398560e-02
1.770832836627960205e-01
7.131849229335784912e-02
0.000000000000000000e+00
3.288669139146804810e-02
1.011687144637107849e-02
9.492702037096023560e-02
7.882273793220520020e-01
1.881257295608520508e-01
5.968434214591979980e-01
4.469366967678070068e-01
1.799026280641555786e-01
7.651579976081848145e-01
4.733703681267797947e-04
1.079963803291320801e+00
0.000000000000000000e+00
3.468405306339263916e-01
8.493529558181762695e-01
6.026490777730941772e-02
0.000000000000000000e+00
1.063206434249877930e+00
5.635514259338378906e-01
8.323699235916137695e-02
5.598219394683837891e+00
0.000000000000000000e+00
3.933416008949279785e-01
2.536174356937408447e-01
3.087840676307678223e-01
4.703734219074249268e-01
1.355685479938983917e-02
0.000000000000000000e+00
2.370187193155288696e-01
4.273855388164520264e-01
3.630087897181510925e-02
2.966215848922729492e+00
7.268986701965332031e-01
1.830997109413146973e+00
5.207453370094299316e-01
2.490506879985332489e-02
4.863958805799484253e-02
6.990763545036315918e-02
7.055637836456298828e-01
6.270456314086914062e-01
1.789651066064834595e-01
1.673450618982315063e-01
0.000000000000000000e+00
3.999291956424713135e-01
1.955485045909881592e-01
7.346400618553161621e-02
0.000000000000000000e+00
3.465935885906219482e-01
2.119725644588470459e-01
9.214141219854354858e-02
2.022400051355361938e-01
9.235742688179016113e-01
3.283191844820976257e-02
0.000000000000000000e+00
1.213725924491882324e+00
1.947907358407974243e-01
2.592474818229675293e-01
1.876246631145477295e-01
1.119588613510131836e+00
4.352530539035797119e-01
6.950934231281280518e-02
7.986053079366683960e-02
3.284206867218017578e+00
0.000000000000000000e+00
8.922913670539855957e-02
0.000000000000000000e+00
9.109753370285034180e-02
2.144609689712524414e-01
8.985707759857177734e-01
3.781819939613342285e-01
1.640393137931823730e-01
3.377732336521148682e-01
0.000000000000000000e+00
9.891744703054428101e-02
9.491677395999431610e-03
3.873837590217590332e-01
7.710163295269012451e-02
4.394649505615234375e+00
4.411247670650482178e-01
6.157001107931137085e-02
1.407407760620117188e+00
3.930880501866340637e-02
1.543864957056939602e-03
5.141705870628356934e-01
1.310069561004638672e-01
2.409205585718154907e-01
2.125516161322593689e-02
1.688601821660995483e-02
1.212862655520439148e-01
1.101090192794799805e+00
9.815973043441772461e-01
2.980326116085052490e-01
2.381781488656997681e-01
0.000000000000000000e+00
2.586840689182281494e-01
2.518337033689022064e-02
2.598706185817718506e-01
5.605283379554748535e-02
0.000000000000000000e+00
0.000000000000000000e+00
2.792337909340858459e-02
6.638526916503906250e-01
0.000000000000000000e+00
1.581618070602416992e+00
1.445986330509185791e-01
1.357152312994003296e-01
4.317640066146850586e-01
2.991091273725032806e-02
3.782982826232910156e-01
5.482740327715873718e-02
1.273682266473770142e-01
0.000000000000000000e+00
0.000000000000000000e+00
1.865177601575851440e-02
6.639410275965929031e-04
3.597860634326934814e-01
1.790842041373252869e-02
9.324864298105239868e-02
5.074614524841308594e+00
0.000000000000000000e+00
0.000000000000000000e+00
1.227977871894836426e+00
1.733076810836791992e+00
2.487801760435104370e-01
2.150034904479980469e+00
0.000000000000000000e+00
1.647319644689559937e-02
4.722825586795806885e-01
0.000000000000000000e+00
5.285758525133132935e-02
6.401618719100952148e-01
3.037475347518920898e-01
2.644235193729400635e-01
1.793073177337646484e+00
1.439777612686157227e-01
1.553348824381828308e-02
2.671758830547332764e-01
0.000000000000000000e+00
1.989415660500526428e-02
3.377274610102176666e-03
4.570550844073295593e-02
1.561008691787719727e+00
1.023232936859130859e-03
1.835039816796779633e-02
5.013443157076835632e-02
6.307629942893981934e-01
4.933727085590362549e-01
0.000000000000000000e+00
0.000000000000000000e+00
5.645747780799865723e-01
0.000000000000000000e+00
5.510542169213294983e-02
3.432234982028603554e-03
3.953281044960021973e-01
3.173516988754272461e-01
1.119719386100769043e+00
0.000000000000000000e+00
2.539321482181549072e-01
7.807390391826629639e-02
4.835045337677001953e-01
3.917022645473480225e-01
1.568246036767959595e-01
1.877711117267608643e-01
8.054915666580200195e-01
5.386416241526603699e-02
0.000000000000000000e+00
6.319587230682373047e-01
8.928024172782897949e-01
1.745692640542984009e-01
1.549801081418991089e-01
1.842710852622985840e+00
0.000000000000000000e+00
5.443641915917396545e-02
3.037715516984462738e-02
1.072738289833068848e+00
1.788796931505203247e-01
1.249292939901351929e-01
2.819422818720340729e-02
1.472359802573919296e-02
2.287238538265228271e-01
1.109838951379060745e-02
5.153727903962135315e-02
3.106186352670192719e-02
1.219344362616539001e-01
2.602726221084594727e-01
6.145386397838592529e-02
0.000000000000000000e+00
2.260606735944747925e-01
1.060961633920669556e-01
0.000000000000000000e+00
1.969849765300750732e-01
0.000000000000000000e+00
1.697948575019836426e-02
4.523650556802749634e-02
7.812263816595077515e-02
2.410976216197013855e-02
3.100061714649200439e-01
3.231030702590942383e-02
5.896853804588317871e-01
4.491140544414520264e-01
5.568967387080192566e-02
1.393808841705322266e+00
0.000000000000000000e+00
5.002671852707862854e-02
2.792629301548004150e-01
4.804471731185913086e-01
0.000000000000000000e+00
0.000000000000000000e+00
2.420528531074523926e-01
0.000000000000000000e+00
6.402898579835891724e-02
4.871573299169540405e-02
2.359088897705078125e+00
1.513592958450317383e+00
6.285927444696426392e-02
8.502370834350585938e+00
6.640681624412536621e-01
1.961514353752136230e-02
3.408163785934448242e-02
2.849348068237304688e+00
1.415049076080322266e+00
1.885978132486343384e-02
8.043596148490905762e-02
5.718184709548950195e-01
7.729531824588775635e-02
8.440012931823730469e-01
1.519160419702529907e-01
1.051326934248209000e-02
2.935367524623870850e-01
0.000000000000000000e+00
3.320108890533447266e+00
3.597744405269622803e-01
1.995620280504226685e-01
4.880240261554718018e-01
1.326154470443725586e-01
3.970246911048889160e-01
2.610219120979309082e-01
0.000000000000000000e+00
2.359621286392211914e+00
1.132526993751525879e-01
2.576385140419006348e-01
2.826767921447753906e+00
1.077217340469360352e+00
9.715232998132705688e-02
5.277615785598754883e-01
0.000000000000000000e+00
1.323799610137939453e+00
1.221041679382324219e-01
9.999451041221618652e-01
3.916633129119873047e-01
1.103592753410339355e+00
0.000000000000000000e+00
4.688817262649536133e-02
4.843136966228485107e-01
3.570023775100708008e-01
9.970705956220626831e-02
0.000000000000000000e+00
3.548797667026519775e-01
4.623636603355407715e-01
1.465644836425781250e-01
9.536933898925781250e-02
3.164289295673370361e-01
0.000000000000000000e+00
5.873709321022033691e-01
3.791709542274475098e-01
4.203799366950988770e-01
2.240639179944992065e-01
1.125498786568641663e-01
9.107878059148788452e-02
4.255017936229705811e-01
8.822325617074966431e-02
1.988745182752609253e-01
4.280253499746322632e-02
0.000000000000000000e+00
5.687862168997526169e-03
2.940405905246734619e-02
5.184160917997360229e-02
3.995003700256347656e-01
1.193775460124015808e-01
7.546880096197128296e-02
1.845927953720092773e+00
8.822784572839736938e-02
2.606953144073486328e+00
0.000000000000000000e+00
0.000000000000000000e+00
3.281468451023101807e-01
0.000000000000000000e+00
0.000000000000000000e+00
0.000000000000000000e+00
1.749009847640991211e+00
4.610129818320274353e-02
1.430142402648925781e+00
0.000000000000000000e+00
6.665130257606506348e-01
1.877760648727416992e+00
2.718672156333923340e-01
2.105404250323772430e-02
8.033053018152713776e-03
2.443583868443965912e-02
6.649813055992126465e-02
0.000000000000000000e+00
2.936594784259796143e-01
1.469604484736919403e-02
3.219738900661468506e-01
1.567830145359039307e-01
1.947942525148391724e-01
4.639151692390441895e-02
4.507113993167877197e-01
1.159580424427986145e-03
4.301674962043762207e-01
0.000000000000000000e+00
6.501294970512390137e-01
5.026274919509887695e-01
7.939570546150207520e-01
2.478310465812683105e-01
1.029047608375549316e+00
1.901775016449391842e-03
5.024192333221435547e-01
2.764693200588226318e-01
9.383398294448852539e-01
1.492421515285968781e-02
0.000000000000000000e+00
8.001393079757690430e-01
2.793876826763153076e-01
0.000000000000000000e+00
4.785844124853610992e-03
6.460994947701692581e-03
4.232097417116165161e-03
1.626480929553508759e-02
1.217716783285140991e-01
1.391909271478652954e-02
9.025563001632690430e-01
2.930313050746917725e-01
0.000000000000000000e+00
3.663642644882202148e+00
1.085447072982788086e+00
0.000000000000000000e+00
5.436300039291381836e-01
3.409220218658447266e+00
0.000000000000000000e+00
2.881674654781818390e-02
5.790269747376441956e-02
1.728021800518035889e-01
2.017039619386196136e-02
1.185092180967330933e-01
9.732790589332580566e-01
5.634117126464843750e-01
1.714267954230308533e-02
3.378182947635650635e-01
4.496917873620986938e-02
3.156487345695495605e-01
7.532095536589622498e-03
5.802225694060325623e-02
1.944106698036193848e+00
2.479655593633651733e-01
4.217400029301643372e-02
1.278977841138839722e-01
5.495553091168403625e-02
1.184535145759582520e+00
0.000000000000000000e+00
2.413219511508941650e-01
3.713153004646301270e-01
1.437744021415710449e+00
2.507603727281093597e-02
7.701016217470169067e-02
1.172018647193908691e-01
0.000000000000000000e+00
4.707839488983154297e-01
1.322983950376510620e-02
2.390903979539871216e-01
2.916256487369537354e-01
1.570189744234085083e-01
0.000000000000000000e+00
1.976245194673538208e-01
2.402531914412975311e-03
3.927472531795501709e-01
1.143455624580383301e+00
1.159870158880949020e-02
1.219221055507659912e-01
1.920486450195312500e+00
6.046905647963285446e-03
6.264184713363647461e-01
2.327285706996917725e-01
1.587197184562683105e+00
2.865449339151382446e-02
8.658240318298339844e+00
2.404602766036987305e-01
1.599787026643753052e-01
8.102214336395263672e-01
1.819407939910888672e-01
0.000000000000000000e+00
5.745873451232910156e-01
0.000000000000000000e+00
7.379369735717773438e-01
1.138134971261024475e-01
1.961305439472198486e-01
3.230223357677459717e-01
1.893997192382812500e-01
9.501407295465469360e-02
1.139843612909317017e-01
1.894631683826446533e-01
1.093573216348886490e-02
1.976071624085307121e-03
9.487443417310714722e-02
0.000000000000000000e+00
0.000000000000000000e+00
0.000000000000000000e+00
9.217189252376556396e-02
1.005821108818054199e+00
2.993039414286613464e-02
3.803892433643341064e-01
1.381173497065901756e-04
1.150739431381225586e+00
0.000000000000000000e+00
1.091512963175773621e-01
3.593087196350097656e-02
4.858353734016418457e-01
9.956515580415725708e-02
1.267665922641754150e-01
2.402128428220748901e-01
1.045396566390991211e+00
9.996753931045532227e-02
7.837987542152404785e-01
5.065550804138183594e-01
1.883392930030822754e+00
5.072494968771934509e-04
6.410637497901916504e-01
3.643229603767395020e-01
2.728884696960449219e+00
0.000000000000000000e+00
5.068717002868652344e-01
3.759780526161193848e-02
3.241994082927703857e-01
1.298115849494934082e-01
2.053945362567901611e-01
1.543263345956802368e-01
2.659674286842346191e-01
1.674557663500308990e-02
7.477918267250061035e-01
0.000000000000000000e+00
1.975510083138942719e-02
0.000000000000000000e+00
2.035313844680786133e+00
0.000000000000000000e+00
2.304733963683247566e-03
4.826202522963285446e-03
0.000000000000000000e+00
0.000000000000000000e+00
0.000000000000000000e+00
2.333012968301773071e-01
6.093958392739295959e-02
7.789023220539093018e-03
7.784538269042968750e-01
1.297212392091751099e-01
2.657147310674190521e-02
2.385277301073074341e-01
0.000000000000000000e+00
2.927669286727905273e-01
9.167139977216720581e-02
5.553555674850940704e-03
1.068527437746524811e-02
2.742716344073414803e-03
1.211037516593933105e+00
2.742836773395538330e-01
1.067364364862442017e-01
1.605591177940368652e+00
5.316830277442932129e-01
5.090546235442161560e-02
1.708127856254577637e-01
1.940652728080749512e-01
2.036631293594837189e-02
1.608049683272838593e-02
0.000000000000000000e+00
4.065303504467010498e-01
9.872702956199645996e-01
1.378684490919113159e-01
0.000000000000000000e+00
0.000000000000000000e+00
6.973596811294555664e-01
0.000000000000000000e+00
4.885065369307994843e-03
4.009508714079856873e-02
4.208599328994750977e-01
6.470867991447448730e-02
2.455862164497375488e-01
1.106251031160354614e-01
1.031552329659461975e-01
2.359605580568313599e-01
5.132164359092712402e-01
0.000000000000000000e+00
0.000000000000000000e+00
4.425577819347381592e-02
7.541573606431484222e-03
6.346908211708068848e-01
2.592810094356536865e-01
3.296305656433105469e+00
9.961201250553131104e-02
2.148141711950302124e-01
3.375507354736328125e+00
5.517364144325256348e-01
1.726885512471199036e-02
7.474344689399003983e-03
2.167942762374877930e+00
2.930660173296928406e-02
3.115656077861785889e-01
8.835573196411132812e-01
2.594595253467559814e-01
2.184014618396759033e-01
1.495805289596319199e-02
2.209188882261514664e-03
6.857791915535926819e-03
1.120852231979370117e+00
3.695219457149505615e-01
2.907576262950897217e-01
1.187822341918945312e+00
5.125671029090881348e-01
2.549595832824707031e-01
2.519515343010425568e-02
6.206833571195602417e-02
1.366293132305145264e-01
4.556936025619506836e-02
5.273867249488830566e-01
1.634870618581771851e-01
6.510931998491287231e-02
5.747075006365776062e-02
4.449346065521240234e-01
1.881736330687999725e-02
8.644765615463256836e-02
1.484756827354431152e+00
5.629804800264537334e-04
1.091369628906250000e+00
2.335764281451702118e-02
5.697546005249023438e-01
5.910922288894653320e-01
5.610721111297607422e-01
3.287135958671569824e-01
2.414435863494873047e+00
3.096637129783630371e-02
7.870887219905853271e-02
2.023503482341766357e-01
4.777172952890396118e-02
6.143560409545898438e-01
7.987411809153854847e-04
0.000000000000000000e+00
2.147114872932434082e-01
6.210830528289079666e-03
1.452162675559520721e-02
8.215205743908882141e-03
0.000000000000000000e+00
1.521026790142059326e-01
3.380450904369354248e-01
0.000000000000000000e+00
1.656869202852249146e-01
1.244240552186965942e-01
9.139122962951660156e-01
3.748733699321746826e-01
1.080865738913416862e-03
9.367212057113647461e-01
0.000000000000000000e+00
0.000000000000000000e+00
2.679908573627471924e-01
2.295114696025848389e-01
2.318408191204071045e-01
0.000000000000000000e+00
0.000000000000000000e+00
9.492058306932449341e-02
8.654271066188812256e-02
1.532424837350845337e-01
3.872094093821942806e-04
1.055879116058349609e+00
5.274292230606079102e-01
7.635626196861267090e-02
8.551951050758361816e-01
1.065306738018989563e-01
2.267592959105968475e-02
1.122626781463623047e+00
8.142936229705810547e-02
5.175266880542039871e-03
5.747013092041015625e-01
7.825352996587753296e-02
2.845709621906280518e-01
1.210669148713350296e-02
1.551696471869945526e-02
0.000000000000000000e+00
7.202611863613128662e-02
3.930575400590896606e-02
2.253014408051967621e-02
3.988701999187469482e-01
2.555720740929245949e-03
6.791374683380126953e-01
3.869561254978179932e-01
6.503130197525024414e-01
2.153662443161010742e-01
1.312425583600997925e-01
2.217175364494323730e-01
7.333193719387054443e-02
0.000000000000000000e+00
0.000000000000000000e+00
1.187172159552574158e-01
3.349802922457456589e-03
5.918816663324832916e-03
8.158557415008544922e-01
2.153672128915786743e-01
1.194555521011352539e+00
4.950828254222869873e-01
7.381662130355834961e-01
6.888156533241271973e-01
6.428901851177215576e-02
5.285837054252624512e-01
2.570770680904388428e-01
2.610235847532749176e-02
4.164101779460906982e-01
1.394033670425415039e+00
7.511974126100540161e-02
1.454790960997343063e-02
6.888585630804300308e-03
6.313117146492004395e-01
2.031832456588745117e+00
0.000000000000000000e+00
1.916992068290710449e+00
4.192560445517301559e-03
0.000000000000000000e+00
0.000000000000000000e+00
2.818672731518745422e-02
0.000000000000000000e+00
0.000000000000000000e+00
1.991903036832809448e-02
1.110812881961464882e-03
1.040550708770751953e+00
6.693387031555175781e-01
2.671300619840621948e-02
8.775746822357177734e-01
3.060060441493988037e-01
0.000000000000000000e+00
5.124156475067138672e-01
8.364004641771316528e-02
5.817351117730140686e-02
3.465475738048553467e-01
2.541436254978179932e-01
2.260764539241790771e-01
1.882963627576828003e-01
1.923308253288269043e+00
2.944028377532958984e-02
1.761937886476516724e-01
7.629281282424926758e-02
0.000000000000000000e+00
0.000000000000000000e+00
5.217813849449157715e-01
4.983228165656328201e-03
3.837023675441741943e-02
1.218195438385009766e+00
6.361986398696899414e-01
4.390025511384010315e-02
1.411112308502197266e+00
7.414989173412322998e-02
1.004279591143131256e-02
6.813935935497283936e-02
0.000000000000000000e+00
5.995440110564231873e-02
6.601066887378692627e-02
9.551765322685241699e-01
9.236845374107360840e-02
0.000000000000000000e+00
1.361529380083084106e-01
1.237502992153167725e-01
4.360764920711517334e-01
6.495192646980285645e-02
1.324835866689682007e-01
1.575169339776039124e-02
2.228913605213165283e-01
3.083730936050415039e-01
4.010561704635620117e-01
3.567984402179718018e-01
2.605506451800465584e-03
1.135288774967193604e-01
5.518121719360351562e-01
4.795437306165695190e-02
6.749114394187927246e-02
2.851853612810373306e-03
0.000000000000000000e+00
1.354025327600538731e-03
0.000000000000000000e+00
0.000000000000000000e+00
2.181181013584136963e-01
6.430773138999938965e-01
1.089754607528448105e-02
1.047032070159912109e+01
2.194038629531860352e-01
3.567659482359886169e-02
9.828808903694152832e-02
9.266754984855651855e-02
5.310841202735900879e-01
8.195871114730834961e-02
2.030910968780517578e+00
2.876931726932525635e-01
6.268110275268554688e-01
3.005585670471191406e-01
8.337242603302001953e-01
1.142585799098014832e-01
6.045783162117004395e-01
3.095695376396179199e-02
6.564480662345886230e-01
1.550735473632812500e+00
0.000000000000000000e+00
3.209679126739501953e-01
3.738141059875488281e-01
0.000000000000000000e+00
1.818271875381469727e-01
0.000000000000000000e+00
1.681563793681561947e-03
1.738858520984649658e-01
1.537365674972534180e+00
1.115192174911499023e+00
2.167211055755615234e+00
3.265317082405090332e-01
8.114367723464965820e-01
0.000000000000000000e+00
2.469534575939178467e-01
1.247630342841148376e-01
7.109361886978149414e-01
0.000000000000000000e+00
0.000000000000000000e+00
2.448417097330093384e-01
2.742510139942169189e-01
5.399384349584579468e-02
1.122268587350845337e-01
1.293879449367523193e-01
8.011288009583950043e-03
0.000000000000000000e+00
6.765263080596923828e-01
1.965418457984924316e-01
4.812989756464958191e-02
2.208539843559265137e-01
2.296209149062633514e-02
2.616309821605682373e-01
1.889512538909912109e-01
0.000000000000000000e+00
1.235600188374519348e-02
2.506525516510009766e-01
2.800617218017578125e-01
0.000000000000000000e+00
1.845610141754150391e-01
0.000000000000000000e+00
1.928681321442127228e-02
8.372084051370620728e-02
2.648791551589965820e+00
4.742088019847869873e-01
1.500096637755632401e-02
1.210658028721809387e-01
0.000000000000000000e+00
1.582325249910354614e-02
6.298981606960296631e-02
1.865749001502990723e+00
8.794490247964859009e-03
1.943155750632286072e-02
2.731411755084991455e-01
4.818021953105926514e-01
2.926214694976806641e+00
5.813012272119522095e-02
4.454392194747924805e-02
1.817893981933593750e-01
1.166681274771690369e-01
0.000000000000000000e+00
5.225022435188293457e-01
2.463852055370807648e-02
1.078432127833366394e-01
1.466967910528182983e-01
0.000000000000000000e+00
0.000000000000000000e+00
0.000000000000000000e+00
2.734941840171813965e-01
3.857108652591705322e-01
1.510405063629150391e+00
6.005738675594329834e-02
1.373380720615386963e-01
1.637204587459564209e-01
6.010288596153259277e-01
7.116687297821044922e+00
9.485424496233463287e-03
4.074253141880035400e-01
2.723131477832794189e-01
5.008957907557487488e-02
1.931076683104038239e-02
7.338737696409225464e-02
1.450471282005310059e-01
2.813690528273582458e-02
1.023418784141540527e+00
3.226174712181091309e-01
2.851968705654144287e-01
0.000000000000000000e+00
0.000000000000000000e+00
0.000000000000000000e+00
7.121641933917999268e-02
3.521980019286274910e-03
1.799048297107219696e-02
3.238327503204345703e-01
1.819633319973945618e-02
5.689713358879089355e-02
5.499716997146606445e-01
6.402331590652465820e-01
4.667868316173553467e-01
9.762979745864868164e-01
2.747695446014404297e-01
0.000000000000000000e+00
1.660632967948913574e+00
4.092102497816085815e-02
0.000000000000000000e+00
1.152594238519668579e-01
8.914304375648498535e-01
0.000000000000000000e+00
6.392467021942138672e-02
9.583475440740585327e-02
1.385828256607055664e-01
3.526742160320281982e-01
0.000000000000000000e+00
7.805607318878173828e-01
2.873420119285583496e-01
8.623084425926208496e-02
4.713165760040283203e-01
1.152742430567741394e-01
6.499267816543579102e-01
1.756192296743392944e-01
1.511524058878421783e-02
2.881536632776260376e-02
1.397899389266967773e-01
2.648929655551910400e-01
5.520602464675903320e-01
0.000000000000000000e+00
6.320392340421676636e-02
1.254968196153640747e-01
9.345052391290664673e-02
8.899860978126525879e-01
7.250729948282241821e-03
0.000000000000000000e+00
1.373093575239181519e-01
1.696635223925113678e-02
0.000000000000000000e+00
3.309176564216613770e-01
5.758548155426979065e-03
2.369617670774459839e-01
5.341322422027587891e-01
3.406885564327239990e-01
1.796405911445617676e-01
9.731725789606571198e-03
0.000000000000000000e+00
9.980807304382324219e-01
0.000000000000000000e+00
1.171153903007507324e+00
3.648499846458435059e-01
1.566752046346664429e-02
1.135511174798011780e-01
2.814669609069824219e+00
1.265532970428466797e-01
3.870124695822596550e-03
1.279003801755607128e-03
2.006144635379314423e-02
8.122758567333221436e-02
6.482934951782226562e-01
0.000000000000000000e+00
9.670757651329040527e-01
9.259884953498840332e-01
1.728303171694278717e-02
4.081824123859405518e-01
0.000000000000000000e+00
4.953457787632942200e-02
3.101519942283630371e-01
3.573729097843170166e-01
1.604776043677702546e-04
1.976090431213378906e+00
0.000000000000000000e+00
0.000000000000000000e+00
1.500084400177001953e+00
4.653044044971466064e-01
5.599208474159240723e-01
6.203139424324035645e-01
6.114122807048261166e-04
4.081090390682220459e-01
0.000000000000000000e+00
0.000000000000000000e+00
3.484990000724792480e-01
0.000000000000000000e+00
7.487684488296508789e-02
6.892000237712636590e-05
2.561738789081573486e-01
1.317585259675979614e-01
3.375897407531738281e-01
0.000000000000000000e+00
1.173595413565635681e-01
3.963644504547119141e-01
5.954652428627014160e-01
0.000000000000000000e+00
9.045782685279846191e-02
1.376840174198150635e-01
1.271448135375976562e+00
1.571807712316513062e-01
3.619761466979980469e-01
2.813821136951446533e-01
1.658780813217163086e+00
3.808624446392059326e-01
1.930523514747619629e-01
2.309473007917404175e-01
5.359403043985366821e-02
6.608393788337707520e-01
0.000000000000000000e+00
0.000000000000000000e+00
4.267789772711694241e-04
0.000000000000000000e+00
1.220667883753776550e-01
5.136808156967163086e-01
0.000000000000000000e+00
0.000000000000000000e+00
2.796630747616291046e-02
6.040334701538085938e-02
1.112462401390075684e+00
5.284564197063446045e-02
9.924193471670150757e-02
1.093150258064270020e+00
8.201110959053039551e-01
5.180140957236289978e-02
9.510424733161926270e-01
7.620381563901901245e-02
9.788620285689830780e-03
1.812903210520744324e-03
8.987261354923248291e-02
2.404610812664031982e-01
0.000000000000000000e+00
2.610100805759429932e-01
2.786722406744956970e-02
5.932133644819259644e-02
1.872467875480651855e+00
1.220143213868141174e-01
4.835370928049087524e-02
0.000000000000000000e+00
2.500345706939697266e-01
2.100515514612197876e-01
6.573802232742309570e-02
1.362634152173995972e-01
1.396193057298660278e-01
1.472434997558593750e-01
1.035397127270698547e-02
8.082261085510253906e-01
7.571278810501098633e-01
0.000000000000000000e+00
3.655077815055847168e-01
2.511837054044008255e-03
5.648176074028015137e-01
5.316348075866699219e-01
2.209740877151489258e-01
7.555903494358062744e-02
4.842281341552734375e-04
3.449680507183074951e-01
2.303850203752517700e-01
1.474909633398056030e-01
2.195925712585449219e+00
0.000000000000000000e+00
6.262645870447158813e-02
2.930895090103149414e-01
1.742219328880310059e-01
5.282344222068786621e-01
1.623557358980178833e-01
0.000000000000000000e+00
0.000000000000000000e+00
1.098296698182821274e-02
3.709414601325988770e-02
5.081311985850334167e-02
1.156672090291976929e-01
2.930979244410991669e-03
1.579950928688049316e+00
1.466079115867614746e+00
1.430610120296478271e-01
2.206336975097656250e+00
7.742963433265686035e-01
1.406162232160568237e-01
5.371276661753654480e-02
1.577145904302597046e-01
2.130781114101409912e-01
4.435126781463623047e-01
0.000000000000000000e+00
1.899343729019165039e+00
1.916766725480556488e-02
4.945863038301467896e-02
0.000000000000000000e+00
0.000000000000000000e+00
1.489352714270353317e-02
0.000000000000000000e+00
5.314077138900756836e-01
1.370189309120178223e+00
3.039407432079315186e-01
7.083878517150878906e-01
4.425284266471862793e-02
0.000000000000000000e+00
0.000000000000000000e+00
7.705328613519668579e-02
1.632301360368728638e-01
1.661051250994205475e-02
2.815897203981876373e-02
6.105486750602722168e-01
0.000000000000000000e+00
0.000000000000000000e+00
1.015039443969726562e+00
6.513900309801101685e-02
0.000000000000000000e+00
1.028971001505851746e-01
5.226755747571587563e-04
1.772176325321197510e-01
8.261712789535522461e-01
4.149537067860364914e-03
0.000000000000000000e+00
4.725859966129064560e-03
2.308997139334678650e-02
8.659294806420803070e-03
3.240866363048553467e-01
1.717158779501914978e-02
4.537454247474670410e-02
3.565915107727050781e+00
0.000000000000000000e+00
3.535226918756961823e-03
2.357127070426940918e-01
3.344549536705017090e-01
1.330392658710479736e-01
8.504511117935180664e-01
0.000000000000000000e+00
1.075567118823528290e-02
3.212066888809204102e-01
6.611717939376831055e-01
8.168336749076843262e-01
0.000000000000000000e+00
1.406819820404052734e-01
1.426409006118774414e+00
2.145210355520248413e-01
4.844018220901489258e-01
2.520899847149848938e-02
4.550561308860778809e-02
3.488515019416809082e-01
0.000000000000000000e+00
0.000000000000000000e+00
4.238490760326385498e-02
0.000000000000000000e+00
0.000000000000000000e+00
0.000000000000000000e+00
6.155150383710861206e-02
2.297190763056278229e-02
4.033746242523193359e+00
0.000000000000000000e+00
6.228521466255187988e-02
5.897349119186401367e-01
7.754421234130859375e-02
7.108573317527770996e-01
3.807441890239715576e-02
3.747155144810676575e-02
2.075910419225692749e-01
8.889494091272354126e-02
0.000000000000000000e+00
0.000000000000000000e+00
2.796609699726104736e-01
1.628134250640869141e-01
1.292839646339416504e-01
1.876067668199539185e-01
2.896407544612884521e-01
4.945344626903533936e-01
1.491534858942031860e-01
1.416773319244384766e+00
3.641768917441368103e-02
3.158627033233642578e+00
1.755591034889221191e-01
7.743492256850004196e-03
3.485252857208251953e-01
2.471865266561508179e-01
2.656872272491455078e-01
2.729987204074859619e-01
1.090095005929470062e-02
6.841112971305847168e-01
7.029736042022705078e-01
9.097884297370910645e-01
0.000000000000000000e+00
6.687794625759124756e-02
1.933633387088775635e-01
1.070539094507694244e-02
1.350612193346023560e-01
1.126947402954101562e+00
2.869050502777099609e-01
5.272812843322753906e-01
0.000000000000000000e+00
2.143767662346363068e-02
0.000000000000000000e+00
0.000000000000000000e+00
4.458489716053009033e-01
0.000000000000000000e+00
1.254117190837860107e-01
1.903233379125595093e-01
3.046509027481079102e-01
5.446245074272155762e-01
7.685454487800598145e-01
4.995082020759582520e-01
4.792857170104980469e-01
3.697958886623382568e-01
6.654157042503356934e-01
2.257793582975864410e-02
1.366638839244842529e-01
0.000000000000000000e+00
0.000000000000000000e+00
0.000000000000000000e+00
1.874080896377563477e-01
8.149548172950744629e-01
7.596152424812316895e-01
2.091514132916927338e-02
1.657681614160537720e-01
2.667484059929847717e-02
0.000000000000000000e+00
7.222434133291244507e-02
0.000000000000000000e+00
6.172768771648406982e-03
0.000000000000000000e+00
5.315268412232398987e-02
3.727590739727020264e-01
2.273925989866256714e-01
0.000000000000000000e+00
1.041643381118774414e+00
9.434823878109455109e-03
6.333770602941513062e-02
0.000000000000000000e+00
5.792202893644571304e-03
0.000000000000000000e+00
1.767089962959289551e-01
5.591269731521606445e-01
3.249986469745635986e-02
1.634531766176223755e-01
2.065516309812664986e-03
5.107253193855285645e-01
4.960553050041198730e-01
6.887640058994293213e-02
1.454548090696334839e-01
2.785390429198741913e-02
0.000000000000000000e+00
4.397732019424438477e-01
1.350661367177963257e-01
3.759867697954177856e-02
1.317200660705566406e-01
0.000000000000000000e+00
1.660777449607849121e+00
1.622604131698608398e-01
4.291765391826629639e-01
0.000000000000000000e+00
9.717375040054321289e-02
2.799403853714466095e-03
2.254646085202693939e-02
0.000000000000000000e+00
3.420212268829345703e-01
2.259439416229724884e-02
1.996345669031143188e-01
1.308760643005371094e+00
3.292319830507040024e-03
3.988298773765563965e-01
1.362234950065612793e-01
2.308219075202941895e-01
2.198661565780639648e-01
2.676737308502197266e-02
2.316468656063079834e-01
1.858497560024261475e-01
1.887448549270629883e+00
6.809806227684020996e-01
6.909385323524475098e-02
1.346785277128219604e-01
0.000000000000000000e+00
2.238485515117645264e-01
1.225567143410444260e-02
3.094474971294403076e-02
3.262810409069061279e-02
0.000000000000000000e+00
5.995528399944305420e-02
0.000000000000000000e+00
1.465999148786067963e-02
2.903505973517894745e-02
2.538287937641143799e-01
8.551588281989097595e-03
2.241837263107299805e+00
2.862153016030788422e-02
1.025683358311653137e-01
8.483811281621456146e-03
1.059493646025657654e-01
1.445532917976379395e+00
7.004944980144500732e-02
1.462833490222692490e-02
3.658569157123565674e-01
0.000000000000000000e+00
1.855387166142463684e-02
4.131479561328887939e-02
4.194594025611877441e-01
3.091314574703574181e-03
1.326297968626022339e-01
3.523050621151924133e-02
9.970898739993572235e-03
1.424490064382553101e-01
3.650390625000000000e+00
0.000000000000000000e+00
3.117055416107177734e+00
2.057153359055519104e-02
0.000000000000000000e+00
0.000000000000000000e+00
6.001840904355049133e-02
6.396600045263767242e-03
2.169988602399826050e-01
3.798460662364959717e-01
3.579927841201424599e-03
7.814099788665771484e-01
2.978939414024353027e-01
1.796644926071166992e-01
4.675438106060028076e-01
2.252235651016235352e+00
4.045490324497222900e-01
5.810967832803726196e-02
5.749259609729051590e-03
8.042596578598022461e-01
6.590881347656250000e-01
8.642011880874633789e-02
2.434063702821731567e-01
1.077901870012283325e-01
5.523078143596649170e-02
1.287635415792465210e-01
6.906302571296691895e-01
2.789067290723323822e-02
8.814993500709533691e-02
3.463974297046661377e-01
0.000000000000000000e+00
0.000000000000000000e+00
7.037296146154403687e-02
1.364278048276901245e-01
0.000000000000000000e+00
1.356310695409774780e-01
6.570632755756378174e-02
2.937169075012207031e-01
3.318956613540649414e+00
3.820578008890151978e-02
3.375012874603271484e-01
1.461834907531738281e+00
4.486446082592010498e-02
4.410026594996452332e-02
0.000000000000000000e+00
4.281862080097198486e-02
7.545214891433715820e-02
3.701070547103881836e-01
0.000000000000000000e+00
1.132099889218807220e-02
9.999409317970275879e-02
0.000000000000000000e+00
9.067986905574798584e-02
3.553779795765876770e-03
9.686655364930629730e-03
5.263848900794982910e-01
7.529942318797111511e-03
0.000000000000000000e+00
6.626392900943756104e-02
1.950248926877975464e-01
0.000000000000000000e+00
5.420173984020948410e-03
1.004650369286537170e-01
6.281395554542541504e-01
0.000000000000000000e+00
6.150664296001195908e-03
1.977564692497253418e-01
1.395575106143951416e-01
0.000000000000000000e+00
3.187808692455291748e-01
2.634155005216598511e-02
0.000000000000000000e+00
2.092299163341522217e-01
6.304596364498138428e-02
3.223098441958427429e-02
3.157719671726226807e-01
1.095503568649291992e-01
1.458941102027893066e-01
9.313065558671951294e-02
1.423125267028808594e-01
0.000000000000000000e+00
3.824968039989471436e-01
2.456080019474029541e-01
2.467057406902313232e-01
9.597050026059150696e-03
1.338077634572982788e-01
1.037926897406578064e-01
3.929169476032257080e-02
4.818423986434936523e-01
6.753936409950256348e-02
1.461775004863739014e-01
6.469869613647460938e-02
2.789143919944763184e-01
2.464975602924823761e-02
4.733928292989730835e-02
2.154017239809036255e-01
3.795261681079864502e-01
7.991648912429809570e-01
0.000000000000000000e+00
1.918307133018970490e-02
1.021250367164611816e+00
2.723935246467590332e-01
2.604212284088134766e+00
1.118550539016723633e+00
2.943023443222045898e-01
1.987305879592895508e+00
1.332982480525970459e-01
1.619007885456085205e-01
1.450551152229309082e-01
3.181211650371551514e-01
1.251794576644897461e+00
3.790938109159469604e-02
2.374236006289720535e-03
9.555873274803161621e-02
2.380595356225967407e-01
6.433122754096984863e-01
3.764484543353319168e-03
3.296294212341308594e+00
4.715078696608543396e-02
2.365483283996582031e+00
7.516911029815673828e-01
4.445237666368484497e-02
4.793011844158172607e-01
5.449487641453742981e-02
0.000000000000000000e+00
2.300574183464050293e-01
6.008838117122650146e-02
4.425488710403442383e-01
1.390927582979202271e-01
6.941603869199752808e-02
9.500020742416381836e-01
1.543181687593460083e-01
0.000000000000000000e+00
9.448496997356414795e-02
1.310948610305786133e+00
2.611948251724243164e-01
1.548816919326782227e+00
2.770482897758483887e-01
6.960758566856384277e-01
6.462944298982620239e-02
0.000000000000000000e+00
9.917978048324584961e-01
2.070462405681610107e-01
4.055686891078948975e-01
6.593617796897888184e-02
0.000000000000000000e+00
3.873278498649597168e-01
4.795496910810470581e-02
1.016704916954040527e+00
2.167705744504928589e-01
1.021028496325016022e-02
8.195508122444152832e-01
0.000000000000000000e+00
7.682695239782333374e-02
5.835814476013183594e-01
3.796790912747383118e-02
0.000000000000000000e+00
1.318430453538894653e-01
0.000000000000000000e+00
2.369608432054519653e-01
6.416770070791244507e-02
0.000000000000000000e+00
4.484106600284576416e-02
3.402972593903541565e-03
2.502916753292083740e-01
6.364393234252929688e-01
4.278260767459869385e-01
2.288209676742553711e+00
9.872516989707946777e-02
1.844130516052246094e+00
1.543911546468734741e-01
5.279161501675844193e-03
9.994685649871826172e-01
3.664886951446533203e-01
0.000000000000000000e+00
6.574491411447525024e-02
0.000000000000000000e+00
0.000000000000000000e+00
3.210505703464150429e-03
9.471737742424011230e-01
9.603334963321685791e-02
2.929400419816374779e-03
1.701209992170333862e-01
8.320720866322517395e-03
3.115030825138092041e-01
1.869718730449676514e-02
6.689088046550750732e-02
2.811298370361328125e-01
0.000000000000000000e+00
0.000000000000000000e+00
2.770399441942572594e-04
8.527946472167968750e-02
0.000000000000000000e+00
9.150142222642898560e-02
1.685898005962371826e-01
2.921125173568725586e+00
4.568910971283912659e-02
8.754942566156387329e-02
1.795949228107929230e-02
1.775434911251068115e-01
8.795801550149917603e-02
0.000000000000000000e+00
2.582415752112865448e-02
5.602894816547632217e-03
0.000000000000000000e+00
2.761328816413879395e-01
2.367087364196777344e+00
2.454206943511962891e-01
1.121150732040405273e+00
1.779649257659912109e-01
1.269218325614929199e-01
1.232193470001220703e+00
0.000000000000000000e+00
9.082829207181930542e-02
3.898364603519439697e-01
1.060996294021606445e+00
8.254490792751312256e-02
2.986558377742767334e-01
0.000000000000000000e+00
2.818088233470916748e-01
0.000000000000000000e+00
5.666977912187576294e-02
2.832261323928833008e-01
1.447833050042390823e-02
3.619975596666336060e-02
0.000000000000000000e+00
0.000000000000000000e+00
1.602805423317477107e-04
4.576219916343688965e-01
0.000000000000000000e+00
3.176221370697021484e+00
2.844558358192443848e-01
5.128229409456253052e-02
2.366707086563110352e+00
7.185193826444447041e-04
9.458357235416769981e-04
2.944605648517608643e-01
8.165847063064575195e-01
6.471633166074752808e-02
1.899529481306672096e-03
4.392965510487556458e-02
4.054942727088928223e-02
1.857943385839462280e-01
1.120501533150672913e-01
1.825202256441116333e-01
2.273461580276489258e+00
1.964668482542037964e-01
0.000000000000000000e+00
0.000000000000000000e+00
2.083762884140014648e+00
1.290544960647821426e-02
4.053327560424804688e+00
1.048933506011962891e+00
4.204427897930145264e-01
1.687317639589309692e-01
1.724315248429775238e-02
3.197683021426200867e-02
9.531770646572113037e-02
4.830489680171012878e-02
9.654253721237182617e-02
2.582629024982452393e-01
3.983781039714813232e-01
1.276081651449203491e-01
4.227144178003072739e-03
1.945856586098670959e-02
0.000000000000000000e+00
1.834733784198760986e-02
2.200719416141510010e-01
1.017677318304777145e-02
0.000000000000000000e+00
0.000000000000000000e+00
8.610950112342834473e-01
2.414091348648071289e+00
0.000000000000000000e+00
0.000000000000000000e+00
4.005292430520057678e-02
2.222319245338439941e-01
6.986621022224426270e-01
5.723223090171813965e-02
1.903713494539260864e-02
1.330033689737319946e-01
1.909985244274139404e-01
3.255755603313446045e-01
7.974246144294738770e-02
2.781872823834419250e-02
6.983654499053955078e-01
2.835319340229034424e-01
0.000000000000000000e+00
1.828620284795761108e-01
1.048079609870910645e+00
0.000000000000000000e+00
2.202588133513927460e-02
2.515219710767269135e-02
3.086171150207519531e-01
1.088507845997810364e-02
2.414318174123764038e-02
6.875010728836059570e-01
3.332379758358001709e-01
0.000000000000000000e+00
4.027510061860084534e-02
7.950032353401184082e-01
2.053375691175460815e-01
9.190203249454498291e-02
1.258713658899068832e-02
7.663607597351074219e-01
9.139589071273803711e-01
0.000000000000000000e+00
8.351266384124755859e-02
0.000000000000000000e+00
1.047362446784973145e+00
3.659161090850830078e+00
0.000000000000000000e+00
1.663479022681713104e-02
1.355939954519271851e-01
0.000000000000000000e+00
1.210007369518280029e-01
1.016330905258655548e-03
3.516316041350364685e-02
2.106361277401447296e-02
2.775423787534236908e-02
5.032480239868164062e+00
3.877331912517547607e-01
2.181542664766311646e-01
9.824422001838684082e-02
0.000000000000000000e+00
6.298997998237609863e-02
6.830754876136779785e-02
4.690793156623840332e-02
1.258488893508911133e+00
0.000000000000000000e+00
1.760629862546920776e-01
2.243939936161041260e-01
1.473694457672536373e-03
2.535220682621002197e-01
0.000000000000000000e+00
2.112987637519836426e-02
3.918942809104919434e-01
2.121815085411071777e-02
2.621161341667175293e-01
3.473748564720153809e-01
0.000000000000000000e+00
0.000000000000000000e+00
3.991647809743881226e-02
7.768098264932632446e-02
3.299446776509284973e-02
1.825972348451614380e-01
1.762149780988693237e-01
6.570451855659484863e-01
1.229066491127014160e+00
1.346644997596740723e+00
1.626148074865341187e-02
3.764419555664062500e-01
4.358070436865091324e-03
0.000000000000000000e+00
7.444689869880676270e-01
2.437702752649784088e-02
0.000000000000000000e+00
9.223691821098327637e-01
1.981290802359580994e-02
0.000000000000000000e+00
7.079876214265823364e-02
0.000000000000000000e+00
1.163168177008628845e-01
2.526328265666961670e-01
2.687830328941345215e-01
2.499639540910720825e-01
0.000000000000000000e+00
1.197206787765026093e-03
0.000000000000000000e+00
9.183312207460403442e-02
5.964851006865501404e-02
8.735900046303868294e-04
3.599303960800170898e-01
4.815138280391693115e-01
1.685808002948760986e-01
4.852282047271728516e+00
2.821054756641387939e-01
4.292535483837127686e-01
2.667932212352752686e-01
0.000000000000000000e+00
0.000000000000000000e+00
0.000000000000000000e+00
6.890432536602020264e-02
6.712566316127777100e-02
6.088207662105560303e-02
4.864735528826713562e-02
2.928176708519458771e-02
0.000000000000000000e+00
5.910254642367362976e-02
1.661258339881896973e+00
9.594158036634325981e-04
3.074440956115722656e-01
4.782886803150177002e-01
0.000000000000000000e+00
2.578469812870025635e-01
3.203824758529663086e-01
1.497017741203308105e+00
4.572007339447736740e-03
3.336043953895568848e-01
6.728722155094146729e-02
2.192473411560058594e+00
2.503532171249389648e-01
4.920844137668609619e-01
2.203057408332824707e-01
8.001293055713176727e-03
0.000000000000000000e+00
6.380158662796020508e-02
4.693932458758354187e-02
1.095133051276206970e-01
1.214312668889760971e-02
2.514754235744476318e-01
2.714463472366333008e+00
7.705872058868408203e-01
1.659383252263069153e-02
7.331739664077758789e-01
5.465484224259853363e-03
4.712884128093719482e-01
2.170537598431110382e-02
4.763903021812438965e-01
4.764446988701820374e-03
2.468309253454208374e-01
2.847448885440826416e-01
0.000000000000000000e+00
7.666183263063430786e-02
4.054545983672142029e-02
2.655384596437215805e-03
1.165677070617675781e+00
1.491917856037616730e-02
7.603466510772705078e-01
2.632991410791873932e-02
9.026562571525573730e-01
1.746020745486021042e-03
1.074627563357353210e-01
0.000000000000000000e+00
1.149874478578567505e-01
7.574157714843750000e-01
1.630508422851562500e+00
3.456325829029083252e-01
3.172717988491058350e-02
1.832867600023746490e-02
5.893820524215698242e-02
1.252557784318923950e-01
3.585036993026733398e-01
1.741998083889484406e-02
0.000000000000000000e+00
1.365871876478195190e-01
1.015790179371833801e-02
2.123911492526531219e-02
4.063786506652832031e+00
2.373207658529281616e-01
9.473755955696105957e-02
1.202903151512145996e+00
1.240278780460357666e-02
2.162020839750766754e-02
3.313451409339904785e-01
4.562832117080688477e-01
1.475614458322525024e-01
4.417356103658676147e-02
0.000000000000000000e+00
2.477809935808181763e-01
2.436797320842742920e-02
9.704701304435729980e-01
3.372567007318139076e-03
8.933007717132568359e-02
6.042512506246566772e-02
0.000000000000000000e+00
2.315015941858291626e-01
0.000000000000000000e+00
3.526746332645416260e-01
8.691457509994506836e-01
6.049529314041137695e-01
0.000000000000000000e+00
0.000000000000000000e+00
3.495240211486816406e-01
2.260184735059738159e-01
7.246119435876607895e-03
3.764091134071350098e-01
9.523375332355499268e-02
2.203152775764465332e-01
3.019393980503082275e-01
1.354215860366821289e+00
4.381020367145538330e-02
6.655371785163879395e-01
1.634673625230789185e-01
1.954195462167263031e-02
2.995825707912445068e-01
1.924128830432891846e-01
1.407902594655752182e-02
1.595449447631835938e-01
2.212605029344558716e-01
5.501870155334472656e+00
0.000000000000000000e+00
1.825152188539505005e-01
0.000000000000000000e+00
1.297855842858552933e-02
7.860748469829559326e-02
0.000000000000000000e+00
6.323877722024917603e-02
0.000000000000000000e+00
5.273211598396301270e-01
5.224695429205894470e-02
1.411538839340209961e+00
1.980153620243072510e-01
1.443535983562469482e-01
1.424849312752485275e-02
9.411160349845886230e-01
4.692593589425086975e-03
1.037926301360130310e-01
2.055741846561431885e-01
9.273732453584671021e-02
3.242784142494201660e-01
9.839931875467300415e-02
1.015733718872070312e+00
0.000000000000000000e+00
0.000000000000000000e+00
3.712120056152343750e-01
3.207355141639709473e-01
4.113868772983551025e-01
2.144934535026550293e-01
5.272361636161804199e-02
1.705138012766838074e-03
6.627919618040323257e-03
6.521400809288024902e-01
2.670167386531829834e-01
1.789019852876663208e-01
4.738188683986663818e-01
5.840357020497322083e-02
3.755003958940505981e-02
2.131228568032383919e-03
2.177686989307403564e-02
6.439910829067230225e-02
1.083804219961166382e-01
3.176419809460639954e-02
3.577363193035125732e-01
3.988752067089080811e-01
1.035398095846176147e-01
0.000000000000000000e+00
2.433739900588989258e-01
2.599114477634429932e-01
3.185306191444396973e-01
1.537373423576354980e+00
1.427261829376220703e-01
1.518312245607376099e-01
5.833359062671661377e-02
1.588810533285140991e-01
0.000000000000000000e+00
1.326808612793684006e-02
6.801108717918395996e-01
3.991115838289260864e-02
2.164988666772842407e-01
0.000000000000000000e+00
5.330937355756759644e-02
3.447069525718688965e-01
0.000000000000000000e+00
0.000000000000000000e+00
0.000000000000000000e+00
4.971445724368095398e-02
1.071826964616775513e-01
1.341351419687271118e-01
1.551569439470767975e-02
1.733186841011047363e+00
2.866666615009307861e-01
4.221678674221038818e-01
3.602263927459716797e-01
6.746233105659484863e-01
0.000000000000000000e+00
4.882312417030334473e-01
1.471804529428482056e-01
5.087094306945800781e-01
2.289595827460289001e-02
1.782830990850925446e-02
1.000430226325988770e+00
1.555072367191314697e-01
1.076104119420051575e-01
1.175275146961212158e-01
2.353977859020233154e-01
1.652108579874038696e-01
3.024943470954895020e-01
2.638722658157348633e-01
5.459194779396057129e-01
3.152775764465332031e-01
7.742532342672348022e-02
9.440343379974365234e-01
4.629954397678375244e-01
0.000000000000000000e+00
8.246953785419464111e-02
0.000000000000000000e+00
0.000000000000000000e+00
9.993782639503479004e-02
6.378706544637680054e-03
0.000000000000000000e+00
0.000000000000000000e+00
0.000000000000000000e+00
0.000000000000000000e+00
3.481641411781311035e-02
0.000000000000000000e+00
4.234455525875091553e-01
6.931996345520019531e-01
5.374211817979812622e-02
8.951821923255920410e-02
3.364526852965354919e-02
3.894793391227722168e-01
2.964927852153778076e-01
4.681346714496612549e-01
2.016777358949184418e-02
6.573244184255599976e-02
6.951184272766113281e-01
6.405115127563476562e-02
1.245424058288335800e-02
8.161979168653488159e-02
8.089278340339660645e-01
0.000000000000000000e+00
0.000000000000000000e+00
2.064056992530822754e-01
4.719636868685483932e-03
1.763522386550903320e+00
1.603173613548278809e-01
2.935494184494018555e-01
7.462939247488975525e-04
0.000000000000000000e+00
0.000000000000000000e+00
1.700745075941085815e-01
1.936744600534439087e-01
7.766668200492858887e-01
2.916828393936157227e-01
1.194216758012771606e-01
7.691826224327087402e-01
3.093903660774230957e-01
1.841900348663330078e-01
0.000000000000000000e+00
6.968495994806289673e-02
1.546586304903030396e-01
3.701993497088551521e-03
1.973171979188919067e-01
2.752182539552450180e-03
6.430684123188257217e-03
9.287218004465103149e-02
1.690184921026229858e-01
1.562327027320861816e+00
0.000000000000000000e+00
0.000000000000000000e+00
0.000000000000000000e+00
1.025948643684387207e+00
5.541611313819885254e-01
8.197050541639328003e-02
6.423081457614898682e-02
7.775790989398956299e-03
3.430013777688145638e-03
9.868571907281875610e-02
0.000000000000000000e+00
9.090480208396911621e-02
7.578500509262084961e-01
3.156813085079193115e-01
1.753079742193222046e-01
3.349719047546386719e-01
2.634358704090118408e-01
1.390745192766189575e-01
1.624930799007415771e-01
6.393501907587051392e-02
7.717975974082946777e-02
6.062709167599678040e-02
0.000000000000000000e+00
0.000000000000000000e+00
0.000000000000000000e+00
0.000000000000000000e+00
0.000000000000000000e+00
1.148879528045654297e-02
4.579164087772369385e-01
2.042638063430786133e-01
3.106842562556266785e-02
0.000000000000000000e+00
0.000000000000000000e+00
5.109578743577003479e-02
2.721839584410190582e-02
3.094696402549743652e-01
1.970198005437850952e-02
7.070548832416534424e-02
6.929263472557067871e-01
3.357878699898719788e-02
0.000000000000000000e+00
1.154573559761047363e-01
0.000000000000000000e+00
5.467578172683715820e-01
8.512114882469177246e-01
4.585686683654785156e+00
9.358854964375495911e-03
3.546797335147857666e-01
1.800037175416946411e-02
7.755262255668640137e-01
7.691200375556945801e-01
1.221941411495208740e-02
1.459281802177429199e+00
1.471377164125442505e-01
7.649899721145629883e-01
2.477325201034545898e-01
4.691203236579895020e-01
2.199842214584350586e+00
2.904493510723114014e-01
0.000000000000000000e+00
3.573434427380561829e-02
1.824293285608291626e-01
4.778913259506225586e-01
0.000000000000000000e+00
2.296989038586616516e-02
0.000000000000000000e+00
2.468208074569702148e-01
3.168045878410339355e-01
1.424849685281515121e-02
1.471036672592163086e-01
0.000000000000000000e+00
5.054464936256408691e-01
7.360053062438964844e-01
2.424767613410949707e-02
0.000000000000000000e+00
3.897705793380737305e+00
8.990832418203353882e-02
6.412308216094970703e-01
2.249437570571899414e+00
0.000000000000000000e+00
2.798814885318279266e-02
3.125863373279571533e-01
6.725828051567077637e-01
1.153152249753475189e-02
1.232309818267822266e+00
8.389414846897125244e-02
8.224907331168651581e-03
5.499407649040222168e-02
1.819058209657669067e-01
2.254981920123100281e-02
2.971879839897155762e-01
1.015000641345977783e-01
2.537803649902343750e-01
2.129888772964477539e+00
4.528295621275901794e-02
1.274727582931518555e-01
0.000000000000000000e+00
4.157604184001684189e-03
0.000000000000000000e+00
6.833932548761367798e-02
4.498609304428100586e-01
6.122834980487823486e-02
1.157622858881950378e-01
3.995177522301673889e-02
8.342835307121276855e-01
4.450968466699123383e-03
3.486683368682861328e-01
1.420765519142150879e+00
7.541558146476745605e-02
3.575440496206283569e-02
3.596726953983306885e-01
0.000000000000000000e+00
2.192794978618621826e-01
1.823683142662048340e+00
9.406356811523437500e+00
3.240887522697448730e-01
2.850992918014526367e+00
2.522514015436172485e-02
3.222976345568895340e-03
6.152091622352600098e-01
1.065553724765777588e-02
2.039211392402648926e-01
5.377122014760971069e-02
2.141798496246337891e+00
8.003107309341430664e-01
3.719370365142822266e-01
1.203294694423675537e-01
1.498107165098190308e-01
0.000000000000000000e+00
1.085490882396697998e-01
2.268380112946033478e-02
5.568816885352134705e-02
6.374382972717285156e-02
0.000000000000000000e+00
0.000000000000000000e+00
0.000000000000000000e+00
9.648592822486534715e-05
0.000000000000000000e+00
7.128477096557617188e-01
4.211628809571266174e-02
1.652173995971679688e+00
1.204089999198913574e+00
1.989967189729213715e-02
5.130986124277114868e-02
0.000000000000000000e+00
5.801409110426902771e-02
7.063363492488861084e-02
8.390006609261035919e-03
9.825994819402694702e-02
0.000000000000000000e+00
0.000000000000000000e+00
1.441635727882385254e+00
1.960246860980987549e-01
1.790736615657806396e-01
1.940693497657775879e+00
2.298184782266616821e-01
5.013469606637954712e-02
3.702658116817474365e-01
8.700716309249401093e-03
0.000000000000000000e+00
8.150094747543334961e-02
1.039433479309082031e-01
0.000000000000000000e+00
4.249865412712097168e-01
4.749180972576141357e-01
3.041529059410095215e-01
5.297692418098449707e-01
1.326880883425474167e-02
1.370063662528991699e+00
