2.588316798210144043e-01
2.504263877868652344e+00
0.000000000000000000e+00
1.401982735842466354e-02
2.602635324001312256e-02
6.700051575899124146e-02
4.755920767784118652e-01
2.229438535869121552e-02
0.000000000000000000e+00
0.000000000000000000e+00
7.454676628112792969e-01
4.164349734783172607e-01
2.566202580928802490e-01
2.205210328102111816e-01
1.118784785270690918e+00
0.000000000000000000e+00
1.166343808174133301e+00
0.000000000000000000e+00
6.562699377536773682e-02
5.698453187942504883e-01
9.112163633108139038e-02
3.323937579989433289e-02
3.509436210151761770e-04
0.000000000000000000e+00
3.463108539581298828e+00
6.334798336029052734e-01
9.628502726554870605e-01
3.726290538907051086e-02
1.768670976161956787e-02
0.000000000000000000e+00
8.617584705352783203e-01
6.775582313537597656e+00
3.942773640155792236e-01
3.919452726840972900e-01
0.000000000000000000e+00
8.991876244544982910e-02
7.965630292892456055e-02
0.000000000000000000e+00
2.427672743797302246e-01
7.433395385742187500e-01
6.010762214660644531e+00
2.068154886364936829e-02
3.693844750523567200e-02
6.707125306129455566e-01
0.000000000000000000e+00
1.055216118693351746e-01
7.120702266693115234e-01
2.742519974708557129e-02
0.000000000000000000e+00
4.482154548168182373e-02
4.901674985885620117e-01
3.870840668678283691e-01
0.000000000000000000e+00
1.379400044679641724e-01
7.386156171560287476e-02
0.000000000000000000e+00
0.000000000000000000e+00
3.760517865885049105e-04
4.583573713898658752e-02
7.336811423301696777e-01
9.668001532554626465e-02
3.634836912155151367e+00
1.167501568794250488e+00
2.348642200231552124e-01
5.263069868087768555e-01
1.187518984079360962e-01
0.000000000000000000e+00
5.279113769531250000e+00
0.000000000000000000e+00
2.173006087541580200e-01
2.786316633224487305e+00
0.000000000000000000e+00
2.684928178787231445e-01
6.443710327148437500e-01
4.821270331740379333e-02
2.053343504667282104e-01
0.000000000000000000e+00
4.449134469032287598e-01
1.227986931800842285e+00
2.271627932786941528e-01
1.914887905120849609e+00
1.415923833847045898e-01
2.258161455392837524e-01
0.000000000000000000e+00
0.000000000000000000e+00
2.129416912794113159e-01
9.350526332855224609e-02
8.395735174417495728e-02
2.128020860254764557e-02
6.084468681365251541e-03
0.000000000000000000e+00
1.542457491159439087e-01
0.000000000000000000e+00
1.285648792982101440e-01
8.746728897094726562e-01
0.000000000000000000e+00
4.488798975944519043e-01
8.552581071853637695e-01
4.067909121513366699e-01
3.406726196408271790e-02
1.170766204595565796e-01
1.167688146233558655e-01
2.647525258362293243e-02
1.176422476768493652e+00
3.501132130622863770e-02
0.000000000000000000e+00
1.029902249574661255e-01
1.660929992794990540e-02
7.311966270208358765e-02
2.138559967279434204e-01
1.171214506030082703e-01
6.809110194444656372e-02
1.103766146115958691e-03
1.756916642189025879e-01
5.878320932388305664e-01
1.606479473412036896e-02
2.208864390850067139e-01
9.835845232009887695e-01
0.000000000000000000e+00
1.533945947885513306e-01
0.000000000000000000e+00
2.173806726932525635e-02
5.154290422797203064e-02
2.841055393218994141e-01
5.319274425506591797e+00
1.841501444578170776e-01
0.000000000000000000e+00
2.976972341537475586e+00
2.374003082513809204e-01
2.282150648534297943e-02
4.634090662002563477e-01
0.000000000000000000e+00
6.619812548160552979e-02
0.000000000000000000e+00
0.000000000000000000e+00
8.283081650733947754e-02
1.898526102304458618e-01
6.397584080696105957e-02
1.955017000436782837e-01
0.000000000000000000e+00
0.000000000000000000e+00
3.122121393680572510e-01
3.997719883918762207e-01
1.523704081773757935e-01
1.888836920261383057e-02
0.000000000000000000e+00
7.974138110876083374e-02
4.281713664531707764e-01
1.640002429485321045e-01
0.000000000000000000e+00
4.992846965789794922e+00
1.820589154958724976e-01
4.693724215030670166e-02
5.952000990509986877e-02
5.601164698600769043e-01
0.000000000000000000e+00
2.447100877761840820e-01
0.000000000000000000e+00
0.000000000000000000e+00
0.000000000000000000e+00
0.000000000000000000e+00
0.000000000000000000e+00
8.789449185132980347e-02
6.039789319038391113e-01
6.585233807563781738e-01
4.059730052947998047e+00
0.000000000000000000e+00
3.779136016964912415e-02
8.543450385332107544e-02
1.375879764556884766e+00
3.387042582035064697e-01
2.631732821464538574e-01
8.530928194522857666e-02
0.000000000000000000e+00
5.816704630851745605e-01
9.919112920761108398e-02
5.519608967006206512e-04
1.884130239486694336e-01
0.000000000000000000e+00
6.663097739219665527e-01
6.865874528884887695e-01
1.734842538833618164e+00
1.062958762049674988e-01
7.969408035278320312e-01
0.000000000000000000e+00
2.861041724681854248e-01
9.584535658359527588e-02
4.882161505520343781e-03
1.496168971061706543e-01
1.312253903597593307e-02
3.612979501485824585e-02
0.000000000000000000e+00
2.264340162277221680e+00
7.242218591272830963e-03
0.000000000000000000e+00
5.317463353276252747e-02
2.212529659271240234e+00
1.369119137525558472e-01
0.000000000000000000e+00
5.345886945724487305e-02
6.143569946289062500e-02
2.008624523878097534e-01
3.137103617191314697e-01
8.093468844890594482e-02
1.950363963842391968e-01
2.096289303153753281e-03
1.787433028221130371e-01
2.396769821643829346e-01
1.327535370364785194e-03
1.404822170734405518e-01
2.153480947017669678e-01
1.221866980195045471e-01
2.131783775985240936e-02
0.000000000000000000e+00
1.874504052102565765e-02
2.172787934541702271e-01
1.537557363510131836e+00
0.000000000000000000e+00
0.000000000000000000e+00
2.441010251641273499e-02
2.540976762771606445e+00
4.179419577121734619e-01
0.000000000000000000e+00
1.108204424381256104e-01
6.490490864962339401e-03
1.487194746732711792e-01
1.940690129995346069e-01
0.000000000000000000e+00
1.836755752563476562e+00
6.095263957977294922e-01
7.079283893108367920e-02
6.906531751155853271e-02
5.002301186323165894e-02
9.821572303771972656e-01
0.000000000000000000e+00
0.000000000000000000e+00
6.207104325294494629e-01
3.030481934547424316e-01
8.995259404182434082e-01
0.000000000000000000e+00
4.317792132496833801e-02
0.000000000000000000e+00
1.805029273033142090e+00
3.549357056617736816e-01
1.389703601598739624e-01
9.051548689603805542e-02
1.961403898894786835e-02
3.599450290203094482e-01
8.889789879322052002e-02
3.013547360897064209e-01
3.284857273101806641e-01
6.248838305473327637e-01
2.160726070404052734e+00
6.995471119880676270e-01
6.950761675834655762e-01
4.899200052022933960e-03
7.481107115745544434e-02
2.182930111885070801e-01
3.697914481163024902e-01
1.404679119586944580e-01
2.514246478676795959e-02
3.009839653968811035e-01
6.978461265563964844e+00
3.897333443164825439e-01
0.000000000000000000e+00
1.824919017963111401e-03
1.283519625663757324e+00
2.565064430236816406e-01
7.331868410110473633e-01
1.101413508877158165e-03
9.432607293128967285e-01
6.910440977662801743e-03
0.000000000000000000e+00
4.817153140902519226e-02
1.033303961157798767e-01
1.778098493814468384e-01
5.912955850362777710e-03
1.487170338630676270e+00
1.001722291111946106e-01
4.541924595832824707e-02
4.229819029569625854e-02
0.000000000000000000e+00
3.927956148982048035e-02
3.346542119979858398e-01
3.352579101920127869e-02
2.281620651483535767e-01
1.672378331422805786e-01
3.272882103919982910e-02
3.177371919155120850e-01
2.310405019670724869e-03
5.460972189903259277e-01
4.327736794948577881e-01
0.000000000000000000e+00
1.411227285861968994e-01
3.101881593465805054e-03
1.470714688301086426e+00
9.054926782846450806e-02
3.500414192676544189e-01
4.217208027839660645e-01
0.000000000000000000e+00
6.198549866676330566e-01
1.986391544342041016e-01
2.522330760955810547e+00
1.125124320387840271e-01
4.740924537181854248e-01
1.077716723084449768e-01
7.800542712211608887e-01
6.088809669017791748e-02
3.492349386215209961e-02
0.000000000000000000e+00
1.204334646463394165e-01
5.591484904289245605e-02
2.099070698022842407e-01
6.319843814708292484e-04
0.000000000000000000e+00
7.728298902511596680e-01
6.153304576873779297e-01
1.882625557482242584e-02
2.313444912433624268e-01
5.527912452816963196e-02
6.914562582969665527e-01
1.157197356224060059e+00
3.738303780555725098e-01
5.333548188209533691e-01
0.000000000000000000e+00
5.920901298522949219e-01
0.000000000000000000e+00
1.909703016281127930e+00
2.565763711929321289e+00
7.637067884206771851e-02
0.000000000000000000e+00
0.000000000000000000e+00
5.326217174530029297e+00
1.325578093528747559e-01
0.000000000000000000e+00
9.438555687665939331e-03
1.127869248390197754e+00
3.081041853874921799e-03
1.332439541816711426e+00
1.115666031837463379e-01
1.095273345708847046e-02
1.807010471820831299e-01
2.958408594131469727e-01
0.000000000000000000e+00
0.000000000000000000e+00
0.000000000000000000e+00
1.003933846950531006e-01
1.265212334692478180e-02
0.000000000000000000e+00
4.682193696498870850e-01
1.596086919307708740e-01
6.504376232624053955e-02
0.000000000000000000e+00
0.000000000000000000e+00
4.741342563647776842e-04
5.523833632469177246e-01
2.124288305640220642e-02
0.000000000000000000e+00
1.808976769447326660e+00
2.112889662384986877e-03
1.273970752954483032e-01
1.029728874564170837e-01
2.836634814739227295e-01
1.010958291590213776e-02
2.311332225799560547e+00
8.150125741958618164e-01
2.447306178510189056e-02
3.228862285614013672e-01
1.709204465150833130e-01
0.000000000000000000e+00
2.209267467260360718e-01
2.180566340684890747e-01
1.063659414649009705e-01
2.544741034507751465e-01
1.938509643077850342e-01
6.409010291099548340e-02
6.090869754552841187e-02
0.000000000000000000e+00
1.084779016673564911e-02
2.156746983528137207e-01
7.755415886640548706e-02
3.136296272277832031e-01
6.684084981679916382e-02
0.000000000000000000e+00
1.272221446037292480e+00
5.653551220893859863e-01
0.000000000000000000e+00
0.000000000000000000e+00
1.903659291565418243e-02
2.859450578689575195e-01
3.127204999327659607e-02
8.706828206777572632e-02
2.209753356873989105e-02
1.473084688186645508e-01
5.855154246091842651e-03
1.417894810438156128e-01
5.778397321701049805e-01
4.830541014671325684e-01
6.215704232454299927e-02
8.320316672325134277e-02
2.086910903453826904e-01
0.000000000000000000e+00
0.000000000000000000e+00
0.000000000000000000e+00
0.000000000000000000e+00
1.002937257289886475e-01
0.000000000000000000e+00
4.899124056100845337e-02
4.271093755960464478e-03
2.801221236586570740e-02
2.339616417884826660e-02
0.000000000000000000e+00
1.815727591514587402e+00
2.603272907435894012e-03
5.208905041217803955e-02
6.021489948034286499e-02
1.549124568700790405e-01
4.996401816606521606e-02
0.000000000000000000e+00
6.399030685424804688e-01
2.494527399539947510e-01
1.643162965774536133e-01
4.768947511911392212e-02
6.179342046380043030e-02
3.407628238201141357e-01
0.000000000000000000e+00
0.000000000000000000e+00
1.402402162551879883e+00
0.000000000000000000e+00
2.687727808952331543e-01
7.213108539581298828e-01
2.772833779454231262e-02
3.660914421081542969e+00
1.929730921983718872e-01
1.305027604103088379e-01
6.861120462417602539e-01
0.000000000000000000e+00
4.673663526773452759e-03
2.476272344589233398e+00
0.000000000000000000e+00
8.671824634075164795e-02
0.000000000000000000e+00
0.000000000000000000e+00
6.492681503295898438e-01
5.410394445061683655e-02
7.803049087524414062e-01
9.966170787811279297e-02
2.365400552749633789e+00
0.000000000000000000e+00
8.050743490457534790e-02
1.840085238218307495e-01
3.162664175033569336e-02
4.247333109378814697e-01
0.000000000000000000e+00
3.652777671813964844e-01
2.254382520914077759e-01
1.118572615087032318e-02
2.710710763931274414e-01
9.349529743194580078e-01
3.503310680389404297e-01
0.000000000000000000e+00
3.821318447589874268e-01
2.378501445055007935e-01
4.782441258430480957e-01
6.742359697818756104e-02
1.581748574972152710e-02
4.332374930381774902e-01
2.694021463394165039e+00
3.875625506043434143e-02
4.045236408710479736e-01
1.967795193195343018e-02
6.152772903442382812e-02
0.000000000000000000e+00
2.204881191253662109e+00
4.266258329153060913e-02
0.000000000000000000e+00
1.003728955984115601e-01
0.000000000000000000e+00
1.750697195529937744e-02
4.418424516916275024e-02
2.812513336539268494e-02
4.107720851898193359e-01
1.351936757564544678e-01
2.669937312602996826e-01
1.374884992837905884e-01
2.137389481067657471e-01
0.000000000000000000e+00
0.000000000000000000e+00
7.356488145887851715e-03
3.882039785385131836e-01
7.727061212062835693e-02
1.260668754577636719e+00
2.970040030777454376e-02
3.968253135681152344e-01
1.170409098267555237e-01
2.212262712419033051e-02
2.672577090561389923e-02
1.966913193464279175e-01
3.603656888008117676e-01
1.291893422603607178e-01
0.000000000000000000e+00
0.000000000000000000e+00
9.367777109146118164e-01
3.142381012439727783e-01
6.403132341802120209e-03
6.825038045644760132e-02
1.066460609436035156e-01
0.000000000000000000e+00
8.546701073646545410e-02
1.172745108604431152e+00
2.473248690366744995e-01
1.205541133880615234e+00
1.258311629295349121e+00
1.340188831090927124e-01
0.000000000000000000e+00
3.291103243827819824e-01
1.400450058281421661e-02
1.437238156795501709e-01
1.706614531576633453e-02
0.000000000000000000e+00
8.362346142530441284e-02
2.859072089195251465e-01
0.000000000000000000e+00
3.133396059274673462e-02
0.000000000000000000e+00
2.054947763681411743e-01
6.915646954439580441e-04
6.616586446762084961e-02
6.105386093258857727e-02
1.731385290622711182e-02
2.658459842205047607e-01
1.987026035785675049e-01
7.370358705520629883e-02
2.597313821315765381e-01
1.834523081779479980e-01
2.294265270233154297e+00
0.000000000000000000e+00
5.980508774518966675e-02
1.377495676279067993e-01
8.102098852396011353e-02
4.713133967015892267e-04
2.996071279048919678e-01
1.074444580078125000e+01
1.969509720802307129e-01
0.000000000000000000e+00
3.203766942024230957e-01
0.000000000000000000e+00
6.120110154151916504e-01
3.726773336529731750e-02
2.474844217300415039e+00
0.000000000000000000e+00
0.000000000000000000e+00
2.218288332223892212e-01
2.921823598444461823e-02
8.725729584693908691e-02
5.908382311463356018e-02
5.858227610588073730e-02
0.000000000000000000e+00
1.154935508966445923e-01
3.207376301288604736e-01
7.356925867497920990e-03
8.167698234319686890e-02
5.045830607414245605e-01
5.337864533066749573e-02
0.000000000000000000e+00
9.711329638957977295e-02
2.870787680149078369e-02
1.615211665630340576e-01
0.000000000000000000e+00
1.357134548015892506e-03
8.101508021354675293e-02
8.304948359727859497e-02
1.985398307442665100e-02
1.602509990334510803e-02
0.000000000000000000e+00
1.437175035476684570e+00
5.541567504405975342e-02
1.056663870811462402e+00
2.856633961200714111e-01
2.899315357208251953e-01
6.300318241119384766e-02
2.770851552486419678e-01
2.894016802310943604e-01
4.329221248626708984e-01
2.202206104993820190e-01
5.148288235068321228e-02
0.000000000000000000e+00
1.130218133330345154e-01
6.083659529685974121e-01
0.000000000000000000e+00
0.000000000000000000e+00
2.801458723843097687e-02
4.130560159683227539e-02
3.419609740376472473e-02
7.222566753625869751e-02
0.000000000000000000e+00
1.344870328903198242e-01
1.399488598108291626e-01
1.853744864463806152e+00
0.000000000000000000e+00
2.975026369094848633e-01
2.152930386364459991e-02
3.536673188209533691e-01
9.813433140516281128e-02
1.593594908714294434e+00
2.090571448206901550e-02
4.069424420595169067e-02
1.814995333552360535e-02
1.126064419746398926e+00
3.156242519617080688e-02
1.156945750117301941e-01
5.493482202291488647e-02
6.467772275209426880e-02
6.858446169644594193e-03
7.659551501274108887e-01
1.111833453178405762e+00
2.037588655948638916e-01
1.313184946775436401e-01
0.000000000000000000e+00
0.000000000000000000e+00
2.917041815817356110e-02
8.373332768678665161e-02
5.190988063812255859e+00
8.444590568542480469e-01
1.178666830062866211e+00
7.685706615447998047e-01
6.914230179972946644e-04
1.905979514122009277e+00
2.160505801439285278e-01
3.120329082012176514e-01
7.527632266283035278e-02
2.254955321550369263e-01
0.000000000000000000e+00
5.094426870346069336e-01
3.214557766914367676e-01
2.097295671701431274e-01
2.998606301844120026e-02
4.824343025684356689e-01
2.969275116920471191e-01
1.430998090654611588e-03
3.066441416740417480e-01
1.008687138557434082e+00
2.551082521677017212e-03
1.174712702631950378e-01
1.888184621930122375e-02
1.530548185110092163e-01
1.777212251909077168e-03
1.822628676891326904e-01
0.000000000000000000e+00
0.000000000000000000e+00
5.657697319984436035e-01
8.229523897171020508e-02
0.000000000000000000e+00
8.645376563072204590e-02
0.000000000000000000e+00
1.441942751407623291e-01
0.000000000000000000e+00
6.369637250900268555e-01
2.411110699176788330e-01
3.359808921813964844e-01
1.427378654479980469e+00
0.000000000000000000e+00
3.023467771708965302e-02
6.547179818153381348e-02
0.000000000000000000e+00
1.184667646884918213e-02
1.953024789690971375e-02
2.856837213039398193e-01
1.315771043300628662e-02
7.388309389352798462e-02
0.000000000000000000e+00
0.000000000000000000e+00
7.382101565599441528e-02
1.300232261419296265e-01
1.315882503986358643e-01
1.998081803321838379e+00
1.942925006151199341e-01
1.521048992872238159e-01
4.789901256561279297e+00
2.886750102043151855e-01
1.267919782549142838e-03
7.099858671426773071e-02
0.000000000000000000e+00
1.007181525230407715e+00
1.848322600126266479e-01
6.952946782112121582e-01
1.661144345998764038e-01
7.013336420059204102e-01
0.000000000000000000e+00
5.355898141860961914e-01
7.094132597558200359e-04
4.241489768028259277e-01
0.000000000000000000e+00
1.581776738166809082e-01
4.537366628646850586e-01
9.901583194732666016e-02
3.991598784923553467e-01
3.353756666183471680e+00
3.481490910053253174e-02
1.278278324753046036e-02
9.012209624052047729e-02
1.208155035972595215e+00
6.539089679718017578e-01
6.612978130578994751e-02
0.000000000000000000e+00
3.337438404560089111e-01
7.974674701690673828e-01
0.000000000000000000e+00
0.000000000000000000e+00
0.000000000000000000e+00
1.331989645957946777e+00
2.609238922595977783e-01
3.900888189673423767e-02
6.114236265420913696e-02
1.447931397706270218e-02
3.147425130009651184e-02
6.667320132255554199e-01
2.170590311288833618e-01
4.356086850166320801e-01
1.278138995170593262e+00
2.250117808580398560e-01
3.034376539289951324e-02
0.000000000000000000e+00
1.052989587187767029e-01
8.826457895338535309e-03
2.989879548549652100e-01
1.294468879699707031e+00
8.973461389541625977e-02
6.966837644577026367e-01
4.932738468050956726e-02
1.438431382179260254e+00
6.910214424133300781e-01
0.000000000000000000e+00
4.174833774566650391e+00
0.000000000000000000e+00
6.241931766271591187e-02
6.879366934299468994e-02
3.260493278503417969e-01
6.094999313354492188e-01
1.614509373903274536e-01
1.306043267250061035e+00
6.400108337402343750e-01
0.000000000000000000e+00
3.522585630416870117e-01
9.279801696538925171e-02
2.011675201356410980e-02
0.000000000000000000e+00
0.000000000000000000e+00
0.000000000000000000e+00
6.073041819036006927e-03
1.465878784656524658e-01
1.264136672019958496e+00
8.829870820045471191e-02
0.000000000000000000e+00
6.047536805272102356e-02
4.371707737445831299e-01
0.000000000000000000e+00
4.796735048294067383e-01
4.168354868888854980e-01
1.560936123132705688e-01
3.359518572688102722e-02
3.677523434162139893e-01
8.373460769653320312e-01
1.992355436086654663e-01
0.000000000000000000e+00
5.641195178031921387e-01
1.426634788513183594e-01
0.000000000000000000e+00
8.702977299690246582e-01
9.766811877489089966e-02
7.939364761114120483e-02
1.718293726444244385e-01
3.223004937171936035e-02
1.599162817001342773e-01
0.000000000000000000e+00
4.033689796924591064e-01
3.406343162059783936e-01
6.914622187614440918e-01
2.742469497025012970e-02
8.542211055755615234e-01
3.986513614654541016e-01
3.251810669898986816e-01
1.064699649810791016e+00
4.238037019968032837e-02
3.434214368462562561e-02
5.520218238234519958e-02
7.746908068656921387e-01
8.235291391611099243e-02
2.263946086168289185e-01
9.394639171659946442e-03
7.798767089843750000e-02
0.000000000000000000e+00
4.537355005741119385e-01
0.000000000000000000e+00
2.009808272123336792e-01
5.012381821870803833e-02
0.000000000000000000e+00
2.646810114383697510e-01
0.000000000000000000e+00
0.000000000000000000e+00
0.000000000000000000e+00
2.276477664709091187e-01
5.480960756540298462e-02
3.321765959262847900e-01
5.197069048881530762e-02
2.316754460334777832e-01
7.199671585112810135e-03
1.374521017074584961e+00
1.486033350229263306e-01
2.136431187391281128e-01
0.000000000000000000e+00
4.497024044394493103e-02
3.913381099700927734e-01
0.000000000000000000e+00
0.000000000000000000e+00
0.000000000000000000e+00
3.044382929801940918e-01
3.107766866683959961e+00
3.152040839195251465e-01
1.373318582773208618e-01
0.000000000000000000e+00
9.834088087081909180e-01
0.000000000000000000e+00
7.111197710037231445e-02
2.512996912002563477e+00
9.718548506498336792e-02
2.649432793259620667e-02
0.000000000000000000e+00
2.923375740647315979e-02
3.796235099434852600e-02
0.000000000000000000e+00
3.318350911140441895e-01
0.000000000000000000e+00
8.543421030044555664e-01
2.645995914936065674e-01
1.326336115598678589e-01
1.285886019468307495e-01
0.000000000000000000e+00
0.000000000000000000e+00
4.023010656237602234e-02
0.000000000000000000e+00
2.177022211253643036e-02
0.000000000000000000e+00
5.589154735207557678e-02
3.437155783176422119e-01
1.487129330635070801e-01
7.821714282035827637e-01
1.399338841438293457e-01
1.144864037632942200e-01
7.291390094906091690e-03
0.000000000000000000e+00
2.400519102811813354e-01
0.000000000000000000e+00
0.000000000000000000e+00
4.142264425754547119e-01
3.566085696220397949e-01
4.620545506477355957e-01
6.869897842407226562e-01
8.927787840366363525e-02
6.397055834531784058e-02
0.000000000000000000e+00
7.681753952056169510e-03
1.321048587560653687e-01
3.348661586642265320e-02
1.005705911666154861e-02
8.776458352804183960e-02
1.110778078436851501e-01
3.927229344844818115e-01
8.699804544448852539e-02
7.176910340785980225e-02
2.500337362289428711e-01
0.000000000000000000e+00
0.000000000000000000e+00
9.541768580675125122e-02
0.000000000000000000e+00
4.921725019812583923e-02
7.360468506813049316e-01
1.822528719902038574e+00
3.463740050792694092e-01
1.856142729520797729e-01
1.288536377251148224e-02
0.000000000000000000e+00
1.980621218681335449e-01
5.744779706001281738e-01
5.090667009353637695e-01
0.000000000000000000e+00
1.364896297454833984e-01
1.873178601264953613e+00
3.802685439586639404e-02
0.000000000000000000e+00
2.516185641288757324e-01
5.686813965439796448e-02
1.016356050968170166e-01
2.527127265930175781e-01
1.635311961174011230e+00
1.746802777051925659e-01
4.435417056083679199e-01
1.487300097942352295e-01
3.358573198318481445e+00
1.212166994810104370e-01
1.120543852448463440e-01
1.279327511787414551e+00
4.212518036365509033e-02
0.000000000000000000e+00
1.923236846923828125e-01
1.518518030643463135e-01
6.756283808499574661e-03
5.469525232911109924e-02
6.819415837526321411e-02
1.324851363897323608e-01
2.795124985277652740e-02
7.550285011529922485e-02
4.212430864572525024e-02
1.249367836862802505e-02
0.000000000000000000e+00
9.015141129493713379e-01
0.000000000000000000e+00
2.079230267554521561e-03
8.983641117811203003e-02
1.749187260866165161e-01
7.802518084645271301e-03
2.369120344519615173e-02
0.000000000000000000e+00
1.610921346582472324e-03
2.705117762088775635e-01
0.000000000000000000e+00
0.000000000000000000e+00
1.320975422859191895e+00
1.251007914543151855e+00
8.317597955465316772e-02
8.529362082481384277e-01
5.910280346870422363e-02
9.381690025329589844e-01
2.946875803172588348e-02
1.579377770423889160e+00
4.501214250922203064e-02
2.410235628485679626e-02
5.487328022718429565e-02
3.661991953849792480e-01
6.142511963844299316e-02
1.759895533323287964e-01
1.461539566516876221e-01
4.523845314979553223e-01
4.637000337243080139e-02
1.283925056457519531e+00
1.247693086043000221e-03
1.233875036239624023e+00
1.044698897749185562e-02
0.000000000000000000e+00
3.044158518314361572e-01
8.234409242868423462e-02
1.013827789574861526e-02
0.000000000000000000e+00
5.771606788039207458e-02
8.829796314239501953e-01
0.000000000000000000e+00
1.646374315023422241e-01
0.000000000000000000e+00
2.537748813629150391e-01
2.090396434068679810e-01
1.568515598773956299e-01
0.000000000000000000e+00
1.711412705481052399e-02
1.115878000855445862e-01
1.470352895557880402e-02
2.607470192015171051e-02
3.863821923732757568e-01
0.000000000000000000e+00
5.435882210731506348e-01
3.468219190835952759e-02
0.000000000000000000e+00
7.248751819133758545e-02
1.081189036369323730e+00
3.960998728871345520e-02
1.188607290387153625e-01
8.261286616325378418e-01
4.035929441452026367e-01
2.776018381118774414e-01
5.747968330979347229e-02
0.000000000000000000e+00
4.248935282230377197e-01
2.870423495769500732e-01
0.000000000000000000e+00
7.795970439910888672e-01
5.464589968323707581e-02
3.143631294369697571e-02
4.903413057327270508e-01
2.796237468719482422e-01
2.154471725225448608e-01
2.788889105431735516e-05
1.750926733016967773e+00
0.000000000000000000e+00
3.341823518276214600e-01
4.259549081325531006e-01
6.603370308876037598e-01
0.000000000000000000e+00
0.000000000000000000e+00
5.084022879600524902e-01
0.000000000000000000e+00
0.000000000000000000e+00
9.971504807472229004e-01
0.000000000000000000e+00
1.688519269227981567e-01
9.076614677906036377e-02
8.642040193080902100e-03
0.000000000000000000e+00
1.061687543988227844e-01
1.378302276134490967e-01
1.226035356521606445e+00
0.000000000000000000e+00
3.760749474167823792e-02
0.000000000000000000e+00
7.206777483224868774e-02
3.942479491233825684e-01
3.428140878677368164e-01
7.067665457725524902e-01
7.095115724951028824e-03
2.557853460311889648e-01
8.701595664024353027e-02
3.507399260997772217e-01
0.000000000000000000e+00
5.646166950464248657e-02
5.082781426608562469e-03
1.860987782478332520e+00
1.016460638493299484e-02
0.000000000000000000e+00
4.396970570087432861e-02
0.000000000000000000e+00
6.882844865322113037e-02
9.631510078907012939e-02
0.000000000000000000e+00
2.626786231994628906e-01
1.196806803345680237e-01
0.000000000000000000e+00
0.000000000000000000e+00
1.098972558975219727e-01
2.714004740118980408e-02
4.062720388174057007e-02
0.000000000000000000e+00
2.329930216073989868e-01
4.235822416376322508e-04
1.413339283317327499e-02
5.441304668784141541e-02
5.312916636466979980e-02
0.000000000000000000e+00
0.000000000000000000e+00
3.645758144557476044e-03
5.905401110649108887e-01
0.000000000000000000e+00
6.974378973245620728e-02
0.000000000000000000e+00
3.998775780200958252e-01
1.831081956624984741e-01
0.000000000000000000e+00
1.960792206227779388e-02
2.521397173404693604e-01
2.234417498111724854e-01
7.347928881645202637e-01
2.743141412734985352e+00
4.190773889422416687e-02
0.000000000000000000e+00
6.428145617246627808e-02
9.748772718012332916e-03
1.579709164798259735e-02
3.676940128207206726e-02
0.000000000000000000e+00
4.987507164478302002e-01
5.832210183143615723e-01
4.238234832882881165e-02
0.000000000000000000e+00
1.362204402685165405e-01
1.011266231536865234e+00
1.560274418443441391e-02
0.000000000000000000e+00
9.206034243106842041e-02
2.000606954097747803e-01
8.987560123205184937e-02
0.000000000000000000e+00
3.444519042968750000e-01
2.160767793655395508e+00
3.942688554525375366e-02
0.000000000000000000e+00
1.560349017381668091e-01
3.849993646144866943e-01
4.748545214533805847e-02
4.651573300361633301e-01
0.000000000000000000e+00
4.568200707435607910e-01
3.885100036859512329e-02
1.988698542118072510e-01
0.000000000000000000e+00
2.684035301208496094e-01
9.181617498397827148e-01
0.000000000000000000e+00
6.020412594079971313e-02
0.000000000000000000e+00
0.000000000000000000e+00
2.754397392272949219e-01
4.363062605261802673e-02
1.249757334589958191e-01
5.020149424672126770e-02
0.000000000000000000e+00
4.975716769695281982e-02
1.842018812894821167e-01
2.818129658699035645e-01
1.427063345909118652e-01
6.895082592964172363e-01
2.588643506169319153e-02
1.628708481788635254e+00
0.000000000000000000e+00
1.339239120483398438e+00
2.123399496078491211e+00
0.000000000000000000e+00
4.767462611198425293e-02
1.730742603540420532e-01
3.088690042495727539e-01
2.037913650274276733e-01
4.604300260543823242e-01
1.538530141115188599e-01
0.000000000000000000e+00
1.740676909685134888e-01
2.710646092891693115e-01
1.667761243879795074e-02
4.654775261878967285e-01
4.288832545280456543e-01
1.876770377159118652e+00
4.651609957218170166e-01
3.073412738740444183e-02
6.287351995706558228e-02
0.000000000000000000e+00
6.124477833509445190e-02
0.000000000000000000e+00
1.076712273061275482e-02
2.122651599347591400e-02
3.660808876156806946e-02
0.000000000000000000e+00
3.798950836062431335e-02
6.314284801483154297e-01
2.470132522284984589e-02
6.589891910552978516e-01
4.031312838196754456e-02
0.000000000000000000e+00
2.760784626007080078e-01
1.950075626373291016e-01
1.063321679830551147e-01
0.000000000000000000e+00
3.601886332035064697e-02
8.386917412281036377e-02
2.396345138549804688e-03
0.000000000000000000e+00
3.189124912023544312e-02
0.000000000000000000e+00
2.896892838180065155e-02
8.114929199218750000e-01
0.000000000000000000e+00
2.621200634166598320e-03
0.000000000000000000e+00
3.939285278320312500e-01
1.675882562994956970e-02
8.158206194639205933e-02
4.821362346410751343e-02
1.162473782896995544e-01
1.085759639739990234e+00
1.624653935432434082e-01
1.812402248382568359e+00
1.633498668670654297e-01
2.076439112424850464e-01
6.315791010856628418e-01
2.274784445762634277e-02
4.753877874463796616e-03
5.050822719931602478e-02
3.167890384793281555e-02
0.000000000000000000e+00
1.072885245084762573e-01
3.813540041446685791e-01
1.046848177909851074e+00
2.419950906187295914e-03
9.838899970054626465e-02
2.513037323951721191e-01
4.744040369987487793e-01
7.179661840200424194e-02
5.851788446307182312e-02
1.480299681425094604e-01
0.000000000000000000e+00
5.212562084197998047e-01
4.747829865664243698e-03
4.577290266752243042e-02
9.777520895004272461e-01
1.297336518764495850e-01
4.730733111500740051e-02
2.503017485141754150e-01
1.444128109142184258e-03
0.000000000000000000e+00
3.026925772428512573e-02
4.859851207584142685e-03
2.921345829963684082e-01
1.895184367895126343e-01
4.347222745418548584e-01
4.071461781859397888e-02
3.411187604069709778e-02
1.836981996893882751e-02
0.000000000000000000e+00
1.012969482690095901e-02
2.297021299600601196e-01
5.450546368956565857e-02
1.440024077892303467e-01
2.673957645893096924e-01
3.915041685104370117e-02
8.523620665073394775e-02
6.645540706813335419e-03
0.000000000000000000e+00
1.806746236979961395e-02
7.233902066946029663e-02
0.000000000000000000e+00
3.585424646735191345e-02
0.000000000000000000e+00
0.000000000000000000e+00
5.433176159858703613e-01
0.000000000000000000e+00
0.000000000000000000e+00
2.460861019790172577e-02
2.445027232170104980e-02
5.803120613098144531e+00
0.000000000000000000e+00
0.000000000000000000e+00
9.925517439842224121e-02
7.151917219161987305e-01
9.332638233900070190e-02
3.154083967208862305e+00
5.885329246520996094e-01
0.000000000000000000e+00
3.641316294670104980e-01
4.706006050109863281e-01
0.000000000000000000e+00
2.227194979786872864e-02
5.334611050784587860e-03
6.144862622022628784e-02
7.506399601697921753e-02
2.148165851831436157e-01
0.000000000000000000e+00
3.308666646480560303e-01
0.000000000000000000e+00
1.561882495880126953e+00
2.015281766653060913e-01
0.000000000000000000e+00
0.000000000000000000e+00
9.150191396474838257e-02
1.457669734954833984e-01
1.397418044507503510e-02
0.000000000000000000e+00
2.094288356602191925e-03
9.632252901792526245e-02
1.572400182485580444e-01
0.000000000000000000e+00
8.374945074319839478e-02
2.180742502212524414e+00
1.049698889255523682e-01
4.415247440338134766e-01
2.336381822824478149e-01
1.104650497436523438e-01
9.822579026222229004e-01
4.001352936029434204e-02
0.000000000000000000e+00
5.221354484558105469e+00
4.129941463470458984e-01
3.761956393718719482e-01
2.244607359170913696e-01
4.089185036718845367e-03
1.356406658887863159e-01
5.025766849517822266e+00
1.736197918653488159e-01
3.299744725227355957e-01
2.469656467437744141e-01
0.000000000000000000e+00
1.527884602546691895e-01
5.858704447746276855e-01
0.000000000000000000e+00
2.026377916336059570e-01
6.628962993621826172e+00
5.260362029075622559e-01
3.556757867336273193e-01
2.907429635524749756e-01
6.124057173728942871e-01
2.396137081086635590e-02
5.506473779678344727e-02
0.000000000000000000e+00
0.000000000000000000e+00
3.513038530945777893e-02
7.191425561904907227e-02
1.721075773239135742e+00
5.330416839569807053e-03
3.922789394855499268e-01
2.337149083614349365e-01
0.000000000000000000e+00
1.978475041687488556e-02
4.491987526416778564e-01
6.218965724110603333e-02
1.428249776363372803e-01
3.979427739977836609e-02
1.017637476325035095e-01
6.483566761016845703e-02
0.000000000000000000e+00
0.000000000000000000e+00
1.532014489173889160e+00
0.000000000000000000e+00
1.233511045575141907e-02
3.533007204532623291e-01
3.903122246265411377e-02
1.037402868270874023e+00
8.445772528648376465e-02
6.636600010097026825e-04
5.060357507318258286e-03
0.000000000000000000e+00
7.580302655696868896e-02
2.395442873239517212e-02
2.130488902330398560e-01
2.051558531820774078e-02
0.000000000000000000e+00
1.333944201469421387e-01
0.000000000000000000e+00
0.000000000000000000e+00
4.177885130047798157e-02
9.035988152027130127e-02
0.000000000000000000e+00
5.309062600135803223e-01
3.249965980648994446e-02
0.000000000000000000e+00
6.919877231121063232e-02
2.145099639892578125e+00
0.000000000000000000e+00
0.000000000000000000e+00
1.781076192855834961e-01
1.678142547607421875e-01
4.564328491687774658e-02
0.000000000000000000e+00
1.571020841598510742e+00
1.853985637426376343e-01
9.305381029844284058e-02
1.531041562557220459e-01
2.387036532163619995e-01
3.203366398811340332e-01
0.000000000000000000e+00
8.049211502075195312e-01
1.802915096282958984e+00
1.706541776657104492e-01
1.586765199899673462e-01
1.134019494056701660e-01
1.636397540569305420e-01
0.000000000000000000e+00
9.075882285833358765e-02
1.107576370239257812e+00
2.720201015472412109e-01
8.913546334952116013e-04
8.348543196916580200e-03
0.000000000000000000e+00
1.641635060310363770e+00
0.000000000000000000e+00
7.968057990074157715e-01
1.736735552549362183e-02
9.068449959158897400e-03
5.514250993728637695e-01
3.904103636741638184e-01
7.818005979061126709e-02
0.000000000000000000e+00
0.000000000000000000e+00
1.911422610282897949e-02
2.622522413730621338e-01
5.165357589721679688e-01
0.000000000000000000e+00
0.000000000000000000e+00
1.115695953369140625e+00
4.442591592669487000e-02
0.000000000000000000e+00
0.000000000000000000e+00
0.000000000000000000e+00
1.327749341726303101e-01
1.270985484123229980e+00
1.930174976587295532e-01
3.945858716964721680e+00
4.088805243372917175e-02
0.000000000000000000e+00
1.632722318172454834e-01
1.893651485443115234e-01
2.583257257938385010e-01
6.256683170795440674e-02
0.000000000000000000e+00
6.291719675064086914e-01
2.298742718994617462e-02
2.654523551464080811e-01
2.355221658945083618e-03
5.332271456718444824e-01
0.000000000000000000e+00
3.448944538831710815e-02
3.455787897109985352e-01
3.825948238372802734e-01
2.280858159065246582e-01
1.370417140424251556e-02
2.775647044181823730e-01
0.000000000000000000e+00
8.657756843604147434e-04
1.480246037244796753e-01
1.200409308075904846e-01
1.324974745512008667e-01
0.000000000000000000e+00
0.000000000000000000e+00
2.505617737770080566e-01
0.000000000000000000e+00
1.516302347183227539e+00
1.567973231431096792e-04
3.069918155670166016e-01
1.976894140243530273e-01
2.804607851430773735e-03
3.695458546280860901e-02
1.380143761634826660e-01
2.094082385301589966e-01
1.018416732549667358e-01
0.000000000000000000e+00
9.057344496250152588e-02
0.000000000000000000e+00
6.061793491244316101e-02
0.000000000000000000e+00
4.067768529057502747e-02
0.000000000000000000e+00
3.541926443576812744e-01
0.000000000000000000e+00
3.164540529251098633e-01
4.217444453388452530e-03
3.954282402992248535e-01
6.848881486803293228e-03
8.055323958396911621e-01
0.000000000000000000e+00
0.000000000000000000e+00
0.000000000000000000e+00
3.397276997566223145e-01
1.071312308311462402e+00
1.127413153648376465e+00
0.000000000000000000e+00
0.000000000000000000e+00
1.562435269355773926e+00
4.651755839586257935e-02
0.000000000000000000e+00
1.564827933907508850e-02
7.849843800067901611e-02
1.581919379532337189e-02
2.233169041574001312e-02
7.376018166542053223e-02
1.745956242084503174e-01
2.279632166028022766e-02
1.401697285473346710e-02
0.000000000000000000e+00
1.633037626743316650e-01
9.207694232463836670e-02
1.407939568161964417e-02
1.589734293520450592e-02
0.000000000000000000e+00
1.202116608619689941e+00
0.000000000000000000e+00
2.202136516571044922e+00
2.118645906448364258e-01
1.061933398246765137e+00
7.881386205554008484e-03
0.000000000000000000e+00
0.000000000000000000e+00
0.000000000000000000e+00
1.090420007705688477e+00
4.068046063184738159e-02
1.512396149337291718e-03
5.688020586967468262e-02
5.728144571185112000e-02
4.522622004151344299e-02
5.503954410552978516e+00
6.587715446949005127e-02
3.202405571937561035e-02
3.292507171630859375e+00
9.846454113721847534e-02
0.000000000000000000e+00
3.705849498510360718e-02
6.189352273941040039e-01
8.859437704086303711e-02
4.562929868698120117e-01
6.540955509990453720e-03
0.000000000000000000e+00
6.027271151542663574e-01
5.144766531884670258e-03
0.000000000000000000e+00
0.000000000000000000e+00
3.155443444848060608e-02
9.133862704038619995e-02
1.736582517623901367e-01
2.482389658689498901e-02
2.121779322624206543e-01
1.075360298156738281e+00
7.134217023849487305e-01
0.000000000000000000e+00
2.888864278793334961e-01
0.000000000000000000e+00
8.255726844072341919e-02
4.810824617743492126e-02
1.446326076984405518e-01
3.034025728702545166e-01
2.984478175640106201e-01
1.794622778892517090e+00
1.589662209153175354e-02
1.186727046966552734e+00
1.291835665702819824e+00
5.092559382319450378e-02
5.140412449836730957e-01
4.650961607694625854e-02
1.369624435901641846e-01
0.000000000000000000e+00
2.708207964897155762e-01
3.608131706714630127e-01
8.436757326126098633e-01
3.507446646690368652e-01
1.272262306883931160e-03
7.175399661064147949e-01
3.567654490470886230e-01
3.824253566563129425e-03
4.112669453024864197e-02
7.132995873689651489e-02
2.020575284957885742e+00
0.000000000000000000e+00
3.227563202381134033e-02
3.882873058319091797e-02
0.000000000000000000e+00
3.442255407571792603e-02
0.000000000000000000e+00
0.000000000000000000e+00
6.246051192283630371e-02
4.780191183090209961e-01
3.570836782455444336e-01
4.261236265301704407e-02
2.863296270370483398e-01
3.035288453102111816e-01
0.000000000000000000e+00
0.000000000000000000e+00
3.878900110721588135e-01
0.000000000000000000e+00
0.000000000000000000e+00
0.000000000000000000e+00
9.618892073631286621e-01
1.604859530925750732e-01
0.000000000000000000e+00
1.983222216367721558e-01
5.373371765017509460e-02
2.115803956985473633e-01
1.666316203773021698e-02
1.169898286461830139e-01
0.000000000000000000e+00
1.582039333879947662e-02
4.035242080688476562e+00
0.000000000000000000e+00
5.180048346519470215e-01
1.641009561717510223e-02
0.000000000000000000e+00
2.798417091369628906e+00
5.753822922706604004e-01
1.996336728334426880e-01
3.773179650306701660e-01
3.389323130249977112e-02
1.428813552856445312e+01
2.391778230667114258e-01
0.000000000000000000e+00
7.759608328342437744e-02
3.794306218624114990e-01
1.363617479801177979e-01
2.850435495376586914e+00
1.894944459199905396e-01
9.433925151824951172e-01
5.515225231647491455e-03
9.414299130439758301e-01
2.497636973857879639e-01
2.993717193603515625e-01
1.123803481459617615e-01
0.000000000000000000e+00
3.276940882205963135e-01
1.085206270217895508e+00
2.261949516832828522e-02
1.362045407295227051e-01
7.392290234565734863e-01
5.998373031616210938e-02
0.000000000000000000e+00
1.317769050598144531e+00
2.214417695999145508e+00
5.487639456987380981e-02
9.814410656690597534e-02
9.111146628856658936e-02
3.005277551710605621e-02
8.641878515481948853e-02
9.671033918857574463e-02
1.266299467533826828e-02
4.986581951379776001e-02
0.000000000000000000e+00
0.000000000000000000e+00
3.590691089630126953e-01
1.076368331909179688e+00
3.544846177101135254e-02
4.706759005784988403e-03
0.000000000000000000e+00
0.000000000000000000e+00
0.000000000000000000e+00
2.455977946519851685e-01
1.051266312599182129e+00
0.000000000000000000e+00
5.417423695325851440e-02
3.877907618880271912e-02
0.000000000000000000e+00
9.269419312477111816e-02
4.819584190845489502e-01
1.952343992888927460e-02
6.388257741928100586e-01
7.990580797195434570e-02
4.985809624195098877e-01
0.000000000000000000e+00
3.536024987697601318e-01
1.569666624069213867e+00
1.338132768869400024e-01
0.000000000000000000e+00
9.726815670728683472e-02
1.355878412723541260e-01
3.173195570707321167e-02
0.000000000000000000e+00
1.188058033585548401e-02
0.000000000000000000e+00
2.233050107955932617e+00
2.639311552047729492e+00
2.606900334358215332e-01
1.896126419305801392e-01
2.112321741878986359e-02
1.895311474800109863e-01
1.327935338020324707e+00
3.981500491499900818e-02
8.033635020256042480e-01
3.353227078914642334e-01
0.000000000000000000e+00
1.670122593641281128e-01
0.000000000000000000e+00
0.000000000000000000e+00
0.000000000000000000e+00
2.209280431270599365e-02
1.593738317489624023e+00
9.723483584821224213e-03
2.423615306615829468e-01
0.000000000000000000e+00
8.436275273561477661e-02
1.904329210519790649e-01
8.490422368049621582e-02
4.297217130661010742e-01
5.783436894416809082e-01
2.895631827414035797e-02
6.287388801574707031e-01
6.396453082561492920e-02
2.860555350780487061e-01
2.445463687181472778e-01
2.861691080033779144e-02
3.879599571228027344e-01
0.000000000000000000e+00
8.332014083862304688e-01
4.744245205074548721e-03
6.758302450180053711e-02
5.362644325941801071e-03
1.255260825157165527e+00
0.000000000000000000e+00
3.752936124801635742e-01
0.000000000000000000e+00
1.277749538421630859e-01
1.367491722106933594e+00
8.940741419792175293e-02
2.280151844024658203e-01
2.906462550163269043e-01
0.000000000000000000e+00
8.276893943548202515e-02
8.185619115829467773e-02
0.000000000000000000e+00
0.000000000000000000e+00
1.790151745080947876e-01
5.520578473806381226e-02
7.170400023460388184e-02
2.182952314615249634e-01
9.653875976800918579e-02
2.576158940792083740e-02
6.950517185032367706e-03
0.000000000000000000e+00
7.724929600954055786e-02
8.523429743945598602e-03
9.931493997573852539e-01
0.000000000000000000e+00
2.388748228549957275e-01
2.900943040847778320e+00
9.978173673152923584e-02
7.989636808633804321e-02
1.000969298183917999e-02
3.657905012369155884e-02
3.752036392688751221e-02
2.872173190116882324e-01
3.604685887694358826e-02
1.213113516569137573e-01
4.873977228999137878e-02
1.882440447807312012e-01
5.335980653762817383e-02
0.000000000000000000e+00
0.000000000000000000e+00
1.021032873541116714e-02
1.543537259101867676e+00
3.927617799490690231e-03
1.640507876873016357e-01
0.000000000000000000e+00
7.204754948616027832e-01
3.760107457637786865e-01
1.910522766411304474e-02
1.896283328533172607e-01
0.000000000000000000e+00
1.923167824745178223e+00
0.000000000000000000e+00
2.852878719568252563e-02
1.006597131490707397e-01
1.899546198546886444e-02
0.000000000000000000e+00
0.000000000000000000e+00
2.733162231743335724e-02
8.188613653182983398e-01
2.493030764162540436e-02
0.000000000000000000e+00
4.328146278858184814e-01
4.809318110346794128e-02
8.015724830329418182e-03
4.205816686153411865e-01
1.415463685989379883e-01
3.590690791606903076e-01
1.271208524703979492e-01
3.135265111923217773e+00
0.000000000000000000e+00
0.000000000000000000e+00
4.367222264409065247e-02
6.115630641579627991e-02
7.708839774131774902e-01
0.000000000000000000e+00
1.840621232986450195e-01
1.935010194778442383e+00
7.095366716384887695e-01
1.012407779693603516e+00
9.750201106071472168e-01
1.993275135755538940e-01
8.731097914278507233e-03
4.674785956740379333e-02
7.442721724510192871e-01
2.736122310161590576e-01
7.722672075033187866e-02
3.256573081016540527e-01
0.000000000000000000e+00
0.000000000000000000e+00
4.198965430259704590e-02
9.969078302383422852e-01
0.000000000000000000e+00
5.061938986182212830e-02
3.063724040985107422e-01
4.054597765207290649e-02
0.000000000000000000e+00
0.000000000000000000e+00
0.000000000000000000e+00
6.525755673646926880e-02
0.000000000000000000e+00
3.506214320659637451e-01
6.857719272375106812e-02
0.000000000000000000e+00
5.024701356887817383e-01
0.000000000000000000e+00
2.166801393032073975e-01
2.080743014812469482e-01
3.048234283924102783e-01
7.861730991862714291e-04
0.000000000000000000e+00
5.419560708105564117e-03
2.756532281637191772e-02
0.000000000000000000e+00
0.000000000000000000e+00
7.085411198204383254e-05
0.000000000000000000e+00
7.172725629061460495e-03
3.251546025276184082e-01
2.324701845645904541e-01
6.234698742628097534e-02
7.705736905336380005e-02
3.187991082668304443e-01
5.939695239067077637e-01
1.527453958988189697e-02
3.316039592027664185e-02
9.436071515083312988e-01
5.015549063682556152e-01
1.079502940177917480e+00
0.000000000000000000e+00
1.278038416057825089e-02
2.333661913871765137e-01
1.405404042452573776e-02
2.072685807943344116e-01
8.274786919355392456e-02
0.000000000000000000e+00
1.583508998155593872e-01
6.852753162384033203e-01
2.729009389877319336e-01
1.201692104339599609e+00
7.636019028723239899e-03
1.149529442191123962e-01
1.481519460678100586e+00
1.778695434331893921e-01
2.618123292922973633e-01
6.362596750259399414e-01
0.000000000000000000e+00
5.275813341140747070e-01
4.486868381500244141e-01
2.529292702674865723e-01
3.664436101913452148e+00
9.604835882782936096e-03
6.247383356094360352e-02
0.000000000000000000e+00
0.000000000000000000e+00
4.169870913028717041e-01
1.347490847110748291e-01
1.439739763736724854e-01
1.501531340181827545e-02
7.462700456380844116e-02
2.842886447906494141e+00
5.865172743797302246e-01
1.679413616657257080e-01
0.000000000000000000e+00
2.859953939914703369e-01
0.000000000000000000e+00
0.000000000000000000e+00
3.997544348239898682e-01
7.449727058410644531e-01
9.565033018589019775e-02
0.000000000000000000e+00
0.000000000000000000e+00
1.103098988533020020e+00
7.003375212661921978e-04
0.000000000000000000e+00
0.000000000000000000e+00
1.589995771646499634e-01
4.431290626525878906e-01
1.425857841968536377e-01
7.280007749795913696e-02
3.686355799436569214e-02
1.970582485198974609e+00
1.861308336257934570e+00
1.529969424009323120e-01
2.156669832766056061e-02
0.000000000000000000e+00
0.000000000000000000e+00
2.827613651752471924e-01
1.416999497450888157e-03
0.000000000000000000e+00
1.479473151266574860e-02
0.000000000000000000e+00
1.843277812004089355e-01
0.000000000000000000e+00
1.465499401092529297e-02
6.726295351982116699e-01
3.237625956535339355e-01
0.000000000000000000e+00
0.000000000000000000e+00
1.233246875926852226e-03
1.956729441881179810e-01
1.404059678316116333e-02
3.264131397008895874e-02
4.878918826580047607e-01
3.495520353317260742e-02
3.012933433055877686e-01
5.541406944394111633e-02
2.284271270036697388e-01
0.000000000000000000e+00
0.000000000000000000e+00
5.403370261192321777e-01
5.150366425514221191e-01
7.874011397361755371e-01
2.775888442993164062e+00
0.000000000000000000e+00
4.741975069046020508e-01
1.095841526985168457e+00
5.304310798645019531e+00
0.000000000000000000e+00
0.000000000000000000e+00
1.462911516427993774e-01
1.586912870407104492e-01
5.290986225008964539e-02
6.424953788518905640e-02
4.299576580524444580e-02
0.000000000000000000e+00
6.193336248397827148e-01
1.478618383407592773e-01
4.594897031784057617e-01
2.309771329164505005e-01
2.767612934112548828e+00
1.208733320236206055e-01
9.781062602996826172e-02
1.308099776506423950e-01
2.482673823833465576e-01
4.106970131397247314e-01
9.228963851928710938e-01
8.290577679872512817e-03
1.337215900421142578e-01
1.719513684511184692e-01
0.000000000000000000e+00
2.090987376868724823e-02
5.369451642036437988e-01
0.000000000000000000e+00
1.759217702783644199e-03
9.295301884412765503e-02
1.609454303979873657e-02
3.913486376404762268e-02
4.027552902698516846e-02
0.000000000000000000e+00
1.195758432149887085e-01
0.000000000000000000e+00
1.501089707016944885e-02
5.734344720840454102e-01
1.104559600353240967e-01
5.137910842895507812e-01
1.658440113067626953e+00
0.000000000000000000e+00
0.000000000000000000e+00
3.437278326600790024e-03
8.119977116584777832e-01
5.931408405303955078e-01
1.526142060756683350e-01
9.639699935913085938e+00
0.000000000000000000e+00
2.037156105041503906e+00
2.981226332485675812e-02
2.902824990451335907e-02
5.859031677246093750e-01
1.917945742607116699e-01
1.792515367269515991e-01
2.619309723377227783e-01
6.369712948799133301e-01
1.625331118702888489e-02
1.031153276562690735e-02
6.027315258979797363e-01
6.751953810453414917e-02
8.527720719575881958e-02
8.067222684621810913e-02
1.687714084982872009e-02
2.667830698192119598e-02
0.000000000000000000e+00
0.000000000000000000e+00
3.676396980881690979e-02
1.290394425392150879e+00
3.375310078263282776e-02
4.310948308557271957e-03
8.179855346679687500e-02
0.000000000000000000e+00
1.303127259016036987e-01
1.493660569190979004e+00
1.302540183067321777e+00
1.308873947709798813e-02
3.379475474357604980e-01
3.733964264392852783e-01
3.606241662055253983e-03
1.975031614303588867e+00
1.361138224601745605e-01
6.925525516271591187e-02
7.332697277888655663e-04
3.862473964691162109e-01
0.000000000000000000e+00
4.320011436939239502e-01
9.283480048179626465e-01
0.000000000000000000e+00
5.568984523415565491e-02
0.000000000000000000e+00
1.101980209350585938e-01
1.560114622116088867e-01
1.307512670755386353e-01
1.051781892776489258e+00
2.459054946899414062e+00
5.241427421569824219e-01
4.349531140178442001e-03
1.280605673789978027e+00
1.176052317023277283e-01
3.277547284960746765e-02
1.250374019145965576e-01
0.000000000000000000e+00
0.000000000000000000e+00
8.430191129446029663e-02
2.822930216789245605e-01
2.166756391525268555e+00
3.299465179443359375e+00
1.517659068107604980e+00
5.813651531934738159e-02
3.107794821262359619e-01
1.811032555997371674e-02
1.881685256958007812e-01
1.447907742112874985e-02
1.484110355377197266e-01
3.697427213191986084e-01
3.450829982757568359e+00
5.244844406843185425e-02
0.000000000000000000e+00
9.335965663194656372e-02
6.589688658714294434e-01
5.315730571746826172e-01
0.000000000000000000e+00
1.824007183313369751e-01
3.053728640079498291e-01
2.417909204959869385e-01
3.082404658198356628e-02
1.750909090042114258e-01
8.602048270404338837e-03
2.783943898975849152e-02
4.839321225881576538e-02
2.462896406650543213e-01
3.402994945645332336e-02
0.000000000000000000e+00
0.000000000000000000e+00
0.000000000000000000e+00
0.000000000000000000e+00
0.000000000000000000e+00
4.322596490383148193e-01
1.379626274108886719e+00
2.614955604076385498e-01
1.017488092184066772e-01
1.557681202888488770e+00
7.949709892272949219e-02
2.394175156950950623e-03
2.883071601390838623e-01
1.073114052414894104e-01
3.979721069335937500e+00
4.735136404633522034e-03
9.488395601511001587e-02
1.756027936935424805e-01
0.000000000000000000e+00
0.000000000000000000e+00
0.000000000000000000e+00
2.885637991130352020e-02
7.647281289100646973e-01
1.777451992034912109e+00
3.915636613965034485e-02
1.768632233142852783e-01
5.280268378555774689e-03
8.122869729995727539e-01
0.000000000000000000e+00
1.371379792690277100e-01
8.098041266202926636e-02
2.188760936260223389e-01
0.000000000000000000e+00
2.437528073787689209e-01
3.736945092678070068e-01
4.154369235038757324e-02
0.000000000000000000e+00
4.291646927595138550e-02
