5.632324814796447754e-01
7.688723206520080566e-01
0.000000000000000000e+00
9.238173812627792358e-02
1.793113723397254944e-02
1.394722014665603638e-01
6.151636317372322083e-02
5.311975479125976562e-01
5.290668830275535583e-02
7.539218664169311523e-02
6.031657457351684570e-01
5.441135764122009277e-01
0.000000000000000000e+00
1.296787410974502563e-01
4.283477663993835449e-01
2.916000485420227051e-01
1.186605170369148254e-02
3.270898479968309402e-03
6.307665109634399414e-01
1.800624132156372070e+00
0.000000000000000000e+00
3.253376185894012451e-01
2.089815400540828705e-02
3.622361421585083008e-01
2.823747396469116211e-01
0.000000000000000000e+00
2.464149951934814453e+00
0.000000000000000000e+00
1.723260998725891113e+00
5.903692841529846191e-01
5.617551505565643311e-02
1.401599502563476562e+01
8.518978953361511230e-01
7.259989157319068909e-03
8.371248096227645874e-02
1.733134537935256958e-01
2.023219130933284760e-02
9.647167921066284180e-01
1.181165933609008789e+00
1.868079453706741333e-01
2.836472272872924805e+00
1.149222031235694885e-01
4.065053910017013550e-02
1.479455530643463135e-01
6.734263896942138672e-02
6.108498573303222656e-01
1.757655874826014042e-03
2.702714502811431885e-01
4.188692569732666016e-01
2.388165593147277832e-01
1.554995328187942505e-01
2.012760788202285767e-01
1.161916136741638184e+00
4.042725265026092529e-02
1.144377440214157104e-01
1.132769510149955750e-01
8.207966387271881104e-02
7.128379493951797485e-02
0.000000000000000000e+00
7.529578208923339844e-01
0.000000000000000000e+00
5.319844484329223633e-01
1.396233677864074707e+00
0.000000000000000000e+00
7.902413606643676758e-02
0.000000000000000000e+00
7.099510431289672852e-01
1.978556394577026367e+00
2.099064923822879791e-02
3.911973536014556885e-02
3.181961774826049805e+00
3.274255394935607910e-01
3.660576767288148403e-04
2.622795999050140381e-01
6.754702925682067871e-01
6.496211290359497070e-01
8.760045766830444336e-01
1.793124526739120483e-01
7.992756366729736328e-01
0.000000000000000000e+00
2.472154855728149414e+00
0.000000000000000000e+00
2.919622063636779785e-01
3.278755769133567810e-02
1.621266268193721771e-02
3.331942558288574219e-01
9.246758185327053070e-03
1.780675351619720459e-01
0.000000000000000000e+00
0.000000000000000000e+00
3.649020195007324219e-02
3.826349675655364990e-01
7.215335369110107422e-01
2.947914414107799530e-02
4.014991819858551025e-01
1.025702245533466339e-02
1.613032698631286621e+00
5.348881483078002930e-01
1.845843553543090820e+00
9.604907631874084473e-01
0.000000000000000000e+00
7.245259881019592285e-01
6.761750578880310059e-02
9.925613403320312500e-01
9.147688746452331543e-02
2.560272514820098877e-01
5.486845374107360840e-01
6.410179138183593750e-01
1.181441545486450195e+00
1.620510593056678772e-02
0.000000000000000000e+00
1.048953413963317871e+00
8.143668770790100098e-01
1.637845993041992188e+00
1.667077243328094482e-01
4.577054381370544434e-01
4.557074010372161865e-01
4.309472739696502686e-01
4.146976172924041748e-01
1.388549208641052246e-01
6.314400434494018555e-01
5.153615474700927734e-01
1.434163302183151245e-01
1.906043171882629395e+00
5.497347354888916016e+00
1.072785779833793640e-01
1.188795045018196106e-01
3.954390287399291992e-01
5.467423200607299805e-01
4.906775951385498047e-01
1.107736900448799133e-01
1.138532757759094238e-01
1.453183412551879883e+00
1.432568728923797607e-01
0.000000000000000000e+00
5.581454038619995117e-01
4.366076290607452393e-01
6.124995946884155273e-01
1.615051388740539551e+00
2.287270277738571167e-01
8.205949664115905762e-01
1.530538052320480347e-01
1.982413381338119507e-01
2.652907930314540863e-02
8.235741406679153442e-03
0.000000000000000000e+00
4.416515827178955078e-01
2.702478170394897461e-01
4.305303990840911865e-01
0.000000000000000000e+00
1.844709753990173340e+00
1.419831067323684692e-01
1.227137520909309387e-01
5.302336812019348145e-02
1.561765819787979126e-01
5.313253030180931091e-02
5.887234956026077271e-02
0.000000000000000000e+00
0.000000000000000000e+00
1.555992484092712402e+00
2.240883558988571167e-01
1.431303739547729492e+00
4.319609701633453369e-01
2.489167749881744385e-01
5.692367553710937500e-01
5.757427692413330078e+00
5.572903528809547424e-02
8.352987170219421387e-01
1.075681686401367188e+00
3.748316764831542969e+00
0.000000000000000000e+00
3.171140849590301514e-01
1.906087398529052734e-01
3.775940239429473877e-01
0.000000000000000000e+00
2.189784795045852661e-01
4.298537969589233398e-01
1.163334012031555176e+00
0.000000000000000000e+00
3.240898370742797852e+00
4.390618324279785156e+00
9.921360760927200317e-02
2.758660316467285156e-01
2.271085739135742188e+00
1.320273518562316895e+00
4.679011180996894836e-02
1.918039768934249878e-01
6.884452700614929199e-01
3.203635811805725098e-01
6.559013724327087402e-01
4.396789893507957458e-02
5.889296531677246094e-02
1.733552455902099609e+00
1.585526585578918457e+00
2.243653088808059692e-01
3.956523910164833069e-02
2.057541370391845703e+00
7.095411419868469238e-01
1.666115671396255493e-01
2.739009857177734375e-01
1.800517924129962921e-02
0.000000000000000000e+00
1.052695908583700657e-03
1.819418311119079590e+00
2.318615466356277466e-01
1.307543218135833740e-01
3.823217749595642090e-02
8.821868300437927246e-01
1.503381490707397461e+00
0.000000000000000000e+00
0.000000000000000000e+00
2.265850782394409180e+00
1.163343861699104309e-01
1.102718710899353027e+00
1.955275386571884155e-01
0.000000000000000000e+00
2.208199352025985718e-01
5.746889114379882812e-01
8.070982098579406738e-01
3.232978284358978271e-01
2.235113680362701416e-01
4.302510917186737061e-01
2.888892218470573425e-02
3.767220675945281982e-01
4.291397333145141602e-02
8.795494586229324341e-02
5.995871424674987793e-01
5.772537738084793091e-02
4.173618257045745850e-01
9.903614223003387451e-02
5.758754536509513855e-02
7.947377860546112061e-02
1.109816599637269974e-02
8.002357482910156250e-01
3.176130056381225586e-01
0.000000000000000000e+00
4.013152420520782471e-02
8.989567756652832031e-01
6.783518791198730469e-01
4.428749978542327881e-01
1.722263097763061523e-01
1.732679843902587891e+00
1.184390425682067871e+00
2.015874683856964111e-01
7.774934172630310059e-02
1.712249517440795898e-01
3.487341338768601418e-03
2.478840947151184082e-01
6.917138099670410156e-01
3.367129266262054443e-01
2.181732356548309326e-01
0.000000000000000000e+00
3.390999555587768555e+00
1.096984028816223145e+00
2.633004903793334961e+00
0.000000000000000000e+00
3.108294606208801270e-01
1.010296270251274109e-01
3.407113313674926758e+00
4.638261497020721436e-01
0.000000000000000000e+00
4.512757360935211182e-01
5.521623134613037109e+00
0.000000000000000000e+00
1.998726427555084229e-01
3.348207771778106689e-01
6.663868427276611328e-01
1.002446174621582031e+00
4.239630103111267090e-01
2.178476303815841675e-01
7.467088699340820312e-01
0.000000000000000000e+00
6.297395825386047363e-01
7.320910692214965820e-02
0.000000000000000000e+00
4.296059012413024902e-01
4.118510782718658447e-01
3.116493523120880127e-01
8.905734121799468994e-02
1.017813920974731445e+00
2.908735349774360657e-02
1.374641358852386475e-01
3.926061391830444336e-01
3.416059315204620361e-01
0.000000000000000000e+00
6.166868209838867188e-01
6.958391983062028885e-03
1.189526557922363281e+00
8.943729102611541748e-03
2.177491903305053711e+00
2.561635494232177734e+00
2.655375301837921143e-01
0.000000000000000000e+00
7.160482555627822876e-02
7.252077572047710419e-03
5.621958971023559570e-01
1.054410934448242188e+00
1.864376187324523926e+00
3.629781007766723633e-01
2.795343101024627686e-01
1.509963393211364746e+00
3.869825899600982666e-01
2.971658408641815186e-01
1.817147992551326752e-02
3.258712589740753174e-01
1.112566217780113220e-01
7.420349717140197754e-01
3.435193598270416260e-01
2.222053892910480499e-02
4.530773639678955078e+00
1.806606203317642212e-01
1.246213793754577637e+00
1.404587864875793457e+00
2.967806816101074219e+00
2.183200418949127197e-02
5.964735746383666992e-01
1.065680265426635742e+00
3.162321448326110840e-01
3.061853349208831787e-01
8.910050392150878906e-01
1.671966671943664551e+00
3.963199555873870850e-01
8.195223212242126465e-01
1.690548360347747803e-01
7.611262612044811249e-03
0.000000000000000000e+00
1.701167412102222443e-02
1.616456985473632812e+00
3.576558828353881836e-01
1.956812024116516113e+00
1.019624233245849609e+00
0.000000000000000000e+00
5.819079279899597168e-01
2.779045104980468750e-01
4.735877513885498047e-01
9.996961057186126709e-02
1.730509996414184570e+00
1.232808679342269897e-01
1.703782320022583008e+00
6.746356189250946045e-02
2.032228261232376099e-01
2.375076338648796082e-02
8.798775076866149902e-01
0.000000000000000000e+00
2.871277034282684326e-01
1.624147057533264160e+00
4.248256608843803406e-02
4.559531211853027344e-01
2.084808424115180969e-02
7.682965695858001709e-02
2.516195923089981079e-02
3.278845846652984619e-01
3.857194632291793823e-02
4.158711805939674377e-02
2.719539403915405273e-01
1.825342178344726562e+00
7.530036568641662598e-01
7.561966180801391602e-01
3.391684293746948242e-01
2.212101127952337265e-03
7.669615745544433594e-01
1.136304855346679688e+00
3.965852782130241394e-02
5.198889970779418945e-01
1.558294177055358887e+00
3.458821475505828857e-01
1.009434580802917480e+00
9.356003254652023315e-03
9.594815969467163086e-02
0.000000000000000000e+00
5.769552662968635559e-02
0.000000000000000000e+00
6.474395096302032471e-02
5.127893015742301941e-02
1.140730269253253937e-02
1.073613882064819336e+00
0.000000000000000000e+00
0.000000000000000000e+00
4.714829623699188232e-01
1.059184037148952484e-02
0.000000000000000000e+00
1.369283795356750488e-01
3.476789593696594238e-02
0.000000000000000000e+00
3.634738624095916748e-01
3.014147579669952393e-01
4.825980663299560547e-01
9.490042924880981445e-02
4.517044126987457275e-01
8.982707262039184570e-01
1.412694454193115234e-01
1.346550941467285156e+00
2.048439830541610718e-01
7.279358059167861938e-02
0.000000000000000000e+00
3.601354360580444336e-01
3.143173456192016602e-02
1.126532077789306641e+00
6.817507147789001465e-01
7.636464238166809082e-01
0.000000000000000000e+00
0.000000000000000000e+00
1.561452388763427734e+00
2.488155961036682129e-01
1.225562486797571182e-02
2.900194935500621796e-02
1.131085634231567383e+00
2.751253843307495117e-01
8.296590298414230347e-02
1.771324574947357178e-01
1.407219446264207363e-03
9.206593036651611328e-01
9.063237905502319336e-01
3.093523502349853516e+00
1.019571647047996521e-01
6.639009714126586914e-01
0.000000000000000000e+00
2.966022968292236328e+00
6.826456785202026367e-01
3.002656936645507812e+00
3.900206089019775391e-01
7.462414503097534180e-01
4.535765200853347778e-02
6.246082782745361328e-01
1.181481108069419861e-01
0.000000000000000000e+00
2.092730253934860229e-01
2.318049967288970947e-01
1.830578297376632690e-01
1.108425498008728027e+00
1.030209422111511230e+00
6.418287158012390137e-01
6.823257207870483398e-01
4.075032472610473633e-01
4.090024158358573914e-02
7.371319085359573364e-02
5.730072855949401855e-01
7.302191108465194702e-02
2.561250686645507812e+00
1.500778738409280777e-02
1.008267879486083984e+00
8.184146881103515625e-02
0.000000000000000000e+00
3.516992032527923584e-01
2.202473431825637817e-01
2.543771028518676758e+00
1.738891750574111938e-01
1.303408265113830566e+00
9.246537089347839355e-02
8.785282820463180542e-02
5.218265652656555176e-01
1.688748896121978760e-01
1.405435055494308472e-01
6.089606881141662598e-02
1.569576621055603027e+00
2.171125650405883789e+00
1.517992764711380005e-01
1.482561230659484863e-01
9.441980719566345215e-02
2.748480066657066345e-02
1.836600661277770996e+00
1.548018813133239746e+00
7.595390677452087402e-01
2.492713928222656250e+00
2.235156893730163574e-01
6.891070008277893066e-01
1.227406144142150879e+00
6.284409165382385254e-01
1.018737077713012695e+00
8.251471519470214844e-01
1.141585111618041992e+00
8.567219972610473633e-01
4.464781843125820160e-03
1.865921854972839355e+00
8.897422552108764648e-01
4.764190912246704102e-01
0.000000000000000000e+00
1.066518723964691162e-01
3.263412714004516602e-01
6.183003187179565430e-01
1.883743330836296082e-02
3.300254583358764648e+00
2.661966681480407715e-01
3.462527394294738770e-01
2.682773768901824951e-01
3.304301202297210693e-01
1.389137864112854004e+00
1.242013368755578995e-02
1.617029190063476562e+00
1.364470243453979492e+00
1.172060742974281311e-01
1.127015948295593262e+00
0.000000000000000000e+00
5.851602554321289062e-01
1.379519701004028320e+00
1.517185568809509277e-01
2.258269637823104858e-01
3.946461677551269531e-01
9.930905103683471680e-01
9.238950908184051514e-03
3.093816526234149933e-02
6.890707015991210938e-01
1.673614501953125000e+00
4.185560345649719238e-02
8.099249005317687988e-01
2.249678075313568115e-01
7.223394513130187988e-01
6.415948867797851562e-01
3.867735266685485840e-01
9.156097173690795898e-01
1.093961000442504883e+00
6.033035516738891602e-01
4.726490750908851624e-02
6.771771311759948730e-01
1.634107679128646851e-01
1.805657148361206055e-01
1.386181414127349854e-01
9.008932113647460938e-02
7.924365252256393433e-02
1.060964986681938171e-01
0.000000000000000000e+00
1.201009228825569153e-01
0.000000000000000000e+00
6.190556287765502930e-01
1.292977184057235718e-01
5.546153783798217773e-01
8.318185806274414062e-02
5.336139202117919922e-01
1.198678374290466309e+00
9.077954888343811035e-01
5.495933890342712402e-01
2.190783917903900146e-01
1.996074616909027100e-01
1.023535057902336121e-02
8.470443636178970337e-02
5.987808704376220703e+00
2.468037307262420654e-01
1.199255943298339844e+00
4.955717623233795166e-01
1.122458651661872864e-02
4.339114576578140259e-02
6.322985291481018066e-01
6.091923236846923828e+00
1.097269296646118164e+00
9.258245229721069336e-01
2.712599039077758789e+00
2.902792394161224365e-01
1.064126342535018921e-01
0.000000000000000000e+00
4.054567337036132812e+00
0.000000000000000000e+00
2.619628608226776123e-01
6.597300767898559570e-01
6.690329313278198242e-02
7.120801601558923721e-03
4.755124449729919434e-02
1.827862113714218140e-02
1.680034697055816650e-01
6.013050302863121033e-02
3.202658295631408691e-01
3.486998006701469421e-02
2.060845494270324707e-02
4.523790180683135986e-01
1.308851957321166992e+00
1.486595836468040943e-03
5.676240921020507812e-01
4.861779138445854187e-02
3.356860280036926270e-01
0.000000000000000000e+00
2.632953692227602005e-03
1.279142051935195923e-01
3.728422522544860840e-01
0.000000000000000000e+00
1.554089784622192383e-01
9.919257760047912598e-01
9.623637795448303223e-01
3.912132524419575930e-04
2.630062401294708252e-01
1.419245302677154541e-01
3.145485818386077881e-01
1.005569934844970703e+00
2.164284437894821167e-01
2.832549996674060822e-02
1.588749647140502930e+00
8.007625937461853027e-01
3.614458814263343811e-02
1.116104245185852051e+00
9.714987874031066895e-01
9.490982294082641602e-01
0.000000000000000000e+00
5.796004188596270978e-05
2.862749993801116943e-01
1.115708351135253906e+00
3.444232791662216187e-02
1.629582494497299194e-01
2.820616364479064941e-01
3.872569650411605835e-03
2.843897044658660889e-01
3.762179911136627197e-01
8.968155086040496826e-02
3.918706178665161133e-01
2.968683958053588867e+00
1.896257042884826660e+00
1.841470897197723389e-01
1.270020455121994019e-01
1.033685445785522461e+00
9.248257279396057129e-01
0.000000000000000000e+00
1.514768481254577637e+00
3.272206485271453857e-01
6.294903755187988281e-01
8.793286085128784180e-01
3.189404904842376709e-01
0.000000000000000000e+00
1.406406164169311523e-01
1.378711163997650146e-01
5.492615103721618652e-01
6.726151108741760254e-01
9.403063356876373291e-02
1.247126579284667969e+00
1.492323447018861771e-02
5.951557308435440063e-02
4.170010089874267578e+00
1.380949735641479492e+00
7.616879940032958984e-01
2.127103954553604126e-01
1.125798940658569336e+00
3.050901591777801514e-01
1.430027037858963013e-01
9.902921319007873535e-01
2.420758754014968872e-01
1.001939736306667328e-02
2.154857292771339417e-02
1.059534400701522827e-01
4.504351019859313965e-01
2.604893222451210022e-02
0.000000000000000000e+00
1.350617647171020508e+00
0.000000000000000000e+00
1.329063892364501953e+00
1.680457293987274170e-01
1.831050276756286621e+00
1.997121691703796387e+00
3.656397461891174316e-01
1.485978007316589355e+00
1.655098199844360352e-01
7.119921445846557617e-01
1.796648502349853516e-01
3.001679480075836182e-01
0.000000000000000000e+00
2.634691238403320312e+00
5.701342821121215820e-01
2.740430593490600586e+00
2.033028304576873779e-01
1.385971009731292725e-01
4.685521125793457031e-02
1.236857771873474121e-01
1.792733371257781982e-01
6.896907091140747070e-01
6.969781398773193359e+00
4.305770620703697205e-02
4.175032302737236023e-02
4.687447473406791687e-02
6.339841485023498535e-01
9.800874628126621246e-03
4.788963794708251953e-01
3.457641303539276123e-01
2.354724407196044922e-01
1.441979885101318359e+00
3.746306523680686951e-02
1.323655396699905396e-01
5.031074285507202148e-01
4.143656417727470398e-02
3.204840421676635742e-01
2.210873179137706757e-02
8.119408488273620605e-01
1.326461285352706909e-01
1.027361392974853516e+00
2.736596584320068359e+00
9.082487225532531738e-01
1.106633901596069336e+00
1.221682786941528320e+00
0.000000000000000000e+00
2.073053836822509766e+00
1.155289355665445328e-02
2.409609034657478333e-02
5.795650929212570190e-02
0.000000000000000000e+00
2.162716686725616455e-01
2.541784197092056274e-03
1.072577759623527527e-02
2.867591939866542816e-02
1.637650132179260254e-01
2.003243863582611084e-01
3.687394261360168457e-01
1.124308466911315918e+00
1.646671891212463379e+00
1.812975883483886719e+00
9.927470982074737549e-02
7.038082480430603027e-01
4.028312861919403076e-02
1.027952671051025391e+00
8.267733454704284668e-01
1.242864608764648438e+00
2.117967754602432251e-01
2.716984450817108154e-01
2.448209673166275024e-01
8.788992464542388916e-02
1.990255564451217651e-01
3.340913355350494385e-01
1.657309681177139282e-01
1.242966353893280029e-01
9.940290823578834534e-03
1.774870790541172028e-02
2.155617475509643555e-01
1.233569979667663574e-01
5.814642310142517090e-01
4.753135517239570618e-02
2.654407024383544922e-01
1.281928181648254395e+00
2.669237554073333740e-01
8.466746807098388672e-01
4.932770971208810806e-03
1.129564642906188965e-01
6.671917438507080078e-02
0.000000000000000000e+00
6.180532574653625488e-01
2.931018173694610596e-02
1.323137730360031128e-01
5.894344300031661987e-02
3.656834959983825684e-01
1.139522910118103027e+00
1.377371698617935181e-01
1.482443094253540039e+00
6.166093349456787109e-01
4.685969829559326172e+00
1.332057118415832520e-01
9.379436820745468140e-02
7.772969603538513184e-01
3.119930624961853027e-01
6.278260350227355957e-01
8.373066084459424019e-04
2.364092469215393066e-01
4.438610374927520752e-01
1.514936923980712891e+00
1.192643959075212479e-02
3.778402507305145264e-02
3.390516042709350586e-01
4.509626924991607666e-01
0.000000000000000000e+00
1.034722626209259033e-01
5.815954208374023438e-01
1.201530933380126953e+00
0.000000000000000000e+00
2.294158935546875000e-01
4.298145323991775513e-02
3.703515231609344482e-01
6.947779655456542969e-01
6.502270698547363281e-01
5.449682474136352539e-01
2.839667908847332001e-02
2.967030704021453857e-01
3.407368957996368408e-01
0.000000000000000000e+00
2.738273441791534424e-01
2.770384848117828369e-01
9.148905426263809204e-02
0.000000000000000000e+00
4.536478817462921143e-01
0.000000000000000000e+00
4.783038198947906494e-01
5.657424777746200562e-02
6.710273027420043945e-01
1.153439953923225403e-01
2.566033005714416504e-01
4.664645791053771973e-01
2.682479918003082275e-01
4.115238189697265625e-01
3.171495199203491211e-01
1.092322263866662979e-02
1.140979211777448654e-02
7.530305534601211548e-02
9.168835282325744629e-01
2.014946192502975464e-01
6.383225321769714355e-02
3.894462585449218750e-01
3.601529598236083984e-01
7.614308595657348633e-01
2.066397905349731445e+00
1.444624215364456177e-01
0.000000000000000000e+00
7.984575629234313965e-02
5.485264658927917480e-01
3.646681830286979675e-02
3.457918763160705566e-01
1.452492177486419678e-01
4.197915792465209961e-01
6.524618864059448242e-01
3.439173400402069092e-01
1.484246969223022461e+00
5.577766895294189453e-01
2.728550434112548828e-01
5.651916861534118652e-01
6.751641631126403809e-02
8.766727149486541748e-02
0.000000000000000000e+00
0.000000000000000000e+00
4.533038139343261719e-01
4.636736512184143066e-01
6.448015570640563965e-02
0.000000000000000000e+00
3.529080450534820557e-01
8.974944353103637695e-01
2.090109288692474365e-01
2.300709336996078491e-01
4.568855091929435730e-02
9.062391519546508789e-02
4.401015937328338623e-01
5.211353898048400879e-01
7.844684273004531860e-02
2.215210497379302979e-01
3.228280782699584961e+00
2.776499390602111816e-01
3.130251169204711914e-01
6.189064025878906250e+00
2.185759693384170532e-01
0.000000000000000000e+00
1.701948940753936768e-01
1.729745030403137207e+00
6.460322737693786621e-01
3.590036183595657349e-02
7.877541333436965942e-02
1.117121428251266479e-01
1.000955581665039062e+00
9.603196978569030762e-01
2.992629706859588623e-01
4.033494591712951660e-01
5.252832919359207153e-02
9.595680832862854004e-01
3.287264704704284668e-01
1.084346532821655273e+00
3.450501710176467896e-02
8.580078482627868652e-01
4.525101184844970703e-01
5.391172170639038086e-01
6.973459720611572266e-01
4.517631232738494873e-02
2.371912598609924316e-01
8.037124276161193848e-01
1.555242240428924561e-01
1.941654458642005920e-02
4.455719292163848877e-01
1.438614539802074432e-02
0.000000000000000000e+00
1.442699581384658813e-01
6.892669200897216797e-02
5.029740333557128906e-01
8.568695187568664551e-01
9.422144293785095215e-01
5.035799145698547363e-01
0.000000000000000000e+00
7.911270260810852051e-01
1.026101708412170410e-01
3.893442451953887939e-01
2.624387107789516449e-02
2.184367656707763672e+00
3.688592314720153809e-01
6.077887415885925293e-01
1.797610372304916382e-01
6.145017966628074646e-02
1.578623056411743164e-01
0.000000000000000000e+00
0.000000000000000000e+00
9.452628493309020996e-01
2.597458362579345703e-01
0.000000000000000000e+00
4.925783574581146240e-01
6.351100206375122070e-01
1.212897777557373047e+00
0.000000000000000000e+00
1.244898363947868347e-01
3.840767219662666321e-02
1.833874918520450592e-02
1.893350630998611450e-01
1.143521308898925781e+00
1.855151176452636719e+00
2.137903124094009399e-02
4.933088719844818115e-01
4.851561039686203003e-02
5.933794975280761719e-01
0.000000000000000000e+00
1.021528732962906361e-03
1.722442984580993652e+00
1.141662076115608215e-01
1.442672133445739746e+00
3.601972162723541260e-01
2.888397872447967529e-01
6.862735152244567871e-01
3.313480377197265625e+00
8.467603325843811035e-01
0.000000000000000000e+00
1.742686390876770020e+00
2.297626994550228119e-02
1.019083559513092041e-01
1.289125531911849976e-01
9.805948734283447266e-01
0.000000000000000000e+00
3.985640108585357666e-01
0.000000000000000000e+00
2.559452317655086517e-02
6.714252755045890808e-03
2.403522253036499023e+00
4.249691069126129150e-01
0.000000000000000000e+00
7.529605180025100708e-02
5.310115814208984375e-01
3.771489113569259644e-02
1.063083037734031677e-01
1.546897053718566895e+00
5.715353786945343018e-02
3.236030936241149902e-01
1.466060280799865723e-01
2.075942754745483398e-01
8.659411221742630005e-03
6.634403020143508911e-03
9.219290018081665039e-01
8.013657480478286743e-02
1.389800310134887695e-01
5.707180500030517578e-01
2.707085609436035156e-01
2.246281132102012634e-02
3.587763905525207520e-01
1.556941866874694824e-01
0.000000000000000000e+00
6.667769551277160645e-01
0.000000000000000000e+00
4.825128912925720215e-01
1.745918765664100647e-02
1.340542137622833252e-01
1.163838744163513184e+00
1.226402163505554199e+00
9.447804689407348633e-01
1.089384183287620544e-01
1.688526272773742676e-01
1.833840847015380859e+00
3.167625963687896729e-01
1.705995500087738037e-01
0.000000000000000000e+00
1.926722884178161621e+00
2.489059269428253174e-01
1.225869879126548767e-01
4.667519032955169678e-01
2.023347616195678711e-01
5.410001873970031738e-01
5.496526136994361877e-02
1.361541002988815308e-01
1.873313263058662415e-02
1.464505307376384735e-02
0.000000000000000000e+00
6.618720293045043945e-01
3.246991932392120361e-01
5.460749268531799316e-01
3.187004625797271729e-01
1.869967579841613770e-01
2.789939045906066895e-01
6.213463097810745239e-02
1.618919223546981812e-01
6.167012825608253479e-02
1.632535755634307861e-01
1.574540436267852783e-01
1.508218944072723389e-01
6.673462688922882080e-02
6.535858660936355591e-02
1.800044439733028412e-02
1.049639284610748291e-02
0.000000000000000000e+00
2.036322832107543945e+00
2.604010820388793945e+00
3.979504704475402832e-01
9.725407958030700684e-01
1.346546769142150879e+00
1.358539517968893051e-02
9.849566221237182617e-01
1.637044847011566162e-01
1.108641028404235840e-01
0.000000000000000000e+00
3.427261352539062500e+00
4.545237123966217041e-01
4.884157776832580566e-01
1.972355991601943970e-01
1.098762452602386475e-01
4.052159786224365234e-01
5.367497913539409637e-03
4.369132220745086670e-03
0.000000000000000000e+00
3.167381882667541504e-02
4.618188142776489258e-01
1.562570035457611084e-01
6.221392750740051270e-01
1.921103894710540771e-01
1.203922852873802185e-01
4.292527958750724792e-02
1.081432938575744629e+00
8.718059211969375610e-02
4.637651145458221436e-01
2.271107025444507599e-02
2.223507612943649292e-01
6.060655117034912109e-01
2.049810409545898438e+00
0.000000000000000000e+00
7.889606952667236328e-01
1.555933713912963867e+00
0.000000000000000000e+00
0.000000000000000000e+00
0.000000000000000000e+00
5.935611128807067871e-01
2.000171244144439697e-01
1.854449033737182617e+00
7.108320295810699463e-02
3.004112243652343750e-01
9.310571476817131042e-03
1.420345664024353027e+00
7.198203206062316895e-01
3.530486226081848145e-01
5.392052698880434036e-03
4.322245344519615173e-02
7.017319202423095703e-01
1.759645938873291016e-01
9.291248917579650879e-01
3.753742277622222900e-01
7.727986574172973633e-01
0.000000000000000000e+00
7.845507860183715820e-01
7.742588520050048828e-01
1.717562913894653320e+00
1.185555934906005859e+00
2.190372705459594727e+00
1.843986034393310547e+00
3.495285212993621826e-01
5.837197229266166687e-02
5.285432338714599609e-01
4.157308489084243774e-02
3.807916045188903809e-01
4.338553249835968018e-01
4.084584489464759827e-02
2.521764636039733887e-01
1.603895332664251328e-03
1.466103434562683105e+00
9.719284772872924805e-01
2.321202456951141357e-01
3.267733097076416016e+00
8.976099491119384766e-01
1.477021932601928711e+00
1.332635730504989624e-01
1.024451255798339844e+00
2.756564617156982422e-01
6.042867433279752731e-03
7.785462141036987305e-01
6.802759170532226562e-01
5.220831036567687988e-01
0.000000000000000000e+00
4.906024783849716187e-02
7.675451785326004028e-02
2.998541295528411865e-01
0.000000000000000000e+00
1.228748932480812073e-01
1.530641913414001465e-01
2.992712855339050293e-01
3.349031209945678711e-01
1.877339184284210205e-01
1.661993712186813354e-01
5.461145639419555664e-01
5.565288066864013672e-01
1.500161588191986084e-01
8.158482611179351807e-02
3.869491815567016602e-01
8.891493082046508789e-01
4.591336846351623535e-01
1.585564494132995605e+00
5.700114965438842773e-01
1.127622500061988831e-01
1.144727990031242371e-01
2.768307924270629883e-01
3.744186162948608398e-01
3.000052832067012787e-02
1.728093326091766357e-01
2.596920821815729141e-03
8.228418417274951935e-03
1.110455766320228577e-01
5.767888575792312622e-02
1.048299521207809448e-01
8.231397867202758789e-01
0.000000000000000000e+00
7.230278849601745605e-01
4.233680963516235352e-01
2.722098529338836670e-01
2.035606950521469116e-01
1.794870615005493164e+00
1.242535468190908432e-02
1.364893555641174316e+00
4.939278662204742432e-01
1.651528663933277130e-02
1.064681485295295715e-01
6.142654418945312500e-01
9.261299967765808105e-01
1.778835415840148926e+00
9.817690849304199219e-01
3.519211709499359131e-01
4.343176782131195068e-01
1.367056369781494141e-01
6.485109329223632812e-01
1.424777150154113770e+00
3.088053166866302490e-01
1.908367514610290527e+00
1.939173936843872070e+00
4.210671037435531616e-02
0.000000000000000000e+00
3.294470310211181641e+00
8.010156452655792236e-02
8.290562629699707031e-01
2.230802774429321289e-01
3.889590799808502197e-01
3.566699028015136719e-01
4.072224795818328857e-01
2.253028303384780884e-01
8.946515321731567383e-01
6.272308826446533203e-01
1.691319465637207031e+00
1.020128011703491211e+00
4.125469326972961426e-01
1.407935936003923416e-02
8.536942186765372753e-04
7.462565898895263672e-01
4.246421903371810913e-02
3.389314115047454834e-01
9.103867225348949432e-03
2.746918439865112305e+00
2.362082712352275848e-02
2.550854682922363281e-01
7.756245136260986328e-01
5.050618648529052734e-01
0.000000000000000000e+00
1.020899534225463867e+00
6.607912182807922363e-01
5.222125530242919922e+00
3.158665001392364502e-01
5.231396853923797607e-02
4.172059535980224609e+00
1.044238824397325516e-02
3.025293052196502686e-01
1.324588432908058167e-02
1.968976110219955444e-01
1.265916347503662109e+00
2.344134330749511719e+00
0.000000000000000000e+00
2.045984715223312378e-01
3.367437794804573059e-02
2.479365587234497070e+00
1.506621360778808594e+00
0.000000000000000000e+00
2.088035922497510910e-03
0.000000000000000000e+00
7.000819444656372070e-01
9.614303112030029297e-01
8.035612106323242188e-01
2.624140083789825439e-01
2.240523844957351685e-01
6.787343025207519531e-01
1.635830104351043701e-02
5.421878814697265625e+00
3.357588052749633789e-01
1.695117205381393433e-01
2.214494049549102783e-01
9.437889456748962402e-01
9.348443746566772461e-01
1.958816125988960266e-02
9.382194876670837402e-01
2.639811038970947266e-01
0.000000000000000000e+00
2.442798018455505371e-02
2.576481103897094727e-01
2.416587024927139282e-01
1.088399887084960938e+00
1.300114274024963379e+00
2.832641005516052246e-01
7.634917274117469788e-03
1.366376399993896484e+00
4.734430611133575439e-01
5.591850876808166504e-01
5.304063111543655396e-02
3.754316568374633789e-01
1.466314196586608887e-01
1.258674025535583496e+00
4.548886045813560486e-02
0.000000000000000000e+00
4.953264594078063965e-01
0.000000000000000000e+00
2.438939511775970459e-01
8.538811206817626953e-01
3.682312369346618652e-01
2.862263917922973633e-01
5.339175462722778320e-01
7.202121894806623459e-03
0.000000000000000000e+00
3.242278397083282471e-01
1.598106324672698975e-01
4.872005283832550049e-01
0.000000000000000000e+00
4.433075189590454102e-01
5.378020405769348145e-01
2.420846372842788696e-03
2.258647084236145020e-01
1.074978243559598923e-02
2.113590955734252930e+00
1.143139600753784180e+00
3.699660003185272217e-01
0.000000000000000000e+00
1.253741264343261719e+00
1.695828288793563843e-01
2.106233835220336914e-01
1.007756590843200684e-01
5.670809373259544373e-02
5.354644775390625000e+00
1.109548211097717285e+00
1.449067592620849609e+00
1.898095011711120605e-01
7.391966879367828369e-02
4.814194515347480774e-02
1.356569528579711914e+00
6.546302437782287598e-01
2.771526575088500977e-01
4.222688078880310059e-02
2.174543380737304688e+00
3.187170028686523438e-01
5.937498211860656738e-01
8.455780893564224243e-02
1.878104805946350098e+00
3.854510784149169922e-01
4.716889560222625732e-02
3.651767969131469727e-02
1.170063853263854980e+00
0.000000000000000000e+00
2.732902765274047852e+00
6.326282024383544922e-01
1.056646257638931274e-01
2.409346774220466614e-02
1.522727131843566895e+00
1.420946359634399414e+00
2.765477299690246582e-01
4.789444804191589355e-02
2.173229306936264038e-01
5.971168354153633118e-02
1.335088491439819336e+00
9.608101099729537964e-02
2.708435058593750000e-01
3.451060354709625244e-01
9.744931459426879883e-01
1.885109782218933105e+00
1.959159225225448608e-01
0.000000000000000000e+00
1.724016070365905762e-01
4.169214144349098206e-02
3.523624734953045845e-03
3.979831695556640625e+00
2.483914136886596680e+00
1.473752975463867188e+00
9.361129403114318848e-01
4.901119470596313477e-01
0.000000000000000000e+00
1.369032621383666992e+00
2.315585464239120483e-01
0.000000000000000000e+00
8.191092312335968018e-02
2.518568933010101318e-01
3.483428433537483215e-02
1.679301112890243530e-01
3.076747655868530273e-01
1.038253381848335266e-01
5.263863205909729004e-01
9.050750136375427246e-01
4.239512085914611816e-01
4.785130023956298828e-01
7.298843860626220703e-01
4.218973591923713684e-02
8.544831722974777222e-02
4.906435310840606689e-02
0.000000000000000000e+00
4.848039522767066956e-02
1.333237159997224808e-02
7.201781868934631348e-01
2.896597385406494141e-01
9.369310736656188965e-01
9.212724566459655762e-01
2.466456592082977295e-01
8.287215232849121094e-01
1.414376854896545410e+00
1.097542881965637207e+00
7.818349599838256836e-01
1.454381197690963745e-01
1.169588446617126465e+00
2.304967403411865234e+00
0.000000000000000000e+00
5.243443250656127930e-01
7.333701252937316895e-01
0.000000000000000000e+00
1.097409248352050781e+00
5.907314643263816833e-02
2.101494185626506805e-02
6.712897419929504395e-01
4.682136476039886475e-01
1.636422574520111084e-01
3.920568898320198059e-02
3.079895079135894775e-01
8.512774705886840820e-01
6.517454385757446289e-01
1.689178682863712311e-02
9.911582618951797485e-02
8.981573395431041718e-03
7.527311444282531738e-01
6.367996335029602051e-01
0.000000000000000000e+00
9.761022329330444336e-01
1.918789446353912354e-01
2.162635326385498047e+00
6.936232745647430420e-02
3.420427441596984863e-02
0.000000000000000000e+00
0.000000000000000000e+00
3.537286520004272461e-01
7.956369221210479736e-02
3.144210815429687500e+00
8.989313989877700806e-02
5.921403765678405762e-01
1.345093175768852234e-02
1.574402898550033569e-01
3.198600053787231445e+00
0.000000000000000000e+00
3.364240825176239014e-01
2.982164919376373291e-01
1.576761245727539062e+00
1.523290872573852539e+00
1.176003932952880859e+00
1.608352512121200562e-01
3.420675992965698242e+00
1.908036693930625916e-02
2.571536600589752197e-01
8.116305470466613770e-01
9.871849417686462402e-01
6.206116825342178345e-02
2.448073402047157288e-02
3.039570152759552002e-02
3.647224903106689453e+00
1.259715482592582703e-02
5.952581996098160744e-04
4.103040695190429688e-02
2.878524828702211380e-03
0.000000000000000000e+00
1.747739762067794800e-01
2.829807102680206299e-01
1.154848575592041016e+00
5.190960764884948730e-01
1.557021751068532467e-03
2.815485715866088867e+00
1.107449010014533997e-01
4.593100547790527344e-01
1.536098308861255646e-02
5.171294808387756348e-01
9.855598211288452148e-01
0.000000000000000000e+00
1.404929012060165405e-01
7.219250798225402832e-01
6.506934165954589844e-01
1.409956336021423340e+00
1.214072108268737793e+00
7.150882482528686523e-02
2.056634724140167236e-01
6.839423906058073044e-03
1.172589778900146484e+00
2.304698705673217773e+00
1.086828336119651794e-01
2.262981384992599487e-01
3.191036358475685120e-02
5.773413777351379395e-01
8.536144345998764038e-02
2.447355389595031738e-01
5.480260848999023438e-01
3.433744192123413086e+00
1.426289796829223633e+00
1.310251832008361816e+00
4.410282708704471588e-03
1.031038239598274231e-01
0.000000000000000000e+00
2.829020321369171143e-01
2.520568370819091797e-01
7.142939418554306030e-02
4.098511934280395508e-01
0.000000000000000000e+00
9.129827022552490234e-01
1.266998171806335449e+00
1.744587570428848267e-01
2.090262025594711304e-01
1.723191142082214355e-01
8.926232904195785522e-02
2.652797102928161621e-01
2.015887051820755005e-01
9.843117594718933105e-01
5.336324572563171387e-01
2.997118048369884491e-02
6.543746590614318848e-01
1.179848670959472656e+00
3.105764687061309814e-01
0.000000000000000000e+00
2.651261389255523682e-01
2.643517553806304932e-01
4.502126872539520264e-01
3.772596120834350586e-01
0.000000000000000000e+00
9.288432598114013672e-01
3.935646638274192810e-02
5.448488891124725342e-02
0.000000000000000000e+00
0.000000000000000000e+00
2.450995519757270813e-02
0.000000000000000000e+00
6.761391460895538330e-02
2.812269628047943115e-01
3.981842473149299622e-02
7.519243359565734863e-01
1.814642688259482384e-03
8.824744224548339844e-01
1.113112419843673706e-01
3.826238587498664856e-02
5.214484930038452148e-01
8.336801081895828247e-02
3.969059467315673828e+00
1.058815360069274902e+00
6.318550705909729004e-01
1.140702724456787109e+00
2.586602926254272461e+00
6.144526600837707520e-01
2.358963713049888611e-02
1.593584775924682617e+00
2.366437435150146484e+00
1.031111739575862885e-02
4.102361500263214111e-01
0.000000000000000000e+00
9.834998054429888725e-04
1.276074675843119621e-03
8.630365133285522461e-01
3.559556305408477783e-01
1.671224385499954224e-01
6.343572866171598434e-03
0.000000000000000000e+00
0.000000000000000000e+00
3.638593479990959167e-03
6.275971889495849609e+00
4.338658472988754511e-04
5.550756454467773438e+00
6.090575456619262695e-02
3.863248974084854126e-02
4.560087919235229492e-01
4.436027631163597107e-02
6.652294844388961792e-02
2.089408189058303833e-01
1.377716008573770523e-02
8.180803656578063965e-01
3.108626008033752441e-01
4.517177939414978027e-01
3.692354559898376465e-01
1.328492015600204468e-01
3.029037475585937500e+00
8.264880180358886719e-01
1.027879491448402405e-01
7.755398154258728027e-01
2.418780140578746796e-02
7.394918054342269897e-02
1.010414958000183105e+00
6.008216366171836853e-02
0.000000000000000000e+00
6.901631355285644531e-01
1.391613841056823730e+00
1.089389920234680176e-01
3.507542610168457031e-01
2.592221796512603760e-01
0.000000000000000000e+00
9.324395656585693359e-02
7.143525406718254089e-03
1.066256403923034668e+00
2.251532077789306641e-01
0.000000000000000000e+00
9.085141122341156006e-02
1.570040941238403320e+00
1.364787936210632324e+00
4.870783686637878418e-01
2.508660256862640381e-01
3.295561373233795166e-01
7.697036117315292358e-02
1.496736854314804077e-01
9.293845295906066895e-01
4.689511656761169434e-01
5.067937076091766357e-02
5.804172158241271973e-01
2.535646259784698486e-01
1.482475101947784424e-01
1.292949080467224121e+00
9.942248463630676270e-01
1.723899245262145996e-01
1.319516450166702271e-01
1.192325260490179062e-02
4.341104030609130859e-01
8.105113506317138672e-01
1.784964799880981445e-01
1.131498098373413086e+00
1.334328889846801758e+00
1.461670517921447754e+00
3.399383425712585449e-01
3.886296153068542480e-01
2.712046146392822266e+00
0.000000000000000000e+00
1.316606998443603516e-02
1.040274575352668762e-01
4.907979071140289307e-01
2.040784806013107300e-01
3.863679245114326477e-02
1.163976788520812988e-01
3.418853282928466797e-01
3.917231038212776184e-02
1.912708394229412079e-02
0.000000000000000000e+00
8.474115729331970215e-01
3.252195119857788086e-01
8.570550680160522461e-01
5.423225164413452148e-01
3.260408639907836914e+00
3.478013724088668823e-02
2.046046704053878784e-01
2.339409112930297852e+00
1.504166603088378906e+00
3.232235312461853027e-01
8.467181026935577393e-02
7.770605087280273438e-01
5.066653341054916382e-02
1.164908170700073242e+00
1.352822184562683105e+00
4.118452668190002441e-01
6.982286572456359863e-01
0.000000000000000000e+00
1.302952647209167480e+00
0.000000000000000000e+00
0.000000000000000000e+00
5.660617351531982422e+00
1.120629787445068359e+00
7.136588692665100098e-01
2.086941897869110107e-01
3.937957808375358582e-02
8.178520202636718750e-01
4.748549163341522217e-01
1.929983019828796387e+00
1.175431966781616211e+00
2.713829278945922852e-01
1.825173258781433105e+00
1.419950842857360840e+00
2.024485031142830849e-03
1.685997098684310913e-01
0.000000000000000000e+00
0.000000000000000000e+00
7.317139208316802979e-02
4.998465999960899353e-02
3.121967315673828125e-01
2.718137741088867188e+00
5.809263326227664948e-03
3.460625186562538147e-02
0.000000000000000000e+00
6.434841752052307129e-01
1.624824702739715576e-01
1.034935474395751953e+00
4.847127199172973633e-02
1.281724214553833008e+00
7.471662759780883789e-01
1.026552766561508179e-01
0.000000000000000000e+00
7.279245182871818542e-03
1.083318233489990234e+00
1.783384568989276886e-02
1.656457930803298950e-01
4.087917208671569824e-01
0.000000000000000000e+00
0.000000000000000000e+00
5.598590373992919922e-01
2.077814750373363495e-02
2.039588391780853271e-01
1.426405906677246094e+00
0.000000000000000000e+00
1.250708401203155518e-01
7.558092940598726273e-03
5.551391746848821640e-03
1.535026669502258301e+00
5.908501916565001011e-04
7.937046140432357788e-02
1.673653721809387207e+00
4.632499534636735916e-03
6.269035488367080688e-02
3.589124083518981934e-01
8.853622525930404663e-02
1.029605492949485779e-01
1.871914118528366089e-01
1.450851082801818848e+00
3.834939241409301758e+00
3.023343384265899658e-01
3.158302605152130127e-01
5.997315049171447754e-01
1.297485232353210449e-01
6.291377544403076172e-01
1.960439085960388184e+00
6.459901332855224609e-01
2.943246841430664062e+00
6.495085954666137695e-01
0.000000000000000000e+00
1.162090804427862167e-02
1.366629123687744141e+00
3.948135375976562500e-01
7.347640991210937500e-01
3.787042945623397827e-02
4.226144403219223022e-03
1.060513138771057129e+00
6.600332260131835938e-02
1.620197445154190063e-01
1.779862642288208008e-01
2.653049528598785400e-01
3.829962760210037231e-02
3.718093037605285645e-01
1.857709735631942749e-01
1.553549051284790039e+00
3.668946325778961182e-01
4.963972270488739014e-01
4.504653811454772949e-01
3.550833463668823242e-02
0.000000000000000000e+00
9.661681652069091797e-01
5.478950962424278259e-02
1.183140397071838379e+00
8.013699650764465332e-01
3.791991993784904480e-02
0.000000000000000000e+00
3.632519245147705078e-01
3.426963686943054199e-01
6.395467370748519897e-02
6.952217221260070801e-01
2.466447465121746063e-02
2.863092720508575439e-01
6.325072646141052246e-01
1.333732128143310547e+00
2.438637465238571167e-01
1.925366401672363281e+00
1.881789088249206543e+00
4.117622505873441696e-03
0.000000000000000000e+00
8.353386819362640381e-02
1.171736240386962891e+00
0.000000000000000000e+00
5.135461688041687012e-01
1.555637121200561523e-01
2.758056223392486572e-01
0.000000000000000000e+00
0.000000000000000000e+00
2.164736032485961914e+00
3.995731472969055176e-01
1.463669985532760620e-01
2.754156589508056641e-01
4.451265633106231689e-01
0.000000000000000000e+00
3.178868815302848816e-02
0.000000000000000000e+00
1.224467605352401733e-01
0.000000000000000000e+00
3.010713756084442139e-01
6.201831102371215820e-01
9.906941652297973633e-01
8.292353153228759766e-02
5.784560441970825195e-01
1.042786911129951477e-01
1.231677923351526260e-02
1.647775769233703613e+00
1.551064103841781616e-01
3.464242815971374512e-02
4.632620513439178467e-01
6.214266419410705566e-01
5.623435601592063904e-03
1.300696730613708496e+00
1.764587163925170898e-01
3.964745402336120605e-01
1.200437843799591064e-01
0.000000000000000000e+00
3.294138610363006592e-01
7.476440817117691040e-02
1.705669611692428589e-02
1.393071174621582031e+00
0.000000000000000000e+00
0.000000000000000000e+00
1.999960392713546753e-01
4.548207521438598633e-01
2.227456569671630859e-01
4.598226025700569153e-02
1.737118721008300781e+00
1.674389690160751343e-01
0.000000000000000000e+00
2.193179428577423096e-01
1.141383171081542969e+00
9.801445603370666504e-01
6.531462073326110840e-02
1.498876363039016724e-01
0.000000000000000000e+00
2.269466519355773926e-01
3.001158237457275391e-01
2.334836870431900024e-01
1.035545349121093750e+00
1.388544082641601562e+00
2.275782637298107147e-02
0.000000000000000000e+00
3.625747263431549072e-01
2.578831017017364502e-01
2.131240675225853920e-03
0.000000000000000000e+00
0.000000000000000000e+00
1.445849984884262085e-01
1.132262468338012695e+00
2.432229518890380859e+00
1.887047588825225830e-01
1.251454591751098633e+00
7.177437841892242432e-02
2.016752958297729492e+00
1.329048633575439453e+00
1.241606078110635281e-03
4.803803861141204834e-01
5.575088784098625183e-03
6.637917459011077881e-02
3.363404870033264160e-01
2.621440589427947998e-01
1.177010893821716309e+00
1.481735259294509888e-01
1.887367725372314453e+00
4.145068228244781494e-01
9.949116110801696777e-01
3.899055998772382736e-03
6.890757083892822266e-01
1.657719910144805908e-01
6.293178349733352661e-02
1.078342080116271973e+00
1.276243031024932861e-01
1.626859903335571289e-01
2.198915369808673859e-02
8.949381858110427856e-02
2.517242670059204102e+00
0.000000000000000000e+00
6.777297258377075195e-01
7.411479353904724121e-01
0.000000000000000000e+00
2.907530665397644043e-01
1.529213041067123413e-01
1.199798464775085449e+00
5.756944417953491211e-01
2.786213159561157227e-01
1.056966781616210938e+00
5.979717969894409180e-01
2.014991641044616699e-02
4.223238229751586914e-01
7.670696824789047241e-03
2.960729040205478668e-02
4.709803462028503418e-01
1.480006814002990723e+00
3.332940638065338135e-01
8.031446486711502075e-02
3.397124290466308594e+00
3.918858468532562256e-01
4.661785066127777100e-01
0.000000000000000000e+00
2.049439668655395508e+00
0.000000000000000000e+00
4.442366063594818115e-01
1.306980103254318237e-01
0.000000000000000000e+00
1.910503804683685303e-01
2.751007378101348877e-01
6.376359611749649048e-02
9.009405039250850677e-03
0.000000000000000000e+00
0.000000000000000000e+00
4.717354774475097656e-01
3.495224565267562866e-02
1.364387422800064087e-01
0.000000000000000000e+00
4.512237384915351868e-02
3.490398451685905457e-02
0.000000000000000000e+00
1.700542569160461426e-01
1.149036049842834473e+00
8.593072742223739624e-02
1.598025858402252197e-01
7.166684865951538086e-01
5.092633962631225586e-01
3.678249716758728027e-01
2.540678344666957855e-02
1.071222782135009766e+00
8.013557434082031250e+00
8.337058126926422119e-02
1.754008889198303223e+00
1.843811124563217163e-01
2.175194956362247467e-02
1.066843271255493164e-01
1.852882951498031616e-01
5.176544189453125000e-02
9.676507711410522461e-01
3.720427453517913818e-01
9.371701478958129883e-01
1.656036525964736938e-01
4.181710779666900635e-01
1.033568903803825378e-01
0.000000000000000000e+00
3.537778258323669434e-01
4.436060041189193726e-02
9.497598409652709961e-01
1.101330388337373734e-02
2.467020750045776367e-01
6.906478106975555420e-02
1.959019452333450317e-01
1.630891323089599609e+00
7.617014646530151367e-02
0.000000000000000000e+00
3.028928935527801514e-01
1.420244455337524414e+00
4.527706205844879150e-01
2.442960813641548157e-02
2.431799024343490601e-01
1.339209675788879395e+00
2.253494262695312500e+00
2.182001173496246338e-01
8.230110257863998413e-02
0.000000000000000000e+00
3.431536555290222168e-01
8.122072815895080566e-01
1.205775141716003418e-01
4.339677393436431885e-01
1.877163171768188477e+00
4.981129765510559082e-01
0.000000000000000000e+00
3.281103447079658508e-02
1.831756085157394409e-01
3.840565308928489685e-02
3.630177378654479980e-01
0.000000000000000000e+00
2.300393283367156982e-01
4.254628717899322510e-01
9.383918046951293945e-01
2.305099666118621826e-01
1.245529204607009888e-01
3.411093354225158691e-02
1.228448152542114258e+00
0.000000000000000000e+00
2.105096131563186646e-01
4.506299272179603577e-02
6.581569323316216469e-04
4.931792989373207092e-02
0.000000000000000000e+00
0.000000000000000000e+00
0.000000000000000000e+00
2.578453719615936279e-02
2.054778575897216797e+00
1.520119309425354004e-01
1.936304382979869843e-02
7.822110503911972046e-02
3.232805430889129639e-01
3.561763465404510498e-01
1.454189538955688477e+00
5.165022015571594238e-01
5.716120600700378418e-01
0.000000000000000000e+00
3.236374855041503906e-01
2.146447896957397461e+00
8.896822929382324219e-01
4.649224281311035156e-01
7.999173998832702637e-01
5.170327797532081604e-02
3.079559206962585449e-01
8.000133037567138672e-01
5.330635905265808105e-01
1.376736640930175781e+00
1.870663166046142578e-01
4.386333227157592773e-01
1.682046800851821899e-01
2.355641275644302368e-01
3.486233472824096680e+00
1.023446202278137207e+00
2.026977539062500000e-01
5.506278946995735168e-02
7.904901504516601562e-01
9.350676536560058594e-01
2.741772532463073730e-01
1.766038686037063599e-01
6.757500022649765015e-02
5.044819414615631104e-02
1.759001135826110840e+00
5.520445108413696289e-01
2.284349352121353149e-01
1.165342807769775391e+00
4.146378487348556519e-02
1.733763888478279114e-02
4.953688681125640869e-01
1.356179118156433105e-01
1.231751814484596252e-01
1.212446451187133789e+00
1.082728654146194458e-01
5.269269458949565887e-04
6.307535767555236816e-01
2.602784633636474609e-01
5.965381395071744919e-03
9.523355960845947266e-02
2.112934738397598267e-01
7.284152507781982422e-01
0.000000000000000000e+00
5.195073485374450684e-01
7.856030948460102081e-03
2.064661085605621338e-01
1.302790284156799316e+00
1.950076699256896973e+00
1.088582801818847656e+01
1.524920016527175903e-01
1.536817431449890137e+00
0.000000000000000000e+00
2.211205661296844482e-01
3.706282377243041992e-01
7.998716086149215698e-02
8.108950257301330566e-01
8.854104876518249512e-01
3.698538243770599365e-01
9.829732179641723633e-01
0.000000000000000000e+00
3.307847380638122559e-01
2.643168270587921143e-01
2.242801904678344727e+00
3.876817598938941956e-02
1.199032552540302277e-02
1.616249829530715942e-01
0.000000000000000000e+00
2.665663324296474457e-02
1.818847656250000000e-01
1.054605171084403992e-01
3.953917697072029114e-02
8.691344857215881348e-01
2.337448596954345703e-01
3.388652503490447998e-01
1.633645892143249512e-01
7.702885866165161133e-01
2.019140720367431641e+00
2.659728005528450012e-02
7.069749832153320312e-01
0.000000000000000000e+00
4.851302802562713623e-01
1.057812690734863281e+00
6.024857163429260254e-01
2.353539019823074341e-01
1.249198794364929199e+00
7.712597958743572235e-03
3.772561848163604736e-01
2.100659608840942383e-01
1.122922897338867188e+00
3.857266306877136230e-01
2.080730944871902466e-01
2.288018941879272461e+00
3.214371204376220703e-01
2.185939848423004150e-01
1.233663558959960938e+00
3.210326433181762695e+00
5.593843460083007812e-01
1.470196127891540527e+00
4.816226065158843994e-01
4.147645533084869385e-01
1.703301906585693359e+00
2.521535567939281464e-02
1.324597653001546860e-02
6.683722138404846191e-02
0.000000000000000000e+00
4.652461409568786621e-02
4.676285684108734131e-01
1.792786060832440853e-03
6.560067087411880493e-02
4.226993620395660400e-01
2.704727351665496826e-01
3.563530147075653076e-01
6.507114171981811523e-01
0.000000000000000000e+00
0.000000000000000000e+00
5.814410373568534851e-02
3.790974989533424377e-02
1.677337765693664551e+00
2.741236612200737000e-02
2.018070220947265625e+00
4.251917302608489990e-01
1.305950134992599487e-01
1.175075918436050415e-01
2.630296051502227783e-01
2.113634347915649414e-01
1.457831561565399170e-01
9.577082395553588867e-01
2.380178496241569519e-02
3.272924125194549561e-01
4.532691836357116699e-02
8.887293934822082520e-02
6.408541202545166016e-01
1.600672118365764618e-02
1.363070249557495117e+00
3.956744447350502014e-02
1.183988153934478760e-02
1.134124472737312317e-01
1.123129799962043762e-01
3.239406943321228027e-01
2.308253496885299683e-01
4.572018980979919434e-01
2.436911463737487793e-01
1.879269003868103027e+00
2.678345330059528351e-02
7.638127803802490234e-01
9.764614701271057129e-02
3.623138368129730225e-02
0.000000000000000000e+00
3.822680473327636719e+00
6.407375633716583252e-02
1.123170018196105957e+00
3.150267153978347778e-02
6.774286739528179169e-03
8.729463815689086914e-01
0.000000000000000000e+00
9.713096171617507935e-02
8.321329355239868164e-01
2.750583648681640625e+00
4.437291920185089111e-01
2.702895104885101318e-01
4.548238515853881836e-01
3.130361139774322510e-01
1.997684985399246216e-01
0.000000000000000000e+00
2.148531675338745117e-01
1.084182739257812500e+00
2.506106533110141754e-02
4.564384929835796356e-03
4.030847847461700439e-01
8.489995598793029785e-01
3.821180760860443115e-01
4.651349186897277832e-01
