1.697669178247451782e-01
1.358917713165283203e+00
8.539146929979324341e-02
0.000000000000000000e+00
8.026238530874252319e-02
2.598335035145282745e-02
8.430969901382923126e-03
1.418572217226028442e-01
2.982902228832244873e-01
2.329587936401367188e-02
1.760872602462768555e-01
4.965612590312957764e-01
5.970856547355651855e-02
2.189290709793567657e-02
8.140994310379028320e-01
9.552979841828346252e-03
1.439862966537475586e+00
2.095139175653457642e-01
2.078062891960144043e-01
0.000000000000000000e+00
0.000000000000000000e+00
5.789522528648376465e-01
0.000000000000000000e+00
2.337408997118473053e-02
9.925282001495361328e-01
1.542809903621673584e-01
8.873823285102844238e-01
2.598366737365722656e-01
6.435106396675109863e-01
5.167004466056823730e-02
3.171707391738891602e-01
5.775043487548828125e+00
1.911810994148254395e+00
4.017241299152374268e-01
3.600944280624389648e-01
0.000000000000000000e+00
1.130031272768974304e-01
3.558414578437805176e-01
1.016141414642333984e+00
3.551958501338958740e-01
2.166645765304565430e+00
1.934694200754165649e-01
0.000000000000000000e+00
7.768802046775817871e-01
1.290409080684185028e-02
0.000000000000000000e+00
1.642914414405822754e+00
1.167358279228210449e+00
4.081411659717559814e-01
1.083111688494682312e-01
9.384317696094512939e-02
6.347271800041198730e-01
5.272521823644638062e-02
8.298310637474060059e-02
5.097447037696838379e-01
0.000000000000000000e+00
2.840478420257568359e-01
2.964708209037780762e-01
0.000000000000000000e+00
7.474499195814132690e-02
4.489285498857498169e-02
1.919958353042602539e+00
3.467902913689613342e-02
0.000000000000000000e+00
6.023284196853637695e-01
1.166331674903631210e-02
7.768621202558279037e-03
2.833574533462524414e+00
0.000000000000000000e+00
3.583747602533549070e-04
1.794282197952270508e+00
1.189950034022331238e-01
4.004367589950561523e-01
8.588986992835998535e-01
2.965806424617767334e-02
2.514916360378265381e-01
7.637416124343872070e-01
2.631176114082336426e-01
8.056498765945434570e-01
0.000000000000000000e+00
1.480761647224426270e+00
7.966133952140808105e-01
3.390357494354248047e-01
0.000000000000000000e+00
2.698568440973758698e-02
1.008022904396057129e+00
7.378418743610382080e-02
2.078075893223285675e-03
2.045560069382190704e-02
7.922759279608726501e-03
2.006260007619857788e-01
4.763388633728027344e-02
6.984003782272338867e-01
1.031432114541530609e-02
4.222032725811004639e-01
1.035256385803222656e-01
5.136864185333251953e-01
1.265944838523864746e-01
6.277269124984741211e-01
5.920845866203308105e-01
9.579613804817199707e-02
9.866797924041748047e-02
0.000000000000000000e+00
1.069146692752838135e-01
5.167088508605957031e-01
2.524482905864715576e-01
6.271484494209289551e-01
9.542426466941833496e-02
2.481674998998641968e-01
2.712913453578948975e-01
1.412532627582550049e-01
4.640828073024749756e-01
4.521777033805847168e-01
5.241136550903320312e-01
7.818095684051513672e-01
2.305549103766679764e-03
1.778309047222137451e-01
9.158754944801330566e-01
0.000000000000000000e+00
6.415229290723800659e-02
0.000000000000000000e+00
0.000000000000000000e+00
1.557212229818105698e-02
4.714260399341583252e-01
6.239890098571777344e+00
1.209583163261413574e+00
4.211629182100296021e-02
2.745395898818969727e+00
4.305067937821149826e-03
6.164120044559240341e-03
6.148635968565940857e-02
0.000000000000000000e+00
1.548794031143188477e+00
0.000000000000000000e+00
5.271619558334350586e-02
0.000000000000000000e+00
4.357280731201171875e-01
2.301801145076751709e-01
1.044403553009033203e+00
1.381222100462764502e-04
1.747031882405281067e-02
7.776229977607727051e-01
1.525923144072294235e-02
1.136579275131225586e+00
1.620815694332122803e-02
2.668746411800384521e-01
1.099288240075111389e-01
8.099499344825744629e-01
4.343042969703674316e-01
5.288857221603393555e-02
7.420432567596435547e-01
1.830984652042388916e-01
7.507204413414001465e-01
0.000000000000000000e+00
1.594898104667663574e+00
7.168222218751907349e-03
6.340180039405822754e-01
0.000000000000000000e+00
1.072061508893966675e-01
1.529475906863808632e-03
0.000000000000000000e+00
1.269246190786361694e-01
7.840219736099243164e-01
0.000000000000000000e+00
1.551062911748886108e-01
4.316773414611816406e+00
3.141967952251434326e-02
1.445597410202026367e-01
4.097929596900939941e-01
1.084399342536926270e+00
2.204272598028182983e-01
3.311119079589843750e-01
5.994545817375183105e-01
1.173050999641418457e+00
0.000000000000000000e+00
1.421568244695663452e-01
7.095054537057876587e-02
6.378188133239746094e-01
3.860235512256622314e-01
4.714120388031005859e+00
1.633867263793945312e+00
3.357519805431365967e-01
2.055076658725738525e-01
1.173258066177368164e+00
0.000000000000000000e+00
7.195101678371429443e-02
0.000000000000000000e+00
7.086639851331710815e-02
0.000000000000000000e+00
3.928830623626708984e-01
5.471367761492729187e-02
1.163863658905029297e+00
4.205865383148193359e+00
1.684879064559936523e-01
1.344803161919116974e-02
0.000000000000000000e+00
2.960576057434082031e+00
3.229131996631622314e-01
1.850210726261138916e-01
8.735023140907287598e-01
4.721464589238166809e-02
1.098939925432205200e-01
2.536323070526123047e-01
7.217310070991516113e-01
7.914124131202697754e-01
3.806439042091369629e-02
1.168074309825897217e-01
7.870832085609436035e-01
6.637353897094726562e-01
2.021881788969039917e-01
2.031275480985641479e-01
1.103376984596252441e+00
2.688176035881042480e-01
2.717535570263862610e-02
8.052514791488647461e-01
6.502570956945419312e-02
4.146975576877593994e-01
1.045182198286056519e-01
6.028948817402124405e-03
4.965895041823387146e-02
1.951725035905838013e-01
1.551441073417663574e+00
5.897088050842285156e-01
0.000000000000000000e+00
8.721520751714706421e-02
1.640908837318420410e+00
5.646048188209533691e-01
0.000000000000000000e+00
1.063158035278320312e+00
7.594259381294250488e-01
5.983600858598947525e-03
9.762910194694995880e-03
1.721327193081378937e-02
2.662451028823852539e+00
3.437988087534904480e-02
1.250627934932708740e-01
1.654674559831619263e-01
2.651066184043884277e-01
9.713768959045410156e-01
1.239598169922828674e-01
2.164083346724510193e-02
0.000000000000000000e+00
1.955668687820434570e+00
0.000000000000000000e+00
6.027372553944587708e-02
1.393968462944030762e-01
6.634408831596374512e-01
8.278722316026687622e-02
6.495305299758911133e-01
1.043241247534751892e-01
7.237850129604339600e-02
1.779909729957580566e-01
3.935053586959838867e+00
1.242542266845703125e-01
1.229468703269958496e+00
2.715269923210144043e-01
1.218680012971162796e-02
0.000000000000000000e+00
6.021457314491271973e-01
1.316132098436355591e-01
1.007791519165039062e+00
4.272690713405609131e-01
6.393324375152587891e+00
2.988384366035461426e-01
4.169095307588577271e-02
0.000000000000000000e+00
1.057815194129943848e+00
1.211307477205991745e-02
1.024710536003112793e+00
1.092714741826057434e-01
7.596401572227478027e-01
0.000000000000000000e+00
8.449396491050720215e-01
6.682318449020385742e-02
2.818784676492214203e-02
1.166821718215942383e-01
0.000000000000000000e+00
3.802385628223419189e-01
0.000000000000000000e+00
1.622044742107391357e-01
5.232816934585571289e-02
2.927983999252319336e-01
8.551554679870605469e-01
2.907751314342021942e-02
0.000000000000000000e+00
4.149985909461975098e-01
1.240017861127853394e-01
2.605399303138256073e-02
5.481083393096923828e-01
4.838975667953491211e-01
3.024961650371551514e-01
2.709394693374633789e-01
0.000000000000000000e+00
4.188800454139709473e-01
1.320145428180694580e-01
1.384054273366928101e-01
2.370163917541503906e+00
1.203374639153480530e-01
4.552637934684753418e-01
1.214053258299827576e-01
6.556863784790039062e-01
3.689748048782348633e-02
7.409244179725646973e-01
0.000000000000000000e+00
2.079205065965652466e-01
1.690004914999008179e-01
3.170408606529235840e-01
1.030867919325828552e-02
2.871227450668811798e-02
3.719218373298645020e-01
2.282728441059589386e-02
6.219736933708190918e-01
8.431458473205566406e-01
1.262590587139129639e-01
1.435856074094772339e-01
8.387031555175781250e-01
1.054420113563537598e+00
9.941755235195159912e-02
2.721971273422241211e-01
0.000000000000000000e+00
1.207624077796936035e+00
7.354784607887268066e-01
1.442600488662719727e+00
1.323313564062118530e-01
3.676060140132904053e-01
0.000000000000000000e+00
8.963797986507415771e-02
3.008834123611450195e-01
3.471800684928894043e-01
6.745033264160156250e-01
6.630365848541259766e-01
1.861230283975601196e-02
3.456649065017700195e+00
1.535114645957946777e-01
0.000000000000000000e+00
2.256584167480468750e-01
6.086753010749816895e-01
4.010810554027557373e-01
1.698637008666992188e+00
9.689697995781898499e-03
8.289732933044433594e-01
4.777266085147857666e-01
7.949894666671752930e-02
0.000000000000000000e+00
2.844875119626522064e-02
3.347394466400146484e-01
2.045432478189468384e-01
2.527571655809879303e-02
0.000000000000000000e+00
8.177684992551803589e-02
2.756811976432800293e-01
0.000000000000000000e+00
1.672861129045486450e-01
0.000000000000000000e+00
9.606712460517883301e-01
6.131041646003723145e-01
0.000000000000000000e+00
1.969959884881973267e-01
1.342932462692260742e+00
2.399097383022308350e-02
2.491876631975173950e-01
2.699136495590209961e+00
0.000000000000000000e+00
2.097273319959640503e-01
1.028883814811706543e+00
8.024874329566955566e-02
4.188515841960906982e-01
2.731449306011199951e-01
2.100255191326141357e-01
0.000000000000000000e+00
1.424595564603805542e-01
0.000000000000000000e+00
2.587254345417022705e-01
1.105473935604095459e-01
1.142911519855260849e-02
1.272796839475631714e-01
7.676013559103012085e-02
0.000000000000000000e+00
8.485176414251327515e-02
7.908327579498291016e-01
0.000000000000000000e+00
0.000000000000000000e+00
0.000000000000000000e+00
0.000000000000000000e+00
7.195797562599182129e-02
2.446383237838745117e-01
3.819604218006134033e-02
4.949854314327239990e-02
2.107252925634384155e-01
3.076683580875396729e-01
2.202433049678802490e-01
1.608113497495651245e-01
2.152127623558044434e-01
4.862667992711067200e-02
0.000000000000000000e+00
4.934799373149871826e-01
7.577279955148696899e-02
4.494615793228149414e-01
3.042053198441863060e-03
4.743393063545227051e-01
1.061658859252929688e-01
3.453068668022751808e-03
4.473387002944946289e-01
7.566071301698684692e-02
2.014528028666973114e-02
1.556761264801025391e-01
5.247905254364013672e-01
5.705890059471130371e-01
5.189646482467651367e-01
2.239312380552291870e-01
3.178944066166877747e-02
2.173434644937515259e-01
1.169693827629089355e+00
5.756108462810516357e-02
0.000000000000000000e+00
1.693293801508843899e-03
7.954141125082969666e-03
2.273737043142318726e-01
1.882697492837905884e-01
5.251979231834411621e-01
1.605329662561416626e-02
7.665944099426269531e-01
6.709126830101013184e-01
4.416243433952331543e-01
5.392082966864109039e-03
1.232034340500831604e-02
5.078358575701713562e-02
6.884503364562988281e-01
1.395146846771240234e-01
2.188066244125366211e-01
1.098152399063110352e+00
2.971055507659912109e-01
1.501991391181945801e+00
2.467632740736007690e-01
2.476791441440582275e-01
1.122409477829933167e-01
0.000000000000000000e+00
3.815349563956260681e-02
1.489368677139282227e+00
1.944767534732818604e-01
6.507885456085205078e-02
1.050918549299240112e-01
1.264064386487007141e-02
4.162710607051849365e-01
2.561313807964324951e-01
2.482309103012084961e+00
5.448141098022460938e-01
2.462554454803466797e+00
2.587661147117614746e-02
5.410311743617057800e-02
6.990382075309753418e-01
6.194207351654767990e-03
3.827591836452484131e-01
9.666893631219863892e-02
1.793611049652099609e-01
6.586970090866088867e-01
1.262000352144241333e-01
2.806684970855712891e-01
2.834616601467132568e-01
1.185121312737464905e-01
0.000000000000000000e+00
1.592790246009826660e+00
1.788787841796875000e+00
1.960155248641967773e+00
0.000000000000000000e+00
1.358709484338760376e-01
1.741268932819366455e-01
4.495145082473754883e-01
4.255445301532745361e-01
3.704807758331298828e-01
3.495147526264190674e-01
4.458334445953369141e-01
2.262148708105087280e-01
1.152961492538452148e+00
1.839802786707878113e-02
1.640986949205398560e-01
8.288597464561462402e-01
1.185944117605686188e-02
1.522263437509536743e-01
5.741862654685974121e-01
1.641522049903869629e-01
4.847823977470397949e-01
1.712535768747329712e-01
3.950216770172119141e-01
0.000000000000000000e+00
9.989827871322631836e-01
8.927902579307556152e-01
0.000000000000000000e+00
1.329184919595718384e-01
6.957704424858093262e-01
4.381864368915557861e-01
3.060546517372131348e-01
8.459730148315429688e-01
6.246934533119201660e-01
1.320090413093566895e+00
1.188501358032226562e+00
1.938893198966979980e-01
2.775026559829711914e-01
2.714296817779541016e+00
3.119585569947957993e-03
4.935126751661300659e-02
1.675973683595657349e-01
1.921069264411926270e+00
1.587671190500259399e-01
1.707976162433624268e-01
9.185734391212463379e-02
4.674164056777954102e-01
3.039996922016143799e-01
2.051148265600204468e-01
2.901709675788879395e-01
2.354025989770889282e-01
1.951138861477375031e-02
1.051835939288139343e-01
2.784994840621948242e-01
1.635572686791419983e-02
2.237164974212646484e-01
5.155285596847534180e-01
3.691675662994384766e-01
1.884678006172180176e-02
1.909597218036651611e-02
4.607162475585937500e-01
1.175657749176025391e+00
2.040104009211063385e-03
3.384487936273217201e-03
8.860791474580764771e-02
1.675684819929301739e-03
2.896276116371154785e-01
4.201782345771789551e-01
6.171413660049438477e-01
1.352813793346285820e-03
5.948213487863540649e-02
4.051125645637512207e-01
8.079914748668670654e-02
3.398301079869270325e-02
5.906776189804077148e-01
3.466881275177001953e+00
2.148701846599578857e-01
1.820916496217250824e-02
7.473104000091552734e-01
1.196812838315963745e-01
1.772918254137039185e-01
3.861235380172729492e-01
7.694769859313964844e+00
0.000000000000000000e+00
0.000000000000000000e+00
6.424066424369812012e-01
4.819765221327543259e-03
1.616167128086090088e-01
2.086478285491466522e-03
1.937032580375671387e+00
1.088858693838119507e-01
3.031981736421585083e-02
1.700075902044773102e-02
1.718971133232116699e-01
0.000000000000000000e+00
1.843995451927185059e-01
9.018178097903728485e-03
8.258447796106338501e-02
1.545021962374448776e-02
2.867310047149658203e-01
7.258108817040920258e-03
7.266248762607574463e-02
2.540445923805236816e-01
2.226563245058059692e-01
3.870112588629126549e-03
5.977290272712707520e-01
3.503977358341217041e-01
0.000000000000000000e+00
4.959690198302268982e-02
2.531240284442901611e-01
0.000000000000000000e+00
4.553595483303070068e-01
1.463407576084136963e-01
9.882789105176925659e-02
0.000000000000000000e+00
4.155154228210449219e-01
2.615944743156433105e-01
6.836704611778259277e-01
2.009943574666976929e-01
3.050977364182472229e-02
1.092894196510314941e+00
2.812221050262451172e-01
1.025978207588195801e+00
1.599570274353027344e+00
1.704681217670440674e-01
0.000000000000000000e+00
6.455311179161071777e-01
1.047358438372612000e-01
8.867362141609191895e-01
0.000000000000000000e+00
2.737510949373245239e-02
7.930119633674621582e-01
2.923696339130401611e-01
8.149403333663940430e-01
7.969551719725131989e-03
8.956906385719776154e-03
3.297603428363800049e-01
7.744768261909484863e-01
6.046865880489349365e-02
1.964505910873413086e-01
4.237467348575592041e-01
8.519234061241149902e-01
1.448594778776168823e-02
2.811314165592193604e-02
7.623926401138305664e-01
1.435103733092546463e-02
2.794016897678375244e-01
6.676500439643859863e-01
6.319608092308044434e-01
3.488559722900390625e-01
1.539732336997985840e+00
2.006917744874954224e-01
5.457908287644386292e-02
5.002759397029876709e-02
3.970303535461425781e-01
2.285100072622299194e-01
2.140785008668899536e-01
8.302546292543411255e-02
0.000000000000000000e+00
1.461917459964752197e-01
2.594276331365108490e-03
1.749628782272338867e-01
3.135691642761230469e+00
5.521649122238159180e-01
2.304880507290363312e-02
1.246281027793884277e+00
2.369903326034545898e-01
1.799072861671447754e+00
2.247825637459754944e-02
1.503057926893234253e-01
7.036372274160385132e-02
1.534584611654281616e-01
0.000000000000000000e+00
8.002151846885681152e-01
1.760864108800888062e-01
4.180684089660644531e-01
3.230659663677215576e-01
1.039924263954162598e+00
0.000000000000000000e+00
7.828024774789810181e-02
3.904374539852142334e-01
6.652761101722717285e-01
0.000000000000000000e+00
2.217305451631546021e-01
5.737788677215576172e-01
2.128508640453219414e-03
3.753226995468139648e-01
1.197436545044183731e-02
1.310864537954330444e-01
0.000000000000000000e+00
7.326712608337402344e-01
2.519094049930572510e-01
1.550855487585067749e-01
4.002461209893226624e-02
4.350323975086212158e-02
8.714539408683776855e-01
0.000000000000000000e+00
3.458863794803619385e-01
6.622761487960815430e-01
8.634874224662780762e-01
1.120099052786827087e-01
5.921027064323425293e-02
0.000000000000000000e+00
0.000000000000000000e+00
1.197493597865104675e-01
2.142786234617233276e-01
3.379558920860290527e-01
4.873404502868652344e-01
6.619471311569213867e-02
1.145907770842313766e-02
0.000000000000000000e+00
6.008549332618713379e-01
2.364375628530979156e-02
0.000000000000000000e+00
4.631416499614715576e-02
1.596689701080322266e+00
2.085862904787063599e-01
3.424691036343574524e-02
3.615026473999023438e+00
1.500500887632369995e-01
2.211272902786731720e-02
1.127775669097900391e+00
6.377210229402408004e-05
7.241595387458801270e-01
1.104459539055824280e-01
8.333563804626464844e-01
9.776468276977539062e-01
0.000000000000000000e+00
1.194018032401800156e-02
5.622046589851379395e-01
5.069929733872413635e-02
4.783896207809448242e-01
3.232375681400299072e-01
4.093189723789691925e-03
2.638117223978042603e-02
4.299614205956459045e-02
5.073449611663818359e-01
2.109529256820678711e+00
3.685720264911651611e-01
3.193793073296546936e-02
7.027845084667205811e-02
2.218091785907745361e-01
1.089451685547828674e-01
6.016050577163696289e-01
7.118320092558860779e-03
7.585151791572570801e-01
7.340969443321228027e-01
1.450355723500251770e-02
0.000000000000000000e+00
1.632076688110828400e-02
1.114745974540710449e+00
4.549837410449981689e-01
2.966179847717285156e-01
1.037959083914756775e-01
7.914282083511352539e-01
1.127742081880569458e-01
3.114457130432128906e-01
2.234326452016830444e-01
6.424969434738159180e-01
8.544878959655761719e-01
9.617993235588073730e-01
3.930655419826507568e-01
0.000000000000000000e+00
2.009208649396896362e-01
1.252665370702743530e-01
1.771165407262742519e-03
6.407813429832458496e-01
7.352060079574584961e-01
7.968178391456604004e-02
1.045746803283691406e+00
1.033044815063476562e+00
8.258484005928039551e-01
8.741126656532287598e-01
2.608755826950073242e+00
2.739373147487640381e-01
3.676732182502746582e-01
1.197240874171257019e-02
1.618005800992250443e-03
4.580637216567993164e-01
3.981817066669464111e-01
4.578330516815185547e-01
4.851862490177154541e-01
1.066263318061828613e-01
2.762347273528575897e-02
5.402325391769409180e-01
8.620560169219970703e-02
2.865641936659812927e-02
8.033891208469867706e-03
0.000000000000000000e+00
2.046597152948379517e-01
1.910058036446571350e-02
8.331446647644042969e-01
4.150656163692474365e-01
1.972753368318080902e-02
1.881346665322780609e-02
5.886585712432861328e-01
4.319622218608856201e-01
1.027651548385620117e+00
7.698418200016021729e-02
3.605380654335021973e-02
2.337135821580886841e-01
1.225334107875823975e-01
1.046863384544849396e-02
1.566899754106998444e-02
2.904902994632720947e-01
1.041488528251647949e+00
1.736029088497161865e-01
3.112172782421112061e-01
1.972738623619079590e+00
3.030959963798522949e-01
2.545724511146545410e-01
5.354608967900276184e-02
1.222772374749183655e-01
2.804237902164459229e-01
5.614356603473424911e-03
1.245584487915039062e-01
7.677589654922485352e-01
1.556731343269348145e+00
2.120912671089172363e-01
1.889044642448425293e-01
5.882776528596878052e-02
1.032022535800933838e-01
1.068560123443603516e+00
1.414971947669982910e-01
0.000000000000000000e+00
1.855708241462707520e+00
2.648470103740692139e-01
8.400607854127883911e-02
2.416859418153762817e-01
5.555031821131706238e-02
0.000000000000000000e+00
1.646276712417602539e-01
9.220107197761535645e-01
0.000000000000000000e+00
1.821254640817642212e-01
1.660947129130363464e-02
4.399819672107696533e-01
9.842840433120727539e-01
3.289087489247322083e-02
1.399294376373291016e+00
2.298875153064727783e-02
2.656166553497314453e-01
1.561473589390516281e-02
2.210833281278610229e-01
8.966343402862548828e-01
0.000000000000000000e+00
9.981832653284072876e-02
2.693059206008911133e+00
4.768982827663421631e-01
9.724635481834411621e-01
1.094823703169822693e-02
2.013726383447647095e-01
4.711590707302093506e-01
9.304001182317733765e-02
1.626302301883697510e-02
7.680562138557434082e-02
0.000000000000000000e+00
1.478565573692321777e+00
3.542818725109100342e-01
2.539967894554138184e-01
7.132276892662048340e-02
3.982321500778198242e+00
7.800131570547819138e-04
0.000000000000000000e+00
3.121351480484008789e+00
0.000000000000000000e+00
0.000000000000000000e+00
0.000000000000000000e+00
1.320740699768066406e+00
4.325488209724426270e-02
0.000000000000000000e+00
4.884334653615951538e-02
0.000000000000000000e+00
3.872577846050262451e-01
2.112158760428428650e-02
3.163713216781616211e-02
2.714141830801963806e-02
4.493137821555137634e-03
0.000000000000000000e+00
8.759173750877380371e-02
1.265267431735992432e-01
0.000000000000000000e+00
7.366265635937452316e-03
2.821556031703948975e-01
8.585013747215270996e-01
2.087604105472564697e-01
5.451655983924865723e-01
2.161799073219299316e-01
2.162273824214935303e-01
1.551204025745391846e-01
6.934910267591476440e-02
8.269818425178527832e-01
3.037811815738677979e-01
9.064626097679138184e-01
7.601224780082702637e-01
0.000000000000000000e+00
0.000000000000000000e+00
9.073948860168457031e-01
2.273329943418502808e-01
1.240196585655212402e+00
0.000000000000000000e+00
5.702405702322721481e-03
0.000000000000000000e+00
9.622347354888916016e-02
0.000000000000000000e+00
4.693840146064758301e-01
4.934873431921005249e-02
6.631843447685241699e-01
0.000000000000000000e+00
5.439932942390441895e-01
6.701321154832839966e-02
3.206402659416198730e-01
0.000000000000000000e+00
1.108415424823760986e-02
1.147847250103950500e-01
4.426178038120269775e-01
2.797821164131164551e-01
2.878562808036804199e-01
6.160274147987365723e-01
0.000000000000000000e+00
0.000000000000000000e+00
2.278150320053100586e-01
2.014531940221786499e-01
1.148213028907775879e+00
3.734196722507476807e-01
6.766349673271179199e-01
0.000000000000000000e+00
6.453464031219482422e-01
3.568785614334046841e-04
2.173979952931404114e-02
3.032833710312843323e-02
8.257608115673065186e-02
1.438698410987854004e+00
3.430040180683135986e-01
3.191230058670043945e+00
4.912850558757781982e-01
7.206536084413528442e-02
1.903592348098754883e-01
1.944128870964050293e+00
1.839199513196945190e-01
3.691371679306030273e-01
1.496209621429443359e+00
1.635647416114807129e-01
2.110294550657272339e-01
4.274644553661346436e-01
2.387708574533462524e-01
2.213254338130354881e-04
4.997866153717041016e-01
3.387816250324249268e-01
2.484906911849975586e-01
1.855449527502059937e-01
1.531704813241958618e-01
1.449887156486511230e-01
2.377166897058486938e-01
5.470104515552520752e-02
3.621125221252441406e-01
0.000000000000000000e+00
1.069903731346130371e+00
7.747616767883300781e-01
6.072788964956998825e-03
6.243199110031127930e-02
2.865897715091705322e-01
0.000000000000000000e+00
3.633030951023101807e-01
1.301004588603973389e-01
2.029591798782348633e-01
0.000000000000000000e+00
2.466830015182495117e-01
2.033675462007522583e-01
1.664115786552429199e+00
7.661891579627990723e-01
2.148901462554931641e+00
1.569888830184936523e+00
0.000000000000000000e+00
8.237957358360290527e-01
3.204847127199172974e-02
5.632748603820800781e-01
9.305058419704437256e-02
8.241572976112365723e-01
1.318809390068054199e-01
2.505098097026348114e-02
2.989838719367980957e-01
3.966936767101287842e-01
0.000000000000000000e+00
6.239930987358093262e-01
6.503520905971527100e-02
4.283866584300994873e-01
2.748758904635906219e-02
2.971884012222290039e-01
5.139463767409324646e-02
1.576130032539367676e+00
6.036418676376342773e-01
5.810542963445186615e-03
3.467172980308532715e-01
7.421078085899353027e-01
1.018992215394973755e-01
1.789555251598358154e-01
4.988281056284904480e-03
1.590808779001235962e-01
3.838262856006622314e-01
4.034714400768280029e-02
5.450522303581237793e-01
8.872883319854736328e-01
1.815360784530639648e-01
7.103331387042999268e-03
1.869559437036514282e-01
7.900605201721191406e-01
4.468336701393127441e-02
3.776363432407379150e-01
1.616431236267089844e+00
5.742410570383071899e-02
1.595743596553802490e-01
3.096979856491088867e+00
1.495111584663391113e-01
2.156910449266433716e-01
0.000000000000000000e+00
3.893625020980834961e+00
1.987460851669311523e+00
2.499126829206943512e-02
3.716560602188110352e-01
2.198445796966552734e-02
4.784930348396301270e-01
7.823923230171203613e-02
6.649719476699829102e-01
1.068724751472473145e+00
2.506927251815795898e-01
5.393907427787780762e-01
6.810729503631591797e-01
1.335253715515136719e+00
9.900106489658355713e-02
1.125813741236925125e-02
1.003082156181335449e+00
3.688451349735260010e-01
5.123755335807800293e-01
5.538456887006759644e-02
9.522947669029235840e-02
1.990111172199249268e-01
1.076518177986145020e+00
2.359946817159652710e-02
0.000000000000000000e+00
1.398702502250671387e+00
0.000000000000000000e+00
2.973381876945495605e-01
6.246538758277893066e-01
1.816903501749038696e-01
4.499554261565208435e-02
2.309132367372512817e-01
3.715960979461669922e-01
1.844838023185729980e+00
9.410744905471801758e-02
2.041689679026603699e-02
6.620816588401794434e-01
5.258558318018913269e-02
1.427503377199172974e-01
3.597517311573028564e-01
2.313853800296783447e-01
8.985276333987712860e-03
0.000000000000000000e+00
2.674740366637706757e-02
1.781963467597961426e+00
3.047514259815216064e-01
8.744942396879196167e-02
1.258338242769241333e-01
1.934550404548645020e-01
1.360872108489274979e-02
6.207571178674697876e-02
5.028856396675109863e-01
7.959717512130737305e-02
9.881882667541503906e-01
8.025225251913070679e-02
1.520863827317953110e-02
1.527960658073425293e+00
1.065511345863342285e+00
1.932705491781234741e-01
8.412338048219680786e-02
8.034647703170776367e-01
1.073630005121231079e-01
2.303939580917358398e+00
7.407076656818389893e-02
3.577395379543304443e-01
1.108889102935791016e+00
9.001381695270538330e-02
7.085945010185241699e-01
4.239883899688720703e+00
6.543520838022232056e-02
3.227066993713378906e-02
7.979001998901367188e-01
5.225432515144348145e-01
1.378734223544597626e-02
1.833612471818923950e-01
4.349413394927978516e+00
2.850081957876682281e-02
1.614923030138015747e-01
2.050267159938812256e-02
4.886242747306823730e-02
2.762344181537628174e-01
3.400720655918121338e-02
5.910016894340515137e-01
1.860898017883300781e+00
9.424969553947448730e-02
1.336262375116348267e-02
0.000000000000000000e+00
0.000000000000000000e+00
6.690927781164646149e-03
8.740865588188171387e-01
3.320539370179176331e-02
0.000000000000000000e+00
7.487775683403015137e-01
1.452992707490921021e-01
4.681855812668800354e-02
1.491857022047042847e-01
5.059047937393188477e-01
1.446979939937591553e-01
0.000000000000000000e+00
2.851142287254333496e-01
6.573542952537536621e-02
5.748296976089477539e-01
2.218828797340393066e-01
1.182080209255218506e-01
7.772596478462219238e-01
2.537079900503158569e-02
9.875101596117019653e-02
9.419901371002197266e-01
3.430932387709617615e-02
0.000000000000000000e+00
1.084247380495071411e-01
9.743081033229827881e-02
0.000000000000000000e+00
1.322316378355026245e-01
7.755941897630691528e-02
0.000000000000000000e+00
1.354292750358581543e+00
5.018643736839294434e-01
0.000000000000000000e+00
1.574849039316177368e-01
1.755642533302307129e+00
6.012541428208351135e-02
1.101778149604797363e+00
6.037259101867675781e-01
1.225259661674499512e+00
0.000000000000000000e+00
5.195834860205650330e-02
6.194378435611724854e-02
6.223455071449279785e-01
8.075511455535888672e-02
6.206679344177246094e-01
4.709995910525321960e-02
1.703498302958905697e-03
1.246861100196838379e+00
2.563366107642650604e-02
1.107903361320495605e+00
1.713014841079711914e+00
4.965717494487762451e-01
2.183424711227416992e+00
6.263960003852844238e-01
7.970498800277709961e-01
7.652552425861358643e-02
6.524150371551513672e-01
2.608879208564758301e-01
0.000000000000000000e+00
1.141729593276977539e+00
8.960028737783432007e-02
1.801237091422080994e-02
3.824779093265533447e-01
0.000000000000000000e+00
1.059639453887939453e+00
3.508541285991668701e-01
5.409569665789604187e-02
8.745545148849487305e-01
1.933264881372451782e-01
1.039241671562194824e+00
5.687317624688148499e-02
2.213823348283767700e-01
4.102040082216262817e-03
1.119216531515121460e-01
0.000000000000000000e+00
1.083830595016479492e+00
1.497799873352050781e+00
0.000000000000000000e+00
1.814112365245819092e-01
2.976163625717163086e-01
8.011397719383239746e-02
1.008788824081420898e+00
2.788443565368652344e-01
5.497738346457481384e-02
4.599562585353851318e-01
0.000000000000000000e+00
4.083403646945953369e-01
4.808611795306205750e-02
5.685858428478240967e-03
1.702029705047607422e-01
2.464369535446166992e-01
3.344134390354156494e-01
8.364734053611755371e-01
4.720810800790786743e-02
1.183484718203544617e-01
3.549631685018539429e-03
7.999822497367858887e-01
4.735069572925567627e-01
5.334553867578506470e-02
2.928838506340980530e-02
2.884992659091949463e-01
2.072375297546386719e+00
1.013390626758337021e-02
7.078410387039184570e-01
2.369143366813659668e-01
0.000000000000000000e+00
1.508488208055496216e-01
1.230209469795227051e+00
2.715430967509746552e-02
1.232874542474746704e-01
1.087615173310041428e-02
3.556171804666519165e-02
8.266397714614868164e-01
2.087361067533493042e-01
8.927520364522933960e-02
5.156956911087036133e-01
3.003248572349548340e-01
1.464400142431259155e-01
1.934587508440017700e-01
1.192714944481849670e-01
0.000000000000000000e+00
2.331348508596420288e-01
4.129005372524261475e-01
9.873980283737182617e-02
2.366722933948040009e-02
9.961546957492828369e-02
6.044598221778869629e-01
3.663903772830963135e-01
6.780759692192077637e-01
7.013621330261230469e-01
0.000000000000000000e+00
0.000000000000000000e+00
4.635724127292633057e-01
2.916327491402626038e-02
2.870779335498809814e-01
4.095607902854681015e-03
1.109619021415710449e+00
2.916894555091857910e-01
6.133593246340751648e-02
2.818023562431335449e-01
6.364243030548095703e-01
7.887807488441467285e-02
2.588296867907047272e-02
0.000000000000000000e+00
6.569738686084747314e-02
2.025524079799652100e-01
1.223828420042991638e-01
5.018223524093627930e-01
8.757307380437850952e-02
4.359386488795280457e-02
0.000000000000000000e+00
1.818912744522094727e+00
0.000000000000000000e+00
6.847739219665527344e-01
1.545157432556152344e-01
0.000000000000000000e+00
7.151682376861572266e-01
1.447880566120147705e-01
1.460338383913040161e-02
5.853776633739471436e-02
8.322964608669281006e-02
4.365315437316894531e+00
7.132340073585510254e-01
9.264953434467315674e-02
7.821716070175170898e-01
7.621394097805023193e-02
6.659335494041442871e-01
3.531358718872070312e+00
1.932144522666931152e+00
0.000000000000000000e+00
2.427570521831512451e-02
5.711983442306518555e-01
5.746498238295316696e-03
1.287167966365814209e-01
1.123123392462730408e-01
0.000000000000000000e+00
2.966175377368927002e-01
6.366576254367828369e-02
1.001043710857629776e-02
1.328968852758407593e-01
1.099039167165756226e-01
2.396482229232788086e+00
1.421919226646423340e+00
2.990736961364746094e-01
6.309922784566879272e-03
2.591513097286224365e-01
1.973504871129989624e-01
0.000000000000000000e+00
3.583857417106628418e-02
0.000000000000000000e+00
3.664797544479370117e-02
2.603032067418098450e-02
7.466646283864974976e-02
7.238697260618209839e-03
4.435867369174957275e-01
2.183151245117187500e-01
1.942496776580810547e+00
3.459250554442405701e-02
3.947534132748842239e-03
4.412260353565216064e-01
1.717556118965148926e-01
3.065705299377441406e-01
4.565576553344726562e+00
3.468291461467742920e-02
1.020607948303222656e+00
1.923620402812957764e-01
1.459910720586776733e-01
6.575002670288085938e-01
3.227194070816040039e+00
6.100092083215713501e-03
1.045306175947189331e-01
8.107307553291320801e-01
0.000000000000000000e+00
2.852277457714080811e-01
6.134949997067451477e-02
1.552857756614685059e-01
7.060556113719940186e-02
3.599163055419921875e+00
1.528141617774963379e+00
7.490698099136352539e-01
3.998721837997436523e-01
9.353561401367187500e-01
0.000000000000000000e+00
3.845698237419128418e-01
1.544848270714282990e-02
1.005705952644348145e+00
8.584187030792236328e-01
6.354431509971618652e-01
1.733199357986450195e-01
0.000000000000000000e+00
1.097798049449920654e-01
0.000000000000000000e+00
6.309874355792999268e-02
0.000000000000000000e+00
3.073251843452453613e-01
1.473528444766998291e-01
2.273502945899963379e-01
7.933957129716873169e-02
1.407294392585754395e+00
4.310459196567535400e-01
2.695684554055333138e-03
4.922221899032592773e-01
5.976986885070800781e-01
0.000000000000000000e+00
8.792663365602493286e-02
8.870359063148498535e-01
0.000000000000000000e+00
1.125348657369613647e-01
1.526396274566650391e-01
1.073106825351715088e-01
1.458633244037628174e-01
1.028687506914138794e-01
0.000000000000000000e+00
6.979986280202865601e-02
2.997002601623535156e-01
2.865853905677795410e-02
1.239216685295104980e+00
2.618815898895263672e-01
1.150286663323640823e-02
7.126671820878982544e-02
0.000000000000000000e+00
3.712893277406692505e-02
6.277222633361816406e-01
3.166012000292539597e-03
4.051845967769622803e-01
6.917180144228041172e-05
0.000000000000000000e+00
8.389563560485839844e-01
2.803645730018615723e-01
2.159175872802734375e-01
0.000000000000000000e+00
5.271602049469947815e-02
0.000000000000000000e+00
6.180872917175292969e-01
1.529353857040405273e+00
5.888870730996131897e-02
4.110963046550750732e-01
2.840892374515533447e-01
5.477375984191894531e-01
6.555998325347900391e-02
4.956074059009552002e-01
3.375050798058509827e-02
1.093484520912170410e+00
9.711858630180358887e-01
3.268190026283264160e-01
2.687118947505950928e-01
7.262175530195236206e-02
1.176393747329711914e+00
0.000000000000000000e+00
3.199477493762969971e-01
1.897791385650634766e+00
0.000000000000000000e+00
3.329098969697952271e-02
7.332981824874877930e-01
1.328597813844680786e-01
0.000000000000000000e+00
4.601819217205047607e-01
2.412827014923095703e-01
8.552868962287902832e-01
9.437386691570281982e-02
3.283179998397827148e-01
3.138630390167236328e-01
6.972902417182922363e-01
0.000000000000000000e+00
9.416126459836959839e-02
2.932554483413696289e-01
0.000000000000000000e+00
2.386176399886608124e-02
4.205290315439924598e-05
2.837008237838745117e-01
3.132160007953643799e-01
8.327412605285644531e-01
6.175485253334045410e-02
5.119990091770887375e-04
2.053533215075731277e-03
4.135223627090454102e-01
8.096696436405181885e-02
3.248180150985717773e+00
2.135724872350692749e-01
1.681034266948699951e-01
0.000000000000000000e+00
1.967950582504272461e+00
2.627701871097087860e-02
4.160693287849426270e-01
1.238082945346832275e-01
1.097249031066894531e+00
1.140626430511474609e+00
4.894058704376220703e-01
6.443177117034792900e-04
6.504358053207397461e-01
3.516781032085418701e-01
1.755666494369506836e+00
7.819136977195739746e-01
1.917348653078079224e-01
8.985609747469425201e-03
2.719787508249282837e-02
8.130469918251037598e-02
4.479040801525115967e-01
1.652628034353256226e-01
9.523808956146240234e-03
1.767511218786239624e-01
5.061662290245294571e-03
0.000000000000000000e+00
5.872057750821113586e-02
6.282458901405334473e-01
1.867481768131256104e-01
8.792633414268493652e-01
3.122756481170654297e-01
8.182558417320251465e-01
1.007324337959289551e+00
3.136506304144859314e-02
4.757918044924736023e-02
2.114939242601394653e-01
4.047572985291481018e-02
2.985925786197185516e-02
0.000000000000000000e+00
1.340345591306686401e-01
4.138864278793334961e-01
3.655381128191947937e-02
1.074694842100143433e-01
2.978781983256340027e-02
5.659950897097587585e-02
1.386725902557373047e-01
3.914629667997360229e-02
6.182902678847312927e-02
0.000000000000000000e+00
8.295524120330810547e-01
4.158877134323120117e-01
4.178946316242218018e-01
0.000000000000000000e+00
4.176364466547966003e-02
8.903356194496154785e-01
1.794617772102355957e+00
2.362758636474609375e+00
9.215696454048156738e-01
5.394086837768554688e-01
2.342403411865234375e+00
2.003497362136840820e+00
6.293245591223239899e-03
4.421072900295257568e-01
3.948272466659545898e-01
1.688603195361793041e-03
1.140793412923812866e-01
1.470138430595397949e-01
1.353693246841430664e+00
3.370837867259979248e-01
8.960965089499950409e-03
2.034766077995300293e-01
0.000000000000000000e+00
5.863243341445922852e-02
6.408794224262237549e-02
0.000000000000000000e+00
1.285276375710964203e-02
0.000000000000000000e+00
9.170136451721191406e-01
7.370339240878820419e-03
4.971815586090087891e+00
1.372693181037902832e-01
2.163850665092468262e-01
1.047669053077697754e+00
5.137036442756652832e-01
7.232350707054138184e-01
4.358261823654174805e-02
9.855347871780395508e-02
2.205958217382431030e-01
2.988628745079040527e-01
3.239519298076629639e-01
8.533427119255065918e-01
0.000000000000000000e+00
8.436892032623291016e-01
8.390936255455017090e-02
1.024140790104866028e-01
1.697941660881042480e+00
0.000000000000000000e+00
0.000000000000000000e+00
5.731795430183410645e-01
1.938490748405456543e+00
3.031942546367645264e-01
6.252516806125640869e-02
1.509701907634735107e-01
1.518381983041763306e-01
5.055565237998962402e-01
5.826225131750106812e-02
2.320853620767593384e-01
9.311179630458354950e-03
0.000000000000000000e+00
1.684332042932510376e-01
8.509159088134765625e-03
4.575363099575042725e-01
4.499010443687438965e-01
1.515258401632308960e-01
7.616673111915588379e-01
9.263797849416732788e-02
1.117873311042785645e+00
0.000000000000000000e+00
1.677565455436706543e+00
0.000000000000000000e+00
2.293277680873870850e-01
6.951636672019958496e-01
4.786241054534912109e-01
9.817967414855957031e-01
1.645326852798461914e+00
5.192179679870605469e-01
3.297477960586547852e+00
4.934151843190193176e-02
2.190256714820861816e-01
3.415282070636749268e-02
1.150430738925933838e-01
3.546578586101531982e-01
7.772701978683471680e-01
1.481850266456604004e+00
4.117472171783447266e-01
8.895820975303649902e-01
1.823135465383529663e-01
1.012466311454772949e+00
3.267056941986083984e-01
4.429942071437835693e-01
2.894199192523956299e-01
0.000000000000000000e+00
9.871659278869628906e-01
2.440021932125091553e-02
8.640619367361068726e-02
2.289951145648956299e-01
2.505752146244049072e-01
0.000000000000000000e+00
0.000000000000000000e+00
1.565675586462020874e-01
5.063600838184356689e-02
4.371763467788696289e-01
2.835721075534820557e-01
1.294207274913787842e-01
5.802057385444641113e-01
3.898815512657165527e-01
5.648417472839355469e-01
0.000000000000000000e+00
1.839770525693893433e-01
1.535262227058410645e+00
3.321333825588226318e-01
0.000000000000000000e+00
5.796523094177246094e-01
2.963395714759826660e-01
1.618445105850696564e-02
2.050247788429260254e-01
8.205071091651916504e-02
7.343722581863403320e-01
0.000000000000000000e+00
1.690556526184082031e+00
0.000000000000000000e+00
5.876399949193000793e-02
2.538117647171020508e+00
1.426972597837448120e-01
1.561012148857116699e+00
2.789703011512756348e-01
0.000000000000000000e+00
1.004376411437988281e+00
1.781231880187988281e+00
1.016514673829078674e-01
1.862023949623107910e+00
2.596560120582580566e-02
7.437301158905029297e+00
7.547390460968017578e-01
0.000000000000000000e+00
1.764163225889205933e-01
0.000000000000000000e+00
1.947933882474899292e-01
1.433978319168090820e+00
0.000000000000000000e+00
1.146917581558227539e+00
4.811490178108215332e-01
6.815038323402404785e-01
1.578152775764465332e-01
1.827786266803741455e-01
1.333655864000320435e-01
0.000000000000000000e+00
1.187658309936523438e-02
5.002057552337646484e-01
5.795997977256774902e-01
1.142172813415527344e+00
7.532811164855957031e-01
0.000000000000000000e+00
3.263623714447021484e-01
7.707208991050720215e-01
7.391110062599182129e-01
0.000000000000000000e+00
4.041103422641754150e-01
6.567049771547317505e-02
1.041546370834112167e-02
4.232638180255889893e-01
8.871485292911529541e-02
1.413886398077011108e-01
3.554479777812957764e-02
7.203524112701416016e-01
1.784255728125572205e-02
3.642148375511169434e-01
1.399428099393844604e-01
3.931672275066375732e-01
0.000000000000000000e+00
5.709468945860862732e-02
0.000000000000000000e+00
5.746223032474517822e-02
0.000000000000000000e+00
3.947250366210937500e+00
1.399369165301322937e-02
1.559223397634923458e-03
1.541825085878372192e-01
2.931684255599975586e-01
1.274818062782287598e+00
1.619319677352905273e+00
2.156484127044677734e-01
4.917654395103454590e-01
3.206840157508850098e-01
2.776071429252624512e-01
7.020286917686462402e-01
2.534677982330322266e-01
2.142133951187133789e+00
1.531883358955383301e+00
2.468934804201126099e-01
5.845370888710021973e-01
6.018752455711364746e-01
5.409796833992004395e-01
1.355835646390914917e-01
4.953488409519195557e-01
9.817992104217410088e-04
1.759830594062805176e+00
2.324915975332260132e-01
2.693507121875882149e-03
9.974339604377746582e-02
4.557674750685691833e-02
4.895143806934356689e-01
1.249410748481750488e+00
4.759965464472770691e-02
3.406272172927856445e+00
9.325129911303520203e-03
1.195142716169357300e-01
8.975011706352233887e-01
0.000000000000000000e+00
2.174962908029556274e-01
1.094387285411357880e-02
4.296095669269561768e-01
5.882080197334289551e-01
7.166470587253570557e-02
3.427348285913467407e-02
6.877571940422058105e-01
0.000000000000000000e+00
3.384526073932647705e-02
3.353033959865570068e-01
3.522050082683563232e-01
7.809220254421234131e-02
1.934463381767272949e-01
5.443751811981201172e-01
7.404891774058341980e-03
5.639845132827758789e-01
1.318873047828674316e+00
9.841623902320861816e-01
1.649389714002609253e-01
0.000000000000000000e+00
3.496732115745544434e-01
7.674852758646011353e-02
3.384923040866851807e-01
6.479268521070480347e-02
3.567046225070953369e-01
2.007760554552078247e-01
0.000000000000000000e+00
0.000000000000000000e+00
8.776555061340332031e-01
2.287128448486328125e+00
1.004757285118103027e+00
5.373596772551536560e-02
2.281131781637668610e-02
1.960769444704055786e-01
0.000000000000000000e+00
0.000000000000000000e+00
4.050454497337341309e-02
4.181750118732452393e-02
4.467867314815521240e-01
1.558585643768310547e+00
6.300308555364608765e-02
1.789866713806986809e-03
1.354394257068634033e-01
1.957079768180847168e-01
1.419412903487682343e-03
1.058506593108177185e-02
1.084379758685827255e-02
3.470233082771301270e-02
4.337949305772781372e-02
2.100148946046829224e-01
1.069105148315429688e+00
9.832257032394409180e-01
7.449597120285034180e-02
0.000000000000000000e+00
0.000000000000000000e+00
4.309258982539176941e-02
3.087839484214782715e-01
1.307026445865631104e-01
1.125155091285705566e-01
1.756094813346862793e+00
2.376610338687896729e-01
0.000000000000000000e+00
7.030494213104248047e-01
0.000000000000000000e+00
1.265151143074035645e+00
2.264506667852401733e-01
2.098144292831420898e+00
5.892007946968078613e-01
5.002434849739074707e-01
1.510046124458312988e-01
6.217498779296875000e-01
1.094874978065490723e+00
0.000000000000000000e+00
8.509045839309692383e-02
0.000000000000000000e+00
3.550959229469299316e-01
3.187969699501991272e-02
1.819018274545669556e-01
3.886288106441497803e-01
2.245963215827941895e-01
0.000000000000000000e+00
1.371974200010299683e-01
4.990825653076171875e-01
9.117009043693542480e-01
4.186084866523742676e-02
0.000000000000000000e+00
0.000000000000000000e+00
5.511078611016273499e-02
1.553887128829956055e-01
5.235980749130249023e-01
1.376423239707946777e-01
1.017780184745788574e+00
4.680529236793518066e-01
7.164334058761596680e-01
5.278185009956359863e-01
1.701977103948593140e-02
1.279008984565734863e-01
2.825666405260562897e-02
1.582921110093593597e-02
3.709752261638641357e-01
5.583851337432861328e-01
1.344972848892211914e+00
2.381588220596313477e-01
6.842679381370544434e-01
8.080320358276367188e-01
3.427067101001739502e-01
6.734225749969482422e-01
2.707089185714721680e+00
7.339987754821777344e-01
8.694555610418319702e-02
9.213430285453796387e-01
8.541004657745361328e-01
0.000000000000000000e+00
1.200757175683975220e-02
0.000000000000000000e+00
1.863768577575683594e+00
0.000000000000000000e+00
3.922028839588165283e-01
1.094394922256469727e+00
5.474783480167388916e-02
1.695570163428783417e-02
0.000000000000000000e+00
5.840497612953186035e-01
2.514199912548065186e-01
0.000000000000000000e+00
5.670130252838134766e-01
4.487393423914909363e-02
1.852117665112018585e-02
4.272643625736236572e-01
2.825235715135931969e-04
2.160968780517578125e-01
2.507792115211486816e-01
8.216423392295837402e-01
3.801016137003898621e-02
2.080175876617431641e-01
5.641517043113708496e-01
4.448854364454746246e-03
2.761830985546112061e-01
0.000000000000000000e+00
3.951193764805793762e-02
0.000000000000000000e+00
5.663219690322875977e-01
0.000000000000000000e+00
3.899147212505340576e-01
1.696947962045669556e-02
1.770999468863010406e-02
6.154629588127136230e-01
4.213732779026031494e-01
8.210456371307373047e-02
1.800620406866073608e-01
5.604721233248710632e-02
1.494976729154586792e-01
1.696427583694458008e+00
4.191432613879442215e-03
1.843615621328353882e-01
8.186770081520080566e-01
5.840540528297424316e-01
1.487996280193328857e-01
1.433200001716613770e+00
2.769424021244049072e-01
1.887988485395908356e-02
3.984606564044952393e-01
0.000000000000000000e+00
6.456518173217773438e-02
7.860207930207252502e-03
4.783867001533508301e-01
2.844948291778564453e+00
1.855579204857349396e-02
5.019995197653770447e-02
8.172988295555114746e-01
1.265855550765991211e+00
7.020937651395797729e-02
3.897308409214019775e-01
8.528866171836853027e-01
2.838897705078125000e+00
1.406095176935195923e-02
6.217436864972114563e-02
0.000000000000000000e+00
9.294651746749877930e-01
3.625353053212165833e-02
6.622856948524713516e-03
2.147052586078643799e-01
1.343078017234802246e-01
1.705163717269897461e-01
9.910083413124084473e-01
1.185116171836853027e-01
9.693621844053268433e-02
1.131492927670478821e-01
6.606896966695785522e-02
7.027930617332458496e-01
0.000000000000000000e+00
1.041332125663757324e+00
2.365102171897888184e-01
1.461431663483381271e-02
4.600167274475097656e-02
1.749747097492218018e-01
1.036902785301208496e+00
9.522050619125366211e-02
3.334270790219306946e-02
5.483442451804876328e-03
5.638021230697631836e-01
6.179706379771232605e-02
4.943475425243377686e-01
2.047352725639939308e-03
1.611264646053314209e-01
9.716655015945434570e-01
4.926535189151763916e-01
4.790565967559814453e-01
1.879672259092330933e-01
1.409801375120878220e-02
0.000000000000000000e+00
5.205426216125488281e-01
1.296723634004592896e-02
0.000000000000000000e+00
7.593518495559692383e-01
3.910064697265625000e-02
5.649313330650329590e-01
2.552506979554891586e-03
1.644972339272499084e-02
6.412801146507263184e-01
1.165219068527221680e+00
1.458464190363883972e-02
3.391757234930992126e-02
3.813293529674410820e-03
2.953635752201080322e-01
1.091226562857627869e-01
4.003727063536643982e-02
4.529123604297637939e-01
0.000000000000000000e+00
1.663139760494232178e-01
1.231347322463989258e+00
5.579648017883300781e-01
1.414201855659484863e-01
5.122767090797424316e-01
4.871256053447723389e-01
2.120831012725830078e-01
1.552146553993225098e+00
1.203337669372558594e+00
1.257463097572326660e-01
4.225621223449707031e-01
1.564477086067199707e+00
3.121601104736328125e+00
5.525604486465454102e-01
1.958021894097328186e-02
5.314621701836585999e-02
1.439177524298429489e-02
5.285148695111274719e-02
1.116541385650634766e+00
5.693244338035583496e-01
7.717812061309814453e-01
2.805755615234375000e+00
0.000000000000000000e+00
1.464649587869644165e-01
1.072931766510009766e+00
2.971002101898193359e+00
6.720679402351379395e-01
0.000000000000000000e+00
9.839324355125427246e-01
2.360004484653472900e-01
2.576346993446350098e-01
5.648152232170104980e-01
2.808143198490142822e-02
1.522268056869506836e-01
7.434206604957580566e-01
0.000000000000000000e+00
1.561282202601432800e-02
8.482607007026672363e-01
2.397318184375762939e-02
1.041628956794738770e+00
3.198560774326324463e-01
1.658227890729904175e-01
7.181126475334167480e-01
9.620076417922973633e-01
2.298950254917144775e-01
7.000491619110107422e-01
0.000000000000000000e+00
1.854907572269439697e-01
4.433409869670867920e-02
1.761514320969581604e-02
3.724884390830993652e-01
2.218803167343139648e-01
3.956701755523681641e-01
6.742280442267656326e-03
5.812569260597229004e-01
3.642689585685729980e-01
2.943450689315795898e+00
1.640449047088623047e+00
9.373855590820312500e+00
1.310304850339889526e-01
1.554842948913574219e+00
4.170137941837310791e-01
8.380163311958312988e-01
1.597264781594276428e-02
3.245286941528320312e-01
6.741177439689636230e-01
2.981883585453033447e-01
1.184530615806579590e+00
9.948889017105102539e-01
5.802481900900602341e-03
2.321612685918807983e-01
1.815278232097625732e-01
2.308381944894790649e-01
2.004227936267852783e-01
1.156141702085733414e-02
4.509656429290771484e-01
2.898221015930175781e-01
0.000000000000000000e+00
3.554556891322135925e-02
1.125745549798011780e-01
1.127813234925270081e-01
7.854210734367370605e-01
6.242390871047973633e-01
9.256716966629028320e-01
3.682762086391448975e-01
2.252974987030029297e+00
6.214395165443420410e-01
7.189826965332031250e-01
7.841024398803710938e-01
2.837724089622497559e-01
1.908069849014282227e-01
3.252397298812866211e+00
0.000000000000000000e+00
9.682215452194213867e-01
3.533843159675598145e-01
2.095769857987761497e-03
2.106108516454696655e-02
5.544053912162780762e-01
1.993288278579711914e+00
7.738524675369262695e-02
7.435917854309082031e-02
1.520579457283020020e-01
1.721309423446655273e-01
3.307863771915435791e-01
5.727763772010803223e-01
2.126471281051635742e+00
4.922946929931640625e+00
3.106186389923095703e-01
1.962415277957916260e-01
7.931808829307556152e-01
4.944286346435546875e-01
1.504347622394561768e-01
4.891560673713684082e-01
0.000000000000000000e+00
8.012862503528594971e-02
0.000000000000000000e+00
0.000000000000000000e+00
7.729420661926269531e-01
1.083213329315185547e+00
5.422027111053466797e-01
1.248045563697814941e-01
8.412220478057861328e-01
6.070703733712434769e-03
0.000000000000000000e+00
7.932128757238388062e-02
9.280439019203186035e-01
6.124323010444641113e-01
5.453352630138397217e-02
1.875534892082214355e+00
1.815266162157058716e-02
7.824444025754928589e-02
1.822526454925537109e-01
7.938702404499053955e-02
0.000000000000000000e+00
1.133316904306411743e-01
6.821811199188232422e-03
1.312191188335418701e-01
3.525319397449493408e-01
2.959857508540153503e-02
1.045762300491333008e-01
2.376457117497920990e-02
0.000000000000000000e+00
1.750527918338775635e-01
7.735407352447509766e-01
4.522972553968429565e-02
1.992394402623176575e-02
2.098360657691955566e-01
2.445728480815887451e-01
3.176562604494392872e-04
6.467952132225036621e-01
7.717084884643554688e-01
3.387534990906715393e-03
1.873184442520141602e-01
1.379519224166870117e+00
7.879868894815444946e-02
5.841494798660278320e-01
2.011724412441253662e-01
7.909803651273250580e-03
7.475413322448730469e+00
0.000000000000000000e+00
1.879550814628601074e-01
2.433357983827590942e-01
1.197306960821151733e-01
5.243090987205505371e-01
6.601104978471994400e-03
3.040879666805267334e-01
1.667946934700012207e+00
4.939343631267547607e-01
1.676300048828125000e+00
0.000000000000000000e+00
5.495327711105346680e-01
4.841932654380798340e-01
3.732401411980390549e-03
3.024328052997589111e-01
1.654566377401351929e-01
1.066504955291748047e+00
6.971692442893981934e-01
1.878705173730850220e-01
4.949668422341346741e-03
1.830346584320068359e-01
1.722233602777123451e-03
4.960818886756896973e-01
