4.246064722537994385e-01
1.124223470687866211e+00
3.936038911342620850e-01
6.011947058141231537e-03
6.884022802114486694e-02
1.395607143640518188e-01
7.386266440153121948e-02
3.074892461299896240e-01
0.000000000000000000e+00
1.354030240327119827e-02
6.267119646072387695e-01
2.942746281623840332e-01
0.000000000000000000e+00
1.423219919204711914e+00
6.064891219139099121e-01
3.677528500556945801e-01
8.232147693634033203e-01
1.857199221849441528e-01
3.310463428497314453e-01
4.554137289524078369e-01
8.995853364467620850e-02
2.168502099812030792e-02
5.650214850902557373e-02
1.164422631263732910e-01
1.141181588172912598e+00
1.879388280212879181e-02
6.105264425277709961e-01
0.000000000000000000e+00
2.459768503904342651e-01
1.145320478826761246e-02
9.350148439407348633e-01
3.377037763595581055e+00
2.431632578372955322e-01
7.958526909351348877e-02
1.212840199470520020e+00
5.635584518313407898e-02
9.876525402069091797e-02
7.101020216941833496e-02
1.364856660366058350e-01
1.478765964508056641e+00
3.351773023605346680e+00
8.357933908700942993e-02
1.787991970777511597e-01
2.559319734573364258e-01
1.477579355239868164e+00
0.000000000000000000e+00
1.158284842967987061e-01
8.765525817871093750e-01
0.000000000000000000e+00
1.372965704649686813e-02
8.812892250716686249e-03
8.784949779510498047e-01
1.048224326223134995e-02
4.507680237293243408e-01
1.696632802486419678e-01
0.000000000000000000e+00
6.995343416929244995e-02
7.720600068569183350e-02
5.461073294281959534e-02
1.521243095397949219e+00
4.543071389198303223e-01
1.739006996154785156e+00
4.400664269924163818e-01
5.187001824378967285e-02
6.042315959930419922e-01
8.893407881259918213e-02
3.039718568325042725e-01
1.018002796173095703e+01
0.000000000000000000e+00
3.463378548622131348e-01
4.888918101787567139e-01
1.086430549621582031e-01
3.447085916996002197e-01
7.212964296340942383e-01
0.000000000000000000e+00
4.250794947147369385e-01
5.112127065658569336e-01
2.330416202545166016e+00
3.967771772295236588e-04
5.606504902243614197e-02
1.609115242958068848e+00
1.847268223762512207e+00
1.129459023475646973e+00
3.023490309715270996e-02
0.000000000000000000e+00
1.377502381801605225e-01
4.915745556354522705e-02
8.083891868591308594e-02
9.720014780759811401e-02
0.000000000000000000e+00
2.625808417797088623e-01
1.113912463188171387e-01
1.399702131748199463e-01
1.153025925159454346e-01
8.865720629692077637e-01
0.000000000000000000e+00
5.247924923896789551e-01
4.048094451427459717e-01
1.944447308778762817e-01
4.837270081043243408e-01
8.198191225528717041e-02
1.598894119262695312e+00
8.934887126088142395e-03
1.057345986366271973e+00
1.061085611581802368e-01
3.972943499684333801e-02
9.055582880973815918e-01
1.436373405158519745e-02
4.077285528182983398e-01
2.333578020334243774e-01
8.194454014301300049e-02
0.000000000000000000e+00
3.989514708518981934e-01
0.000000000000000000e+00
1.590433865785598755e-01
0.000000000000000000e+00
9.826357364654541016e-01
7.593338191509246826e-02
9.491830132901668549e-03
5.792028307914733887e-01
4.630315303802490234e-01
0.000000000000000000e+00
0.000000000000000000e+00
6.592012941837310791e-02
6.394972324371337891e+00
8.318397402763366699e-01
4.587640613317489624e-02
1.578969836235046387e+00
3.029937446117401123e-01
1.740509644150733948e-02
2.879249751567840576e-01
6.652468442916870117e-02
2.242994904518127441e-01
9.464359283447265625e-02
0.000000000000000000e+00
3.990851342678070068e-02
1.556930989027023315e-01
3.263877332210540771e-01
1.080527067184448242e+00
4.118121229112148285e-03
1.224585175514221191e-01
6.176906228065490723e-01
0.000000000000000000e+00
2.689446210861206055e+00
0.000000000000000000e+00
5.619432926177978516e-01
3.249426299589686096e-05
2.832524478435516357e-01
3.411360085010528564e-01
5.560053512454032898e-02
4.531165599822998047e+00
9.622754901647567749e-02
1.685487627983093262e-01
0.000000000000000000e+00
3.884575515985488892e-02
1.201534867286682129e-01
2.547918558120727539e-01
7.369841635227203369e-02
1.683091558516025543e-02
0.000000000000000000e+00
3.561403751373291016e-01
0.000000000000000000e+00
2.305432707071304321e-01
2.863714471459388733e-02
1.143455743789672852e+00
1.277098417282104492e+00
4.893770813941955566e-01
2.872310578823089600e-01
4.866296350955963135e-01
1.824199967086315155e-02
9.166529774665832520e-02
6.312274336814880371e-01
1.400585025548934937e-01
9.614312648773193359e-02
1.641232222318649292e-01
1.603246480226516724e-01
4.136537900194525719e-04
1.713429577648639679e-02
1.996988952159881592e-01
1.720220923423767090e+00
1.178798198699951172e+00
4.558112919330596924e-01
4.279643893241882324e-01
1.712494641542434692e-01
6.348233222961425781e-01
0.000000000000000000e+00
8.531172573566436768e-02
2.979140877723693848e-01
0.000000000000000000e+00
6.632976979017257690e-02
1.833335459232330322e-01
6.392897367477416992e-01
5.666121244430541992e-01
5.594240501523017883e-02
0.000000000000000000e+00
8.227001875638961792e-02
4.708359241485595703e-01
6.064887046813964844e-01
1.702012270689010620e-01
3.040896058082580566e-01
1.383553445339202881e-02
1.688833594322204590e+00
1.012715324759483337e-01
6.021939963102340698e-02
5.833290144801139832e-02
9.722634404897689819e-02
9.116453677415847778e-02
4.885611236095428467e-01
1.429567039012908936e-01
1.224235817790031433e-02
5.506804957985877991e-02
3.263676911592483521e-02
0.000000000000000000e+00
1.929139345884323120e-01
3.866397440433502197e-01
0.000000000000000000e+00
2.025169879198074341e-01
1.552986055612564087e-01
2.663611061871051788e-02
1.754021155647933483e-03
2.322095930576324463e-01
6.808799225836992264e-03
3.887230902910232544e-02
3.922715485095977783e-01
4.580675158649682999e-03
6.279153376817703247e-02
3.908185362815856934e-01
0.000000000000000000e+00
1.226537942886352539e+00
2.158306073397397995e-03
7.280702888965606689e-02
1.733236573636531830e-02
1.461689770221710205e-01
2.384102642536163330e-01
1.397134037688374519e-03
2.370737791061401367e-01
3.916337192058563232e-01
6.456219553947448730e-01
7.290509343147277832e-01
2.200344949960708618e-01
2.223104387521743774e-01
1.261116713285446167e-01
4.819311946630477905e-02
7.144323587417602539e-01
0.000000000000000000e+00
3.367873728275299072e-01
9.566035270690917969e-01
2.386513501405715942e-01
3.096897602081298828e-01
2.260385779663920403e-03
6.290967464447021484e-01
8.631290793418884277e-01
6.399515867233276367e-01
1.275685578584671021e-01
2.831193506717681885e-01
4.305095374584197998e-01
5.859295129776000977e-01
1.483184248208999634e-01
3.160952627658843994e-01
1.016371846199035645e+00
2.945672273635864258e-01
4.389982298016548157e-02
1.277662754058837891e+00
1.965678036212921143e-01
1.047095060348510742e-01
0.000000000000000000e+00
2.879800796508789062e+00
3.487049043178558350e-01
8.591083437204360962e-02
0.000000000000000000e+00
6.225666999816894531e-01
4.375585168600082397e-02
1.225798010826110840e+00
1.075065255165100098e+00
1.112417783588171005e-02
2.423091381788253784e-01
0.000000000000000000e+00
5.183800458908081055e-01
3.470271825790405273e-01
2.710232734680175781e-01
9.313544631004333496e-02
0.000000000000000000e+00
5.186129808425903320e-01
2.121525444090366364e-02
1.258307322859764099e-02
7.039382457733154297e-01
2.614426426589488983e-02
1.161319166421890259e-01
8.498730659484863281e-01
5.868388414382934570e-01
3.902883827686309814e-01
2.480620890855789185e-01
0.000000000000000000e+00
9.330981969833374023e-02
3.025489151477813721e-01
1.670517027378082275e-01
1.195199728012084961e+00
4.542108774185180664e-01
3.260461986064910889e-01
3.341853916645050049e-01
1.741080731153488159e-01
1.897141635417938232e-01
5.731843709945678711e-01
2.203790500061586499e-04
0.000000000000000000e+00
5.854464769363403320e-01
1.733496189117431641e-01
5.317271873354911804e-02
1.904545724391937256e-02
1.139480248093605042e-02
3.857065439224243164e-01
5.305084958672523499e-02
3.838385641574859619e-01
5.510937422513961792e-02
3.423890173435211182e-01
1.999364793300628662e-01
0.000000000000000000e+00
0.000000000000000000e+00
1.156190395355224609e+00
4.148601293563842773e-01
9.205802530050277710e-02
9.701179265975952148e-01
0.000000000000000000e+00
1.112660050392150879e+00
1.764022111892700195e-01
1.861586719751358032e-01
3.813777565956115723e-01
1.963846683502197266e+00
1.113574132323265076e-01
5.847602486610412598e-01
3.248334527015686035e-01
0.000000000000000000e+00
4.618077278137207031e+00
4.543835520744323730e-01
0.000000000000000000e+00
2.122236341238021851e-01
7.888615876436233521e-02
6.228331103920936584e-02
2.181646823883056641e-01
4.340672865509986877e-02
7.670547813177108765e-02
8.255300521850585938e-01
1.500313431024551392e-01
0.000000000000000000e+00
4.051029309630393982e-02
3.435706719756126404e-03
2.053169012069702148e-01
0.000000000000000000e+00
0.000000000000000000e+00
0.000000000000000000e+00
1.240620851516723633e+00
1.170628294348716736e-01
2.218369245529174805e-01
0.000000000000000000e+00
0.000000000000000000e+00
1.111891627311706543e+00
3.403463214635848999e-02
5.480860546231269836e-02
4.790100574493408203e+00
0.000000000000000000e+00
5.078944563865661621e-01
6.397587656974792480e-01
2.416254878044128418e-01
0.000000000000000000e+00
1.053603768348693848e+00
2.430034875869750977e-01
1.875196814537048340e+00
5.172571539878845215e-01
6.947738528251647949e-01
0.000000000000000000e+00
2.347172237932682037e-02
9.679957032203674316e-01
1.350390631705522537e-02
3.637682795524597168e-01
1.383401751518249512e-01
5.682203173637390137e-01
2.218349426984786987e-01
0.000000000000000000e+00
3.752205073833465576e-01
1.929501146078109741e-01
9.249533526599407196e-03
3.012661337852478027e-01
1.364201605319976807e-01
4.990983754396438599e-03
3.295237421989440918e-01
7.615674734115600586e-01
0.000000000000000000e+00
4.550950229167938232e-02
3.100057840347290039e-01
9.917142242193222046e-02
1.963805593550205231e-02
3.602074980735778809e-01
1.401080787181854248e-01
1.071621254086494446e-01
1.656762957572937012e-01
3.386707305908203125e-01
4.590554162859916687e-02
1.064905643463134766e+00
6.860277652740478516e-01
0.000000000000000000e+00
5.179696157574653625e-02
3.758704289793968201e-02
2.587774395942687988e-02
0.000000000000000000e+00
0.000000000000000000e+00
8.192440122365951538e-02
2.803142666816711426e-01
2.173595190048217773e+00
5.634065717458724976e-02
1.134388923645019531e+00
1.373935192823410034e-01
1.089925644919276237e-03
5.277851104736328125e+00
9.665874391794204712e-02
1.907323002815246582e-01
2.854013144969940186e-01
0.000000000000000000e+00
7.152650505304336548e-03
8.934685029089450836e-03
6.983754783868789673e-02
2.350498735904693604e-01
4.455459490418434143e-02
6.395488511770963669e-03
7.462168931961059570e-01
2.063011974096298218e-01
2.909346483647823334e-03
4.490170255303382874e-02
1.192324519157409668e+00
3.139823973178863525e-01
2.556506395339965820e-01
1.330297350883483887e+00
3.535068407654762268e-02
3.069530248641967773e+00
1.328321993350982666e-01
2.597096026875078678e-04
1.056772828102111816e+00
5.057293549180030823e-02
0.000000000000000000e+00
1.696719527244567871e+00
0.000000000000000000e+00
5.713648796081542969e-01
4.206185638904571533e-01
1.486686803400516510e-02
3.688150942325592041e-01
4.717065487056970596e-03
1.364121556282043457e+00
0.000000000000000000e+00
3.563867092132568359e+00
5.480407178401947021e-02
6.107775121927261353e-02
2.501405179500579834e-01
1.913100667297840118e-02
4.807250499725341797e-01
1.227836087346076965e-01
2.804212272167205811e-01
3.408592343330383301e-01
0.000000000000000000e+00
1.399015635251998901e-02
1.790485978126525879e+00
6.923713684082031250e-01
0.000000000000000000e+00
4.577595889568328857e-01
3.373737037181854248e-01
2.202966451644897461e+00
8.592536300420761108e-02
3.324790298938751221e-02
4.016785621643066406e-01
2.684430181980133057e-01
1.526238173246383667e-01
4.615121483802795410e-01
0.000000000000000000e+00
3.452835977077484131e-01
4.482421278953552246e-02
9.506822824478149414e-01
2.257241308689117432e-02
4.326330721378326416e-01
1.057835109531879425e-02
1.720193214714527130e-02
0.000000000000000000e+00
1.377114415168762207e+00
2.545490488409996033e-02
0.000000000000000000e+00
4.891635775566101074e-01
2.985628247261047363e-01
1.868234425783157349e-01
5.578581243753433228e-02
0.000000000000000000e+00
0.000000000000000000e+00
3.983171284198760986e-01
1.662322878837585449e-02
1.761748641729354858e-01
1.406327128410339355e+00
2.285767793655395508e-01
1.680794805288314819e-01
4.652295727282762527e-03
2.296674996614456177e-02
6.705678105354309082e-01
2.877660989761352539e-01
2.289090901613235474e-01
1.538458187133073807e-02
5.508118271827697754e-01
5.418646708130836487e-02
1.140655040740966797e+00
8.513771742582321167e-02
5.148166324943304062e-03
1.401904821395874023e-01
3.592295199632644653e-02
6.302185356616973877e-02
0.000000000000000000e+00
2.675142586231231689e-01
4.281036555767059326e-01
2.792548239231109619e-01
3.663312673568725586e+00
1.980526149272918701e-01
2.601045928895473480e-02
1.008722260594367981e-01
1.230353116989135742e-01
3.379534184932708740e-01
3.828960061073303223e-01
5.792357400059700012e-02
1.546670794486999512e-01
1.016740083694458008e+00
7.164580374956130981e-02
1.082818396389484406e-02
4.316636174917221069e-02
1.076292753219604492e+00
0.000000000000000000e+00
8.519147634506225586e-01
5.328078269958496094e-01
1.284867152571678162e-02
0.000000000000000000e+00
1.248358115553855896e-01
5.618305802345275879e-01
4.861043095588684082e-01
9.120240807533264160e-02
5.830445289611816406e-01
1.128190383315086365e-01
2.017938531935214996e-02
3.647662699222564697e-01
4.964945837855339050e-02
0.000000000000000000e+00
1.329189896583557129e+00
6.514793395996093750e+00
2.611164450645446777e-01
2.390788346529006958e-01
1.499961256980895996e+00
3.629260137677192688e-02
2.035380899906158447e-01
2.543061040341854095e-02
3.585657596588134766e+00
0.000000000000000000e+00
0.000000000000000000e+00
5.753476619720458984e-01
9.160816669464111328e-02
5.328967571258544922e-01
8.539252728223800659e-02
7.682029902935028076e-02
0.000000000000000000e+00
3.548877546563744545e-03
8.019788265228271484e-01
4.866228252649307251e-02
2.834441959857940674e-01
3.612688779830932617e-01
0.000000000000000000e+00
0.000000000000000000e+00
4.045569896697998047e-01
8.816942572593688965e-02
6.246065720915794373e-02
3.065895289182662964e-02
2.332380786538124084e-02
7.192127406597137451e-02
1.974082738161087036e-01
0.000000000000000000e+00
4.410545825958251953e-01
2.422207035124301910e-02
4.538101673126220703e+00
6.140067055821418762e-02
5.071688294410705566e-01
3.115559229627251625e-04
1.052455782890319824e+00
6.462045907974243164e-01
2.992632687091827393e-01
2.062792330980300903e-01
9.605124592781066895e-02
1.495597362518310547e-01
0.000000000000000000e+00
0.000000000000000000e+00
9.351348504424095154e-03
1.632629990577697754e+00
1.114203967154026031e-02
0.000000000000000000e+00
3.334083855152130127e-01
1.507760025560855865e-02
1.359164834022521973e+00
2.010334134101867676e-01
0.000000000000000000e+00
3.461797535419464111e-01
9.190537035465240479e-03
1.252060651779174805e+00
6.067441105842590332e-01
3.755496582016348839e-03
2.719205319881439209e-01
3.706272542476654053e-01
1.259863078594207764e-01
1.533447265625000000e+00
0.000000000000000000e+00
1.503306776285171509e-01
1.869531720876693726e-02
7.196248173713684082e-01
2.162171341478824615e-02
0.000000000000000000e+00
2.224346160888671875e+00
2.024489492177963257e-01
1.418189145624637604e-02
2.678213417530059814e-01
7.486860156059265137e-01
5.411632657051086426e-01
0.000000000000000000e+00
2.946400940418243408e-01
4.848538711667060852e-02
1.036614328622817993e-01
3.675984740257263184e-01
5.312270641326904297e+00
3.247103214263916016e+00
5.757479667663574219e-01
2.814263105392456055e+00
9.428992867469787598e-02
6.845820546150207520e-01
0.000000000000000000e+00
1.016509458422660828e-01
7.868822664022445679e-03
8.480296134948730469e-01
1.585612259805202484e-02
9.190061688423156738e-01
1.556938588619232178e-01
0.000000000000000000e+00
4.045052081346511841e-02
1.943283438682556152e+00
2.888998687267303467e-01
4.038141071796417236e-01
2.791772130876779556e-03
1.609695434570312500e+00
3.558120504021644592e-02
2.506322041153907776e-02
0.000000000000000000e+00
6.019762158393859863e-01
1.304414033889770508e+00
0.000000000000000000e+00
6.666056811809539795e-02
0.000000000000000000e+00
1.240062117576599121e+00
6.555718183517456055e-02
8.407772518694400787e-03
5.742362141609191895e-01
4.513778686523437500e-01
1.908410072326660156e+00
0.000000000000000000e+00
2.256879210472106934e-01
2.393266111612319946e-01
1.155292153358459473e+00
1.064685638993978500e-02
1.680830568075180054e-01
3.728525638580322266e-01
3.171610832214355469e-01
0.000000000000000000e+00
6.323595643043518066e-01
5.704427957534790039e-01
1.546093344688415527e+00
0.000000000000000000e+00
5.293763279914855957e-01
6.545076519250869751e-02
4.136809706687927246e-02
0.000000000000000000e+00
2.132097026333212852e-03
1.590100303292274475e-02
6.042682528495788574e-01
7.188040018081665039e-01
1.977966725826263428e-02
3.006784439086914062e+00
1.006914079189300537e-01
0.000000000000000000e+00
2.334050089120864868e-01
8.207888342440128326e-03
1.358573436737060547e+00
3.035267293453216553e-01
9.486463665962219238e-01
7.671070098876953125e-02
1.346299331635236740e-02
2.839521169662475586e-01
4.274604842066764832e-02
6.437431275844573975e-02
2.792611420154571533e-01
2.738787233829498291e-01
3.231554627418518066e-01
2.330520749092102051e-01
1.795452237129211426e-01
7.251400351524353027e-01
9.724879264831542969e-01
8.039454221725463867e-01
3.915423154830932617e-01
5.109348893165588379e-01
6.130165606737136841e-02
6.778771281242370605e-01
3.179559856653213501e-02
0.000000000000000000e+00
1.908210217952728271e-01
1.207193255424499512e+00
3.190283477306365967e-02
0.000000000000000000e+00
2.958174645900726318e-01
2.437542676925659180e+00
8.561404049396514893e-02
5.848634988069534302e-02
1.290214806795120239e-02
0.000000000000000000e+00
0.000000000000000000e+00
3.385768890380859375e+00
3.848879365250468254e-03
6.648180424235761166e-04
3.626891136169433594e+00
2.778853178024291992e-01
1.922858059406280518e-01
0.000000000000000000e+00
2.516828179359436035e-01
5.491032004356384277e-01
1.623273044824600220e-01
2.260115623474121094e+00
3.124898858368396759e-02
8.442291617393493652e-02
2.526523917913436890e-02
9.864885360002517700e-04
8.626598715782165527e-01
1.344048976898193359e-01
3.351924419403076172e+00
1.966867446899414062e-01
2.396060228347778320e-01
8.742415904998779297e-02
1.356589078903198242e+00
2.027136683464050293e-01
2.630056627094745636e-02
1.676280856132507324e+00
3.291373699903488159e-02
2.830311059951782227e-01
7.857965826988220215e-01
1.882703185081481934e+00
1.293495148420333862e-01
9.112402200698852539e-01
0.000000000000000000e+00
7.769041508436203003e-02
3.970354497432708740e-01
0.000000000000000000e+00
8.346151113510131836e-01
1.024514794349670410e+00
3.645670711994171143e-01
1.304251328110694885e-02
7.036282867193222046e-02
2.014894932508468628e-01
5.632207030430436134e-04
1.459415555000305176e-01
1.483532071113586426e+00
8.864399045705795288e-02
6.276081800460815430e-01
1.356275796890258789e+00
8.725702762603759766e-02
0.000000000000000000e+00
7.444442510604858398e-01
9.216253459453582764e-02
0.000000000000000000e+00
1.069291949272155762e+00
1.557113081216812134e-01
2.698658406734466553e-02
1.283389627933502197e-01
4.677883386611938477e-01
7.814733684062957764e-02
3.926059976220130920e-02
1.183607429265975952e-02
7.483174204826354980e-01
1.247189491987228394e-01
5.213229060173034668e-01
1.199360638856887817e-01
9.692115783691406250e-01
3.638165891170501709e-01
7.565491199493408203e-01
0.000000000000000000e+00
9.554776363074779510e-03
7.480772328563034534e-04
5.885881185531616211e-01
1.816142350435256958e-01
1.358493566513061523e-01
4.432017356157302856e-02
2.794445492327213287e-02
0.000000000000000000e+00
1.453863620758056641e+00
0.000000000000000000e+00
7.689870893955230713e-02
8.333766460418701172e-02
1.446870900690555573e-02
3.400938212871551514e-01
0.000000000000000000e+00
9.432763606309890747e-02
1.099595706909894943e-02
1.632971912622451782e-01
6.169824600219726562e-01
2.567481398582458496e-01
4.079316854476928711e-01
7.643811106681823730e-01
0.000000000000000000e+00
5.324940755963325500e-02
2.179587036371231079e-01
1.817165166139602661e-01
5.476630330085754395e-01
1.574936956167221069e-01
2.286473512649536133e-01
3.784602880477905273e-01
1.202150061726570129e-02
0.000000000000000000e+00
2.167512178421020508e-01
2.523919820785522461e+00
6.282701492309570312e-01
6.870651245117187500e-01
2.711552008986473083e-02
5.496538281440734863e-01
0.000000000000000000e+00
2.290489077568054199e-01
4.453711032867431641e+00
4.329160600900650024e-02
7.723250389099121094e-01
2.405598908662796021e-01
1.014860868453979492e-01
5.143169164657592773e-01
2.576555311679840088e-02
3.934104740619659424e-02
0.000000000000000000e+00
9.726744890213012695e-01
1.827459573745727539e+00
2.541139423847198486e-01
4.258419275283813477e-01
2.456125169992446899e-01
3.157432004809379578e-02
5.123847126960754395e-01
0.000000000000000000e+00
3.629915649071335793e-03
1.225775405764579773e-01
3.367748484015464783e-02
5.056014284491539001e-02
2.020774185657501221e-01
4.198359251022338867e-01
3.225856423377990723e-01
5.343369245529174805e-01
1.364776194095611572e-01
1.289391070604324341e-01
1.216779112815856934e+00
9.282097220420837402e-02
0.000000000000000000e+00
1.203610062599182129e+00
1.307273060083389282e-01
1.801184751093387604e-02
4.344706535339355469e-01
1.134713411331176758e+00
2.617271244525909424e-01
2.682872116565704346e-02
7.590283751487731934e-01
1.076655313372612000e-01
2.270977795124053955e-01
5.421231687068939209e-02
2.211104482412338257e-01
2.155112475156784058e-01
2.408262193202972412e-01
2.771880850195884705e-02
7.946997135877609253e-02
2.439561933279037476e-01
1.570870280265808105e-01
0.000000000000000000e+00
2.743717432022094727e-01
1.270794719457626343e-01
0.000000000000000000e+00
1.462931990623474121e+00
1.823999881744384766e+00
2.248228549957275391e+00
4.717687517404556274e-02
1.545934528112411499e-01
2.424468286335468292e-02
2.285939604043960571e-01
8.330705575644969940e-03
2.724220752716064453e-01
6.105662509799003601e-02
1.536657661199569702e-01
1.463115572929382324e+00
0.000000000000000000e+00
2.269084751605987549e-02
0.000000000000000000e+00
5.513446033000946045e-02
4.891094937920570374e-02
1.145658195018768311e-01
4.218469619750976562e+00
2.254292249679565430e+00
3.676851093769073486e-01
5.163760483264923096e-02
3.032851457595825195e+00
0.000000000000000000e+00
2.114948257803916931e-02
7.801426649093627930e-01
0.000000000000000000e+00
4.693181067705154419e-02
5.970755815505981445e-01
1.635103076696395874e-01
2.525648474693298340e-01
2.849270999431610107e-01
1.361975520849227905e-01
3.602049648761749268e-01
1.366819739341735840e-01
3.457497572526335716e-03
9.312247484922409058e-02
7.904108166694641113e-01
8.216201066970825195e-01
3.204964876174926758e+00
1.393048763275146484e-01
5.152040719985961914e-01
1.211344748735427856e-01
4.188401103019714355e-01
0.000000000000000000e+00
8.196164369583129883e-01
0.000000000000000000e+00
1.271737553179264069e-02
2.209708094596862793e-01
3.343458054587244987e-03
1.436236947774887085e-01
6.272880434989929199e-01
6.229037642478942871e-01
1.467066407203674316e+00
4.425902962684631348e-01
1.722194790840148926e+00
1.340416908264160156e+00
4.902656972408294678e-01
3.060832321643829346e-01
1.639492809772491455e-02
5.261047482490539551e-01
0.000000000000000000e+00
1.098003745079040527e+00
1.095711737871170044e-01
3.838447481393814087e-02
1.374113798141479492e+00
0.000000000000000000e+00
0.000000000000000000e+00
1.523024916648864746e+00
4.097810015082359314e-02
4.014777764678001404e-02
1.509860008955001831e-01
6.847333163022994995e-03
6.812719106674194336e-01
6.793155521154403687e-02
7.285435497760772705e-02
3.875864669680595398e-02
0.000000000000000000e+00
7.816197723150253296e-02
8.639964461326599121e-02
2.848245576024055481e-02
1.016433611512184143e-01
3.220183849334716797e-01
9.316521137952804565e-02
1.727180033922195435e-01
3.148618340492248535e-01
1.245605722069740295e-01
1.842257380485534668e-01
1.184561476111412048e-01
1.701471805572509766e+00
4.544993340969085693e-01
0.000000000000000000e+00
8.776145577430725098e-01
1.610547304153442383e-01
6.078815460205078125e-01
8.005107939243316650e-02
9.402377903461456299e-02
1.635610163211822510e-01
8.733262121677398682e-02
3.578486442565917969e-01
8.072646260261535645e-01
5.160858035087585449e-01
3.159379959106445312e-02
2.454666048288345337e-01
1.362549960613250732e-01
1.256452314555644989e-02
1.955271512269973755e-01
8.946558833122253418e-01
4.488416314125061035e-01
0.000000000000000000e+00
2.782595157623291016e-02
9.611912369728088379e-01
5.893235802650451660e-01
2.946126274764537811e-03
5.816899538040161133e-01
1.342500329017639160e+00
1.024351000785827637e+00
3.137548863887786865e-01
1.552294969558715820e+00
3.869343698024749756e-01
2.668395340442657471e-01
1.212770491838455200e-01
0.000000000000000000e+00
2.760048806667327881e-01
2.402549535036087036e-01
0.000000000000000000e+00
9.836218506097793579e-02
5.306472182273864746e-01
1.342609757557511330e-04
9.013304114341735840e-02
2.122809365391731262e-02
3.978800177574157715e-01
7.356452941894531250e-01
1.429064869880676270e-01
6.313188932836055756e-03
0.000000000000000000e+00
1.534840941429138184e+00
7.009676694869995117e-01
1.016286134719848633e+00
2.619100213050842285e-01
3.706689551472663879e-02
1.717410050332546234e-02
4.813516512513160706e-03
2.926450371742248535e-01
1.285315990447998047e+00
9.069680422544479370e-02
3.243846585974097252e-03
1.198077917098999023e+00
1.772537082433700562e-01
8.456405252218246460e-02
5.737247318029403687e-02
4.971406161785125732e-01
5.522497743368148804e-02
3.021948598325252533e-02
9.254712462425231934e-01
6.127288099378347397e-03
0.000000000000000000e+00
1.574350148439407349e-02
0.000000000000000000e+00
2.349266260862350464e-01
1.421285569667816162e-01
3.213091194629669189e-02
0.000000000000000000e+00
2.820576131343841553e-01
5.514826774597167969e-01
6.935482472181320190e-02
1.252886891365051270e+00
9.765492677688598633e-01
2.137780189514160156e-03
0.000000000000000000e+00
3.353041410446166992e-02
6.059053912758827209e-02
0.000000000000000000e+00
9.716481715440750122e-02
0.000000000000000000e+00
5.923709273338317871e-02
2.769953012466430664e-01
1.229146867990493774e-01
2.096061259508132935e-01
4.290950298309326172e-01
3.153612092137336731e-02
6.430382728576660156e-01
2.549634933471679688e+00
5.979651808738708496e-01
3.329547941684722900e-01
4.401234984397888184e-01
1.052175275981426239e-02
2.617270946502685547e-01
7.588172554969787598e-01
1.149087846279144287e-01
4.672905802726745605e-01
2.674883127212524414e+00
3.863720595836639404e-02
0.000000000000000000e+00
6.872294843196868896e-02
1.289584994316101074e+00
6.150066852569580078e-01
3.734719939529895782e-03
2.415095828473567963e-02
1.743989996612071991e-02
1.801483035087585449e-01
2.153750807046890259e-01
1.837405323982238770e+00
4.601891934871673584e-01
6.802306771278381348e-01
1.285848580300807953e-02
5.635638833045959473e-01
6.080163717269897461e-01
0.000000000000000000e+00
7.157896459102630615e-02
1.199639309197664261e-02
1.536057889461517334e-02
3.869054839015007019e-02
1.678307354450225830e-01
0.000000000000000000e+00
2.772625684738159180e+00
1.948185205459594727e+00
6.548316776752471924e-02
4.838827624917030334e-02
6.594599783420562744e-02
1.339510269463062286e-02
1.845706105232238770e+00
4.499097466468811035e-01
0.000000000000000000e+00
0.000000000000000000e+00
0.000000000000000000e+00
3.567769750952720642e-02
6.769486516714096069e-02
6.017446517944335938e-01
1.024314165115356445e-01
5.389382839202880859e-01
3.525878489017486572e-02
1.890870094299316406e+00
3.783528804779052734e-01
1.044667482376098633e+00
4.552363455295562744e-01
4.245660006999969482e-01
1.264811903238296509e-01
1.547411382198333740e-01
9.122439026832580566e-01
0.000000000000000000e+00
1.126709818840026855e+00
1.862931996583938599e-01
1.492160707712173462e-01
1.277011156082153320e+00
5.760951042175292969e-01
1.115544557571411133e+00
7.259854674339294434e-01
3.775538504123687744e-01
4.280573725700378418e-01
1.512932300567626953e+00
4.585712254047393799e-01
1.090000629425048828e+00
2.823010087013244629e-02
0.000000000000000000e+00
1.214794442057609558e-02
1.928004994988441467e-02
4.917768239974975586e-01
7.695348560810089111e-02
0.000000000000000000e+00
2.773448526859283447e-01
6.643971800804138184e-02
1.981392949819564819e-01
2.477136701345443726e-01
1.740333996713161469e-02
4.870532453060150146e-02
8.486006408929824829e-02
1.581638455390930176e-01
2.003382146358489990e-02
0.000000000000000000e+00
5.011038482189178467e-02
5.791543424129486084e-02
4.117122292518615723e-02
4.098805785179138184e-02
3.932992517948150635e-01
5.656305700540542603e-02
6.566689014434814453e-01
3.681862056255340576e-01
0.000000000000000000e+00
0.000000000000000000e+00
1.181233208626508713e-02
3.844709694385528564e-01
7.818384468555450439e-02
4.878001287579536438e-02
3.590876162052154541e-01
2.462162822484970093e-01
1.369940280914306641e+00
2.205139249563217163e-01
2.651875019073486328e+00
1.985172778367996216e-01
2.127983868122100830e-01
2.372551411390304565e-01
2.892631888389587402e-01
3.465849533677101135e-02
9.963692426681518555e-01
3.038092702627182007e-02
1.505544483661651611e-01
1.474902927875518799e-01
3.199508190155029297e-01
8.129262924194335938e-01
0.000000000000000000e+00
2.433090843260288239e-02
5.543849468231201172e-01
1.797886937856674194e-01
6.713910959661006927e-03
0.000000000000000000e+00
0.000000000000000000e+00
2.351690232753753662e-01
2.688395977020263672e-01
3.449306124821305275e-03
1.440676331520080566e+00
1.045791655778884888e-01
1.124480247497558594e+00
3.673808574676513672e-01
2.379141282290220261e-03
7.431015372276306152e-01
7.541789114475250244e-02
1.395884454250335693e-01
1.610186398029327393e-01
1.527952551841735840e-01
2.199553698301315308e-01
1.001112699508666992e+00
1.218695342540740967e-01
3.696047067642211914e-01
6.780809760093688965e-01
0.000000000000000000e+00
0.000000000000000000e+00
2.344533205032348633e-01
5.535174533724784851e-02
4.373112022876739502e-01
1.784636825323104858e-01
1.195836067199707031e+00
1.996801933273673058e-03
4.421280026435852051e-01
1.496847271919250488e-01
2.192369997501373291e-01
1.733789220452308655e-02
1.950842440128326416e-01
1.183182954788208008e+00
0.000000000000000000e+00
3.592191962525248528e-03
6.284801661968231201e-02
0.000000000000000000e+00
2.669307291507720947e-01
3.755796328186988831e-02
3.048442602157592773e-01
3.327218294143676758e+00
5.938096903264522552e-03
0.000000000000000000e+00
5.921745896339416504e-01
1.287351131439208984e+00
4.658812582492828369e-01
3.431487083435058594e+00
9.403773583471775055e-03
7.871262729167938232e-02
8.253232240676879883e-01
3.333127796649932861e-01
5.540632009506225586e-01
6.987177729606628418e-01
5.027154460549354553e-03
3.394548892974853516e-01
0.000000000000000000e+00
2.026690356433391571e-02
4.695501178503036499e-02
1.429338216781616211e+00
1.720891743898391724e-01
5.601153850555419922e+00
7.360968738794326782e-02
0.000000000000000000e+00
3.690473362803459167e-02
8.518224954605102539e-02
9.151347726583480835e-02
3.368337452411651611e-02
0.000000000000000000e+00
0.000000000000000000e+00
8.166844397783279419e-02
2.512426301836967468e-02
1.720792531967163086e+00
3.426160255912691355e-04
1.019567108154296875e+01
6.454633921384811401e-02
1.169240400195121765e-01
3.132593259215354919e-02
5.324016674421727657e-04
4.399173259735107422e-01
0.000000000000000000e+00
9.637937694787979126e-02
2.590580463409423828e+00
5.887153148651123047e-01
9.002234041690826416e-02
3.485778570175170898e-01
0.000000000000000000e+00
5.095238983631134033e-02
2.432312965393066406e+00
3.006124636158347130e-03
2.729263342916965485e-02
0.000000000000000000e+00
3.060989975929260254e-01
0.000000000000000000e+00
8.086597919464111328e-01
0.000000000000000000e+00
0.000000000000000000e+00
1.809790134429931641e+00
2.437835000455379486e-02
2.662023901939392090e-01
1.776359975337982178e-01
4.099638760089874268e-02
1.421862747520208359e-02
1.865423172712326050e-01
6.516000628471374512e-02
1.892724275588989258e+00
2.451501041650772095e-01
0.000000000000000000e+00
1.961350679397583008e+00
6.168431788682937622e-02
6.377381086349487305e-02
1.183606404811143875e-02
8.188381791114807129e-02
2.396671324968338013e-01
1.035291790962219238e+00
4.802397452294826508e-03
7.187232375144958496e-01
0.000000000000000000e+00
3.328706920146942139e-01
8.939091116189956665e-02
1.752314716577529907e-02
4.277377128601074219e-01
1.171250581741333008e+00
4.904854297637939453e-01
6.580321490764617920e-02
1.418481618165969849e-01
0.000000000000000000e+00
1.550981998443603516e+00
6.930064409971237183e-02
6.289314478635787964e-02
5.216583982110023499e-02
7.491330504417419434e-01
1.243634894490242004e-02
2.746577262878417969e-01
0.000000000000000000e+00
8.762158751487731934e-01
3.010922074317932129e-01
1.904819130897521973e+00
0.000000000000000000e+00
8.237615972757339478e-02
2.878627777099609375e-01
2.919757366180419922e-02
0.000000000000000000e+00
3.089686930179595947e-01
7.305663824081420898e-01
1.154866218566894531e-01
2.930873036384582520e-01
2.020521163940429688e+00
1.104834973812103271e-01
1.441857665777206421e-01
0.000000000000000000e+00
0.000000000000000000e+00
1.407349575310945511e-02
0.000000000000000000e+00
7.727631330490112305e-01
3.255804479122161865e-01
2.935099899768829346e-01
1.176633834838867188e-01
1.251922398805618286e-01
3.384941816329956055e-02
4.441509023308753967e-02
1.946126699447631836e+00
3.325488567352294922e+00
1.511289834976196289e+00
4.452562034130096436e-01
2.305169552564620972e-01
0.000000000000000000e+00
1.313959211111068726e-01
2.858512103557586670e-02
9.972872138023376465e-01
2.213700488209724426e-02
3.410718869417905807e-03
1.863936185836791992e-01
7.367496378719806671e-03
1.584744215011596680e+00
0.000000000000000000e+00
2.524106204509735107e-01
2.361780852079391479e-01
3.279448300600051880e-02
5.694209132343530655e-03
2.983904778957366943e-01
1.170716524124145508e+00
4.997912049293518066e-01
4.154907912015914917e-02
9.480495937168598175e-04
3.354535698890686035e-01
2.996917366981506348e-01
0.000000000000000000e+00
5.766407251358032227e-01
6.211247444152832031e-01
6.069515943527221680e-01
0.000000000000000000e+00
0.000000000000000000e+00
0.000000000000000000e+00
3.233710303902626038e-02
9.613988399505615234e-01
1.861072480678558350e-01
1.649764418601989746e+00
0.000000000000000000e+00
7.996091246604919434e-02
4.745254516601562500e-01
7.831683754920959473e-02
1.451100856065750122e-01
2.440613359212875366e-01
8.502943441271781921e-03
6.232714653015136719e-02
1.163499429821968079e-01
1.564797312021255493e-01
5.149956792593002319e-03
1.085585117340087891e+00
2.290238142013549805e-01
1.089137047529220581e-01
8.961511403322219849e-02
1.665746212005615234e+00
3.002837002277374268e-01
0.000000000000000000e+00
3.169719278812408447e-01
2.056114822626113892e-01
0.000000000000000000e+00
1.377351284027099609e-01
5.285330414772033691e-01
1.871809363365173340e+00
0.000000000000000000e+00
1.074440255761146545e-01
4.509642124176025391e-01
5.010131597518920898e-01
2.095528841018676758e+00
6.112804636359214783e-02
4.182772040367126465e-01
2.802179813385009766e+00
0.000000000000000000e+00
0.000000000000000000e+00
7.854971103370189667e-03
1.632397877983748913e-03
1.212278723716735840e+00
0.000000000000000000e+00
5.299452692270278931e-03
9.403263777494430542e-02
1.420300126075744629e+00
1.051756858825683594e+00
1.293777674436569214e-01
1.950011402368545532e-02
2.834801077842712402e-01
8.261844515800476074e-03
6.907930132001638412e-03
6.504732370376586914e-02
7.661378979682922363e-01
9.065964818000793457e-02
7.967774271965026855e-01
1.498395577073097229e-02
7.702154666185379028e-02
1.075288429856300354e-01
6.854878365993499756e-02
3.379778265953063965e-01
5.526235103607177734e+00
9.056186676025390625e-02
0.000000000000000000e+00
4.916535913944244385e-01
1.602664403617382050e-02
5.285234004259109497e-02
5.566897615790367126e-02
0.000000000000000000e+00
0.000000000000000000e+00
1.591141819953918457e-01
3.694325685501098633e-02
5.589581653475761414e-02
1.307528614997863770e-01
2.654148638248443604e-01
5.619775876402854919e-02
7.474289834499359131e-02
1.431243121623992920e-01
3.502902761101722717e-02
3.626825287938117981e-02
0.000000000000000000e+00
2.329976320266723633e+00
2.420746721327304840e-02
3.219966888427734375e+00
0.000000000000000000e+00
1.813946485519409180e+00
1.899890154600143433e-01
1.749288588762283325e-01
7.851312402635812759e-04
2.390593737363815308e-01
1.513125658035278320e+00
3.012900352478027344e-01
0.000000000000000000e+00
5.596737265586853027e-01
3.338485360145568848e-01
0.000000000000000000e+00
5.259564876556396484e+00
3.420789241790771484e-01
1.508059263229370117e+00
6.346510410308837891e+00
2.940618097782135010e-01
0.000000000000000000e+00
8.703985214233398438e-01
4.555778503417968750e-01
2.159307524561882019e-02
7.671647071838378906e-01
2.592461742460727692e-02
1.389215588569641113e-01
0.000000000000000000e+00
5.986602976918220520e-03
5.921200290322303772e-02
3.685920536518096924e-01
0.000000000000000000e+00
0.000000000000000000e+00
0.000000000000000000e+00
1.634960323572158813e-01
2.158727496862411499e-02
3.451073884963989258e+00
3.560647726058959961e+00
2.814288735389709473e-01
1.936158061027526855e+00
4.910643398761749268e-02
3.102222979068756104e-01
0.000000000000000000e+00
0.000000000000000000e+00
0.000000000000000000e+00
1.187801957130432129e+00
4.568689689040184021e-02
7.191515713930130005e-02
4.593118429183959961e-01
6.215880513191223145e-01
3.773193657398223877e-01
0.000000000000000000e+00
3.535121977329254150e-01
1.626675203442573547e-02
1.395877301692962646e-01
4.718910455703735352e-01
5.149093270301818848e-01
7.500050663948059082e-01
9.111907333135604858e-02
1.056682318449020386e-01
4.301827400922775269e-02
2.785974740982055664e-01
1.863465607166290283e-01
3.801689445972442627e-01
1.870732754468917847e-01
3.395620882511138916e-01
3.234555423259735107e-01
4.703427553176879883e-01
4.705828148871660233e-03
0.000000000000000000e+00
3.278585076332092285e-01
3.868195712566375732e-01
6.108336523175239563e-02
4.086406230926513672e-01
4.014576077461242676e-01
1.281398832798004150e-01
2.248322665691375732e-01
3.639732003211975098e-01
1.452868282794952393e-01
3.225905448198318481e-02
1.620646566152572632e-01
1.481847614049911499e-01
8.296197652816772461e-02
1.894620805978775024e-02
4.164281487464904785e-01
2.845726311206817627e-01
1.722061783075332642e-01
8.551708608865737915e-02
3.955807071179151535e-03
1.381258666515350342e-01
6.957005709409713745e-02
8.542095869779586792e-02
5.881524085998535156e-01
7.987321354448795319e-03
4.384772777557373047e-01
2.226954698562622070e+00
0.000000000000000000e+00
1.731170058250427246e+00
0.000000000000000000e+00
0.000000000000000000e+00
1.342209458351135254e+00
6.329285502433776855e-01
0.000000000000000000e+00
4.204482138156890869e-01
5.931520462036132812e-01
7.041474819183349609e+00
6.403178572654724121e-01
0.000000000000000000e+00
2.270243763923645020e-01
1.477434486150741577e-01
1.637295931577682495e-01
7.576670646667480469e-01
5.344607401639223099e-03
1.418846130371093750e+00
4.064424932003021240e-01
2.182982396334409714e-03
1.991787314414978027e+00
4.189646840095520020e-01
2.279589474201202393e-01
0.000000000000000000e+00
1.535831093788146973e-01
7.426519393920898438e-01
5.152588337659835815e-02
6.214483976364135742e-01
0.000000000000000000e+00
7.292578369379043579e-02
1.844441294670104980e-01
0.000000000000000000e+00
8.757827281951904297e-01
1.093707513064146042e-02
2.048596143722534180e+00
2.083469331264495850e-01
9.035223722457885742e-02
9.008318781852722168e-01
6.032451242208480835e-02
0.000000000000000000e+00
4.385444894433021545e-02
5.877955257892608643e-02
1.196231110952794552e-03
3.292155861854553223e-01
1.050987601280212402e+00
3.913296163082122803e-01
4.927709326148033142e-02
6.407520771026611328e-01
4.022019729018211365e-02
9.178034029901027679e-03
3.374833762645721436e-01
2.739049911499023438e+00
7.767314463853836060e-02
9.425865858793258667e-02
6.366346031427383423e-02
6.087678670883178711e-02
1.310509592294692993e-01
2.224276065826416016e+00
1.922256126999855042e-02
2.439625412225723267e-01
5.103111639618873596e-02
1.720231175422668457e-01
7.276954054832458496e-01
5.593018606305122375e-02
2.553681612014770508e+00
3.969343006610870361e-02
0.000000000000000000e+00
2.310672253370285034e-01
8.428000807762145996e-01
2.332148075103759766e+00
1.543729901313781738e-01
2.030739337205886841e-01
0.000000000000000000e+00
1.382402181625366211e+00
4.848806858062744141e-01
0.000000000000000000e+00
1.931962370872497559e-01
0.000000000000000000e+00
1.859814226627349854e-01
3.137606084346771240e-01
1.177516102790832520e+00
5.330672860145568848e-01
1.127953171730041504e+00
1.518119126558303833e-01
4.174009561538696289e-01
0.000000000000000000e+00
3.278944492340087891e-01
0.000000000000000000e+00
2.493413239717483521e-01
5.787299871444702148e-01
8.524215780198574066e-03
2.046824842691421509e-01
2.730347588658332825e-02
5.777242407202720642e-02
3.379196627065539360e-03
9.379247575998306274e-02
3.596878349781036377e-01
2.943552285432815552e-02
2.331421338021755219e-02
9.239194989204406738e-01
8.456023782491683960e-02
3.858675658702850342e-01
4.027996540069580078e+00
3.779124021530151367e-01
1.566113345324993134e-02
5.673748254776000977e-02
1.786325573921203613e+00
1.900871396064758301e-01
3.519691154360771179e-02
0.000000000000000000e+00
5.801107287406921387e-01
2.356890216469764709e-02
5.545117528527043760e-05
0.000000000000000000e+00
6.757962107658386230e-01
3.211632668972015381e-01
5.564746260643005371e-01
1.084190011024475098e+00
0.000000000000000000e+00
1.306802183389663696e-01
0.000000000000000000e+00
0.000000000000000000e+00
3.751917555928230286e-02
0.000000000000000000e+00
1.581113338470458984e+00
6.774771809577941895e-01
5.397930275648832321e-03
0.000000000000000000e+00
0.000000000000000000e+00
4.540930315852165222e-02
0.000000000000000000e+00
7.444715499877929688e-02
0.000000000000000000e+00
1.017135232686996460e-01
6.398103386163711548e-02
4.388839378952980042e-02
6.956760883331298828e-01
5.047502517700195312e+00
1.951419413089752197e-01
3.477621972560882568e-01
1.032914146780967712e-01
5.018310248851776123e-02
4.032135009765625000e-01
6.646680235862731934e-01
4.590700194239616394e-02
9.616904705762863159e-02
1.197433099150657654e-01
4.826329350471496582e-01
3.179059550166130066e-02
4.221490621566772461e-01
1.866360455751419067e-01
4.160209745168685913e-02
1.100953936576843262e+00
0.000000000000000000e+00
1.633529067039489746e+00
1.438178420066833496e-01
2.964512705802917480e-01
2.385314702987670898e+00
2.603466033935546875e+00
3.824389576911926270e-01
0.000000000000000000e+00
7.155662775039672852e-02
5.663706362247467041e-02
1.828011423349380493e-01
3.699603676795959473e-01
0.000000000000000000e+00
0.000000000000000000e+00
5.763885751366615295e-02
3.802413120865821838e-02
3.686639070510864258e-01
2.420099452137947083e-03
0.000000000000000000e+00
3.044574335217475891e-02
3.369269147515296936e-02
5.540249347686767578e-01
5.027049183845520020e-01
2.018105052411556244e-02
3.848893642425537109e-01
3.159319236874580383e-02
6.543230533599853516e+00
3.643141686916351318e-01
0.000000000000000000e+00
1.275949366390705109e-02
1.770577579736709595e-01
3.044340312480926514e-01
1.613225489854812622e-01
1.454353928565979004e-01
1.134662151336669922e+00
1.246154785156250000e+00
1.023041736334562302e-02
7.791230920702219009e-03
1.291457447223365307e-03
8.263695985078811646e-02
2.457966804504394531e+00
2.885358035564422607e-01
0.000000000000000000e+00
1.238976493477821350e-01
1.270297169685363770e-01
6.954732537269592285e-01
1.533117797225713730e-02
9.205930866301059723e-03
9.262087345123291016e-01
6.769056431949138641e-03
1.355812847614288330e-01
3.665506467223167419e-02
0.000000000000000000e+00
0.000000000000000000e+00
0.000000000000000000e+00
3.832136839628219604e-02
1.214976832270622253e-01
6.148577854037284851e-02
4.599851369857788086e-01
3.049553930759429932e-01
0.000000000000000000e+00
0.000000000000000000e+00
3.192096250131726265e-03
3.917651176452636719e-01
1.866873860359191895e+00
6.888698041439056396e-02
3.754414245486259460e-02
1.286943405866622925e-01
1.573274731636047363e-01
2.444741725921630859e-01
1.135063245892524719e-01
5.054140463471412659e-02
4.792630672454833984e-01
7.209764327853918076e-03
0.000000000000000000e+00
0.000000000000000000e+00
1.450104236602783203e+00
2.896182239055633545e-01
3.700718516483902931e-04
3.357985019683837891e-01
6.488474011421203613e-01
5.017461180686950684e-01
1.290890127420425415e-01
3.422130584716796875e+00
2.409476041793823242e-01
1.019523978233337402e+00
0.000000000000000000e+00
1.928106136620044708e-02
1.280560940504074097e-01
3.550285845994949341e-02
2.262996137142181396e-02
1.798825524747371674e-02
4.182825237512588501e-02
2.011050656437873840e-02
8.303642868995666504e-01
2.729134559631347656e-01
6.837742924690246582e-01
2.033383369445800781e+00
1.748929321765899658e-01
5.605017021298408508e-02
3.780915141105651855e-01
5.118052475154399872e-03
1.402301669120788574e+00
1.673809587955474854e-01
5.997344255447387695e-01
6.095901727676391602e-01
1.173544451594352722e-01
5.711419582366943359e+00
0.000000000000000000e+00
5.469611883163452148e-01
3.684999942779541016e-01
3.189761936664581299e-01
2.253760337829589844e+00
0.000000000000000000e+00
5.807245150208473206e-02
7.813774980604648590e-03
3.495678305625915527e-02
1.893718957901000977e+00
1.404085755348205566e+00
2.317684590816497803e-01
5.656201839447021484e-01
3.848088383674621582e-01
1.921879649162292480e-01
1.014688462018966675e-01
2.689540386199951172e-01
5.500471219420433044e-02
0.000000000000000000e+00
2.876861095428466797e-01
6.789222359657287598e-02
6.457829847931861877e-03
7.703561782836914062e-01
0.000000000000000000e+00
6.241595372557640076e-02
3.866442665457725525e-02
1.910740043967962265e-03
9.479717165231704712e-02
3.062315285205841064e-01
5.625739097595214844e-01
9.104015827178955078e-01
1.485963016748428345e-01
5.839371085166931152e-01
9.346767328679561615e-03
6.490892916917800903e-02
5.184871610254049301e-03
6.643331050872802734e-02
0.000000000000000000e+00
3.545645177364349365e-01
5.599953699856996536e-03
0.000000000000000000e+00
8.817784190177917480e-01
0.000000000000000000e+00
6.103803589940071106e-02
9.007337093353271484e-01
1.061375066637992859e-01
4.591074585914611816e-01
0.000000000000000000e+00
0.000000000000000000e+00
2.653722465038299561e-01
1.367715746164321899e-01
2.088131010532379150e-01
1.374658197164535522e-01
9.168268740177154541e-02
8.989053964614868164e-01
2.904077172279357910e-01
2.431020289659500122e-01
0.000000000000000000e+00
1.188809517771005630e-02
2.992609739303588867e-01
9.365462511777877808e-02
2.393413782119750977e-01
4.196270406246185303e-01
4.009678959846496582e-01
1.555337190628051758e+00
8.305340409278869629e-01
2.975763082504272461e+00
0.000000000000000000e+00
7.337758690118789673e-02
5.700672045350074768e-02
3.723583742976188660e-02
9.183286130428314209e-02
2.553494870662689209e-01
7.422499656677246094e-01
0.000000000000000000e+00
3.441753685474395752e-01
0.000000000000000000e+00
3.546872735023498535e-01
9.519257545471191406e-01
2.683520317077636719e-01
9.482488632202148438e-01
0.000000000000000000e+00
4.773811101913452148e-01
6.682367324829101562e-01
9.602137804031372070e-01
3.874969109892845154e-02
2.490069903433322906e-02
1.322142779827117920e-01
4.680327139794826508e-03
0.000000000000000000e+00
0.000000000000000000e+00
8.157785236835479736e-02
0.000000000000000000e+00
1.925093820318579674e-03
3.080964386463165283e-01
6.785417795181274414e-01
3.253757953643798828e-01
1.003613099455833435e-01
6.185684353113174438e-02
2.914181053638458252e-01
0.000000000000000000e+00
1.025355537422001362e-03
9.866907000541687012e-01
5.138974785804748535e-01
2.216215245425701141e-02
7.639515399932861328e-02
3.003582358360290527e-02
1.068944260478019714e-01
1.666112244129180908e-01
5.308726429939270020e-01
2.740410268306732178e-01
2.395224332809448242e+00
7.377626419067382812e+00
4.971196874976158142e-02
2.531930923461914062e+00
1.794195413589477539e+00
1.323122262954711914e+00
4.362601339817047119e-01
6.793564558029174805e-01
2.241314351558685303e-01
1.163864601403474808e-02
7.745529413223266602e-01
4.542331397533416748e-02
1.387649625539779663e-01
3.226961374282836914e+00
3.936059772968292236e-01
8.860671520233154297e-02
3.113165497779846191e-01
1.601823270320892334e-01
3.487979769706726074e-01
4.560878872871398926e-01
0.000000000000000000e+00
2.352173924446105957e-01
8.415320515632629395e-01
2.057401090860366821e-01
4.608895182609558105e-01
1.199551951140165329e-02
7.169812917709350586e-02
1.326014876365661621e+00
2.690545618534088135e-01
4.861854314804077148e-01
3.141873329877853394e-02
2.276590824127197266e+00
1.793756037950515747e-01
6.480852961540222168e-01
2.062831401824951172e+00
4.285522550344467163e-02
2.217295765876770020e-01
0.000000000000000000e+00
4.843311011791229248e-01
4.045201241970062256e-01
1.766766190528869629e+00
6.214770078659057617e-01
3.148451447486877441e-02
1.219556927680969238e-01
1.494611501693725586e-01
6.132615730166435242e-02
2.272979021072387695e-01
5.728316307067871094e-01
2.211559712886810303e-01
1.048294186592102051e+00
6.093440055847167969e-01
3.075402379035949707e-01
1.610412120819091797e+00
5.926289409399032593e-02
8.038667589426040649e-02
1.418103370815515518e-02
6.713723391294479370e-02
2.817225456237792969e-01
1.357291787862777710e-01
1.294889450073242188e-01
1.216444730758666992e+00
1.741787075996398926e+00
9.465229511260986328e-01
2.724540536291897297e-04
2.605229914188385010e-01
2.777853310108184814e-01
1.465301364660263062e-01
2.370852977037429810e-01
1.365190092474222183e-02
1.139256060123443604e-01
5.774623394012451172e+00
6.527574732899665833e-03
1.070204377174377441e+00
3.179544955492019653e-02
1.726229488849639893e-01
1.553589820861816406e+00
6.341199576854705811e-02
0.000000000000000000e+00
6.764702498912811279e-02
2.220750331878662109e+00
9.338270127773284912e-02
1.341533303260803223e+00
1.134900152683258057e-01
3.291034325957298279e-02
0.000000000000000000e+00
8.316398262977600098e-01
9.398823976516723633e-01
0.000000000000000000e+00
3.333044648170471191e-01
0.000000000000000000e+00
7.219072431325912476e-02
8.971214294433593750e-02
8.906186819076538086e-01
4.007304310798645020e-01
0.000000000000000000e+00
8.005217909812927246e-01
1.099045157432556152e+00
3.424413204193115234e-01
1.453557759523391724e-01
1.730989431962370872e-03
0.000000000000000000e+00
2.918462753295898438e+00
2.790088653564453125e-01
5.620529130101203918e-02
0.000000000000000000e+00
2.778306603431701660e-02
2.824361026287078857e-01
1.491423845291137695e-01
1.471876651048660278e-01
1.966622024774551392e-01
2.815850973129272461e+00
1.837645053863525391e+00
0.000000000000000000e+00
9.707506299018859863e-01
5.800190567970275879e-01
2.345157414674758911e-02
2.550527751445770264e-01
3.528707027435302734e-01
0.000000000000000000e+00
7.125850319862365723e-01
9.017807245254516602e-01
3.682824075222015381e-01
4.215612635016441345e-02
0.000000000000000000e+00
1.029216170310974121e+00
