1.329762637615203857e-01
4.302010536193847656e-01
1.499057859182357788e-01
0.000000000000000000e+00
4.511140286922454834e-01
4.151153378188610077e-03
1.457368731498718262e-01
2.305332422256469727e-01
5.741164553910493851e-03
4.052253067493438721e-02
1.185612902045249939e-01
4.328096285462379456e-02
1.112525537610054016e-01
7.094482332468032837e-02
9.919272363185882568e-02
2.141659855842590332e-01
1.372691988945007324e+00
0.000000000000000000e+00
1.459994018077850342e-01
4.368235170841217041e-02
0.000000000000000000e+00
2.017589807510375977e-01
8.059374243021011353e-02
7.003816962242126465e-01
6.458495855331420898e-01
9.443477541208267212e-02
5.588672757148742676e-01
1.689115315675735474e-01
3.016865253448486328e-01
5.160986185073852539e-01
8.117031306028366089e-02
5.003147602081298828e+00
1.730229616165161133e+00
6.245283782482147217e-02
0.000000000000000000e+00
3.972402811050415039e-01
2.090030908584594727e-01
2.374502271413803101e-01
3.082942664623260498e-01
2.988167703151702881e-01
6.054017543792724609e+00
5.468045473098754883e-01
6.604378670454025269e-02
1.468180656433105469e+00
3.425788879394531250e-02
3.795234858989715576e-02
9.445785284042358398e-01
4.884716123342514038e-03
1.303793489933013916e-02
0.000000000000000000e+00
7.983541488647460938e-02
7.786028385162353516e-01
0.000000000000000000e+00
1.415662583895027637e-03
6.991981863975524902e-01
3.082743585109710693e-01
7.548055797815322876e-02
0.000000000000000000e+00
4.456484913825988770e-01
5.166697502136230469e-01
1.542086452245712280e-01
7.671655416488647461e-01
1.034728407859802246e+00
6.843998283147811890e-02
7.265028357505798340e-02
0.000000000000000000e+00
3.003424704074859619e-01
2.661143302917480469e+00
6.818220764398574829e-02
2.889606915414333344e-02
2.592841625213623047e+00
2.682922482490539551e-01
4.262977093458175659e-02
4.847412556409835815e-02
4.815640673041343689e-02
2.039026767015457153e-01
5.004911422729492188e-01
1.673129796981811523e-01
5.571513772010803223e-01
1.025632619857788086e-01
1.931360363960266113e+00
0.000000000000000000e+00
1.261750049889087677e-02
3.183888038620352745e-03
1.836300641298294067e-01
3.447222411632537842e-01
4.781921952962875366e-02
1.530817598104476929e-01
7.543166279792785645e-01
1.067204866558313370e-02
2.162383794784545898e-01
0.000000000000000000e+00
4.697856009006500244e-01
1.329901963472366333e-01
3.435747921466827393e-01
1.188255622982978821e-01
7.441429495811462402e-01
5.284676700830459595e-02
1.848449110984802246e+00
3.307212591171264648e-01
2.586104348301887512e-02
6.114326715469360352e-01
7.125163683667778969e-04
3.535670042037963867e-01
9.074904024600982666e-02
5.690387487411499023e-01
8.747901320457458496e-01
0.000000000000000000e+00
1.085947975516319275e-01
2.917236387729644775e-01
1.328143626451492310e-01
1.698315292596817017e-01
0.000000000000000000e+00
8.342564105987548828e-02
1.220061063766479492e+00
1.325934082269668579e-01
5.639115720987319946e-02
1.395036458969116211e+00
0.000000000000000000e+00
0.000000000000000000e+00
7.937412858009338379e-01
5.332129448652267456e-02
0.000000000000000000e+00
2.718072012066841125e-02
5.656701564788818359e+00
8.914464712142944336e-01
3.989150375127792358e-02
7.394003868103027344e-01
3.949491679668426514e-02
2.941915206611156464e-02
2.540640532970428467e-01
1.847200244665145874e-01
1.058520078659057617e-01
0.000000000000000000e+00
0.000000000000000000e+00
6.412889808416366577e-02
7.949256896972656250e-01
5.272317305207252502e-02
7.951301336288452148e-01
3.590305894613265991e-02
0.000000000000000000e+00
3.849320709705352783e-01
2.830812893807888031e-02
4.456362724304199219e-01
0.000000000000000000e+00
0.000000000000000000e+00
7.746363431215286255e-02
2.309601567685604095e-02
4.160083532333374023e-01
1.072234567254781723e-02
1.142969369888305664e+00
2.496517747640609741e-01
3.271189332008361816e-02
0.000000000000000000e+00
0.000000000000000000e+00
2.657365240156650543e-02
1.174452342092990875e-02
0.000000000000000000e+00
0.000000000000000000e+00
7.156124711036682129e-01
0.000000000000000000e+00
8.234181404113769531e-01
4.968391060829162598e-01
2.576013207435607910e-01
8.662343025207519531e-01
4.374959468841552734e+00
1.262608617544174194e-01
6.683016568422317505e-02
1.472547836601734161e-02
7.630463689565658569e-02
1.409241557121276855e-01
7.138887792825698853e-02
8.102684468030929565e-02
2.908322513103485107e-01
0.000000000000000000e+00
7.123514264822006226e-02
1.177028119564056396e-01
4.384712278842926025e-01
8.218351751565933228e-03
3.343005776405334473e-01
4.766215324401855469e+00
1.696507930755615234e-01
1.121086403727531433e-01
2.632890939712524414e-01
3.279795646667480469e-01
3.403182700276374817e-02
2.215942889451980591e-01
8.032900840044021606e-02
1.651462726294994354e-02
0.000000000000000000e+00
0.000000000000000000e+00
0.000000000000000000e+00
6.245426535606384277e-01
1.083598285913467407e-02
0.000000000000000000e+00
0.000000000000000000e+00
1.398293375968933105e+00
3.262203335762023926e-01
2.383750826120376587e-01
5.666143298149108887e-01
1.538624521344900131e-03
0.000000000000000000e+00
1.179183945059776306e-01
1.063076615333557129e+00
4.610628485679626465e-01
0.000000000000000000e+00
0.000000000000000000e+00
4.100061655044555664e-01
5.381053686141967773e-02
2.069329842925071716e-03
1.572720110416412354e-01
4.257440194487571716e-02
1.388777941465377808e-01
1.861459910869598389e-01
5.108511075377464294e-02
2.567678093910217285e-01
5.642444491386413574e-01
6.123867630958557129e-02
0.000000000000000000e+00
0.000000000000000000e+00
2.114344239234924316e-01
6.253324151039123535e-01
7.167002186179161072e-03
5.486326292157173157e-02
9.184144437313079834e-02
6.467082351446151733e-02
1.228000998497009277e+00
0.000000000000000000e+00
3.510262668132781982e-01
1.265919685363769531e+00
5.818455666303634644e-02
2.831732630729675293e-01
6.120536010712385178e-03
3.365544378757476807e-01
3.543940484523773193e-01
0.000000000000000000e+00
2.711432576179504395e-01
2.261765897274017334e-01
5.366745591163635254e-01
0.000000000000000000e+00
2.412427067756652832e-01
0.000000000000000000e+00
2.219180107116699219e+00
7.599764317274093628e-02
6.961649749428033829e-03
2.704497873783111572e-01
8.374534547328948975e-02
2.101676762104034424e-01
1.183943226933479309e-01
8.547780662775039673e-02
7.458139210939407349e-03
4.501780569553375244e-01
1.016291379928588867e+00
2.699657082557678223e-01
3.804616332054138184e-01
2.633103430271148682e-01
1.760991476476192474e-02
0.000000000000000000e+00
4.158751964569091797e-01
7.840126752853393555e-02
7.820912450551986694e-02
1.549936681985855103e-01
7.107397079467773438e+00
0.000000000000000000e+00
0.000000000000000000e+00
9.187475591897964478e-02
1.337627023458480835e-01
2.199756801128387451e-01
0.000000000000000000e+00
1.894383281469345093e-01
9.599368572235107422e-01
3.357104063034057617e-01
3.744993731379508972e-02
6.660397350788116455e-02
1.267642825841903687e-01
9.266373701393604279e-03
0.000000000000000000e+00
4.272626340389251709e-02
7.853658497333526611e-02
9.536473080515861511e-03
2.964647114276885986e-01
2.416090108454227448e-02
0.000000000000000000e+00
4.028752818703651428e-02
0.000000000000000000e+00
8.724514394998550415e-02
6.812556087970733643e-02
2.105713039636611938e-01
1.532356441020965576e-01
0.000000000000000000e+00
5.529628992080688477e-01
2.960610389709472656e-01
0.000000000000000000e+00
4.708959255367517471e-03
1.408897787332534790e-01
2.711735963821411133e-01
8.905795216560363770e-01
5.113705396652221680e-01
4.828450679779052734e-01
9.209917858242988586e-03
4.469544589519500732e-01
7.845039367675781250e-01
8.536432385444641113e-01
0.000000000000000000e+00
2.694321870803833008e-01
1.114549711346626282e-01
5.387626215815544128e-02
0.000000000000000000e+00
4.750261548906564713e-03
2.905765920877456665e-02
9.961266070604324341e-02
2.526147365570068359e-01
6.273383498191833496e-01
0.000000000000000000e+00
9.176326543092727661e-02
5.847107619047164917e-02
4.207995533943176270e-01
0.000000000000000000e+00
3.023687303066253662e-01
1.333860456943511963e-01
3.236480653285980225e-01
4.568518605083227158e-03
2.715043425559997559e-01
6.475933790206909180e-01
3.648401424288749695e-02
2.109672501683235168e-02
2.087186276912689209e-02
1.135649085044860840e+00
4.100632965564727783e-01
4.850283265113830566e-01
2.128335535526275635e-01
0.000000000000000000e+00
5.245932936668395996e-01
1.604127436876296997e-01
4.447251558303833008e-02
0.000000000000000000e+00
1.108708739280700684e+00
3.061201050877571106e-02
0.000000000000000000e+00
9.113216772675514221e-03
0.000000000000000000e+00
1.382072269916534424e-01
7.175791263580322266e-01
0.000000000000000000e+00
0.000000000000000000e+00
5.311808586120605469e-01
1.065094545483589172e-01
8.381680399179458618e-02
6.935784965753555298e-02
3.081596493721008301e-01
2.327817827463150024e-01
1.805484481155872345e-02
4.946866258978843689e-02
8.706030249595642090e-02
4.089426994323730469e-01
1.946620792150497437e-01
0.000000000000000000e+00
0.000000000000000000e+00
1.340346813201904297e+00
7.902934402227401733e-02
2.704958058893680573e-02
2.638507485389709473e-01
4.329677224159240723e-01
3.467637002468109131e-01
1.294095396995544434e+00
6.228391453623771667e-02
6.362619400024414062e-01
4.230877012014389038e-02
6.962975263595581055e-01
1.370469201356172562e-02
3.289530873298645020e-01
2.298357486724853516e-01
1.681982874870300293e-01
2.262051850557327271e-01
6.755592674016952515e-02
3.480237722396850586e-01
9.521976113319396973e-01
1.747441589832305908e-01
3.018767833709716797e-01
9.078411459922790527e-01
7.701006252318620682e-03
5.291005596518516541e-02
1.128269135951995850e-01
3.502236306667327881e-02
4.561249017715454102e-01
9.775936603546142578e-01
1.723732799291610718e-01
4.372968524694442749e-02
1.021880805492401123e-01
7.861518263816833496e-01
8.081261068582534790e-03
1.468531787395477295e-01
5.258289724588394165e-02
0.000000000000000000e+00
2.413851395249366760e-02
2.994063794612884521e-01
1.104107648134231567e-01
0.000000000000000000e+00
2.740824408829212189e-02
0.000000000000000000e+00
1.178955912590026855e+00
0.000000000000000000e+00
1.024951264262199402e-01
8.357401937246322632e-02
7.939313054084777832e-01
0.000000000000000000e+00
5.013244599103927612e-02
1.373616456985473633e-01
8.618393912911415100e-03
1.745202183723449707e+00
1.402456611394882202e-01
1.321440283209085464e-02
6.574175357818603516e-01
0.000000000000000000e+00
3.058602213859558105e-01
5.024133324623107910e-01
1.478031277656555176e-01
2.860447168350219727e-01
1.275552529841661453e-02
1.022000908851623535e-01
8.636081218719482422e-01
1.646832823753356934e+00
5.249044671654701233e-02
1.015472412109375000e+00
7.716029137372970581e-02
0.000000000000000000e+00
0.000000000000000000e+00
1.138963177800178528e-01
4.343355894088745117e-01
0.000000000000000000e+00
2.553179264068603516e-01
6.224796175956726074e-01
1.406069278717041016e+00
6.249366402626037598e-01
2.862996049225330353e-02
0.000000000000000000e+00
0.000000000000000000e+00
0.000000000000000000e+00
1.205386042594909668e+00
1.045649172738194466e-03
6.231613755226135254e-01
0.000000000000000000e+00
2.832572720944881439e-02
1.139109837822616100e-03
6.057859063148498535e-01
2.902735173702239990e-01
0.000000000000000000e+00
2.898488044738769531e-01
7.848596572875976562e-02
6.407575011253356934e-01
8.248236775398254395e-02
1.763052195310592651e-01
1.910320222377777100e-01
1.463346462696790695e-02
6.230010464787483215e-02
1.457624912261962891e+00
1.980731785297393799e-01
5.567324161529541016e-01
2.483997344970703125e-01
7.081913203001022339e-02
0.000000000000000000e+00
7.110956311225891113e-01
2.582997083663940430e+00
8.941352963447570801e-01
0.000000000000000000e+00
5.143204703927040100e-03
2.735442817211151123e-01
1.364659547805786133e+00
1.529165953397750854e-01
3.072262108325958252e-01
2.229913473129272461e-01
4.682490229606628418e-01
9.265284538269042969e-01
2.306216716766357422e+00
4.155719578266143799e-01
4.669893682003021240e-01
1.951651424169540405e-01
2.163366228342056274e-01
5.249772593379020691e-02
0.000000000000000000e+00
1.109608635306358337e-01
1.509225070476531982e-01
8.609760999679565430e-01
1.189890503883361816e-01
0.000000000000000000e+00
2.344657666981220245e-02
1.591889746487140656e-02
3.217214345932006836e-02
4.347790405154228210e-02
1.257710337638854980e+00
7.664646254852414131e-04
4.700175821781158447e-01
6.726524829864501953e-01
3.062929511070251465e-01
1.386847198009490967e-01
6.747940927743911743e-02
2.199730090796947479e-02
2.957057058811187744e-01
2.117975711822509766e+00
4.464952275156974792e-02
0.000000000000000000e+00
5.260166525840759277e-01
2.325639009475708008e+00
2.654639482498168945e-01
9.997765533626079559e-03
8.414232730865478516e-02
2.752679586410522461e-01
2.615712881088256836e-01
2.287845611572265625e-01
5.220361799001693726e-02
1.644516736268997192e-01
1.233926862478256226e-01
2.103243321180343628e-01
3.191957175731658936e-01
1.390624642372131348e-01
1.837932765483856201e-01
6.310299970209598541e-03
7.568760216236114502e-02
9.250553324818611145e-03
1.103771850466728210e-01
1.171530457213521004e-03
1.398665010929107666e-01
2.160375565290451050e-01
1.419626027345657349e-01
1.483854353427886963e-01
7.249319553375244141e-02
2.299290336668491364e-02
0.000000000000000000e+00
3.164406418800354004e-01
6.285351514816284180e-02
3.049885332584381104e-01
1.224353194236755371e+00
2.386291325092315674e-01
2.531350823119282722e-03
0.000000000000000000e+00
2.868135690689086914e+00
0.000000000000000000e+00
1.790896989405155182e-02
3.685798943042755127e-01
5.649836063385009766e-01
1.918594241142272949e-01
3.911812901496887207e-01
7.239779949188232422e+00
1.226863265037536621e-01
5.795158818364143372e-02
2.158663034439086914e+00
4.650850594043731689e-02
4.590453207492828369e-01
2.099848985671997070e-01
4.215315341949462891e+00
0.000000000000000000e+00
0.000000000000000000e+00
1.104129571467638016e-02
1.420807465910911560e-02
3.805628046393394470e-02
9.434671401977539062e-01
2.162541262805461884e-02
1.230575609952211380e-03
2.800618708133697510e-01
4.875379800796508789e-02
2.108200490474700928e-01
1.006349623203277588e-01
7.171563059091567993e-02
4.530499875545501709e-01
1.615686528384685516e-02
1.548250950872898102e-02
4.696854650974273682e-01
0.000000000000000000e+00
4.341028258204460144e-02
5.830411612987518311e-02
0.000000000000000000e+00
3.972090780735015869e-01
2.936749160289764404e-01
1.284700632095336914e+00
0.000000000000000000e+00
4.213960170745849609e-01
5.908806324005126953e-01
6.684439629316329956e-02
5.101732164621353149e-02
1.602147519588470459e-01
2.283078152686357498e-03
2.354771941900253296e-01
1.472660899162292480e-01
4.319941103458404541e-01
2.223011106252670288e-01
0.000000000000000000e+00
1.783589720726013184e-01
9.991816245019435883e-03
1.863477706909179688e+00
0.000000000000000000e+00
3.635212406516075134e-02
8.844603598117828369e-02
4.093909263610839844e-01
5.549997556954622269e-03
6.232611536979675293e-01
0.000000000000000000e+00
4.089096561074256897e-02
8.886590367183089256e-04
1.426147222518920898e-01
0.000000000000000000e+00
2.612712420523166656e-02
0.000000000000000000e+00
1.056155785918235779e-01
1.641566492617130280e-02
1.222383499145507812e+00
1.572715938091278076e-01
7.070882916450500488e-01
6.708461046218872070e-01
8.431203365325927734e-01
1.072865258902311325e-02
5.943701788783073425e-02
6.058197468519210815e-02
0.000000000000000000e+00
0.000000000000000000e+00
1.272151708602905273e+00
0.000000000000000000e+00
2.675882279872894287e-01
2.649132609367370605e-01
0.000000000000000000e+00
1.477929353713989258e-01
1.591941118240356445e-01
2.558910250663757324e-01
2.159650325775146484e+00
1.365106552839279175e-01
3.193544745445251465e-01
4.487817585468292236e-01
2.163912057876586914e-01
1.699333190917968750e+00
1.382907330989837646e-01
8.237475752830505371e-01
3.068221919238567352e-02
1.014099493622779846e-01
0.000000000000000000e+00
7.315104007720947266e-01
2.415603026747703552e-02
2.963020503520965576e-01
3.988837301731109619e-01
1.199652314186096191e+00
8.008159995079040527e-01
5.017530322074890137e-01
1.419191598892211914e+00
3.433780193328857422e+00
3.145860275253653526e-03
5.981867760419845581e-02
1.093835234642028809e-01
2.295593917369842529e-02
2.370706200599670410e-02
1.585258990526199341e-01
4.057964384555816650e-01
0.000000000000000000e+00
1.672729849815368652e+00
0.000000000000000000e+00
0.000000000000000000e+00
0.000000000000000000e+00
8.094547986984252930e-01
1.642876148223876953e+00
9.170500934123992920e-02
0.000000000000000000e+00
1.213698997162282467e-03
5.909142643213272095e-02
2.686622738838195801e-01
3.058560490608215332e-01
6.984503567218780518e-02
7.845614850521087646e-02
3.726859390735626221e-02
0.000000000000000000e+00
3.996926844120025635e-01
0.000000000000000000e+00
0.000000000000000000e+00
0.000000000000000000e+00
0.000000000000000000e+00
1.236574128270149231e-01
5.243800282478332520e-01
0.000000000000000000e+00
3.875989466905593872e-02
3.408601582050323486e-01
2.760363817214965820e-01
0.000000000000000000e+00
5.134331703186035156e+00
1.210665106773376465e+00
0.000000000000000000e+00
4.444493651390075684e-01
0.000000000000000000e+00
6.125636696815490723e-01
8.236417919397354126e-02
5.370409041643142700e-02
3.008229425176978111e-03
0.000000000000000000e+00
0.000000000000000000e+00
9.392163902521133423e-02
0.000000000000000000e+00
1.419500261545181274e-01
8.517413735389709473e-01
0.000000000000000000e+00
5.769969895482063293e-02
1.763818114995956421e-01
0.000000000000000000e+00
2.224467992782592773e+00
2.785962224006652832e-01
0.000000000000000000e+00
3.886647820472717285e-01
3.413084447383880615e-01
1.834493130445480347e-01
0.000000000000000000e+00
0.000000000000000000e+00
1.343406558036804199e+00
7.781792283058166504e-01
6.617618203163146973e-01
4.145712554454803467e-01
1.720682680606842041e-01
6.261424422264099121e-01
4.305956140160560608e-02
2.609485760331153870e-02
8.406132459640502930e-02
1.413883715867996216e-01
0.000000000000000000e+00
1.088448464870452881e-01
0.000000000000000000e+00
5.297710895538330078e-01
1.426533102989196777e+00
2.921062707901000977e-01
3.536278009414672852e-02
3.932524323463439941e-01
8.848739415407180786e-02
1.033260703086853027e+00
3.872260153293609619e-01
1.353719532489776611e-01
9.167096018791198730e-02
4.134609699249267578e-01
6.539949029684066772e-02
2.997547984123229980e-01
1.059334874153137207e+00
2.969316244125366211e-01
2.578449726104736328e+00
4.184917509555816650e-01
2.371345181018114090e-03
5.489505082368850708e-02
0.000000000000000000e+00
4.614389240741729736e-01
2.192205935716629028e-01
5.284729003906250000e-01
5.749314650893211365e-02
2.756884694099426270e-01
1.894503235816955566e-01
9.736702591180801392e-02
1.636012271046638489e-02
1.200033068656921387e+00
1.997412294149398804e-01
1.109693646430969238e-01
2.654784359037876129e-02
9.708507061004638672e-01
2.192516803741455078e+00
1.752459853887557983e-01
6.310530751943588257e-02
2.988531067967414856e-02
3.703435137867927551e-02
4.653200879693031311e-02
5.988202095031738281e-01
1.013209894299507141e-01
3.278072476387023926e-01
1.805713027715682983e-01
3.077633492648601532e-02
1.645108759403228760e-01
4.271985962986946106e-02
0.000000000000000000e+00
4.042463600635528564e-01
0.000000000000000000e+00
0.000000000000000000e+00
0.000000000000000000e+00
9.232787787914276123e-02
4.147749245166778564e-01
4.951382577419281006e-01
7.596054077148437500e-01
3.616431951522827148e-01
3.271620720624923706e-02
0.000000000000000000e+00
1.030965566635131836e+00
1.825330220162868500e-02
1.978056132793426514e-01
1.358761072158813477e+00
7.830908149480819702e-02
1.542978733777999878e-01
4.340260624885559082e-01
0.000000000000000000e+00
5.699311150237917900e-04
1.337789446115493774e-01
1.745037734508514404e-01
9.738665819168090820e-02
3.864306211471557617e-01
5.588915664702653885e-03
3.696711733937263489e-03
0.000000000000000000e+00
1.878916025161743164e-01
1.301997452974319458e-01
0.000000000000000000e+00
7.424056529998779297e-02
8.353278040885925293e-02
0.000000000000000000e+00
3.021505102515220642e-02
1.745041459798812866e-02
4.069236293435096741e-02
3.362876772880554199e-01
3.144090175628662109e-01
1.179561972618103027e+00
2.241089493036270142e-01
2.997809052467346191e-01
2.093721479177474976e-01
2.583472967147827148e+00
4.349672421813011169e-02
2.697723209857940674e-01
0.000000000000000000e+00
3.716992437839508057e-01
3.067757487297058105e-01
3.306509256362915039e-01
7.656378298997879028e-02
4.777808114886283875e-02
4.329045116901397705e-02
8.064081668853759766e-01
9.659825265407562256e-02
9.836836904287338257e-02
3.137085959315299988e-02
7.285163998603820801e-01
4.132598638534545898e-01
0.000000000000000000e+00
6.761438369750976562e+00
8.117792755365371704e-02
0.000000000000000000e+00
0.000000000000000000e+00
5.623412728309631348e-01
2.252049297094345093e-01
0.000000000000000000e+00
0.000000000000000000e+00
8.703310042619705200e-03
9.828495383262634277e-01
1.146894022822380066e-01
1.479791402816772461e-01
7.251700386404991150e-03
0.000000000000000000e+00
4.478591028600931168e-03
0.000000000000000000e+00
4.646009206771850586e-02
1.688570366241037846e-03
3.473868370056152344e-01
1.885611861944198608e-01
9.715373516082763672e-01
9.705807268619537354e-02
3.483088612556457520e-01
1.516220509074628353e-03
5.264350771903991699e-02
1.655600965023040771e-01
1.528535783290863037e-01
1.083739623427391052e-01
2.763078510761260986e-01
4.031183663755655289e-03
2.119069546461105347e-01
8.330287039279937744e-02
4.465949721634387970e-03
4.196273684501647949e-01
0.000000000000000000e+00
0.000000000000000000e+00
0.000000000000000000e+00
1.778253465890884399e-01
0.000000000000000000e+00
2.236925959587097168e-01
0.000000000000000000e+00
4.709896147251129150e-01
1.445728912949562073e-02
4.735796898603439331e-02
0.000000000000000000e+00
5.804399028420448303e-02
0.000000000000000000e+00
1.468899995088577271e-01
9.367142617702484131e-02
8.792998790740966797e-01
2.720278222113847733e-03
9.044647961854934692e-02
2.278054654598236084e-01
1.152280569076538086e+00
7.464724779129028320e-01
0.000000000000000000e+00
7.348763756453990936e-03
3.451751312240958214e-03
6.057433485984802246e-01
1.346419453620910645e-01
1.563881523907184601e-02
0.000000000000000000e+00
0.000000000000000000e+00
4.295026510953903198e-02
3.968302160501480103e-03
0.000000000000000000e+00
0.000000000000000000e+00
8.789427578449249268e-03
1.076162934303283691e+00
0.000000000000000000e+00
1.120097517967224121e+00
9.284801781177520752e-02
0.000000000000000000e+00
1.261599659919738770e-01
5.159398078918457031e+00
0.000000000000000000e+00
1.082150861620903015e-01
8.110753893852233887e-01
8.120513707399368286e-02
3.348899483680725098e-01
2.624262310564517975e-02
3.904417455196380615e-01
0.000000000000000000e+00
0.000000000000000000e+00
2.343325912952423096e-01
0.000000000000000000e+00
7.148074358701705933e-02
1.919231861829757690e-01
1.085619330406188965e-01
8.450367450714111328e-01
2.125713378190994263e-01
0.000000000000000000e+00
9.482946246862411499e-02
4.131378531455993652e-01
6.058179736137390137e-01
4.138046503067016602e-02
0.000000000000000000e+00
4.266412556171417236e-02
2.453261017799377441e-01
2.226526737213134766e-01
1.709292232990264893e-01
7.395980414003133774e-03
2.849353104829788208e-02
1.802893728017807007e-01
3.726046383380889893e-01
0.000000000000000000e+00
2.395438700914382935e-01
4.398096501827239990e-01
5.385022759437561035e-01
0.000000000000000000e+00
4.894208312034606934e-01
8.225606679916381836e-01
6.093214154243469238e-01
0.000000000000000000e+00
3.692524507641792297e-02
3.702668547630310059e-01
2.912665605545043945e-01
1.091478824615478516e+00
7.828575372695922852e-02
0.000000000000000000e+00
1.502026915550231934e+00
3.296459093689918518e-02
1.141118764877319336e+00
9.322658181190490723e-02
0.000000000000000000e+00
6.825732588768005371e-01
1.787649393081665039e-01
9.575776755809783936e-02
4.483144730329513550e-02
1.171519234776496887e-01
1.785274446010589600e-01
4.527742415666580200e-02
5.474277138710021973e-01
4.369179718196392059e-03
7.751175761222839355e-02
7.405891269445419312e-02
3.330476349219679832e-03
4.117484018206596375e-02
2.532035112380981445e-01
4.361697286367416382e-02
2.794799581170082092e-02
4.594700783491134644e-02
1.786351501941680908e-01
5.597742199897766113e-01
1.363941584713757038e-03
8.859224617481231689e-02
8.354359865188598633e-02
7.875317931175231934e-01
9.312910586595535278e-02
1.951286941766738892e-02
0.000000000000000000e+00
1.861632615327835083e-01
1.934045553207397461e+00
8.049731701612472534e-02
9.731858223676681519e-02
1.634373217821121216e-01
1.244104266166687012e+00
5.373380780220031738e-01
1.058991812169551849e-02
3.492772579193115234e-02
1.058250546455383301e+00
0.000000000000000000e+00
3.197831809520721436e-01
3.173611164093017578e-01
3.424507379531860352e-02
0.000000000000000000e+00
0.000000000000000000e+00
6.468084454536437988e-02
2.176548913121223450e-02
8.664398789405822754e-01
0.000000000000000000e+00
1.264914423227310181e-01
2.336186766624450684e-01
0.000000000000000000e+00
2.093463204801082611e-02
2.082581818103790283e-02
8.196104168891906738e-01
0.000000000000000000e+00
1.254548281431198120e-01
1.948647797107696533e-01
3.177884500473737717e-03
0.000000000000000000e+00
2.241574041545391083e-02
3.345914185047149658e-01
4.212030768394470215e-01
0.000000000000000000e+00
0.000000000000000000e+00
0.000000000000000000e+00
0.000000000000000000e+00
0.000000000000000000e+00
9.715226292610168457e-02
1.567075103521347046e-01
0.000000000000000000e+00
1.605037331581115723e+00
2.906096279621124268e-01
2.018462419509887695e+00
5.898257344961166382e-02
1.003701329231262207e+00
2.423806115984916687e-02
0.000000000000000000e+00
1.838220059871673584e-01
1.619277521967887878e-02
1.557657308876514435e-02
0.000000000000000000e+00
7.706637382507324219e-01
2.679526619613170624e-02
0.000000000000000000e+00
0.000000000000000000e+00
1.101027488708496094e+00
0.000000000000000000e+00
0.000000000000000000e+00
2.833506762981414795e-01
1.896463632583618164e-01
3.835933208465576172e-01
5.444898735731840134e-03
0.000000000000000000e+00
8.633336424827575684e-02
2.602557241916656494e-01
5.353961139917373657e-02
8.068573474884033203e-01
1.177618652582168579e-01
1.530870348215103149e-01
0.000000000000000000e+00
1.943508088588714600e-01
0.000000000000000000e+00
4.673789441585540771e-02
2.706925868988037109e-01
4.692914783954620361e-01
4.198615550994873047e-01
2.943620085716247559e-01
3.118402324616909027e-02
5.087062343955039978e-02
3.642472624778747559e-01
1.284929752349853516e+00
6.213504076004028320e-01
1.731804013252258301e-01
0.000000000000000000e+00
0.000000000000000000e+00
0.000000000000000000e+00
0.000000000000000000e+00
4.957890808582305908e-01
5.095109939575195312e-01
3.124172091484069824e-01
4.596981406211853027e-01
4.107011109590530396e-02
7.683128584176301956e-03
6.894887089729309082e-01
1.401366144418716431e-01
3.939799964427947998e-02
6.746159791946411133e-01
1.671441197395324707e-01
0.000000000000000000e+00
5.839412212371826172e-01
1.160290464758872986e-01
1.020684838294982910e+00
2.913646697998046875e-01
1.575217545032501221e-01
1.523747593164443970e-01
9.172925949096679688e-01
1.884822696447372437e-01
0.000000000000000000e+00
4.110234603285789490e-02
0.000000000000000000e+00
2.157051116228103638e-01
0.000000000000000000e+00
3.476784229278564453e-01
2.944608330726623535e-01
1.087047010660171509e-01
2.383505702018737793e-01
3.128221929073333740e-01
3.489663302898406982e-01
8.988542109727859497e-02
7.276398688554763794e-02
5.390954017639160156e-01
1.136272072792053223e+00
5.620564818382263184e-01
7.464463822543621063e-03
7.754589617252349854e-02
1.644350141286849976e-01
6.400506198406219482e-02
2.502423226833343506e-01
1.600246503949165344e-02
2.079519331455230713e-01
1.524558216333389282e-01
8.687991499900817871e-01
8.826885372400283813e-02
5.540236830711364746e-01
1.670398861169815063e-01
4.713055789470672607e-01
6.122731566429138184e-01
2.534313797950744629e-01
8.191770873963832855e-03
9.726559370756149292e-02
3.464388132095336914e+00
4.564964175224304199e-01
2.388439029455184937e-01
2.337892055511474609e-01
0.000000000000000000e+00
0.000000000000000000e+00
7.472307085990905762e-01
0.000000000000000000e+00
2.394465446472167969e+00
7.050957083702087402e-01
0.000000000000000000e+00
2.097719013690948486e-01
0.000000000000000000e+00
6.116643175482749939e-02
0.000000000000000000e+00
6.192896980792284012e-03
7.856877893209457397e-02
3.949975967407226562e-02
5.907265469431877136e-02
5.534978508949279785e-01
1.823837459087371826e-01
0.000000000000000000e+00
0.000000000000000000e+00
3.528900444507598877e-01
1.199293974786996841e-02
1.426932811737060547e+00
8.002883195877075195e-02
1.400180906057357788e-01
1.100284978747367859e-01
0.000000000000000000e+00
2.785534262657165527e-01
8.341102302074432373e-02
0.000000000000000000e+00
0.000000000000000000e+00
2.134424149990081787e-01
2.499083280563354492e-01
1.078021883964538574e+00
7.621646672487258911e-02
5.469495058059692383e-02
1.578608602285385132e-01
0.000000000000000000e+00
3.524219095706939697e-01
2.300163358449935913e-01
6.268171221017837524e-02
0.000000000000000000e+00
7.468577623367309570e-01
0.000000000000000000e+00
2.287628129124641418e-02
5.430666729807853699e-02
2.250391244888305664e-01
3.250139653682708740e-01
0.000000000000000000e+00
6.875754147768020630e-02
0.000000000000000000e+00
9.220839738845825195e-01
0.000000000000000000e+00
6.755242347717285156e-01
2.011754810810089111e-01
0.000000000000000000e+00
1.860002726316452026e-01
3.863334953784942627e-01
4.658368825912475586e-01
4.830894991755485535e-02
3.991148769855499268e-01
6.373795270919799805e-01
1.630550250411033630e-02
2.496005780994892120e-02
0.000000000000000000e+00
1.274519860744476318e-01
3.954688012599945068e-01
2.760531902313232422e-01
9.606989622116088867e-01
1.985067576169967651e-01
4.757437109947204590e-01
0.000000000000000000e+00
1.283438652753829956e-01
8.681254833936691284e-02
0.000000000000000000e+00
9.758163988590240479e-02
4.932106286287307739e-02
5.015013813972473145e-01
8.824458122253417969e-01
4.489821195602416992e-02
5.375568270683288574e-01
0.000000000000000000e+00
7.916138172149658203e-01
4.959308728575706482e-02
5.170046351850032806e-04
0.000000000000000000e+00
9.542378187179565430e-01
9.317005984485149384e-03
1.912573575973510742e-01
4.871385395526885986e-01
0.000000000000000000e+00
9.179756790399551392e-02
8.560618758201599121e-02
0.000000000000000000e+00
1.998276233673095703e+00
2.120915502309799194e-01
3.988874144852161407e-03
6.796211004257202148e-01
3.406254202127456665e-02
5.230792164802551270e-01
4.864378273487091064e-01
0.000000000000000000e+00
4.406678676605224609e+00
7.630836963653564453e-02
0.000000000000000000e+00
2.986119652632623911e-04
2.914487421512603760e-01
7.223993539810180664e-01
1.094310045242309570e+00
0.000000000000000000e+00
0.000000000000000000e+00
1.212912499904632568e-01
1.683762192726135254e+00
5.777722597122192383e-02
2.199010923504829407e-02
7.994297891855239868e-02
0.000000000000000000e+00
7.336031794548034668e-01
1.346745342016220093e-02
4.511512070894241333e-02
3.708932101726531982e-01
1.495593786239624023e-01
2.120302021503448486e-01
8.732361793518066406e-01
1.203374117612838745e-01
0.000000000000000000e+00
7.805624008178710938e-01
8.180938661098480225e-02
0.000000000000000000e+00
1.914922031573951244e-03
6.822766363620758057e-02
2.086390256881713867e-01
7.641894221305847168e-01
9.585691690444946289e-01
0.000000000000000000e+00
8.249223232269287109e-02
4.838296473026275635e-01
7.735259532928466797e-01
3.454826399683952332e-02
2.028186991810798645e-02
5.601965636014938354e-02
3.175066038966178894e-02
1.751319169998168945e-01
1.675751924514770508e+00
0.000000000000000000e+00
5.641760230064392090e-01
0.000000000000000000e+00
1.194384843111038208e-01
5.301486253738403320e-01
4.594780445098876953e+00
3.106844127178192139e-01
6.942428648471832275e-02
8.554950356483459473e-02
4.767486080527305603e-02
1.857541315257549286e-02
2.598121166229248047e-01
3.643875196576118469e-02
6.983975321054458618e-02
2.301927804946899414e+00
9.424117207527160645e-01
5.268985033035278320e-01
9.141143411397933960e-03
2.333833724260330200e-01
1.281643033027648926e+00
0.000000000000000000e+00
4.335289448499679565e-02
0.000000000000000000e+00
6.661414504051208496e-01
3.811952769756317139e-01
1.346297264099121094e+00
2.790791727602481842e-02
4.416276216506958008e-01
7.430474460124969482e-02
1.568597368896007538e-02
0.000000000000000000e+00
4.780946969985961914e-01
5.166341662406921387e-01
1.746299862861633301e-01
2.067073583602905273e-01
2.102876752614974976e-01
4.816202819347381592e-01
1.315214633941650391e-01
2.964091300964355469e-01
9.478403329849243164e-01
6.081250030547380447e-03
5.887753143906593323e-02
1.066110968589782715e+00
5.837302207946777344e-01
2.518342137336730957e-01
6.912088394165039062e-01
1.933570355176925659e-01
3.605635138228535652e-03
8.465302735567092896e-02
0.000000000000000000e+00
4.065176844596862793e-02
7.053996622562408447e-02
0.000000000000000000e+00
8.642038702964782715e-01
7.569698244333267212e-02
2.935465797781944275e-02
3.622542917728424072e-01
2.836976945400238037e-02
7.592642307281494141e-02
0.000000000000000000e+00
0.000000000000000000e+00
1.665280610322952271e-01
4.723023623228073120e-03
4.210555851459503174e-01
8.336777240037918091e-02
1.269493401050567627e-01
2.534779906272888184e-01
4.082812368869781494e-01
1.143553629517555237e-01
4.025273621082305908e-01
7.152243517339229584e-03
1.236451864242553711e+00
1.806620508432388306e-01
9.365676045417785645e-01
9.432469606399536133e-01
0.000000000000000000e+00
0.000000000000000000e+00
1.872839219868183136e-02
0.000000000000000000e+00
1.068647623062133789e+00
0.000000000000000000e+00
1.203933954238891602e+00
2.116325199604034424e-01
2.499892115592956543e-01
1.539442986249923706e-01
7.013591378927230835e-02
4.549576435238122940e-03
1.196916699409484863e-01
1.338843256235122681e-01
3.230329751968383789e-01
4.467398226261138916e-01
0.000000000000000000e+00
0.000000000000000000e+00
0.000000000000000000e+00
0.000000000000000000e+00
4.153806865215301514e-01
1.943954378366470337e-01
6.954428553581237793e-02
9.012452960014343262e-01
3.615809231996536255e-02
1.270843483507633209e-02
1.115010619163513184e+00
7.138127833604812622e-02
4.025490283966064453e-01
0.000000000000000000e+00
0.000000000000000000e+00
6.616146564483642578e-01
9.148938059806823730e-01
5.604623258113861084e-02
9.280478954315185547e-02
1.295610796660184860e-02
3.206205740571022034e-02
1.207742393016815186e-01
1.550766825675964355e-01
1.469671010971069336e+00
0.000000000000000000e+00
0.000000000000000000e+00
1.476536989212036133e-01
3.940526545047760010e-01
1.116651147603988647e-01
2.939088037237524986e-03
8.397352881729602814e-03
3.929153084754943848e-02
7.179191708564758301e-01
5.751033425331115723e-01
1.642180085182189941e-01
0.000000000000000000e+00
1.205803975462913513e-01
0.000000000000000000e+00
6.365615725517272949e-01
8.765214681625366211e-01
1.834853291511535645e-01
3.663757815957069397e-02
1.076113343238830566e+00
1.888331621885299683e-01
1.805087178945541382e-01
4.003077149391174316e-01
2.017410248517990112e-01
1.277881953865289688e-02
8.101996779441833496e-02
0.000000000000000000e+00
8.003690838813781738e-01
1.646027527749538422e-02
0.000000000000000000e+00
1.998669095337390900e-02
4.302460551261901855e-01
0.000000000000000000e+00
0.000000000000000000e+00
0.000000000000000000e+00
9.974644780158996582e-01
5.621922202408313751e-03
1.929821074008941650e-01
0.000000000000000000e+00
1.171650812029838562e-01
5.447389483451843262e-01
0.000000000000000000e+00
0.000000000000000000e+00
0.000000000000000000e+00
5.815157294273376465e-02
0.000000000000000000e+00
2.402353435754776001e-01
9.698264598846435547e-01
6.354978680610656738e-02
3.626989722251892090e-01
4.224292933940887451e-02
8.460006117820739746e-02
0.000000000000000000e+00
0.000000000000000000e+00
1.422029018402099609e+00
3.051483035087585449e-01
1.432535886764526367e+00
1.620981335639953613e+00
5.698196589946746826e-03
1.962362825870513916e-01
8.686976432800292969e-01
3.478110954165458679e-02
2.186609804630279541e-01
4.335932433605194092e-01
5.303655192255973816e-02
1.414511501789093018e-01
6.897947937250137329e-02
2.956817150115966797e-01
3.689667582511901855e-01
0.000000000000000000e+00
0.000000000000000000e+00
0.000000000000000000e+00
0.000000000000000000e+00
5.526406764984130859e-01
0.000000000000000000e+00
0.000000000000000000e+00
1.883710734546184540e-02
4.474982738494873047e+00
1.353371609002351761e-02
3.073381185531616211e+00
3.674180507659912109e-01
4.662790596485137939e-01
3.156722187995910645e-01
9.642985463142395020e-02
9.998051077127456665e-02
8.856319785118103027e-01
1.762877851724624634e-01
1.442170590162277222e-01
2.654946446418762207e-01
2.083215862512588501e-01
1.219121292233467102e-01
1.930506825447082520e-01
3.075161933898925781e+00
1.469630599021911621e-01
0.000000000000000000e+00
4.190552234649658203e-01
1.307586580514907837e-01
0.000000000000000000e+00
2.245364487171173096e-01
8.041066527366638184e-01
6.220355257391929626e-02
1.178473830223083496e+00
3.301147818565368652e-01
0.000000000000000000e+00
2.428650408983230591e-01
0.000000000000000000e+00
2.335340529680252075e-01
2.525781840085983276e-02
0.000000000000000000e+00
2.940806001424789429e-02
2.311597764492034912e-01
2.275354415178298950e-01
0.000000000000000000e+00
1.525891304016113281e+00
0.000000000000000000e+00
4.369360208511352539e-01
9.471824020147323608e-02
7.288099080324172974e-02
1.482736319303512573e-02
0.000000000000000000e+00
2.294722050428390503e-01
6.693755388259887695e-01
7.520640492439270020e-01
6.306284666061401367e-01
8.889772891998291016e-01
3.636697232723236084e-01
1.368794083595275879e+00
9.880249947309494019e-02
6.323564648628234863e-01
0.000000000000000000e+00
1.306377530097961426e+00
1.099345907568931580e-01
9.375495910644531250e-01
2.144184261560440063e-01
1.268463969230651855e+00
1.179871797561645508e+00
1.230467297136783600e-02
6.634976863861083984e-01
4.038825631141662598e-01
4.192018806934356689e-01
2.878948152065277100e-01
7.981577888131141663e-03
4.501321613788604736e-01
2.648005448281764984e-02
4.569917023181915283e-01
9.890649467706680298e-02
1.668019592761993408e-02
9.488791227340698242e-02
0.000000000000000000e+00
1.050262153148651123e-01
1.445972323417663574e-01
9.266265630722045898e-01
7.457002997398376465e-02
4.538060426712036133e-01
1.898388713598251343e-01
1.744961887598037720e-01
3.193986788392066956e-02
1.664668507874011993e-02
1.243859604001045227e-01
7.884445786476135254e-01
2.415747195482254028e-01
1.696036010980606079e-02
3.645501732826232910e-01
0.000000000000000000e+00
3.536456823348999023e-02
8.259257674217224121e-01
2.442503422498703003e-01
6.810370087623596191e-02
7.156414538621902466e-02
5.383580923080444336e-01
6.485194433480501175e-03
1.385652869939804077e-01
4.879381179809570312e+00
2.579324180260300636e-03
5.437964797019958496e-01
1.161392927169799805e-01
0.000000000000000000e+00
8.442204594612121582e-01
3.107099235057830811e-01
1.289884001016616821e-01
1.862913370132446289e-01
4.291504621505737305e-02
7.228504180908203125e+00
4.335690438747406006e-01
2.782790362834930420e-02
1.396407335996627808e-01
0.000000000000000000e+00
4.144512116909027100e-01
4.294501617550849915e-02
2.818170934915542603e-03
8.063080310821533203e-01
1.710920482873916626e-01
1.054686903953552246e-01
0.000000000000000000e+00
2.507220022380352020e-02
4.847429990768432617e-01
0.000000000000000000e+00
2.598691582679748535e-01
1.125242486596107483e-01
6.385929882526397705e-02
9.142577648162841797e-02
1.491585612297058105e+00
9.371300786733627319e-02
6.714226305484771729e-02
5.802606940269470215e-01
4.681222140789031982e-01
2.875042892992496490e-02
3.427154123783111572e-01
5.180747509002685547e-01
0.000000000000000000e+00
3.624018132686614990e-01
0.000000000000000000e+00
2.252785116434097290e-02
0.000000000000000000e+00
0.000000000000000000e+00
2.299244403839111328e-01
0.000000000000000000e+00
7.391975820064544678e-02
0.000000000000000000e+00
9.050766937434673309e-03
7.504102995881112292e-06
0.000000000000000000e+00
5.112980604171752930e-01
1.797835230827331543e-01
3.469946980476379395e-01
4.223106503486633301e-01
9.354995563626289368e-03
1.842570453882217407e-01
1.379605382680892944e-01
3.291782140731811523e-01
1.322793066501617432e-01
1.059735752642154694e-02
3.518869876861572266e-01
7.088774442672729492e-02
3.396276384592056274e-02
7.296727299690246582e-01
6.319561041891574860e-03
3.600208759307861328e+00
6.861630082130432129e-01
7.624103222042322159e-03
1.233404874801635742e+00
1.011373922228813171e-01
1.300704777240753174e-01
1.049666702747344971e-01
3.143878579139709473e-01
1.446692347526550293e-01
8.097374439239501953e-01
7.758154869079589844e-01
7.900649309158325195e-01
1.686681061983108521e-02
3.336846828460693359e-02
8.744399547576904297e-01
9.877657145261764526e-02
1.231146324425935745e-02
3.411969244480133057e-01
6.548339035362005234e-03
1.605962961912155151e-01
1.345375031232833862e-01
0.000000000000000000e+00
8.718293160200119019e-02
8.830756694078445435e-02
0.000000000000000000e+00
2.863851189613342285e-01
1.368925869464874268e-01
2.804205194115638733e-02
4.667323082685470581e-02
7.312617301940917969e-01
4.997607767581939697e-01
7.310678809881210327e-02
2.059142827987670898e+00
2.243521362543106079e-01
1.160836894996464252e-03
2.542970180511474609e-01
2.523599267005920410e-01
2.241662889719009399e-01
3.504458069801330566e-01
1.626364141702651978e-01
4.901495575904846191e-02
1.314499415457248688e-02
7.440411299467086792e-02
5.928964912891387939e-02
0.000000000000000000e+00
5.381580591201782227e-01
7.586132884025573730e-01
5.088392645120620728e-02
1.323536969721317291e-03
5.713802576065063477e-02
5.278232097625732422e-01
8.129124641418457031e-01
0.000000000000000000e+00
1.738948822021484375e-01
2.537948824465274811e-02
5.424219369888305664e-02
1.576362848281860352e-01
3.596962988376617432e-01
5.488340184092521667e-02
0.000000000000000000e+00
7.454498112201690674e-02
8.651232123374938965e-01
3.962517082691192627e-01
1.081612706184387207e-01
1.414557248353958130e-01
4.310834407806396484e-01
3.353093266487121582e-01
4.878104850649833679e-02
5.517689511179924011e-03
5.387369394302368164e-01
6.711775064468383789e-01
6.738487631082534790e-03
6.191231310367584229e-02
8.848744034767150879e-01
1.971615701913833618e-01
1.366587877273559570e-01
2.519603073596954346e-01
2.937695942819118500e-02
2.413354218006134033e-01
4.176146164536476135e-02
1.244552992284297943e-02
5.037505626678466797e-01
1.623900979757308960e-01
0.000000000000000000e+00
2.246612496674060822e-02
3.222905797883868217e-03
7.564157713204622269e-04
1.131475046277046204e-01
1.098765730857849121e+00
2.669930458068847656e-02
0.000000000000000000e+00
3.160008415579795837e-02
1.781232953071594238e-01
4.913518726825714111e-01
2.330068685114383698e-02
0.000000000000000000e+00
5.491434782743453979e-02
1.246011734008789062e+00
1.689825654029846191e-01
0.000000000000000000e+00
3.208718299865722656e-01
1.108805537223815918e+00
0.000000000000000000e+00
1.381552815437316895e-01
0.000000000000000000e+00
2.341733694076538086e+00
3.688427060842514038e-02
4.028205573558807373e-01
0.000000000000000000e+00
2.590561471879482269e-02
0.000000000000000000e+00
1.719282120466232300e-01
6.242593526840209961e-01
1.054007887840270996e+00
2.303581684827804565e-01
6.082411408424377441e-01
0.000000000000000000e+00
8.261399716138839722e-02
9.988818168640136719e-01
1.776530742645263672e-01
8.703339099884033203e-02
4.435538128018379211e-02
5.796848982572555542e-02
2.397520780563354492e+00
5.563636422157287598e-01
2.620919942855834961e-01
1.185320377349853516e+00
2.958383262157440186e-01
2.489025332033634186e-02
0.000000000000000000e+00
5.971056222915649414e-02
9.969845414161682129e-02
3.862893283367156982e-01
6.534195691347122192e-02
1.568804979324340820e-01
1.830397993326187134e-01
0.000000000000000000e+00
1.608237862586975098e+00
1.185060758143663406e-02
5.122150778770446777e-01
3.524112403392791748e-01
7.599678635597229004e-02
0.000000000000000000e+00
1.366980671882629395e+00
5.757687147706747055e-03
1.693399846553802490e-01
2.055351994931697845e-02
3.219685077667236328e+00
1.871236562728881836e-01
0.000000000000000000e+00
4.399926066398620605e-01
0.000000000000000000e+00
5.917944908142089844e-01
1.683847904205322266e-01
1.272926330566406250e+00
1.814522035419940948e-02
1.087962538003921509e-01
6.020248308777809143e-02
4.960305988788604736e-02
2.464670501649379730e-02
3.151800855994224548e-02
3.683298081159591675e-02
5.679097026586532593e-02
3.724857568740844727e-01
4.417031630873680115e-02
0.000000000000000000e+00
1.554691116325557232e-03
1.439034044742584229e-01
0.000000000000000000e+00
9.144203066825866699e-01
5.235709995031356812e-02
1.903329342603683472e-01
1.280592083930969238e-01
1.609289646148681641e-01
9.534692764282226562e-01
1.115578263998031616e-01
2.333913147449493408e-01
0.000000000000000000e+00
0.000000000000000000e+00
1.516999006271362305e-01
0.000000000000000000e+00
0.000000000000000000e+00
9.320167452096939087e-02
1.658953726291656494e-02
1.141406074166297913e-01
8.060100078582763672e-01
5.409056693315505981e-02
5.457123517990112305e-01
4.366211891174316406e+00
8.843614906072616577e-02
1.064937212504446507e-03
6.626986265182495117e-01
5.656929016113281250e-01
8.267546445131301880e-02
1.160921994596719742e-02
6.037109494209289551e-01
8.459315896034240723e-01
0.000000000000000000e+00
1.915053278207778931e-01
2.624374069273471832e-02
0.000000000000000000e+00
3.080368041992187500e-01
0.000000000000000000e+00
2.257820367813110352e-01
2.082102596759796143e-01
5.192399397492408752e-02
1.143618896603584290e-01
0.000000000000000000e+00
1.879685819149017334e-01
0.000000000000000000e+00
1.155710965394973755e-02
1.371392160654067993e-01
0.000000000000000000e+00
3.283675909042358398e-01
4.814084172248840332e-01
1.845294386148452759e-01
2.283300273120403290e-02
6.795683875679969788e-04
0.000000000000000000e+00
5.667187273502349854e-02
4.413287341594696045e-02
0.000000000000000000e+00
7.136198878288269043e-02
0.000000000000000000e+00
2.231972366571426392e-01
1.450108289718627930e-01
5.471234321594238281e-01
5.349234938621520996e-01
3.692126646637916565e-02
2.471262123435735703e-03
1.186429262161254883e-01
9.537226706743240356e-02
9.342379122972488403e-02
6.195762753486633301e-01
4.356566071510314941e-02
5.377466678619384766e-01
4.356936551630496979e-03
1.793565601110458374e-02
5.007696151733398438e-02
1.209707651287317276e-02
8.266021031886339188e-04
1.353967785835266113e+00
1.005436062812805176e+00
8.990713208913803101e-02
2.035178691148757935e-01
2.472787350416183472e-01
4.856643974781036377e-01
2.694234251976013184e-02
1.874160021543502808e-02
6.784125566482543945e-01
5.967944264411926270e-01
2.892218232154846191e-01
2.928627133369445801e-01
4.249253273010253906e-01
8.142919279634952545e-03
0.000000000000000000e+00
2.452682554721832275e-01
1.678376086056232452e-02
8.095914125442504883e-02
1.623005717992782593e-01
2.048269100487232208e-02
1.302089691162109375e-01
1.039960026741027832e+00
2.319957733154296875e+00
0.000000000000000000e+00
0.000000000000000000e+00
3.442405760288238525e-01
9.902747869491577148e-01
8.754629641771316528e-02
1.151880174875259399e-01
4.720536991953849792e-03
0.000000000000000000e+00
4.540154635906219482e-01
0.000000000000000000e+00
3.689761161804199219e-01
1.152962684631347656e+00
1.826964974403381348e+00
4.944650232791900635e-01
0.000000000000000000e+00
1.081291556358337402e+00
2.496469207108020782e-02
9.490972757339477539e-01
5.618352442979812622e-02
4.878581315279006958e-02
6.876327563077211380e-03
0.000000000000000000e+00
1.201709965243935585e-03
1.541789248585700989e-02
0.000000000000000000e+00
2.776107052341103554e-03
1.009978074580430984e-02
1.768921762704849243e-01
0.000000000000000000e+00
1.603641510009765625e-01
7.071421295404434204e-02
0.000000000000000000e+00
1.227960348129272461e+00
5.770827457308769226e-02
5.805161595344543457e-02
0.000000000000000000e+00
1.671573221683502197e-01
5.380547046661376953e-01
1.719808340072631836e+00
7.827247679233551025e-02
3.907294869422912598e-01
1.662774756550788879e-02
1.418839573860168457e+00
2.313947439193725586e+00
9.338998794555664062e-02
1.020219707489013672e+01
9.830502420663833618e-02
2.703943252563476562e-01
5.782236810773611069e-03
3.071502782404422760e-02
3.023781776428222656e-01
1.474809169769287109e+00
1.464451402425765991e-01
1.699766367673873901e-01
3.599711358547210693e-01
1.874427427537739277e-03
2.474259734153747559e-01
7.425216436386108398e-01
1.429705172777175903e-01
1.690856069326400757e-01
7.555451393127441406e-01
4.512804560363292694e-03
5.595746040344238281e-01
0.000000000000000000e+00
0.000000000000000000e+00
2.951585650444030762e-01
1.765705063007771969e-03
0.000000000000000000e+00
2.504487521946430206e-03
0.000000000000000000e+00
3.300177156925201416e-01
5.897870287299156189e-02
1.612752199172973633e+00
2.701755464076995850e-01
9.463909082114696503e-03
1.202934741973876953e+00
1.282815486192703247e-01
6.375590562820434570e-01
9.361556768417358398e-01
9.241087734699249268e-02
4.910082090646028519e-03
1.296476647257804871e-02
1.316062569618225098e+00
0.000000000000000000e+00
5.104973316192626953e-01
4.206251502037048340e-01
3.421658575534820557e-01
4.010729193687438965e-01
3.600651919841766357e-01
4.736332893371582031e-01
1.223709806799888611e-01
4.187506735324859619e-01
3.262748956680297852e+00
4.963871955871582031e+00
1.721289753913879395e-02
5.852186083793640137e-01
2.361743301153182983e-01
2.506129145622253418e-01
0.000000000000000000e+00
7.099074870347976685e-02
4.195993766188621521e-02
1.916679181158542633e-02
1.722438335418701172e-01
5.840864777565002441e-02
5.684330463409423828e-01
3.990085721015930176e-01
7.245630621910095215e-01
3.307013511657714844e-01
5.354311466217041016e-01
1.858498901128768921e-02
1.100695356726646423e-01
1.149672493338584900e-01
6.456055045127868652e-01
3.646588921546936035e-01
1.025141239166259766e+00
2.910543978214263916e-02
2.694055736064910889e-01
3.273611366748809814e-01
3.642200529575347900e-01
6.866656541824340820e-01
1.824025996029376984e-02
9.959388971328735352e-01
0.000000000000000000e+00
3.046858012676239014e-01
3.489497676491737366e-02
1.938153654336929321e-01
6.456243991851806641e-02
0.000000000000000000e+00
0.000000000000000000e+00
6.136792898178100586e-01
3.712275251746177673e-02
2.449862100183963776e-02
4.217962026596069336e-01
1.691146790981292725e-01
7.506027817726135254e-02
2.027675807476043701e-01
6.794166564941406250e-02
8.946716785430908203e-01
8.472515270113945007e-03
0.000000000000000000e+00
1.489589452743530273e+00
2.103922367095947266e-01
3.845307528972625732e-01
8.522360026836395264e-02
0.000000000000000000e+00
4.749293327331542969e+00
0.000000000000000000e+00
3.121429681777954102e-01
3.681311756372451782e-02
1.279174238443374634e-01
2.172689326107501984e-02
8.724279701709747314e-03
3.313463646918535233e-03
1.141378656029701233e-01
8.991424441337585449e-01
0.000000000000000000e+00
5.076961219310760498e-02
7.134473323822021484e-01
2.840351760387420654e-01
0.000000000000000000e+00
4.553934335708618164e-01
3.713085874915122986e-02
6.887285113334655762e-01
1.949878782033920288e-01
1.778708994388580322e-01
2.614866197109222412e-01
0.000000000000000000e+00
1.280304789543151855e-01
4.994910061359405518e-01
