0.000000000000000000e+00
5.194360613822937012e-01
1.473096609115600586e-01
3.067553788423538208e-02
1.209926009178161621e-01
1.853230036795139313e-02
6.886086463928222656e-01
1.985965669155120850e-01
1.875947713851928711e+00
2.215501666069030762e-02
3.634276092052459717e-01
9.247338175773620605e-01
2.162185162305831909e-01
4.696455895900726318e-01
0.000000000000000000e+00
2.160914540290832520e-01
1.041349172592163086e+00
7.102996110916137695e-01
1.601403653621673584e-01
5.978605151176452637e-01
2.059724926948547363e-02
2.920469560194760561e-04
4.224640130996704102e-02
2.119223028421401978e-02
8.003072738647460938e-01
5.038296431303024292e-02
8.351104259490966797e-01
2.870905101299285889e-01
2.197507768869400024e-01
1.735183149576187134e-01
4.165941774845123291e-01
5.488395214080810547e+00
4.865862429141998291e-02
2.549225986003875732e-01
3.357283174991607666e-01
1.072460785508155823e-01
3.110015951097011566e-02
3.442060947418212891e-01
2.747421897947788239e-02
7.679331302642822266e-01
1.942695736885070801e+00
1.306530535221099854e-01
0.000000000000000000e+00
1.812805175781250000e+00
0.000000000000000000e+00
3.579649627208709717e-01
1.399131864309310913e-01
6.693811714649200439e-02
3.587346673011779785e-01
8.825650811195373535e-02
8.725378662347793579e-02
3.945360481739044189e-01
1.463398616760969162e-02
2.575962543487548828e-01
4.792278707027435303e-01
2.054151706397533417e-02
0.000000000000000000e+00
5.560496821999549866e-02
3.480748273432254791e-03
7.958918809890747070e-01
3.897574916481971741e-02
1.181760072708129883e+00
1.266250371932983398e+00
0.000000000000000000e+00
1.817448616027832031e+00
6.394454836845397949e-01
6.755900979042053223e-01
4.995563983917236328e+00
1.584831625223159790e-01
2.117675691843032837e-01
2.425540447235107422e+00
2.602308392524719238e-01
0.000000000000000000e+00
4.795402288436889648e-01
2.730379346758127213e-03
1.448257803916931152e+00
1.207430884242057800e-01
4.999927058815956116e-02
2.424013376235961914e+00
3.103086650371551514e-01
4.097023606300354004e-02
4.813243448734283447e-01
3.812795877456665039e-02
1.134268715977668762e-01
2.396845668554306030e-01
1.509479582309722900e-01
1.417323350906372070e-01
1.669521257281303406e-02
0.000000000000000000e+00
6.019579991698265076e-02
1.983185261487960815e-01
3.184422850608825684e-01
2.085714833810925484e-03
8.927561342716217041e-03
1.922491788864135742e-01
6.178051233291625977e-02
3.140947520732879639e-01
8.212072253227233887e-01
3.289018392562866211e+00
1.480017185211181641e+00
0.000000000000000000e+00
2.981785237789154053e-01
1.315562486648559570e+00
8.206185102462768555e-01
1.102801710367202759e-01
1.770446151494979858e-01
3.312152028083801270e-01
8.477301336824893951e-03
0.000000000000000000e+00
2.205704450607299805e-01
2.741020023822784424e-01
1.695185750722885132e-01
2.405053563416004181e-02
1.002937853336334229e-01
1.473258018493652344e+00
7.050039619207382202e-02
3.348378092050552368e-02
1.123916029930114746e+00
1.798218935728073120e-01
4.374214112758636475e-01
4.448807612061500549e-02
3.626714348793029785e-01
3.322349786758422852e-01
6.929064393043518066e-01
6.987567901611328125e+00
9.300858713686466217e-03
6.231772899627685547e-01
7.757570147514343262e-01
4.077401459217071533e-01
2.823091298341751099e-02
4.350131154060363770e-01
2.531585395336151123e-01
9.240615367889404297e-01
6.766777485609054565e-02
1.651416532695293427e-02
1.622219453565776348e-03
1.066916942596435547e+00
4.565579351037740707e-03
5.242762565612792969e+00
6.221573054790496826e-02
3.578038811683654785e-01
0.000000000000000000e+00
5.954141020774841309e-01
4.881339147686958313e-02
5.490477383136749268e-02
2.242351472377777100e-01
7.032470703125000000e-01
8.685298562049865723e-01
4.312247931957244873e-01
2.736826799809932709e-02
2.857155323028564453e+00
7.756032794713973999e-02
4.390749335289001465e-02
8.800476789474487305e-01
5.965588688850402832e-01
2.329153120517730713e-01
1.318224817514419556e-01
1.788115054368972778e-01
2.831941284239292145e-02
3.072138130664825439e-01
3.910340964794158936e-01
5.045670270919799805e-01
1.934505999088287354e-01
1.582714021205902100e-01
7.860767841339111328e-01
2.448974132537841797e+00
3.547704517841339111e-01
3.773795664310455322e-01
1.393560469150543213e-01
6.449582427740097046e-02
7.727045565843582153e-02
2.491558194160461426e-01
8.615662455558776855e-01
1.889918148517608643e-01
0.000000000000000000e+00
3.774644434452056885e-01
5.152687430381774902e-01
2.864016294479370117e-01
1.886487007141113281e-03
5.256643891334533691e-01
3.171485424041748047e+00
9.797514081001281738e-01
3.183779865503311157e-02
1.937997102737426758e+00
6.489907205104827881e-02
3.188726957887411118e-03
9.083522111177444458e-02
2.299924790859222412e-01
4.491057619452476501e-02
4.193190038204193115e-01
3.046349622309207916e-03
0.000000000000000000e+00
1.541250050067901611e-01
3.155881911516189575e-02
6.162852514535188675e-04
2.439808100461959839e-01
1.623316287994384766e+00
2.587089315056800842e-02
7.287248969078063965e-02
7.880663275718688965e-01
3.391952812671661377e-02
6.712724920362234116e-03
6.754232197999954224e-02
4.377307742834091187e-02
0.000000000000000000e+00
1.278552860021591187e-01
5.821797251701354980e-01
4.083112180233001709e-01
7.296477258205413818e-02
6.637761741876602173e-02
0.000000000000000000e+00
3.576579988002777100e-01
1.373685747385025024e-01
5.006394162774085999e-02
8.077019453048706055e-01
9.423536062240600586e-01
5.869932174682617188e-01
1.073205992579460144e-01
2.753122150897979736e-01
2.584269523620605469e+00
0.000000000000000000e+00
1.196418330073356628e-01
9.743636101484298706e-02
0.000000000000000000e+00
2.604256868362426758e-01
8.883507549762725830e-02
1.663616299629211426e-01
3.496426939964294434e-01
6.147233843803405762e-01
3.493457734584808350e-01
3.343194425106048584e-01
1.958307251334190369e-02
5.585080385208129883e-01
9.529408216476440430e-01
1.374868303537368774e-01
1.753844171762466431e-01
1.363752596080303192e-02
4.094674885272979736e-01
8.467484265565872192e-03
8.200622349977493286e-02
0.000000000000000000e+00
1.375669687986373901e-01
1.626395344734191895e+00
3.093708753585815430e-01
0.000000000000000000e+00
1.201863167807459831e-03
7.149977684020996094e-01
6.596478819847106934e-01
5.102297291159629822e-02
2.192989826202392578e+00
7.216584682464599609e-02
2.898529171943664551e-01
6.671401262283325195e-01
9.757751971483230591e-02
1.271559894084930420e-01
2.420563399791717529e-01
6.297023966908454895e-03
7.618737965822219849e-02
1.426681518554687500e+00
5.505216717720031738e-01
9.571216255426406860e-02
2.235643386840820312e+00
4.482355117797851562e+00
1.676492094993591309e-01
4.911295138299465179e-03
7.823073863983154297e-02
0.000000000000000000e+00
1.005551338195800781e+00
3.541124165058135986e-01
1.024789333343505859e+00
5.481666922569274902e-01
2.716188728809356689e-01
9.523899853229522705e-02
8.764334954321384430e-03
8.725847303867340088e-02
3.181105554103851318e-01
6.197846494615077972e-03
7.459040284156799316e-01
5.050013959407806396e-02
0.000000000000000000e+00
5.366798490285873413e-02
1.279085725545883179e-01
3.957597538828849792e-03
7.766637206077575684e-01
7.771169543266296387e-01
0.000000000000000000e+00
2.263143956661224365e-01
1.424212846904993057e-02
4.513573944568634033e-01
8.183695375919342041e-02
5.863848328590393066e-02
6.884075701236724854e-02
8.494424819946289062e-02
9.578123688697814941e-02
7.594176568090915680e-03
5.477237105369567871e-01
6.293692439794540405e-02
1.553574483841657639e-02
8.785666525363922119e-02
4.589586332440376282e-02
0.000000000000000000e+00
4.943177103996276855e-02
4.701007604598999023e-01
3.092797473073005676e-02
1.332564473152160645e+00
6.685169935226440430e-01
6.654686331748962402e-01
0.000000000000000000e+00
1.534790545701980591e-01
2.301352322101593018e-01
5.403851866722106934e-01
2.317201495170593262e-01
9.125173091888427734e-01
5.202301740646362305e-01
1.357079297304153442e-01
1.289357542991638184e-01
3.238546550273895264e-01
4.775377511978149414e-01
1.123683571815490723e+00
7.486554384231567383e-01
1.052263602614402771e-01
1.837137937545776367e-01
7.685032486915588379e-01
7.657666802406311035e-01
3.082563281059265137e-01
6.965580978430807590e-04
7.486233711242675781e-01
1.171616673469543457e+00
3.123164176940917969e-01
9.989790916442871094e-01
8.678223192691802979e-02
9.504152461886405945e-03
1.149270310997962952e-01
4.152079112827777863e-03
7.917672395706176758e-02
1.099683810025453568e-03
2.522648572921752930e-01
7.891563326120376587e-02
9.817163348197937012e-01
8.583539724349975586e-02
7.618675827980041504e-01
3.736228449270129204e-03
2.480597943067550659e-01
1.801337748765945435e-01
1.382834762334823608e-01
8.093307167291641235e-02
0.000000000000000000e+00
5.423016101121902466e-02
2.031221287325024605e-03
1.270002126693725586e-01
1.092466235160827637e+00
0.000000000000000000e+00
2.765875756740570068e-01
5.241733789443969727e-02
1.459828950464725494e-02
1.816939264535903931e-01
4.493428394198417664e-02
1.101297438144683838e-01
3.693491816520690918e-01
6.812382936477661133e-01
1.768959499895572662e-02
1.308703780174255371e+00
3.953478336334228516e-01
0.000000000000000000e+00
1.386514604091644287e-01
8.677383512258529663e-02
1.170736074447631836e+00
1.224114932119846344e-02
8.610544353723526001e-02
3.992068767547607422e-01
2.329479455947875977e-01
2.163750171661376953e+00
3.394469991326332092e-02
1.722736358642578125e-01
5.455634593963623047e-01
8.670686185359954834e-02
3.238094598054885864e-02
0.000000000000000000e+00
5.013022944331169128e-02
0.000000000000000000e+00
7.581338286399841309e-02
3.956553339958190918e-02
1.746149212121963501e-01
2.937843799591064453e-01
0.000000000000000000e+00
7.444649189710617065e-02
1.153035275638103485e-02
2.155426591634750366e-01
5.026189684867858887e-01
2.173238992691040039e-01
2.526314370334148407e-02
1.269778311252593994e-01
5.342681892216205597e-03
4.963626861572265625e-01
7.794892787933349609e-02
5.305402278900146484e-01
1.162400096654891968e-02
2.772361338138580322e-01
4.087085276842117310e-02
4.061828553676605225e-01
7.389793395996093750e-01
2.257363051176071167e-01
1.536425948143005371e-01
1.937176659703254700e-02
1.466434746980667114e-01
5.343523621559143066e-02
1.071473676711320877e-02
5.433627963066101074e-01
1.230438828468322754e+00
2.092807888984680176e-01
3.504573702812194824e-01
0.000000000000000000e+00
2.917185127735137939e-01
2.003089487552642822e-01
3.449926972389221191e-01
5.404727458953857422e-01
1.401069946587085724e-02
7.071993947029113770e-01
9.871703982353210449e-01
5.965306162834167480e-01
1.144097298383712769e-01
1.235560297966003418e+00
3.199039027094841003e-02
9.740616083145141602e-01
5.036028102040290833e-02
0.000000000000000000e+00
1.087080687284469604e-01
5.458852648735046387e-01
0.000000000000000000e+00
0.000000000000000000e+00
5.943193435668945312e-01
1.422361135482788086e-01
2.142209529876708984e+00
1.933682113885879517e-01
6.630457355640828609e-04
1.086645498871803284e-01
2.007316565141081810e-03
3.141173422336578369e-01
1.144798249006271362e-01
0.000000000000000000e+00
3.411687016487121582e-01
2.074379846453666687e-02
2.430855669081211090e-02
5.632033348083496094e-01
4.324515163898468018e-01
3.445551916956901550e-02
4.489841759204864502e-01
2.808331489562988281e+00
3.725587157532572746e-03
1.457151174545288086e-01
3.430710554122924805e+00
8.869394659996032715e-01
4.674368500709533691e-01
6.002852916717529297e-01
0.000000000000000000e+00
2.219457179307937622e-01
3.861078619956970215e-01
2.299993038177490234e-01
3.652906715869903564e-01
2.860233187675476074e-01
2.854151092469692230e-02
1.248607397079467773e+00
4.063816070556640625e-01
2.096330821514129639e-01
4.157718271017074585e-02
7.060652971267700195e-02
2.180598080158233643e-01
9.963573813438415527e-01
3.286762535572052002e-01
7.611035704612731934e-01
2.065247893333435059e-01
2.171845674514770508e+00
2.563506662845611572e-01
2.145264863967895508e+00
5.625094771385192871e-01
1.107373461127281189e-01
5.570461750030517578e-01
9.418744593858718872e-02
1.321669369935989380e-01
8.828505873680114746e-03
1.319793462753295898e-01
4.640491902828216553e-01
8.548520505428314209e-02
2.703448832035064697e-01
6.193587183952331543e-01
3.121156394481658936e-01
1.640204042196273804e-01
2.235360816121101379e-02
1.293745823204517365e-02
7.550647258758544922e-01
5.886458754539489746e-01
4.814819991588592529e-02
1.025986596941947937e-01
3.025561273097991943e-01
8.543939329683780670e-03
7.299613952636718750e-01
3.253748416900634766e-01
1.212583258748054504e-01
3.407545983791351318e-01
0.000000000000000000e+00
3.975855559110641479e-02
8.419510722160339355e-02
4.053442955017089844e+00
8.944472670555114746e-02
2.082028090953826904e-01
1.809049397706985474e-02
2.292023897171020508e-01
0.000000000000000000e+00
8.521349430084228516e-01
1.401110291481018066e-01
2.040727376937866211e+00
2.054699897766113281e+00
4.119911193847656250e+00
6.260369718074798584e-02
1.051319241523742676e-01
8.310099691152572632e-02
1.272915363311767578e+00
2.732987105846405029e-01
2.902773022651672363e-01
3.181007504463195801e-01
2.760149478912353516e+00
1.333802700042724609e+00
8.946079611778259277e-01
3.143242001533508301e-01
0.000000000000000000e+00
1.836935877799987793e+00
5.524935945868492126e-02
0.000000000000000000e+00
6.894853711128234863e-02
1.818665117025375366e-02
3.185406923294067383e-01
5.616124868392944336e-01
9.958648085594177246e-01
0.000000000000000000e+00
1.194288849830627441e+00
1.812911033630371094e+00
9.572041779756546021e-02
1.482449471950531006e-01
1.962165981531143188e-01
1.268380135297775269e-01
8.418102562427520752e-02
1.237095985561609268e-02
1.150061893463134766e+01
1.237062085419893265e-02
1.066633462905883789e-01
9.380132555961608887e-01
1.118847012519836426e+00
2.259805053472518921e-01
3.910522162914276123e-02
1.184629082679748535e+00
1.386173367500305176e-01
5.482145585119724274e-03
8.117035962641239166e-03
7.009185850620269775e-02
8.079678565263748169e-02
1.267815709114074707e+00
6.921520829200744629e-02
1.294766783714294434e+00
2.647832632064819336e-01
2.801252901554107666e-01
3.262539505958557129e-01
0.000000000000000000e+00
1.349744349718093872e-01
5.551342852413654327e-03
4.653514027595520020e-01
3.717458546161651611e-01
6.791675090789794922e-02
1.726915873587131500e-02
6.650719791650772095e-02
2.645269036293029785e-01
0.000000000000000000e+00
1.344278454780578613e-01
1.902178972959518433e-01
0.000000000000000000e+00
0.000000000000000000e+00
4.118904471397399902e-01
8.100330829620361328e-02
5.209834575653076172e-01
2.406193315982818604e-01
3.093644790351390839e-02
1.120458841323852539e-01
3.995939791202545166e-01
1.417706310749053955e-01
1.853449344635009766e-01
4.674478434026241302e-03
3.574961051344871521e-02
2.745389640331268311e-01
1.962352246046066284e-01
3.540021657943725586e+00
0.000000000000000000e+00
0.000000000000000000e+00
2.636024057865142822e-01
1.193341836333274841e-01
4.239276647567749023e-01
6.628744304180145264e-02
1.294535100460052490e-01
1.417840868234634399e-01
0.000000000000000000e+00
6.753005981445312500e-01
9.104220196604728699e-03
8.497452139854431152e-01
8.057080209255218506e-02
4.930976778268814087e-02
2.792257666587829590e-01
1.051576882600784302e-01
0.000000000000000000e+00
2.040250226855278015e-02
4.695602506399154663e-02
1.093700647354125977e+00
5.187261849641799927e-03
5.132440328598022461e-01
7.564624771475791931e-03
0.000000000000000000e+00
1.040980294346809387e-01
1.962334811687469482e-01
4.759778380393981934e-01
4.801715910434722900e-01
8.186826705932617188e-01
0.000000000000000000e+00
9.132915176451206207e-03
1.571111559867858887e+00
1.301931142807006836e-01
2.873311638832092285e-01
2.632208168506622314e-01
1.238589361310005188e-01
2.103752374649047852e+00
7.132317870855331421e-02
1.193170905113220215e+00
2.049016207456588745e-01
6.669586990028619766e-03
2.574284076690673828e-01
1.919671893119812012e-01
4.781571030616760254e-02
4.091176390647888184e-02
8.811545968055725098e-01
1.677813008427619934e-02
0.000000000000000000e+00
1.578618884086608887e+00
2.085780948400497437e-01
2.233023522421717644e-03
2.898721396923065186e-01
2.114135026931762695e+00
0.000000000000000000e+00
2.871777415275573730e-01
4.865364134311676025e-01
1.896040588617324829e-01
1.582409441471099854e-02
0.000000000000000000e+00
1.912121474742889404e-01
0.000000000000000000e+00
4.582607448101043701e-01
7.590264081954956055e-02
7.396860122680664062e-01
4.110088825225830078e+00
4.334385991096496582e-01
1.068679690361022949e+00
1.877748221158981323e-02
0.000000000000000000e+00
7.848399877548217773e-02
1.496720314025878906e+00
1.281748056411743164e+00
3.749634921550750732e-01
1.686415076255798340e+00
1.530942134559154510e-02
0.000000000000000000e+00
5.598699674010276794e-02
1.028184518218040466e-01
5.293386802077293396e-02
1.036852821707725525e-01
1.334504932165145874e-01
4.976263940334320068e-01
8.898451924324035645e-01
2.259181290864944458e-01
8.499217033386230469e-01
8.451236039400100708e-02
6.131391525268554688e-01
1.152264833450317383e+00
6.379866041243076324e-03
3.809714555740356445e+00
1.416497975587844849e-01
2.208811044692993164e-01
9.839438647031784058e-02
8.405060321092605591e-02
1.350878953933715820e+00
3.033868968486785889e-01
1.413682997226715088e-01
4.964264109730720520e-02
1.744289249181747437e-01
2.972198724746704102e-01
0.000000000000000000e+00
1.200562119483947754e+00
3.733196556568145752e-01
0.000000000000000000e+00
0.000000000000000000e+00
1.776075124740600586e+00
1.769522577524185181e-02
1.688599586486816406e-02
1.352348208427429199e+00
1.353242516517639160e+00
0.000000000000000000e+00
7.015815377235412598e-01
6.552151590585708618e-02
2.004535496234893799e-01
4.856222867965698242e-01
1.458634138107299805e-01
7.540445327758789062e-01
2.050346285104751587e-01
3.884299099445343018e-02
1.142599433660507202e-02
2.086503505706787109e+00
2.053629010915756226e-01
1.352794170379638672e-01
2.247649282217025757e-01
6.335598975419998169e-02
0.000000000000000000e+00
3.068875074386596680e-01
3.853674232959747314e-01
1.528013050556182861e-01
2.442909330129623413e-01
5.876470729708671570e-02
2.379049733281135559e-02
2.288274466991424561e-02
1.017184183001518250e-01
2.270971536636352539e+00
2.445388734340667725e-01
3.829655423760414124e-02
1.145771503448486328e+00
4.404317587614059448e-02
6.714327633380889893e-02
1.326982378959655762e-01
6.883661746978759766e-01
4.084732532501220703e-01
3.812878131866455078e-01
4.128916263580322266e+00
1.301657035946846008e-02
8.492779731750488281e-01
1.810485720634460449e-01
1.149290680885314941e+00
1.938290894031524658e-01
1.680561155080795288e-01
2.409557819366455078e+00
7.270324230194091797e-01
9.891566634178161621e-02
2.529505193233489990e-01
4.096903204917907715e-01
3.620792329311370850e-01
3.944496512413024902e-01
6.136252880096435547e-01
1.854711957275867462e-02
0.000000000000000000e+00
4.415022581815719604e-02
1.401659607887268066e+00
8.988321758806705475e-03
5.407657027244567871e-01
4.579494521021842957e-02
1.404765099287033081e-01
2.524392679333686829e-02
3.450213000178337097e-02
1.571309566497802734e+00
6.641578674316406250e-02
0.000000000000000000e+00
1.477881371974945068e-01
2.731707096099853516e-01
4.615748301148414612e-03
3.719431757926940918e-01
2.764766514301300049e-01
4.140541255474090576e-01
3.741098800674080849e-03
2.885633707046508789e-01
9.481554031372070312e-01
5.428603887557983398e-01
1.478835046291351318e-01
1.416172552853822708e-02
6.400193274021148682e-02
2.335449904203414917e-01
1.513798594474792480e+00
5.326439142227172852e-01
3.617066442966461182e-01
3.122979775071144104e-02
3.284202218055725098e-01
1.633834838867187500e-02
1.370192289352416992e+00
4.411587119102478027e-01
4.334235563874244690e-02
2.249652445316314697e-01
2.541732229292392731e-02
2.400512099266052246e-01
3.916909396648406982e-01
2.385084778070449829e-01
1.038340330123901367e+00
0.000000000000000000e+00
1.883228123188018799e-01
1.450080331414937973e-02
1.846353709697723389e-02
7.961885631084442139e-02
1.307411193847656250e+00
1.702311076223850250e-02
3.054737448692321777e-01
0.000000000000000000e+00
1.364274173974990845e-01
2.123431712388992310e-01
4.056804478168487549e-01
8.285816907882690430e-01
6.541302800178527832e-01
6.921324133872985840e-02
1.423136517405509949e-02
0.000000000000000000e+00
1.810408711433410645e+00
2.171672284603118896e-01
1.630091816186904907e-01
0.000000000000000000e+00
8.202904462814331055e-01
2.807697355747222900e-01
1.156776770949363708e-01
6.247527897357940674e-03
6.431020051240921021e-02
0.000000000000000000e+00
8.483705669641494751e-02
1.541347056627273560e-01
8.447576761245727539e-01
1.082656979560852051e-01
3.303220748901367188e+00
4.317326545715332031e-01
0.000000000000000000e+00
4.775559425354003906e+00
0.000000000000000000e+00
1.234699506312608719e-02
2.590076029300689697e-01
0.000000000000000000e+00
8.629411458969116211e-02
3.972868323326110840e-01
0.000000000000000000e+00
0.000000000000000000e+00
1.239257901906967163e-01
7.897056937217712402e-01
3.375164046883583069e-02
8.716391921043395996e-01
1.805239766836166382e-01
5.185142904520034790e-02
0.000000000000000000e+00
0.000000000000000000e+00
1.063812851905822754e+00
5.886771157383918762e-02
3.009857237339019775e-01
6.699758768081665039e-01
6.658467054367065430e-01
1.725317835807800293e-01
7.924640178680419922e-02
8.525097966194152832e-01
0.000000000000000000e+00
4.953809082508087158e-02
3.077080249786376953e-01
0.000000000000000000e+00
3.133032470941543579e-02
1.031783074140548706e-01
3.407765626907348633e-01
0.000000000000000000e+00
1.067958235740661621e+00
3.545575141906738281e-01
0.000000000000000000e+00
5.695226136595010757e-03
1.272880434989929199e+00
5.625029206275939941e-01
2.890844084322452545e-02
3.106246590614318848e-01
3.493772506713867188e+00
5.157312154769897461e-01
2.597370445728302002e-01
8.888523094356060028e-03
5.420760810375213623e-02
4.371249079704284668e-01
1.045549511909484863e-01
5.316359177231788635e-02
0.000000000000000000e+00
1.969728991389274597e-02
1.405919436365365982e-02
7.199481129646301270e-01
2.815136909484863281e-01
3.919576108455657959e-01
4.645591974258422852e-02
0.000000000000000000e+00
1.651988178491592407e-01
2.762970700860023499e-02
7.725024819374084473e-01
7.483551502227783203e-01
3.947117805480957031e+00
0.000000000000000000e+00
6.180183887481689453e-01
1.892362372018396854e-03
0.000000000000000000e+00
2.548474259674549103e-02
2.503660023212432861e-01
1.403232693672180176e+00
9.127703309059143066e-02
9.054197072982788086e-01
5.980337262153625488e-01
6.314669251441955566e-01
2.151500582695007324e-01
6.858180999755859375e+00
8.472375571727752686e-03
2.096448559314012527e-03
2.015146970748901367e+00
0.000000000000000000e+00
3.790963590145111084e-01
1.327868461608886719e+00
0.000000000000000000e+00
0.000000000000000000e+00
1.536302715539932251e-01
8.736062794923782349e-02
0.000000000000000000e+00
7.766293734312057495e-02
0.000000000000000000e+00
1.387972593307495117e+00
1.383400917053222656e+00
1.788437664508819580e-01
1.643874682486057281e-02
2.879125773906707764e-01
2.952964901924133301e-01
4.102947935461997986e-02
4.086501151323318481e-02
2.615031301975250244e-01
2.234992198646068573e-02
0.000000000000000000e+00
1.491667330265045166e-01
2.926910854876041412e-02
1.191483139991760254e+00
3.759103119373321533e-01
8.642990589141845703e-01
3.463517501950263977e-02
1.129963323473930359e-01
9.388085454702377319e-02
4.832520782947540283e-01
0.000000000000000000e+00
1.519597530364990234e+00
9.681553840637207031e-01
0.000000000000000000e+00
0.000000000000000000e+00
1.230376884341239929e-01
7.219249010086059570e-01
2.070849575102329254e-02
7.892183214426040649e-02
2.056404799222946167e-01
7.262130826711654663e-02
0.000000000000000000e+00
9.758517146110534668e-01
3.751118183135986328e-01
1.719589978456497192e-01
2.942753136157989502e-01
4.458100795745849609e-01
2.393914759159088135e-01
3.965067118406295776e-02
1.484968215227127075e-01
2.179699391126632690e-01
5.991836637258529663e-02
5.320463776588439941e-01
3.408004343509674072e-01
5.473285913467407227e-02
3.986395299434661865e-01
2.022337615489959717e-01
3.168595433235168457e-01
8.881235122680664062e-02
5.459446907043457031e-01
8.925999701023101807e-02
1.398714482784271240e-01
1.388012319803237915e-01
1.318403333425521851e-01
5.121753085404634476e-03
1.859122067689895630e-01
3.936940133571624756e-01
4.624422788619995117e-01
3.870396688580513000e-02
2.331109762191772461e+00
8.452638983726501465e-02
8.168391068466007710e-04
1.150187104940414429e-01
2.001975476741790771e-01
6.537746787071228027e-01
2.376480959355831146e-02
1.118549797683954239e-02
1.057554502040147781e-02
1.367796063423156738e-01
9.041573107242584229e-02
1.555113401263952255e-02
6.962831616401672363e-01
0.000000000000000000e+00
6.706219911575317383e-01
3.634411692619323730e-01
9.904708266258239746e-01
7.815681695938110352e-01
0.000000000000000000e+00
1.207563638687133789e+00
3.187159001827239990e-01
4.640095829963684082e-01
5.556903481483459473e-01
0.000000000000000000e+00
3.346656560897827148e-01
6.160137653350830078e-01
5.658785104751586914e-01
3.451834022998809814e-01
8.514529466629028320e-01
2.096054077148437500e+00
8.579046465456485748e-03
1.171841099858283997e-01
9.244356304407119751e-02
1.529002189636230469e+00
1.443664170801639557e-02
1.920946091413497925e-01
5.873646214604377747e-02
8.373429626226425171e-02
5.794784054160118103e-02
7.455126196146011353e-02
3.452754914760589600e-01
3.870759624987840652e-03
1.914891973137855530e-02
3.559206008911132812e+00
8.630658388137817383e-01
9.467908181250095367e-03
3.786943256855010986e-01
5.436458587646484375e-01
1.534678459167480469e+00
3.933919668197631836e-01
9.470011293888092041e-02
3.034609854221343994e-01
4.421370327472686768e-01
2.459645271301269531e-02
1.260514855384826660e+00
3.115759976208209991e-02
2.852688077837228775e-03
1.607476025819778442e-01
7.265037894248962402e-01
2.624335139989852905e-02
1.235214546322822571e-01
4.064965248107910156e-02
0.000000000000000000e+00
7.100757956504821777e-01
7.140324115753173828e-01
1.308342218399047852e-01
1.689109206199645996e-01
2.179987169802188873e-02
1.277478993870317936e-03
3.347593545913696289e-01
2.406405657529830933e-01
2.893646061420440674e-01
4.114228785037994385e-01
8.412005007266998291e-02
0.000000000000000000e+00
1.308021228760480881e-02
1.267972707748413086e+00
2.249083667993545532e-02
3.213251754641532898e-02
4.584408923983573914e-02
2.471255809068679810e-01
3.388966247439384460e-02
4.702387005090713501e-02
0.000000000000000000e+00
8.162462152540683746e-03
3.106157481670379639e-01
1.564893007278442383e+00
1.724815249443054199e+00
1.551228761672973633e-01
1.126313954591751099e-02
1.661716401576995850e-01
1.869238615036010742e-01
1.346532702445983887e-01
0.000000000000000000e+00
1.421535611152648926e-01
5.702428817749023438e-01
7.087181508541107178e-02
9.094973802566528320e-01
4.805497825145721436e-01
1.004330515861511230e+00
8.169974200427532196e-03
6.278775930404663086e-01
2.899649441242218018e-01
4.591669440269470215e-01
1.359284639358520508e+00
1.218595981597900391e+00
1.491002321243286133e+00
7.763366699218750000e-01
1.170961856842041016e+00
1.014645248651504517e-01
0.000000000000000000e+00
1.966270655393600464e-01
0.000000000000000000e+00
3.727262467145919800e-02
0.000000000000000000e+00
1.244150280952453613e+00
6.905056536197662354e-02
1.851746253669261932e-02
2.114354399964213371e-03
6.514700055122375488e-01
8.900750875473022461e-01
3.296454995870590210e-02
1.123391985893249512e-01
2.107500284910202026e-01
1.480341404676437378e-01
1.059009581804275513e-01
4.157235622406005859e-01
1.641153246164321899e-01
1.743625104427337646e-02
2.530764613766223192e-04
0.000000000000000000e+00
5.075534060597419739e-02
5.054780840873718262e-01
2.830595672130584717e-01
9.571916460990905762e-01
7.719813287258148193e-02
0.000000000000000000e+00
1.154965460300445557e-01
1.297017931938171387e-01
1.077428936958312988e+00
1.482092380523681641e+00
1.232585683465003967e-01
0.000000000000000000e+00
1.611459106206893921e-01
0.000000000000000000e+00
3.023192882537841797e-01
1.442672133445739746e+00
8.349956870079040527e-01
8.351831138134002686e-02
1.858575269579887390e-02
4.729497432708740234e-01
6.486131548881530762e-01
1.304842829704284668e-01
6.161530017852783203e-01
1.478682875633239746e+00
5.791879072785377502e-02
1.071799546480178833e-01
9.706535935401916504e-02
4.898419138044118881e-03
8.255523443222045898e-01
2.546865027397871017e-03
0.000000000000000000e+00
4.187304377555847168e-01
6.440343856811523438e-01
1.191152036190032959e-01
1.888057403266429901e-02
1.854559779167175293e+00
2.994625270366668701e-02
1.202265471220016479e-01
1.113803148269653320e+00
1.399240940809249878e-01
5.882357433438301086e-02
5.792295560240745544e-02
5.277423560619354248e-02
5.359888076782226562e-02
2.734338492155075073e-02
5.823336243629455566e-01
6.509215384721755981e-02
5.130246877670288086e-01
1.096571311354637146e-01
7.253746390342712402e-01
1.137506961822509766e+00
8.759051561355590820e-01
2.257964015007019043e-01
0.000000000000000000e+00
0.000000000000000000e+00
6.029892563819885254e-01
1.135243773460388184e-01
9.379597902297973633e-01
7.547624409198760986e-02
1.939927577972412109e+00
4.458822607994079590e-01
5.442914739251136780e-02
2.959445118904113770e-01
8.807766437530517578e-02
0.000000000000000000e+00
0.000000000000000000e+00
2.902234196662902832e-01
1.263215839862823486e-01
0.000000000000000000e+00
4.754127934575080872e-02
6.335951387882232666e-02
1.077338401228189468e-02
5.122662186622619629e-01
2.815986238420009613e-02
3.584290444850921631e-01
8.000671267509460449e-01
4.084228873252868652e-01
4.286674559116363525e-01
1.241817772388458252e-01
0.000000000000000000e+00
1.452769190073013306e-01
1.409637331962585449e-01
2.688474893569946289e+00
1.593679003417491913e-02
5.277534723281860352e-01
2.046879529953002930e+00
9.091363847255706787e-02
1.328359842300415039e-01
2.002324014902114868e-01
3.890436887741088867e-02
4.594129975885152817e-03
3.708434104919433594e-01
3.424779325723648071e-02
9.075228869915008545e-02
1.953523047268390656e-02
6.879031062126159668e-01
6.213941574096679688e-01
6.875733844935894012e-03
5.288075283169746399e-02
0.000000000000000000e+00
4.937630891799926758e-02
1.342617254704236984e-02
5.144915580749511719e-01
0.000000000000000000e+00
0.000000000000000000e+00
2.187972366809844971e-01
6.522855758666992188e-01
9.381808340549468994e-02
2.013596296310424805e-01
1.257667422294616699e+00
1.247396692633628845e-01
1.133441925048828125e-03
5.799168348312377930e-01
2.214995145797729492e+00
5.090551376342773438e-01
6.507198810577392578e-01
2.595450356602668762e-02
0.000000000000000000e+00
1.056249216198921204e-01
5.712925270199775696e-02
4.594682693481445312e+00
4.816486313939094543e-02
2.675302028656005859e-01
4.447368681430816650e-01
2.125794142484664917e-01
4.475808739662170410e-01
1.638898998498916626e-01
5.586705803871154785e-01
0.000000000000000000e+00
8.421823978424072266e-01
2.864443659782409668e-01
1.716482937335968018e-01
7.908602356910705566e-01
1.028017520904541016e+00
1.533006876707077026e-02
4.643830657005310059e-02
6.515712291002273560e-02
0.000000000000000000e+00
1.703273355960845947e-01
2.828766107559204102e-01
3.706758022308349609e-01
1.944386065006256104e-01
8.697938919067382812e-02
6.914787739515304565e-02
8.749679662287235260e-03
2.194060087203979492e-01
0.000000000000000000e+00
0.000000000000000000e+00
1.285440325736999512e-01
5.990425944328308105e-01
0.000000000000000000e+00
1.510993987321853638e-01
6.479388475418090820e-01
2.422866374254226685e-01
9.613984823226928711e-01
0.000000000000000000e+00
2.647532820701599121e-01
9.857355616986751556e-03
6.324131488800048828e-01
3.927893042564392090e-01
0.000000000000000000e+00
1.742430448532104492e+00
7.236824184656143188e-02
9.770368039608001709e-02
1.798965781927108765e-02
2.774651944637298584e-01
0.000000000000000000e+00
2.160876274108886719e+00
0.000000000000000000e+00
6.488597951829433441e-03
5.277494899928569794e-03
2.278834432363510132e-01
2.192121595144271851e-01
1.011083245277404785e+00
8.578220009803771973e-02
6.116666644811630249e-02
4.128449916839599609e+00
5.892391130328178406e-02
3.792429566383361816e-01
1.180882573127746582e+00
1.710651993751525879e+00
0.000000000000000000e+00
3.325014710426330566e-01
4.272133111953735352e-02
9.405807591974735260e-03
2.110607773065567017e-01
2.389877103269100189e-02
6.035077199339866638e-02
0.000000000000000000e+00
1.298362016677856445e-01
3.597156703472137451e-01
5.399320647120475769e-02
8.351316303014755249e-02
4.084067940711975098e-01
8.035079836845397949e-01
5.067324042320251465e-01
0.000000000000000000e+00
2.688150703907012939e-01
7.912848144769668579e-02
8.377923071384429932e-02
2.128832936286926270e-01
5.159615278244018555e-01
0.000000000000000000e+00
1.345309428870677948e-02
0.000000000000000000e+00
1.074966639280319214e-01
2.732470631599426270e-01
2.821920812129974365e-02
1.141812428832054138e-01
0.000000000000000000e+00
0.000000000000000000e+00
8.090370893478393555e-01
2.403554692864418030e-02
1.348344087600708008e-01
6.094226986169815063e-02
0.000000000000000000e+00
4.114403724670410156e-01
0.000000000000000000e+00
7.555360905826091766e-03
0.000000000000000000e+00
5.088308453559875488e-02
5.310465767979621887e-02
7.069056034088134766e-01
3.792220950126647949e-01
5.456829443573951721e-02
2.227053791284561157e-02
4.440017938613891602e-01
0.000000000000000000e+00
2.667867345735430717e-03
1.016744971275329590e-01
4.492391347885131836e-01
0.000000000000000000e+00
0.000000000000000000e+00
6.130979061126708984e+00
1.412411592900753021e-02
1.001768559217453003e-02
2.943181097507476807e-01
6.319625377655029297e-01
1.459681242704391479e-01
1.157469153404235840e-01
3.693022727966308594e-01
1.785246610641479492e+00
1.768058352172374725e-02
7.413983941078186035e-01
4.153985530138015747e-02
1.228745058178901672e-01
6.545129418373107910e-02
1.885984987020492554e-01
1.384262647479772568e-02
4.260252416133880615e-02
0.000000000000000000e+00
6.507547199726104736e-02
6.619047373533248901e-03
9.355992823839187622e-02
7.677093744277954102e-01
1.018639802932739258e+00
2.655723094940185547e-01
5.439314842224121094e-01
2.681753873825073242e+00
7.528739571571350098e-01
2.264718897640705109e-02
2.306869328022003174e-01
2.780418694019317627e-01
1.169667318463325500e-01
9.704164862632751465e-01
9.145731925964355469e-01
8.995192497968673706e-02
0.000000000000000000e+00
1.636281907558441162e-01
1.211974695324897766e-01
1.371557414531707764e-01
1.813272118568420410e+00
1.036879941821098328e-01
1.783088445663452148e-01
1.536088436841964722e-01
1.147319450974464417e-01
1.592410683631896973e+00
0.000000000000000000e+00
9.567736834287643433e-02
7.676983252167701721e-03
2.283713780343532562e-02
7.787793874740600586e-01
0.000000000000000000e+00
8.855966925621032715e-01
5.303084850311279297e-01
1.801127642393112183e-01
1.121665723621845245e-02
1.994061283767223358e-02
2.137321233749389648e-01
2.929226756095886230e-01
2.652068734169006348e-01
7.160231471061706543e-02
9.530993103981018066e-01
1.349886208772659302e-01
9.209913015365600586e-01
3.919974863529205322e-01
7.697419822216033936e-02
7.174143195152282715e-01
3.439465463161468506e-01
1.063932999968528748e-01
5.078526735305786133e-01
1.240938249975442886e-02
3.404379189014434814e-01
5.491117000579833984e+00
8.353449702262878418e-01
1.544648408889770508e-01
0.000000000000000000e+00
2.186805903911590576e-01
2.746784389019012451e-01
3.394486382603645325e-02
3.351985244080424309e-03
2.015088126063346863e-02
2.349930554628372192e-01
1.811874099075794220e-02
6.698473542928695679e-02
3.509157001972198486e-01
1.178374290466308594e+00
6.124171018600463867e-01
2.719938755035400391e-01
1.252000033855438232e-01
1.549585759639739990e-01
6.530651450157165527e-01
3.233044385910034180e+00
8.767262697219848633e-01
8.814559578895568848e-01
9.548862278461456299e-02
1.059098720550537109e+00
6.866073012351989746e-01
4.915899038314819336e-01
0.000000000000000000e+00
2.195778638124465942e-01
2.061945497989654541e-01
1.055818080902099609e+00
2.910090208053588867e+00
4.691529572010040283e-01
1.337300181388854980e+00
5.750179886817932129e-01
2.768713794648647308e-02
0.000000000000000000e+00
9.595765918493270874e-02
4.864309728145599365e-01
5.304083600640296936e-02
2.034833878278732300e-01
1.104787588119506836e-01
3.140101909637451172e+00
4.130401909351348877e-01
3.977759927511215210e-02
1.376093598082661629e-03
1.251636743545532227e-01
1.638374477624893188e-01
0.000000000000000000e+00
1.652946621179580688e-01
1.676728948950767517e-02
3.917083442211151123e-01
0.000000000000000000e+00
3.010582685470581055e+00
1.149662360548973083e-01
4.466081857681274414e-01
0.000000000000000000e+00
0.000000000000000000e+00
4.250993207097053528e-02
4.690292179584503174e-01
1.418055326212197542e-04
5.745766162872314453e-01
5.285386741161346436e-02
8.603674173355102539e-01
3.852084279060363770e-01
3.849379122257232666e-01
3.839064538478851318e-01
3.258824646472930908e-01
8.187910169363021851e-02
4.950859248638153076e-01
1.651408672332763672e-01
1.700343489646911621e-01
8.512416481971740723e-01
1.032389029860496521e-01
1.268864423036575317e-01
4.747494310140609741e-02
7.363407611846923828e-01
4.813247825950384140e-03
1.872507184743881226e-01
1.361657399684190750e-02
0.000000000000000000e+00
5.081634521484375000e-01
1.315278857946395874e-01
7.526102126576006413e-04
3.994365222752094269e-03
1.034176200628280640e-01
5.996142625808715820e-01
1.925301402807235718e-01
0.000000000000000000e+00
2.520215809345245361e-01
8.338510990142822266e-02
3.544273674488067627e-01
2.198656052350997925e-01
4.179655108600854874e-03
1.007154703140258789e+00
2.944311499595642090e-01
9.723088741302490234e-01
1.519390225410461426e+00
3.881966352462768555e+00
1.445285677909851074e+00
1.310567557811737061e-01
7.299508154392242432e-02
1.762468554079532623e-02
4.901760518550872803e-01
1.474663466215133667e-01
3.929958213120698929e-03
4.211295247077941895e-01
7.761014103889465332e-01
3.891738176345825195e+00
7.522562742233276367e-01
3.377460539340972900e-01
1.199899390339851379e-01
9.199554324150085449e-01
1.869055479764938354e-01
1.845236420631408691e-01
1.164294779300689697e-02
3.858610689640045166e-01
7.106735706329345703e-01
0.000000000000000000e+00
8.482899069786071777e-01
9.061655402183532715e-02
4.697677493095397949e-01
0.000000000000000000e+00
3.600616939365863800e-03
1.209425032138824463e-01
7.043897509574890137e-01
2.707610726356506348e-01
0.000000000000000000e+00
2.968327403068542480e-01
2.048849314451217651e-01
2.397213131189346313e-02
1.136685013771057129e-01
1.754819005727767944e-01
3.341270387172698975e-01
0.000000000000000000e+00
5.887258648872375488e-01
7.129651959985494614e-03
5.361033082008361816e-01
1.857889257371425629e-02
1.235854700207710266e-01
3.567418316379189491e-03
1.134619489312171936e-01
0.000000000000000000e+00
6.816330552101135254e-01
0.000000000000000000e+00
1.506703207269310951e-03
6.824251651763916016e+00
7.439143955707550049e-02
3.508050739765167236e-02
5.242347717285156250e-02
4.698981046676635742e-01
1.230364218354225159e-01
1.915163040161132812e+00
2.569474577903747559e-01
4.905268549919128418e-01
3.237836807966232300e-02
8.499324798583984375e+00
5.129064666107296944e-04
4.040671978145837784e-03
3.332170248031616211e-01
4.078995883464813232e-01
3.327812254428863525e-01
1.703447997570037842e-01
9.516745805740356445e-02
1.644710600376129150e-01
3.578375875949859619e-01
3.338512480258941650e-01
3.835849836468696594e-02
3.523486256599426270e-01
4.849005341529846191e-01
1.310124278068542480e+00
6.594267487525939941e-02
6.658269558101892471e-03
2.696547284722328186e-02
1.301350593566894531e-01
5.165489315986633301e-01
4.810228710994124413e-04
5.953202247619628906e-01
9.288836270570755005e-02
2.344082593917846680e-01
1.491361707448959351e-01
2.607526183128356934e-01
3.207039237022399902e-01
2.938208878040313721e-01
4.538710415363311768e-01
3.731433302164077759e-03
5.181289091706275940e-02
9.573684930801391602e-01
2.299177832901477814e-02
5.985257029533386230e-01
3.996524512767791748e-01
1.304141804575920105e-02
8.725410103797912598e-01
1.454428881406784058e-01
8.791173994541168213e-02
1.118210703134536743e-01
0.000000000000000000e+00
7.585943341255187988e-01
5.911070853471755981e-02
4.841663409024477005e-03
2.163419872522354126e-01
1.760905534029006958e-01
0.000000000000000000e+00
5.051516368985176086e-02
1.209921836853027344e+00
0.000000000000000000e+00
9.870524406433105469e-01
1.006819382309913635e-01
0.000000000000000000e+00
0.000000000000000000e+00
5.116744339466094971e-02
1.131412506103515625e+00
3.358603715896606445e+00
6.549657788127660751e-03
0.000000000000000000e+00
3.417995199561119080e-02
1.684382706880569458e-01
8.203214965760707855e-03
1.911869272589683533e-02
4.851992800831794739e-02
1.525789022445678711e+00
8.620099723339080811e-02
5.822473671287298203e-03
3.237417340278625488e-01
1.862911880016326904e-01
9.675948321819305420e-02
3.437027037143707275e-01
1.897239536046981812e-01
1.147202491760253906e+00
2.396493703126907349e-01
1.069278176873922348e-02
2.987726032733917236e-01
2.204027771949768066e-01
0.000000000000000000e+00
3.761633858084678650e-02
4.392094165086746216e-02
2.527755498886108398e-01
9.749540090560913086e-01
2.082886919379234314e-02
1.878943890333175659e-01
4.574430361390113831e-02
0.000000000000000000e+00
9.838052988052368164e-01
7.920706868171691895e-01
1.388451457023620605e-01
1.509191393852233887e-01
8.419651985168457031e-01
3.312092274427413940e-02
1.006280556321144104e-01
1.531235873699188232e-01
2.350013971328735352e+00
1.803823411464691162e-01
2.567065060138702393e-01
3.546746671199798584e-01
1.305457949638366699e-01
3.512296378612518311e-01
0.000000000000000000e+00
8.166608214378356934e-01
1.644249707460403442e-01
9.710333496332168579e-02
7.432880345731973648e-03
3.963025808334350586e-01
2.087327390909194946e-01
1.703917793929576874e-02
2.233231961727142334e-01
4.933939781039953232e-03
4.634032845497131348e-01
9.846306592226028442e-02
0.000000000000000000e+00
0.000000000000000000e+00
2.145028859376907349e-01
1.636032164096832275e-01
3.225143849849700928e-01
1.414009034633636475e-01
5.199902504682540894e-02
4.335576668381690979e-02
0.000000000000000000e+00
1.016498506069183350e-01
6.835014224052429199e-01
0.000000000000000000e+00
3.341650217771530151e-02
2.464499324560165405e-02
2.821622192859649658e-01
1.974216401576995850e-01
9.306478500366210938e-01
2.122978307306766510e-02
2.099195271730422974e-01
1.400241069495677948e-02
1.412771195173263550e-01
1.076597273349761963e-01
4.132391512393951416e-02
5.182658433914184570e-01
6.051907539367675781e-01
6.013394519686698914e-02
6.918439865112304688e-01
1.273149549961090088e-01
2.178503274917602539e-01
6.773049235343933105e-01
3.342464333400130272e-03
5.688699483871459961e-01
0.000000000000000000e+00
3.986662626266479492e-02
6.291869282722473145e-02
8.836501836776733398e-01
5.002966523170471191e-01
9.964485466480255127e-02
7.516725659370422363e-01
2.043874263763427734e-01
2.564399316906929016e-02
1.343819051980972290e-01
4.444617331027984619e-01
2.845685742795467377e-02
1.284467875957489014e-01
5.588728785514831543e-01
2.050591856241226196e-01
8.134136442095041275e-04
1.238463401794433594e+00
2.171276658773422241e-01
0.000000000000000000e+00
1.477702055126428604e-02
5.104107260704040527e-01
2.958406209945678711e-01
9.690081477165222168e-01
0.000000000000000000e+00
5.249032974243164062e-01
2.344765961170196533e-01
2.222397923469543457e-01
0.000000000000000000e+00
3.335872432217001915e-03
7.721382379531860352e-02
7.592008262872695923e-02
4.238393623381853104e-03
1.914276033639907837e-01
0.000000000000000000e+00
8.275260329246520996e-01
2.913142926990985870e-02
6.373462080955505371e-02
6.851702928543090820e-02
1.816348358988761902e-02
5.069898366928100586e-01
8.985932171344757080e-02
1.266867220401763916e-01
1.591954962350428104e-03
2.174295902252197266e+00
9.830711483955383301e-01
1.027760431170463562e-01
3.486844152212142944e-02
1.248935461044311523e-01
3.213639855384826660e-01
1.339350342750549316e-01
0.000000000000000000e+00
1.105012416839599609e+00
3.435860574245452881e-01
6.599698681384325027e-03
0.000000000000000000e+00
4.911079537123441696e-03
0.000000000000000000e+00
1.029827520251274109e-01
2.049475431442260742e+00
4.066022112965583801e-03
1.754274126142263412e-03
8.450587391853332520e-01
0.000000000000000000e+00
3.609140962362289429e-02
2.906409800052642822e-01
6.159115433692932129e-01
4.877469968050718307e-03
5.493593402206897736e-03
4.153954982757568359e-01
1.268120110034942627e-01
4.789054870605468750e+00
1.769564300775527954e-02
1.965356022119522095e-01
7.616358995437622070e-01
4.421496987342834473e-01
4.567322134971618652e-01
1.302759170532226562e+00
1.324754953384399414e-01
0.000000000000000000e+00
1.298507153987884521e-01
2.782427472993731499e-03
7.946683093905448914e-03
9.115181565284729004e-01
6.778476387262344360e-02
6.397330015897750854e-02
5.309950560331344604e-02
1.372475270181894302e-02
4.051541686058044434e-01
1.529559940099716187e-01
2.147701680660247803e-01
1.724442124366760254e+00
1.524366140365600586e+00
0.000000000000000000e+00
1.032575890421867371e-01
1.502361893653869629e+00
1.001010015606880188e-01
1.383863538503646851e-01
0.000000000000000000e+00
7.367398738861083984e-01
1.218708276748657227e+00
0.000000000000000000e+00
6.317378878593444824e-01
4.501453042030334473e-01
3.002305924892425537e-01
1.761695891618728638e-01
7.046787738800048828e-01
1.386718004941940308e-01
1.388437986373901367e+00
1.200753003358840942e-01
2.860264182090759277e-01
1.034440286457538605e-02
1.082504510879516602e+00
1.375229656696319580e-01
1.672332882881164551e-01
0.000000000000000000e+00
1.019150391221046448e-01
2.187624573707580566e-01
1.466764807701110840e-01
1.937006115913391113e-01
7.417011074721813202e-03
3.089961111545562744e-01
3.548409640789031982e-01
2.013276219367980957e-01
8.791869133710861206e-02
2.362525224685668945e+00
6.192318797111511230e-01
1.616570726037025452e-02
0.000000000000000000e+00
1.152587056159973145e+00
4.957312345504760742e-02
6.588680297136306763e-02
9.606611728668212891e-02
0.000000000000000000e+00
6.768426299095153809e-02
1.089689508080482483e-01
6.355491280555725098e-01
7.390411496162414551e-01
2.032602876424789429e-01
1.729238986968994141e+00
1.911205053329467773e+00
1.772948652505874634e-01
1.852558016777038574e+00
7.327167689800262451e-02
3.710011541843414307e-01
2.950916767120361328e+00
0.000000000000000000e+00
2.950814366340637207e-01
0.000000000000000000e+00
4.439831152558326721e-02
4.945757985115051270e-01
5.342062190175056458e-02
3.874356150627136230e-01
3.649140894412994385e-01
4.387254416942596436e-01
1.345055401325225830e-01
5.677998065948486328e-03
5.765680074691772461e-01
2.727817893028259277e-01
8.595670759677886963e-02
1.048784479498863220e-01
3.622905164957046509e-02
2.437843084335327148e-01
7.475843429565429688e-01
1.144947767257690430e+00
2.231462895870208740e-01
6.023675799369812012e-01
1.122346594929695129e-01
7.028363943099975586e-01
3.755156993865966797e-01
3.270980417728424072e-01
0.000000000000000000e+00
2.149011790752410889e-01
4.414948523044586182e-01
2.101500749588012695e+00
3.263526678085327148e+00
5.225380882620811462e-04
6.463223695755004883e-01
2.117292433977127075e-01
8.682289719581604004e-02
2.441678196191787720e-02
5.690011978149414062e-01
1.855547353625297546e-02
6.229422688484191895e-01
1.062896847724914551e+00
8.049312978982925415e-02
2.145601361989974976e-01
1.824317425489425659e-01
6.238153576850891113e-01
1.630667448043823242e-01
1.237951591610908508e-01
2.971975877881050110e-02
1.419887226074934006e-02
1.291231717914342880e-02
2.794803082942962646e-01
5.458571016788482666e-02
2.599296346306800842e-02
5.174323320388793945e-01
2.101260274648666382e-01
5.588807631283998489e-03
3.107387721538543701e-01
0.000000000000000000e+00
4.201153218746185303e-01
8.341416120529174805e-01
6.977735757827758789e-01
5.916240811347961426e-01
8.813906311988830566e-01
3.595219850540161133e-01
2.924717664718627930e-01
5.687752366065979004e-01
9.019749611616134644e-02
2.875884771347045898e-01
1.572825163602828979e-01
1.256717443466186523e+00
1.258507966995239258e+00
8.933524601161479950e-03
0.000000000000000000e+00
3.868618607521057129e-02
1.128980368375778198e-01
5.609235763549804688e-01
2.060915529727935791e-01
8.075188636779785156e+00
2.277129590511322021e-01
5.028201937675476074e-01
1.819892376661300659e-01
4.587489664554595947e-01
8.596549034118652344e-01
1.669237613677978516e-01
0.000000000000000000e+00
3.505837619304656982e-01
3.601914346218109131e-01
2.165904790163040161e-01
1.233114480972290039e+00
2.357479631900787354e-01
1.643707394599914551e+00
6.818260550498962402e-01
0.000000000000000000e+00
1.070373412221670151e-02
5.763452965766191483e-03
0.000000000000000000e+00
1.334866732358932495e-01
1.012601554393768311e-01
2.906789183616638184e-01
5.630894564092159271e-03
5.215236544609069824e-01
4.201350267976522446e-03
9.309167414903640747e-02
1.078900396823883057e-01
2.413697242736816406e+00
3.159542083740234375e+00
4.370144009590148926e-01
8.839964121580123901e-02
3.957680240273475647e-02
0.000000000000000000e+00
3.455901145935058594e+00
5.931546166539192200e-02
1.160615086555480957e-01
8.646595478057861328e-01
4.594124853610992432e-01
0.000000000000000000e+00
1.948944032192230225e-01
6.835915446281433105e-01
1.956859603524208069e-02
9.743534028530120850e-03
7.971744984388351440e-02
1.103629320859909058e-01
3.358749449253082275e-01
2.096761465072631836e+00
1.412554532289505005e-01
1.362483263015747070e+00
2.769168615341186523e-01
1.695889383554458618e-01
1.796419382095336914e+00
6.343643181025981903e-04
1.381140232086181641e+00
2.895393669605255127e-01
0.000000000000000000e+00
6.663534790277481079e-02
0.000000000000000000e+00
0.000000000000000000e+00
1.547566652297973633e-01
6.065189242362976074e-01
7.810573093593120575e-03
5.443347096443176270e-01
4.969760775566101074e-02
8.114655315876007080e-02
7.152166962623596191e-02
3.273383975028991699e-01
0.000000000000000000e+00
6.549519300460815430e-01
2.277438640594482422e+00
2.061121724545955658e-02
1.115318983793258667e-01
8.261665701866149902e-02
0.000000000000000000e+00
6.100972890853881836e-01
3.078825175762176514e-01
7.347049564123153687e-02
6.735757924616336823e-03
1.019840221852064133e-02
2.387435138225555420e-01
1.129423826932907104e-02
1.594134718179702759e-01
2.760524749755859375e-01
1.017544195055961609e-01
2.094445973634719849e-01
1.374035626649856567e-01
2.206166088581085205e-02
1.449344754219055176e-01
1.768451929092407227e-01
0.000000000000000000e+00
3.598970174789428711e-02
8.747699670493602753e-03
2.720425128936767578e-01
6.552064418792724609e-02
2.982886880636215210e-02
1.142929941415786743e-01
6.228560805320739746e-01
0.000000000000000000e+00
6.733679026365280151e-02
0.000000000000000000e+00
4.764548301696777344e+00
2.088443040847778320e-01
6.156749129295349121e-01
4.425597190856933594e-01
7.559500932693481445e-01
5.896133929491043091e-02
0.000000000000000000e+00
4.249269142746925354e-02
1.124749898910522461e+00
8.984494805335998535e-01
1.585887968540191650e-01
1.776242745108902454e-03
3.269274532794952393e-02
3.216513693332672119e-01
4.727129824459552765e-03
7.550492137670516968e-02
2.947923839092254639e-01
1.066054925322532654e-01
3.126811683177947998e-01
3.759200870990753174e-02
4.281559027731418610e-03
5.640500783920288086e-01
1.355581134557723999e-01
3.034277074038982391e-02
