6.215887069702148438e-01
8.692022562026977539e-01
2.265991717576980591e-01
0.000000000000000000e+00
0.000000000000000000e+00
1.084028556942939758e-01
1.588423997163772583e-01
1.593383997678756714e-01
1.372161865234375000e+00
1.956148073077201843e-02
4.572824388742446899e-02
4.341781139373779297e-01
4.353916645050048828e-01
0.000000000000000000e+00
3.401664495468139648e-01
2.198960483074188232e-01
1.140669509768486023e-01
5.704406499862670898e-01
0.000000000000000000e+00
4.678015112876892090e-01
3.082443177700042725e-01
1.452761173248291016e+00
1.360738724470138550e-01
1.358323842287063599e-01
1.469284147024154663e-01
6.020609140396118164e-01
2.072562932968139648e+00
7.630147039890289307e-02
9.738347679376602173e-02
1.771306246519088745e-02
4.967467114329338074e-02
1.784600973129272461e+00
4.590153694152832031e-02
1.619039416313171387e+00
1.115417480468750000e-02
4.091489315032958984e-01
6.035082042217254639e-03
9.049214720726013184e-01
0.000000000000000000e+00
1.201834343373775482e-02
2.965750455856323242e+00
1.321700215339660645e-01
1.383952423930168152e-02
6.026660203933715820e-01
3.795167505741119385e-01
4.546268880367279053e-01
1.338004469871520996e-01
3.915617465972900391e-01
1.295278072357177734e-01
0.000000000000000000e+00
0.000000000000000000e+00
1.418854355812072754e+00
3.905802220106124878e-02
6.023994833230972290e-02
2.981755733489990234e-01
1.959041714668273926e+00
0.000000000000000000e+00
1.280989795923233032e-01
1.308279514312744141e+00
2.079992368817329407e-02
6.951429247856140137e-01
6.502268910408020020e-01
9.546988457441329956e-02
1.979465037584304810e-01
1.106857508420944214e-02
0.000000000000000000e+00
2.173216104507446289e+00
6.195672988891601562e+00
9.420460462570190430e-02
0.000000000000000000e+00
3.904759883880615234e+00
6.343922019004821777e-02
0.000000000000000000e+00
2.450345456600189209e-01
2.554286122322082520e-01
8.469250984489917755e-03
5.467612743377685547e-01
6.696433294564485550e-03
1.534197568893432617e+00
3.616857230663299561e-01
1.252011418342590332e+00
0.000000000000000000e+00
6.818987131118774414e-01
7.122423965483903885e-03
1.774040222167968750e+00
1.397675126791000366e-01
2.113979309797286987e-01
1.250503361225128174e-01
2.209038585424423218e-01
1.399071961641311646e-01
0.000000000000000000e+00
3.506932854652404785e-01
2.529651820659637451e-01
0.000000000000000000e+00
1.029591560363769531e+00
0.000000000000000000e+00
4.102407991886138916e-01
2.286404132843017578e+00
2.367538213729858398e+00
2.720891535282135010e-01
8.400284498929977417e-02
1.388042807579040527e+00
0.000000000000000000e+00
2.219637870788574219e+00
5.647384375333786011e-02
4.668395519256591797e-01
1.526696830987930298e-01
0.000000000000000000e+00
6.581181287765502930e-02
1.781052947044372559e-01
1.042394991964101791e-02
5.523220896720886230e-01
0.000000000000000000e+00
3.647427074611186981e-04
1.972478777170181274e-01
3.187618777155876160e-02
1.846367418766021729e-01
3.429849147796630859e-01
1.346481323242187500e+00
1.011891663074493408e-01
1.366984009742736816e+00
0.000000000000000000e+00
4.459004476666450500e-02
3.966572284698486328e-01
7.628307342529296875e+00
1.956397891044616699e-01
3.433814272284507751e-02
5.526168942451477051e-01
3.788591027259826660e-01
1.175858546048402786e-02
1.676402926445007324e+00
4.248382747173309326e-01
0.000000000000000000e+00
3.756722062826156616e-02
0.000000000000000000e+00
2.924742102622985840e-01
1.324369788169860840e+00
9.065680950880050659e-02
6.669799089431762695e-01
5.274332165718078613e-01
6.479611396789550781e-01
6.372429728507995605e-01
2.485261261463165283e-01
0.000000000000000000e+00
0.000000000000000000e+00
3.014439530670642853e-02
3.200072944164276123e-01
1.336993724107742310e-01
1.340754032135009766e+00
1.803697459399700165e-02
1.603758931159973145e+00
8.143949508666992188e-02
1.869931817054748535e-02
8.999690413475036621e-02
3.173147886991500854e-02
2.122858613729476929e-01
3.164240391924977303e-03
0.000000000000000000e+00
2.478488683700561523e-01
2.816621586680412292e-02
1.749448478221893311e-02
2.012395143508911133e+00
2.250323444604873657e-01
6.154701709747314453e-01
5.350237488746643066e-01
4.758226871490478516e+00
0.000000000000000000e+00
7.867090702056884766e-01
9.214920550584793091e-02
9.513848274946212769e-02
2.868262827396392822e-01
4.596581682562828064e-02
2.670913636684417725e-01
1.362995952367782593e-01
1.791915856301784515e-02
5.749235395342111588e-03
4.890243113040924072e-01
5.279455799609422684e-03
3.622568445280194283e-03
1.834181249141693115e-01
1.251876711845397949e+00
6.451193988323211670e-02
6.336965560913085938e-01
1.534979417920112610e-02
8.703444153070449829e-02
0.000000000000000000e+00
8.925302326679229736e-02
0.000000000000000000e+00
0.000000000000000000e+00
0.000000000000000000e+00
0.000000000000000000e+00
0.000000000000000000e+00
1.277945041656494141e-01
9.547127410769462585e-03
2.617189846932888031e-02
5.509230494499206543e-02
9.649058580398559570e-01
2.431482970714569092e-01
4.608772695064544678e-02
1.027735710144042969e+00
1.796183362603187561e-02
1.423874795436859131e-01
1.543296128511428833e-02
2.072648257017135620e-01
5.503983423113822937e-02
8.604723215103149414e-02
6.899085044860839844e-01
7.795423269271850586e-01
1.123188361525535583e-01
0.000000000000000000e+00
1.020758897066116333e-01
6.359873414039611816e-01
8.462403714656829834e-02
5.759305879473686218e-02
0.000000000000000000e+00
2.314458936452865601e-01
5.905162096023559570e-01
2.198831364512443542e-02
2.444661855697631836e-01
1.080930113792419434e+00
5.247221142053604126e-02
0.000000000000000000e+00
1.486352737993001938e-02
3.537191078066825867e-02
5.014947615563869476e-03
1.793574541807174683e-02
7.172083109617233276e-02
2.348659336566925049e-01
6.461080908775329590e-01
8.800606131553649902e-01
9.924956560134887695e-01
2.559474706649780273e-01
5.359571576118469238e-01
6.144147515296936035e-01
1.241639852523803711e+00
4.429743289947509766e-01
5.105271339416503906e-01
3.881494998931884766e-01
0.000000000000000000e+00
5.069043040275573730e-01
1.385512948036193848e-01
0.000000000000000000e+00
6.753376722335815430e-01
6.889010220766067505e-02
5.546867251396179199e-01
1.028406023979187012e+00
4.963754117488861084e-02
5.083280801773071289e-01
3.367052599787712097e-02
7.273585200309753418e-01
3.962526023387908936e-01
1.807202249765396118e-01
3.404444456100463867e-02
7.536747027188539505e-03
1.045916303992271423e-01
4.597477987408638000e-02
1.989308744668960571e-02
0.000000000000000000e+00
8.096013069152832031e-01
0.000000000000000000e+00
1.924633793532848358e-02
1.564316302537918091e-01
5.958484649658203125e+00
1.819164678454399109e-02
0.000000000000000000e+00
0.000000000000000000e+00
1.938038319349288940e-01
7.239604592323303223e-01
9.464560449123382568e-02
1.288873553276062012e-01
1.578396201133728027e+00
4.136579930782318115e-01
1.410916745662689209e-01
6.592106074094772339e-02
1.046958193182945251e-01
3.082060255110263824e-02
4.203090965747833252e-01
7.507738471031188965e-01
5.022696852684020996e-01
1.495515089482069016e-02
5.195536836981773376e-02
1.208600625395774841e-01
1.159526128321886063e-02
3.225799202919006348e-01
3.708410561084747314e-01
1.272003889083862305e+00
3.518313467502593994e-01
7.279661297798156738e-01
2.546103000640869141e-01
3.117649555206298828e-01
6.904074549674987793e-02
6.634946167469024658e-02
0.000000000000000000e+00
1.735373400151729584e-03
1.634623706340789795e-01
3.363022804260253906e-01
8.532506227493286133e-01
1.203848421573638916e-01
3.291303217411041260e-01
2.059313468635082245e-03
1.384203135967254639e-01
1.744105219841003418e-01
1.911300867795944214e-01
0.000000000000000000e+00
1.175255700945854187e-01
2.299097776412963867e-01
1.775016188621520996e-01
9.601758122444152832e-01
5.860356092453002930e-01
4.735324978828430176e-01
4.455760866403579712e-02
1.219992995262145996e+00
1.902589559555053711e+00
1.188633069396018982e-01
2.451911419630050659e-01
3.150665760040283203e-01
1.537801623344421387e-01
0.000000000000000000e+00
1.912008523941040039e+00
1.035006493330001831e-01
1.167486235499382019e-02
5.024352073669433594e-01
4.678498208522796631e-01
2.376230210065841675e-01
9.744321107864379883e-01
2.261781096458435059e-01
1.123375967144966125e-01
1.207479953765869141e+00
4.690649807453155518e-01
1.016596078872680664e+00
4.560687765479087830e-02
1.826293650083243847e-03
0.000000000000000000e+00
3.338608890771865845e-02
1.594434529542922974e-01
4.360734019428491592e-03
1.161064743995666504e+00
2.329505980014801025e-01
1.460409641265869141e+00
1.989613985642790794e-03
1.049181167036294937e-02
0.000000000000000000e+00
1.038734793663024902e+00
2.775710225105285645e-01
0.000000000000000000e+00
7.225493788719177246e-01
6.623132526874542236e-02
5.147229507565498352e-02
4.257559776306152344e-03
1.376702487468719482e-01
8.521263003349304199e-01
0.000000000000000000e+00
3.482761606574058533e-02
1.449938565492630005e-01
8.350063115358352661e-02
1.241840243339538574e+00
5.083614494651556015e-03
1.106838583946228027e-01
6.252889633178710938e-01
2.720953822135925293e-01
0.000000000000000000e+00
6.331988573074340820e-01
6.997604668140411377e-02
7.952398620545864105e-03
6.650283336639404297e-01
2.104064971208572388e-01
5.299863219261169434e-02
1.382798049598932266e-02
3.561349958181381226e-02
1.608623415231704712e-01
1.303105056285858154e-02
1.133806258440017700e-01
1.039908453822135925e-01
1.067240238189697266e+00
0.000000000000000000e+00
6.148328632116317749e-02
3.078730031847953796e-02
1.096990704536437988e-01
2.415506988763809204e-01
4.105224609375000000e-01
5.940987467765808105e-01
1.700463443994522095e-01
1.242203593254089355e+00
0.000000000000000000e+00
3.526288568973541260e-01
1.088192939758300781e+00
2.011926844716072083e-03
8.299720287322998047e-01
1.012898832559585571e-01
8.236230909824371338e-02
9.763205796480178833e-02
2.439179867506027222e-01
0.000000000000000000e+00
1.664557494223117828e-02
4.632401764392852783e-01
5.952765345573425293e-01
0.000000000000000000e+00
5.212913751602172852e-01
9.146807342767715454e-02
8.244158029556274414e-01
4.142741858959197998e-01
1.935317814350128174e-01
5.474045407027006149e-03
3.971715569496154785e-01
1.174364462494850159e-01
0.000000000000000000e+00
3.929895162582397461e-01
3.264240622520446777e-01
2.758350074291229248e-01
2.220683097839355469e+00
0.000000000000000000e+00
2.337305843830108643e-01
1.513340711593627930e+00
2.264553606510162354e-01
3.759407997131347656e-01
1.996603459119796753e-01
1.725603938102722168e-01
5.296530574560165405e-02
0.000000000000000000e+00
1.844810545444488525e-01
2.445678263902664185e-01
6.493180394172668457e-01
6.248821690678596497e-02
3.864551782608032227e-01
9.074620157480239868e-02
2.935813507065176964e-03
5.231264829635620117e-01
8.367690443992614746e-02
0.000000000000000000e+00
0.000000000000000000e+00
1.163998022675514221e-01
1.142199784517288208e-01
2.536117076873779297e+00
7.604812085628509521e-02
1.245476081967353821e-01
1.478835195302963257e-01
1.217333376407623291e-01
6.917251348495483398e-01
7.474867105484008789e-01
5.049261450767517090e-01
1.134775876998901367e+00
0.000000000000000000e+00
1.607502810657024384e-02
5.957055091857910156e-01
5.260266661643981934e-01
2.848962545394897461e-01
3.159264624118804932e-01
1.299727857112884521e-01
4.707636833190917969e-01
2.991988658905029297e-01
1.681463271379470825e-01
4.689644873142242432e-01
7.766774296760559082e-01
4.812694713473320007e-02
2.000326663255691528e-01
1.543524265289306641e-01
8.883145451545715332e-02
3.350581824779510498e-01
6.306023001670837402e-01
1.660411953926086426e-01
2.223961614072322845e-02
2.000296592712402344e+00
4.254645407199859619e-01
7.474007010459899902e-01
5.083180591464042664e-02
1.035133143886923790e-03
5.406519174575805664e-01
8.255828022956848145e-01
1.423462629318237305e-01
3.904996439814567566e-02
0.000000000000000000e+00
1.710118532180786133e+00
1.403179526329040527e+00
2.693859577178955078e+00
1.094369411468505859e+00
1.939183622598648071e-01
8.955366909503936768e-02
0.000000000000000000e+00
4.983424842357635498e-01
0.000000000000000000e+00
0.000000000000000000e+00
6.557880342006683350e-02
5.401743575930595398e-02
2.391360327601432800e-02
1.084768772125244141e+00
4.944826662540435791e-02
7.776046991348266602e-01
0.000000000000000000e+00
1.634957194328308105e-01
1.454831480979919434e+00
3.324745967984199524e-02
6.783386468887329102e-01
8.168936520814895630e-02
1.649104952812194824e-01
1.383034229278564453e+00
8.756328225135803223e-01
1.609741896390914917e-01
4.267487674951553345e-02
5.730327963829040527e-01
9.987580180168151855e-01
4.531216621398925781e-02
1.474992185831069946e-01
2.847873926162719727e+00
8.044042438268661499e-02
3.840408101677894592e-02
4.657866954803466797e-01
5.079651474952697754e-01
5.972129479050636292e-02
1.235806107521057129e+00
6.980084180831909180e-01
1.452091336250305176e-01
9.137047529220581055e-01
2.067781686782836914e+00
6.319171190261840820e-01
5.536331534385681152e-01
4.237460792064666748e-01
1.827049702405929565e-01
1.011858701705932617e+00
2.347874492406845093e-01
6.629861891269683838e-02
1.338323950767517090e+00
6.246048808097839355e-01
4.166258275508880615e-01
1.954858191311359406e-02
7.022124528884887695e-02
1.786650657653808594e+00
2.429500520229339600e-01
0.000000000000000000e+00
3.493432402610778809e-01
3.505750745534896851e-02
5.629318580031394958e-02
0.000000000000000000e+00
8.051717877388000488e-01
3.034188747406005859e-01
2.925336956977844238e-01
9.735773205757141113e-01
6.030735969543457031e-01
5.726942420005798340e-01
2.661521546542644501e-02
4.091139435768127441e-01
1.250738650560379028e-01
2.548383176326751709e-02
9.059450149536132812e+00
2.063704282045364380e-01
6.753762066364288330e-02
2.131165266036987305e+00
6.126213073730468750e-02
6.646431982517242432e-02
1.232852637767791748e-01
3.490221023559570312e+00
7.604753375053405762e-01
0.000000000000000000e+00
3.503000438213348389e-01
1.210590153932571411e-01
0.000000000000000000e+00
3.460682392120361328e+00
0.000000000000000000e+00
8.443822860717773438e-01
1.269246800802648067e-03
1.943054944276809692e-01
1.948949098587036133e-01
5.509733036160469055e-02
1.922848820686340332e-01
1.262840479612350464e-01
5.081880688667297363e-01
2.481893450021743774e-01
2.202679812908172607e-01
7.296511530876159668e-01
3.314803168177604675e-02
4.669985920190811157e-02
1.391093805432319641e-02
9.538807868957519531e-01
3.123344182968139648e-01
4.611991345882415771e-02
0.000000000000000000e+00
5.636299252510070801e-01
1.022727936506271362e-01
7.441733032464981079e-02
5.438067317008972168e-01
7.199400067329406738e-01
1.077891141176223755e-01
3.901678621768951416e-01
8.201152086257934570e-02
2.100208401679992676e-01
6.793132424354553223e-02
2.917597889900207520e-01
8.604758977890014648e-02
0.000000000000000000e+00
5.119871616363525391e+00
4.701075702905654907e-02
2.292740531265735626e-02
1.305325925350189209e-01
4.609424173831939697e-01
0.000000000000000000e+00
2.486027330160140991e-01
5.952140688896179199e-01
3.125610053539276123e-01
5.269138813018798828e-01
0.000000000000000000e+00
0.000000000000000000e+00
2.009341716766357422e+00
5.764813721179962158e-02
7.235737890005111694e-02
5.539477244019508362e-02
1.068229794502258301e+00
5.039030313491821289e-01
1.387418150901794434e+00
6.114021688699722290e-02
4.226978719234466553e-01
1.815359294414520264e-01
1.213858604431152344e+00
3.953556418418884277e-01
1.439027339220046997e-01
4.318921566009521484e-01
3.120280206203460693e-01
1.376932263374328613e+00
1.430127676576375961e-02
3.286004438996315002e-02
0.000000000000000000e+00
3.015422821044921875e-02
1.697384238243103027e+00
3.574611842632293701e-01
1.389436244964599609e+00
5.562622547149658203e-01
6.878258585929870605e-01
4.474083893001079559e-03
1.621800363063812256e-01
2.986440360546112061e-01
3.047559261322021484e-01
0.000000000000000000e+00
2.832802012562751770e-03
6.536348462104797363e-01
0.000000000000000000e+00
2.131780534982681274e-01
0.000000000000000000e+00
1.071486994624137878e-01
1.019545271992683411e-02
1.385951876640319824e+00
1.800955981016159058e-01
0.000000000000000000e+00
6.639419198036193848e-01
2.807080268859863281e+00
1.153492853045463562e-01
5.113239884376525879e-01
0.000000000000000000e+00
9.645888209342956543e-02
1.855053454637527466e-01
5.512982606887817383e-02
1.602728515863418579e-01
7.364601362496614456e-03
5.476887896656990051e-02
8.968119025230407715e-01
5.473267287015914917e-02
2.683849632740020752e-02
1.665263921022415161e-01
5.666680932044982910e-01
1.429388076066970825e-01
4.991478845477104187e-02
1.680828779935836792e-01
1.875752806663513184e-01
1.337137699127197266e+00
1.462782859802246094e+00
1.342500805854797363e+00
2.446391880512237549e-01
5.162322893738746643e-02
8.272269368171691895e-02
2.094561159610748291e-01
2.831374704837799072e-01
3.261173367500305176e-01
1.911060214042663574e-01
1.699120402336120605e-01
3.660778403282165527e-01
5.545853078365325928e-02
9.598799943923950195e-01
1.870822720229625702e-02
5.748916268348693848e-01
2.404011636972427368e-01
1.076647788286209106e-01
6.222271919250488281e+00
1.038974616676568985e-03
3.083939552307128906e+00
5.547491312026977539e-01
1.034805923700332642e-02
3.013048410415649414e+00
3.033624403178691864e-02
1.393404752016067505e-01
2.009588293731212616e-02
9.031172990798950195e-01
0.000000000000000000e+00
0.000000000000000000e+00
6.556874513626098633e-01
6.770676374435424805e-01
5.188307762145996094e-01
4.953651726245880127e-01
3.001970946788787842e-01
9.783803224563598633e-01
1.662152074277400970e-02
2.492643356323242188e+00
4.202038645744323730e-01
2.319030016660690308e-01
7.700139880180358887e-01
8.796613812446594238e-01
2.867622673511505127e-01
6.563534140586853027e-01
3.957471251487731934e-01
3.620624840259552002e-01
7.356145381927490234e-01
1.990542858839035034e-01
1.362144201993942261e-01
2.603144943714141846e-01
3.591665923595428467e-01
0.000000000000000000e+00
0.000000000000000000e+00
0.000000000000000000e+00
0.000000000000000000e+00
3.035936653614044189e-01
5.094679594039916992e-01
0.000000000000000000e+00
2.741509117186069489e-02
1.355154275894165039e+00
4.290120005607604980e-01
8.791007846593856812e-02
1.318726502358913422e-02
4.915692806243896484e-01
6.298792958259582520e-01
1.341733038425445557e-01
4.613783061504364014e-01
4.441729187965393066e-01
1.876876205205917358e-01
1.153879880905151367e+00
4.176578521728515625e-01
3.351371884346008301e-01
6.651888787746429443e-02
3.905410766601562500e+00
3.599275946617126465e-01
1.114425361156463623e-01
6.407531350851058960e-02
3.641727685928344727e+00
0.000000000000000000e+00
0.000000000000000000e+00
1.385642170906066895e+00
2.625399231910705566e-01
1.075394600629806519e-01
2.557556703686714172e-02
7.777575403451919556e-02
3.588378429412841797e-01
1.533792734146118164e+00
8.636275529861450195e-01
4.949254393577575684e-01
9.602517634630203247e-02
5.545685291290283203e-01
1.584490239620208740e-01
1.799045130610466003e-02
7.704696655273437500e-01
2.341438829898834229e-01
7.964965887367725372e-03
1.003804951906204224e-01
3.418112099170684814e-01
4.204532504081726074e-01
1.187079429626464844e+00
1.043895445764064789e-02
1.483415514230728149e-01
4.820407554507255554e-02
1.970809996128082275e-01
2.787252068519592285e-01
0.000000000000000000e+00
1.234729960560798645e-02
6.305799353867769241e-03
3.599203526973724365e-01
0.000000000000000000e+00
9.898807853460311890e-02
5.308808013796806335e-02
2.666623704135417938e-02
1.914753019809722900e-01
1.869402080774307251e-02
5.393691658973693848e-01
5.978120326995849609e+00
5.254345536231994629e-01
0.000000000000000000e+00
1.344397366046905518e-01
9.741732478141784668e-02
9.284436106681823730e-01
6.719524860382080078e-01
4.689678922295570374e-02
1.525669246912002563e-01
0.000000000000000000e+00
3.827002346515655518e-01
1.955107152462005615e-01
9.336083382368087769e-02
4.548440277576446533e-01
4.409978091716766357e-01
2.970812618732452393e-01
8.656879067420959473e-01
4.395506903529167175e-02
6.825938820838928223e-01
4.266558289527893066e-01
1.524083465337753296e-01
7.544837594032287598e-01
0.000000000000000000e+00
0.000000000000000000e+00
4.032271206378936768e-01
1.152431726455688477e+00
6.780503988265991211e-01
0.000000000000000000e+00
2.722573094069957733e-02
7.830556482076644897e-02
6.900461912155151367e-01
3.300782918930053711e+00
2.783850766718387604e-02
1.488604843616485596e-01
0.000000000000000000e+00
7.830972671508789062e-01
2.092153131961822510e-01
7.437009364366531372e-02
8.574291318655014038e-02
2.919895648956298828e-01
6.411581486463546753e-02
3.002054989337921143e-01
1.964647881686687469e-02
3.900030553340911865e-01
1.191008985042572021e-01
1.670935153961181641e+00
1.776852309703826904e-01
9.133572131395339966e-02
6.985260486602783203e+00
0.000000000000000000e+00
0.000000000000000000e+00
1.738165020942687988e-01
0.000000000000000000e+00
2.892950475215911865e-01
1.846384257078170776e-01
1.403505355119705200e-01
1.053446531295776367e-01
7.322599291801452637e-01
2.403681278228759766e-01
1.630214601755142212e-01
0.000000000000000000e+00
4.473532363772392273e-02
0.000000000000000000e+00
3.971472084522247314e-01
0.000000000000000000e+00
1.318406313657760620e-01
2.863982319831848145e-01
5.940434932708740234e-01
1.403424978256225586e+00
5.118117332458496094e-01
5.814690589904785156e-01
0.000000000000000000e+00
4.216693639755249023e-01
2.229378372430801392e-01
2.887623198330402374e-02
3.633146584033966064e-01
3.314867913722991943e-01
5.335555672645568848e-01
7.037366032600402832e-01
9.844271093606948853e-02
1.057128049433231354e-02
1.408295631408691406e+00
4.515365362167358398e-01
2.104003280401229858e-01
6.988652050495147705e-02
1.161524534225463867e+00
5.230817198753356934e-02
9.903681278228759766e-01
3.811126649379730225e-01
2.258882522583007812e+00
5.664455890655517578e-01
3.104860186576843262e-01
2.174334377050399780e-01
2.317833453416824341e-01
1.205525279045104980e+00
5.798828005790710449e-01
4.691532552242279053e-01
9.708715230226516724e-02
0.000000000000000000e+00
0.000000000000000000e+00
6.030130386352539062e-01
2.719641290605068207e-02
5.076390504837036133e-01
1.272452771663665771e-01
0.000000000000000000e+00
1.760265380144119263e-01
1.456810534000396729e-02
1.066409230232238770e+00
1.976337432861328125e-01
1.643524765968322754e+00
4.388079345226287842e-01
1.903223544359207153e-01
6.883348803967237473e-03
0.000000000000000000e+00
1.031220406293869019e-01
4.269188940525054932e-01
3.936844766139984131e-01
3.962694406509399414e-01
9.195773601531982422e-01
6.587410569190979004e-01
3.227312862873077393e-02
4.909947514533996582e-01
7.476074218750000000e+00
1.259733289480209351e-01
0.000000000000000000e+00
1.758675456047058105e+00
1.480040978640317917e-02
3.175079077482223511e-02
3.485436439514160156e-01
8.824747800827026367e-01
7.328848540782928467e-02
6.219769120216369629e-01
7.017217576503753662e-02
0.000000000000000000e+00
1.956694014370441437e-02
6.407229229807853699e-03
8.822237849235534668e-01
2.490345388650894165e-02
3.297202587127685547e-01
1.667339205741882324e-01
5.890526622533798218e-02
0.000000000000000000e+00
3.847956657409667969e-01
1.029015183448791504e-01
5.429184436798095703e-01
6.818951368331909180e-01
2.978878915309906006e-01
1.209926307201385498e-01
5.604982972145080566e-01
7.666551470756530762e-01
2.491856217384338379e-01
3.186693489551544189e-01
7.831436991691589355e-01
5.230168104171752930e-01
1.449057459831237793e+00
3.709107637405395508e-02
1.269537508487701416e-01
2.252637594938278198e-02
8.144899606704711914e-01
3.245005309581756592e-01
4.040208086371421814e-02
5.888533592224121094e-01
1.922326385974884033e-01
2.721691429615020752e-01
9.766560047864913940e-02
3.794426321983337402e-01
1.913688480854034424e-01
8.206509053707122803e-03
1.788286447525024414e+00
7.366783916950225830e-03
4.833797514438629150e-01
9.903255105018615723e-02
3.018625259399414062e+00
3.017624020576477051e-01
5.190962553024291992e-02
7.171978950500488281e-01
6.585020571947097778e-02
8.808800578117370605e-01
6.426851153373718262e-01
5.187901258468627930e-01
2.380917593836784363e-02
0.000000000000000000e+00
5.183996558189392090e-01
3.602308630943298340e-01
1.029672548174858093e-01
2.546526193618774414e-01
2.782370448112487793e-01
1.907236725091934204e-01
0.000000000000000000e+00
1.198573410511016846e-01
2.104859650135040283e-01
6.143549829721450806e-02
4.269724339246749878e-02
3.148852884769439697e-01
3.027240633964538574e-01
3.896740376949310303e-01
0.000000000000000000e+00
3.094626367092132568e-01
1.457786411046981812e-01
1.271815318614244461e-02
1.538260817527770996e+00
0.000000000000000000e+00
9.488923102617263794e-02
1.339859813451766968e-01
8.815854787826538086e-02
1.912508159875869751e-01
5.708730220794677734e-01
4.215656518936157227e-01
2.840376198291778564e-01
3.658604025840759277e-01
1.253595352172851562e+00
9.781389832496643066e-01
2.982891164720058441e-02
1.477565616369247437e-02
9.051896929740905762e-01
2.048417329788208008e-01
8.094494044780731201e-02
3.898158073425292969e-01
0.000000000000000000e+00
8.307708799839019775e-02
5.255492925643920898e-01
4.991426318883895874e-02
0.000000000000000000e+00
1.086867213249206543e+00
2.802622556686401367e+00
0.000000000000000000e+00
0.000000000000000000e+00
0.000000000000000000e+00
2.566621303558349609e-01
2.307001128792762756e-02
1.960130482912063599e-01
8.244534730911254883e-01
1.969988942146301270e-01
0.000000000000000000e+00
2.260967344045639038e-02
2.397452015429735184e-03
2.693894505500793457e-01
4.793541878461837769e-02
4.027587413787841797e+00
6.455435156822204590e-01
0.000000000000000000e+00
1.123230084776878357e-01
1.952864527702331543e+00
7.093147635459899902e-01
5.871176123619079590e-01
1.584603905677795410e+00
5.991228669881820679e-02
1.170050352811813354e-01
1.300157159566879272e-01
2.120053581893444061e-02
0.000000000000000000e+00
0.000000000000000000e+00
8.341075181961059570e-01
5.903127193450927734e-01
4.294676780700683594e-01
1.676855534315109253e-01
3.864491879940032959e-01
0.000000000000000000e+00
0.000000000000000000e+00
2.138137966394424438e-01
7.461161613464355469e-01
1.168568059802055359e-01
0.000000000000000000e+00
3.429359197616577148e-02
3.940377384424209595e-02
1.194268018007278442e-01
3.153154626488685608e-02
4.566803872585296631e-01
9.106898680329322815e-03
8.564786314964294434e-01
2.750152908265590668e-02
7.008251547813415527e-02
4.433473944664001465e-01
0.000000000000000000e+00
6.497454047203063965e-01
2.532843053340911865e-01
6.523779630661010742e-01
1.227025315165519714e-01
9.450598061084747314e-02
1.477030515670776367e-01
4.916151463985443115e-01
1.915012121200561523e+00
2.292753309011459351e-01
4.099238216876983643e-01
0.000000000000000000e+00
2.079199999570846558e-01
0.000000000000000000e+00
7.426818460226058960e-02
1.668025851249694824e-01
1.487125635147094727e+00
0.000000000000000000e+00
3.859243690967559814e-01
7.126357406377792358e-02
1.801684975624084473e+00
5.841543078422546387e-01
4.551691412925720215e-01
1.905553638935089111e-01
4.526584446430206299e-01
9.894712567329406738e-01
8.435294777154922485e-02
5.011095404624938965e-01
1.453636527061462402e+00
5.001566410064697266e-01
3.349561095237731934e-01
1.146090961992740631e-02
1.650860533118247986e-02
1.014889031648635864e-01
5.589976906776428223e-02
2.545933425426483154e-01
1.217047423124313354e-01
0.000000000000000000e+00
3.714395761489868164e-01
2.052074372768402100e-01
5.840153619647026062e-02
3.990998506546020508e+00
2.265560179948806763e-01
7.258469611406326294e-02
7.628288269042968750e-01
6.549176573753356934e-02
2.283496549353003502e-03
5.348446965217590332e-01
5.294445902109146118e-02
1.513691693544387817e-01
0.000000000000000000e+00
2.746259927749633789e+00
3.512589633464813232e-01
1.299976706504821777e-01
5.127313733100891113e-01
2.188992351293563843e-01
1.269149899482727051e+00
3.767582178115844727e-01
0.000000000000000000e+00
2.837300896644592285e-01
1.624163389205932617e-01
6.455761790275573730e-01
3.865512609481811523e-01
3.947140574455261230e-01
8.810595870018005371e-01
9.190933704376220703e-01
1.364011224359273911e-02
1.739314198493957520e-02
1.310240268707275391e+00
1.583498716354370117e-01
1.146374583244323730e+00
1.595027089118957520e+00
7.388691417872905731e-03
8.597742319107055664e-01
9.152592420578002930e-01
1.149504065513610840e+00
8.096480369567871094e-01
4.649805724620819092e-01
2.969284355640411377e-01
6.071133166551589966e-02
3.636709600687026978e-02
3.513933420181274414e-01
3.485398292541503906e-01
4.444189369678497314e-02
2.413572967052459717e-01
8.039143867790699005e-03
2.081509977579116821e-01
3.009916841983795166e-01
1.999804079532623291e-01
0.000000000000000000e+00
9.111678600311279297e-02
5.783956050872802734e-01
0.000000000000000000e+00
5.657015442848205566e-01
8.825118094682693481e-02
9.951264411211013794e-02
0.000000000000000000e+00
9.111263207159936428e-04
1.301347374916076660e+00
2.524566836655139923e-02
6.707055144943296909e-04
8.030693233013153076e-02
1.756732352077960968e-02
4.383868694305419922e+00
2.924038767814636230e-01
0.000000000000000000e+00
0.000000000000000000e+00
8.919532597064971924e-02
1.016197279095649719e-01
5.958684682846069336e-01
3.749059140682220459e-01
4.490581154823303223e-02
6.932357549667358398e-01
4.799186065793037415e-02
3.506717458367347717e-02
2.404015325009822845e-02
1.049543991684913635e-01
2.527861669659614563e-02
1.293428897857666016e+00
1.060476097336504608e-05
1.148107112385332584e-03
1.465443894267082214e-02
2.332809567451477051e-01
2.367536574602127075e-01
4.429931566119194031e-02
9.349378347396850586e-01
2.564454078674316406e-02
8.394552469253540039e-01
4.636951386928558350e-01
7.251464128494262695e-01
9.761244058609008789e-02
1.207445561885833740e-01
2.037134021520614624e-02
1.290059089660644531e+00
3.924617171287536621e-02
4.627236723899841309e-01
1.486230343580245972e-01
0.000000000000000000e+00
1.078781485557556152e-01
2.362783998250961304e-01
7.417695969343185425e-02
0.000000000000000000e+00
2.143642120063304901e-02
4.911347925662994385e-01
1.602578163146972656e-01
0.000000000000000000e+00
1.499424874782562256e-01
1.353194415569305420e-01
5.531194806098937988e-02
1.169264316558837891e+00
0.000000000000000000e+00
6.235279440879821777e-01
2.561651915311813354e-02
3.231203556060791016e-01
8.479726314544677734e-02
7.563672661781311035e-01
2.309348285198211670e-01
3.178879618644714355e-02
1.948532223701477051e+00
1.157131552696228027e+00
1.782290041446685791e-01
2.207737118005752563e-01
2.558602392673492432e-01
3.021084964275360107e-01
3.089768625795841217e-02
3.093694448471069336e-01
9.864211678504943848e-01
1.651612162590026855e+00
2.612663507461547852e-01
4.010667279362678528e-02
1.669563174247741699e+00
1.452773064374923706e-01
4.891801998019218445e-02
5.023765087127685547e+00
0.000000000000000000e+00
7.114402018487453461e-03
3.688786923885345459e-01
4.697039350867271423e-02
7.051615715026855469e-01
4.539546668529510498e-01
1.993453353643417358e-01
0.000000000000000000e+00
1.534760892391204834e-01
3.119089305400848389e-01
9.582284688949584961e-01
8.689262270927429199e-01
9.311543405055999756e-02
7.229787111282348633e-01
5.842815712094306946e-02
8.053779006004333496e-01
2.566284500062465668e-02
2.642531506717205048e-02
7.957220077514648438e-04
4.055694937705993652e-01
1.213828995823860168e-01
0.000000000000000000e+00
2.263761358335614204e-03
2.982210814952850342e-01
6.754417717456817627e-02
0.000000000000000000e+00
6.789810210466384888e-02
5.358285456895828247e-02
2.592675685882568359e-01
1.767617017030715942e-01
5.914589762687683105e-01
1.268051564693450928e-01
1.092096697539091110e-02
3.858281373977661133e-01
3.950310945510864258e-01
8.369711786508560181e-02
1.838754117488861084e-02
3.595449924468994141e-01
6.686853170394897461e-01
9.081397056579589844e-01
5.175552368164062500e+00
7.792645096778869629e-01
1.082633286714553833e-01
1.123291626572608948e-02
1.152957603335380554e-01
1.713216304779052734e-01
1.671534538269042969e+00
0.000000000000000000e+00
0.000000000000000000e+00
2.010538876056671143e-01
3.313905894756317139e-01
2.337450236082077026e-01
4.152357280254364014e-01
2.018398232758045197e-02
1.158535718917846680e+00
2.311201810836791992e+00
4.547270238399505615e-01
6.434465199708938599e-02
9.212435483932495117e-01
1.599205136299133301e+00
4.523050040006637573e-02
2.003112435340881348e-02
8.470676094293594360e-02
0.000000000000000000e+00
4.880845248699188232e-01
3.249496221542358398e-01
9.065112471580505371e-01
4.053393751382827759e-02
4.538401961326599121e-02
7.273926734924316406e-01
4.144208878278732300e-02
1.777939349412918091e-01
0.000000000000000000e+00
1.798614382743835449e+00
5.048467516899108887e-01
3.544274568557739258e-01
3.813706338405609131e-01
1.864543408155441284e-01
9.217281639575958252e-02
6.692903637886047363e-01
1.349056482315063477e+00
0.000000000000000000e+00
2.868391573429107666e-01
1.019479781389236450e-01
2.030663639307022095e-01
3.544876351952552795e-02
1.069956779479980469e+00
1.408479958772659302e-01
1.449669599533081055e-01
7.933464646339416504e-02
1.417524814605712891e+00
1.051751971244812012e-01
1.171936616301536560e-01
5.268133282661437988e-01
0.000000000000000000e+00
1.874568760395050049e-01
7.395007181912660599e-03
1.268698461353778839e-02
4.021889567375183105e-01
0.000000000000000000e+00
7.380157709121704102e-02
6.708613038063049316e-02
8.714887499809265137e-01
2.630505084991455078e+00
1.527826418168842793e-03
1.869978159666061401e-01
0.000000000000000000e+00
6.418181210756301880e-02
8.900027722120285034e-02
9.794293642044067383e-01
2.366909757256507874e-02
1.339807757176458836e-03
3.813936710357666016e+00
0.000000000000000000e+00
1.255068462342023849e-02
5.869591981172561646e-02
2.794908545911312103e-02
2.736649513244628906e-01
1.351912878453731537e-02
5.999156460165977478e-02
1.230411648750305176e+00
2.136853337287902832e-01
3.096720576286315918e-01
3.353890478610992432e-01
8.750452995300292969e-01
1.230046972632408142e-01
8.668076246976852417e-02
4.585393667221069336e-01
1.191777875646948814e-03
1.677133589982986450e-01
7.608379703015089035e-03
8.706141710281372070e-01
1.436396688222885132e-01
1.421131372451782227e+00
8.255813121795654297e-01
4.225251376628875732e-01
1.737500578165054321e-01
1.080601811408996582e+00
1.214742660522460938e+00
3.163429498672485352e+00
1.614830940961837769e-01
1.411648631095886230e+00
0.000000000000000000e+00
0.000000000000000000e+00
1.134939312934875488e+00
2.640061080455780029e-02
0.000000000000000000e+00
3.692788779735565186e-01
4.920527338981628418e-02
1.301073282957077026e-02
1.138106346130371094e+00
1.523763388395309448e-01
1.263541132211685181e-01
3.450571298599243164e-01
9.504770487546920776e-02
3.435253858566284180e+00
3.467959910631179810e-02
1.534371972084045410e-01
1.633630841970443726e-01
1.200766190886497498e-01
8.329439759254455566e-01
4.761621952056884766e-01
3.090626716613769531e+00
5.720056891441345215e-01
4.358878731727600098e-01
4.044366180896759033e-01
0.000000000000000000e+00
2.999557554721832275e-01
4.962284117937088013e-03
3.631424903869628906e-01
1.385418653488159180e+00
1.616914749145507812e+00
9.003438800573348999e-02
3.329746541567146778e-04
1.671653628349304199e+00
2.836031913757324219e-01
2.040858030319213867e+00
1.021446008235216141e-02
2.838018834590911865e-01
3.317160308361053467e-01
7.210764288902282715e-01
6.586043536663055420e-02
2.039943218231201172e+00
4.715145379304885864e-02
0.000000000000000000e+00
2.416924238204956055e-01
1.207296773791313171e-01
6.356996297836303711e-01
4.928791150450706482e-02
8.645575493574142456e-02
1.311882734298706055e-01
2.877093553543090820e-01
2.810300290584564209e-01
8.086904883384704590e-03
5.896852817386388779e-03
1.112274169921875000e+00
1.022160947322845459e-01
0.000000000000000000e+00
0.000000000000000000e+00
2.655412554740905762e-01
4.639004170894622803e-01
1.255148291587829590e+00
4.334074631333351135e-02
1.220584511756896973e+00
4.562321901321411133e-01
3.222565054893493652e-01
1.909205615520477295e-01
1.510471254587173462e-01
7.088244557380676270e-01
2.583193063735961914e+00
1.915263414382934570e+00
3.770701885223388672e+00
1.787126779556274414e+00
2.489412277936935425e-01
4.358583688735961914e-01
5.957185104489326477e-02
6.945427507162094116e-02
0.000000000000000000e+00
4.478271678090095520e-02
4.002597332000732422e-01
1.244177460670471191e+00
6.287488937377929688e-01
2.442412078380584717e-02
2.465689927339553833e-01
0.000000000000000000e+00
1.743892133235931396e-01
1.261087805032730103e-01
4.992868006229400635e-02
1.316035538911819458e-01
8.613168261945247650e-03
0.000000000000000000e+00
7.040065526962280273e-02
1.843852400779724121e+00
1.127528473734855652e-01
3.649133205413818359e+00
1.792740970849990845e-01
5.441587567329406738e-01
3.868892192840576172e-01
2.246822789311408997e-02
6.957871466875076294e-02
5.455955266952514648e-01
1.408776879310607910e+00
3.034820780158042908e-02
1.139359362423419952e-02
1.408053040504455566e+00
3.144373744726181030e-02
1.068229079246520996e+00
2.040388107299804688e+00
3.347811698913574219e-01
1.096963603049516678e-02
3.704645205289125443e-03
9.459900259971618652e-01
2.989898435771465302e-02
3.797861933708190918e-02
0.000000000000000000e+00
3.899351358413696289e-01
1.582968980073928833e-01
1.143201231956481934e+00
2.757970616221427917e-02
6.301065683364868164e-01
6.313226913334801793e-05
2.882563276216387749e-03
1.975921094417572021e-01
1.373319607228040695e-02
1.364796459674835205e-01
0.000000000000000000e+00
1.158185720443725586e+00
1.157970130443572998e-01
2.156920135021209717e-01
8.681231178343296051e-03
3.087985515594482422e-01
1.119973212480545044e-01
1.084209680557250977e+00
1.307622313499450684e+00
2.107601314783096313e-01
3.531328439712524414e-01
2.118458747863769531e+00
8.991103172302246094e-01
2.096223115921020508e+00
3.198977708816528320e-01
5.309764146804809570e-01
6.662155985832214355e-01
0.000000000000000000e+00
3.085891306400299072e-01
5.069807767868041992e-01
1.451554894447326660e-01
0.000000000000000000e+00
3.450832068920135498e-01
1.063260197639465332e+00
2.273014307022094727e+00
1.633232235908508301e-01
8.205569386482238770e-01
2.564625442028045654e-01
1.334479808807373047e+00
3.022961914539337158e-01
0.000000000000000000e+00
7.555007338523864746e-01
8.699414134025573730e-01
6.271663308143615723e-01
5.207320675253868103e-03
6.115976572036743164e-01
3.883765265345573425e-02
1.089972496032714844e+00
2.649380452930927277e-02
1.243771761655807495e-01
0.000000000000000000e+00
2.522454261779785156e-01
1.026964560151100159e-01
5.917416214942932129e-01
1.400658488273620605e-01
9.884371161460876465e-01
0.000000000000000000e+00
8.149697184562683105e-01
1.245750463567674160e-03
5.531560182571411133e-01
6.741458084434270859e-03
2.383049577474594116e-02
0.000000000000000000e+00
3.958958014845848083e-02
5.826149582862854004e-01
3.267835080623626709e-01
4.780989289283752441e-01
9.117952734231948853e-02
0.000000000000000000e+00
3.351238071918487549e-01
1.215864866971969604e-01
1.268700212240219116e-01
5.528517723083496094e+00
7.844636589288711548e-02
9.591499343514442444e-03
0.000000000000000000e+00
0.000000000000000000e+00
6.815080530941486359e-03
4.103766754269599915e-02
1.126830466091632843e-02
4.429404735565185547e-01
5.885985493659973145e-02
5.887173175811767578e+00
5.191507935523986816e-02
1.446491926908493042e-01
8.711401373147964478e-02
1.932842731475830078e-01
1.774030625820159912e-01
1.017449423670768738e-01
0.000000000000000000e+00
1.373033761978149414e+00
6.148647665977478027e-01
3.300098478794097900e-01
0.000000000000000000e+00
0.000000000000000000e+00
7.945879101753234863e-01
2.142259597778320312e+00
3.832153230905532837e-02
6.010139361023902893e-02
1.859491318464279175e-01
1.453972607851028442e-01
3.769534081220626831e-02
3.090560436248779297e-02
2.197486311197280884e-01
1.561145037412643433e-01
5.851142406463623047e-01
4.004462957382202148e-01
3.147070109844207764e-02
3.889004588127136230e-01
1.185987070202827454e-01
6.299128532409667969e-01
2.393704093992710114e-02
0.000000000000000000e+00
2.331195771694183350e-01
0.000000000000000000e+00
4.165770485997200012e-02
1.294560432434082031e-01
1.085315108299255371e+00
0.000000000000000000e+00
8.895024657249450684e-02
0.000000000000000000e+00
4.492653906345367432e-01
8.261162787675857544e-02
0.000000000000000000e+00
1.437074095010757446e-01
4.428518563508987427e-02
1.977671980857849121e-01
2.144638895988464355e-01
5.370444152504205704e-03
0.000000000000000000e+00
1.993220448493957520e-01
1.112717296928167343e-02
1.986419111490249634e-01
3.344273567199707031e-01
0.000000000000000000e+00
0.000000000000000000e+00
4.273234307765960693e-01
5.147452831268310547e+00
1.036503791809082031e+00
0.000000000000000000e+00
1.379845738410949707e-01
8.396766185760498047e-01
4.779579043388366699e-01
5.907152965664863586e-02
2.078308910131454468e-01
6.095952913165092468e-02
4.688489139080047607e-01
2.842561900615692139e-01
1.649192571640014648e-01
6.596916913986206055e-02
0.000000000000000000e+00
4.065973460674285889e-01
8.403924703598022461e-01
1.878388822078704834e-01
5.588361062109470367e-03
1.700072176754474640e-02
8.946169912815093994e-02
1.431282460689544678e-01
0.000000000000000000e+00
3.801257014274597168e-01
0.000000000000000000e+00
2.414506971836090088e-01
3.695806860923767090e-01
5.028287693858146667e-02
7.564846426248550415e-02
1.075257081538438797e-02
0.000000000000000000e+00
1.052637338638305664e+00
8.689035773277282715e-01
1.410210013389587402e+00
0.000000000000000000e+00
9.811809062957763672e-01
1.630260944366455078e-01
0.000000000000000000e+00
1.621049195528030396e-01
9.682482481002807617e-02
1.424287706613540649e-01
1.126065477728843689e-01
0.000000000000000000e+00
4.292829835321754217e-04
7.511858642101287842e-02
3.154479712247848511e-02
1.297898441553115845e-01
8.875890970230102539e-01
8.419787883758544922e-02
2.396862022578716278e-03
0.000000000000000000e+00
2.757430672645568848e-01
7.582365274429321289e-01
1.849980652332305908e-02
7.355909049510955811e-02
2.294085025787353516e-01
1.191047579050064087e-01
0.000000000000000000e+00
8.469041436910629272e-02
3.542018830776214600e-01
2.621154487133026123e-01
0.000000000000000000e+00
3.068797290325164795e-02
2.456552088260650635e-01
0.000000000000000000e+00
1.005716249346733093e-02
1.340834498405456543e-01
2.096308469772338867e-01
1.399416565895080566e+00
4.584801942110061646e-02
7.204722613096237183e-02
2.082129269838333130e-01
7.301916182041168213e-02
1.750006228685379028e-01
2.291759550571441650e-01
1.482287645339965820e-01
1.979173123836517334e-01
3.676092252135276794e-02
0.000000000000000000e+00
1.311304122209548950e-01
0.000000000000000000e+00
2.654098719358444214e-02
4.195188283920288086e-01
0.000000000000000000e+00
0.000000000000000000e+00
0.000000000000000000e+00
5.082111954689025879e-01
0.000000000000000000e+00
0.000000000000000000e+00
2.729672193527221680e-01
1.330282688140869141e-01
1.167808100581169128e-01
4.435998853296041489e-03
7.156289815902709961e-01
1.730389356613159180e+00
2.443222701549530029e-02
6.492858529090881348e-01
8.362058550119400024e-02
1.461294174194335938e+00
8.628594875335693359e-02
3.366905152797698975e-01
4.399776086211204529e-02
3.513107299804687500e-01
4.560172557830810547e-01
1.292170524597167969e+00
0.000000000000000000e+00
2.381343603134155273e+00
6.418482065200805664e-01
2.661547437310218811e-02
1.663944497704505920e-02
7.979813218116760254e-02
5.827854201197624207e-02
1.211774706840515137e+00
2.443297505378723145e-01
8.353393077850341797e-01
0.000000000000000000e+00
5.460241436958312988e-01
5.404535681009292603e-03
1.238255798816680908e-01
7.865298390388488770e-01
2.926890738308429718e-02
1.179074048995971680e-01
8.970838189125061035e-01
6.208831071853637695e-02
1.095886468887329102e+00
7.046095281839370728e-02
7.578392028808593750e-01
6.382855176925659180e-01
1.738833785057067871e-01
3.251115977764129639e-01
0.000000000000000000e+00
2.298586256802082062e-02
6.217080727219581604e-02
1.159961342811584473e+00
2.869804799556732178e-01
3.745057344436645508e+00
5.595733597874641418e-02
1.555381864309310913e-01
2.867112398147583008e+00
0.000000000000000000e+00
4.439777433872222900e-01
3.555592000484466553e-01
1.358396410942077637e-01
5.016708970069885254e-01
9.794374555349349976e-02
4.332300722599029541e-01
0.000000000000000000e+00
8.922102861106395721e-03
3.428297281265258789e+00
6.016068905591964722e-02
0.000000000000000000e+00
6.331230998039245605e-01
0.000000000000000000e+00
3.506047427654266357e-01
2.317264378070831299e-01
5.024085640907287598e-01
1.428685426712036133e+00
3.431273102760314941e-01
2.900332212448120117e-01
3.578970134258270264e-01
1.106662377715110779e-01
0.000000000000000000e+00
2.788274362683296204e-02
2.878623269498348236e-02
6.642672698944807053e-03
2.162303328514099121e-01
2.256419360637664795e-01
2.747578732669353485e-02
0.000000000000000000e+00
2.840937376022338867e-01
2.827856540679931641e-01
0.000000000000000000e+00
3.351030945777893066e-01
1.172803640365600586e+00
6.908662617206573486e-02
4.160094261169433594e-01
1.948135532438755035e-02
3.640326261520385742e-01
7.349299639463424683e-02
1.275094300508499146e-01
3.068911433219909668e-01
1.364680081605911255e-01
2.331593185663223267e-01
1.683912426233291626e-01
8.585657477378845215e-01
7.392396032810211182e-02
1.867450028657913208e-01
0.000000000000000000e+00
1.136144757270812988e+00
2.948888063430786133e+00
8.565629832446575165e-03
1.455289244651794434e+00
5.624172743409872055e-03
0.000000000000000000e+00
1.083394289016723633e-01
6.389650702476501465e-02
1.307187229394912720e-01
7.053280472755432129e-01
8.177766576409339905e-03
1.223542928695678711e+00
0.000000000000000000e+00
2.605012431740760803e-02
1.701970398426055908e-01
0.000000000000000000e+00
1.237388998270034790e-01
2.125462889671325684e-01
8.711557984352111816e-01
1.477019071578979492e+00
8.589360862970352173e-02
8.897740393877029419e-02
0.000000000000000000e+00
4.307152628898620605e-01
1.607803940773010254e+00
2.842032723128795624e-02
6.104916930198669434e-01
2.407867610454559326e-01
1.065882802009582520e+00
4.120068624615669250e-02
2.827392145991325378e-02
6.062900647521018982e-02
6.789111495018005371e-01
0.000000000000000000e+00
6.663111597299575806e-02
2.565842866897583008e-01
1.098091959953308105e+00
2.029060572385787964e-01
2.472369968891143799e-01
0.000000000000000000e+00
4.479334652423858643e-01
1.206746339797973633e+00
2.861597016453742981e-02
2.528807520866394043e-02
6.689294241368770599e-03
4.962038695812225342e-01
9.173098206520080566e-01
0.000000000000000000e+00
3.921611234545707703e-02
2.580442726612091064e-01
3.301586210727691650e-01
5.353104323148727417e-02
9.996354579925537109e-02
1.840097596868872643e-03
7.906806468963623047e-01
1.229302048683166504e+00
1.888791322708129883e-01
9.473144076764583588e-03
2.164233624935150146e-01
2.418774962425231934e-01
5.066096186637878418e-01
1.644536256790161133e-01
7.029432803392410278e-02
8.567258715629577637e-01
7.501949369907379150e-02
1.414275765419006348e+00
6.200302839279174805e-01
1.964673876762390137e+00
1.150574982166290283e-01
5.469508171081542969e-01
7.076637744903564453e-01
4.179366827011108398e-01
0.000000000000000000e+00
0.000000000000000000e+00
9.573179483413696289e-02
5.978965163230895996e-01
1.695372700691223145e+00
1.896107792854309082e-01
1.173080652952194214e-01
1.828704029321670532e-01
7.581171393394470215e-01
0.000000000000000000e+00
1.318502146750688553e-02
2.667873799800872803e-01
0.000000000000000000e+00
7.445370405912399292e-02
0.000000000000000000e+00
3.014412224292755127e-01
1.455029129981994629e+00
1.459759712219238281e+00
5.419778823852539062e-01
0.000000000000000000e+00
1.600593626499176025e-01
4.217526316642761230e-01
8.352763652801513672e-01
0.000000000000000000e+00
2.950990945100784302e-02
2.567856200039386749e-02
5.200639963150024414e-01
4.969673603773117065e-02
4.376094788312911987e-02
8.044091984629631042e-03
3.892407193779945374e-02
5.742910876870155334e-02
4.626096487045288086e-01
7.663027048110961914e-01
2.775358855724334717e-01
2.393967807292938232e-01
7.561304569244384766e-01
3.692766189575195312e+00
0.000000000000000000e+00
0.000000000000000000e+00
3.072896599769592285e-01
3.799366950988769531e-01
1.923467665910720825e-01
1.092296242713928223e+00
2.650518119335174561e-01
1.706473231315612793e+00
3.689022362232208252e-02
8.408683538436889648e-01
7.339823246002197266e-01
5.664159730076789856e-02
7.712645053863525391e+00
7.656807452440261841e-02
2.017962932586669922e-01
1.376038882881402969e-02
7.946603000164031982e-03
0.000000000000000000e+00
6.935577392578125000e-01
9.503857046365737915e-02
5.121504142880439758e-02
4.292716979980468750e-01
6.038749217987060547e-01
5.887446999549865723e-01
2.381669759750366211e+00
1.407497525215148926e-01
1.895438730716705322e-01
1.887492090463638306e-01
0.000000000000000000e+00
0.000000000000000000e+00
2.622362971305847168e-01
1.177584305405616760e-01
2.449547499418258667e-01
0.000000000000000000e+00
1.085179224610328674e-01
4.047906100749969482e-01
0.000000000000000000e+00
0.000000000000000000e+00
1.952812424860894680e-03
4.180286884307861328e+00
2.047421455383300781e+00
0.000000000000000000e+00
1.832445114850997925e-01
2.003756165504455566e-02
2.751706242561340332e-01
7.254359722137451172e-01
4.548398405313491821e-02
1.206673122942447662e-02
1.787769198417663574e+00
1.166434679180383682e-02
1.025422755628824234e-02
5.840622633695602417e-02
1.222921133041381836e+00
2.170051783323287964e-01
1.153017058968544006e-01
7.525934278964996338e-02
8.610966801643371582e-02
6.212514638900756836e-01
7.482478618621826172e-01
9.011848568916320801e-01
1.876861691474914551e+00
6.071514487266540527e-01
6.624962389469146729e-02
1.639222264289855957e+00
1.098782569169998169e-01
1.197944656014442444e-01
2.833327464759349823e-02
9.665279649198055267e-03
1.220748871564865112e-01
1.505887508392333984e-01
1.820061355829238892e-01
7.410150766372680664e-01
1.280223369598388672e+00
2.108063995838165283e-01
6.609583497047424316e-01
1.497978419065475464e-01
2.093216590583324432e-02
0.000000000000000000e+00
2.478363811969757080e-01
1.054399833083152771e-02
6.712719798088073730e-01
2.779155969619750977e-01
1.437330711632966995e-02
2.811410278081893921e-02
1.737898215651512146e-02
2.220561355352401733e-01
1.575378894805908203e+00
5.528499484062194824e-01
7.454642653465270996e-02
1.527162492275238037e-01
9.760513901710510254e-02
0.000000000000000000e+00
1.273699663579463959e-02
0.000000000000000000e+00
0.000000000000000000e+00
2.654241621494293213e-01
5.925947427749633789e-01
9.643746018409729004e-01
1.205359399318695068e-01
6.957939267158508301e-01
0.000000000000000000e+00
0.000000000000000000e+00
1.930663883686065674e-01
5.781595036387443542e-02
2.428358942270278931e-01
0.000000000000000000e+00
2.219687104225158691e-01
1.156998515129089355e+00
6.229992210865020752e-02
8.590243011713027954e-02
0.000000000000000000e+00
1.687019467353820801e-01
4.328607559204101562e+00
3.393296301364898682e-01
2.964715659618377686e-01
8.741080760955810547e-01
6.115494370460510254e-01
0.000000000000000000e+00
0.000000000000000000e+00
3.393768668174743652e-01
4.896020591259002686e-01
1.059787273406982422e+00
0.000000000000000000e+00
0.000000000000000000e+00
3.339464366436004639e-01
1.307631190866231918e-02
4.756360650062561035e-01
4.349585473537445068e-01
1.557521522045135498e-01
3.352130055427551270e-01
5.389830470085144043e-02
1.429765224456787109e-01
4.521217644214630127e-01
0.000000000000000000e+00
4.023821353912353516e-01
0.000000000000000000e+00
