7.269356250762939453e-01
2.278537601232528687e-01
3.946539014577865601e-03
0.000000000000000000e+00
2.042828798294067383e-01
0.000000000000000000e+00
5.111889243125915527e-01
4.335246607661247253e-02
7.722175121307373047e-01
0.000000000000000000e+00
2.036910131573677063e-02
2.771623805165290833e-02
9.272129833698272705e-02
9.947668761014938354e-02
3.788651525974273682e-02
0.000000000000000000e+00
1.023894455283880234e-02
0.000000000000000000e+00
6.717807054519653320e-02
4.751170426607131958e-02
2.604457782581448555e-03
3.684976100921630859e-01
7.657214254140853882e-02
2.654621303081512451e-01
5.578333884477615356e-02
9.959346055984497070e-02
1.067005515098571777e+00
0.000000000000000000e+00
3.217592835426330566e-02
0.000000000000000000e+00
8.307101726531982422e-01
1.173168778419494629e+00
4.271984994411468506e-01
3.063693828880786896e-02
5.650729686021804810e-02
0.000000000000000000e+00
0.000000000000000000e+00
5.159976426512002945e-03
2.256398089230060577e-02
1.307762116193771362e-01
2.803120851516723633e+00
0.000000000000000000e+00
0.000000000000000000e+00
5.753979086875915527e-01
1.426971852779388428e-01
4.267282783985137939e-02
1.632262468338012695e-01
0.000000000000000000e+00
0.000000000000000000e+00
0.000000000000000000e+00
0.000000000000000000e+00
8.358078449964523315e-02
2.078795991837978363e-02
1.472659409046173096e-01
1.342184543609619141e-01
0.000000000000000000e+00
0.000000000000000000e+00
0.000000000000000000e+00
1.692352414131164551e+00
7.456395309418439865e-03
0.000000000000000000e+00
6.946805864572525024e-02
0.000000000000000000e+00
2.852143943309783936e-01
3.684664368629455566e-01
0.000000000000000000e+00
6.739339977502822876e-02
2.626574039459228516e+00
3.774698823690414429e-03
1.324149668216705322e-01
2.925272941589355469e+00
2.241501584649085999e-02
0.000000000000000000e+00
1.887150406837463379e-01
1.545313745737075806e-01
0.000000000000000000e+00
5.832603573799133301e-02
6.959392875432968140e-02
1.066484093666076660e+00
0.000000000000000000e+00
3.144181147217750549e-02
0.000000000000000000e+00
0.000000000000000000e+00
0.000000000000000000e+00
1.714519597589969635e-02
4.872155487537384033e-01
1.004166603088378906e+00
0.000000000000000000e+00
2.848951220512390137e-01
0.000000000000000000e+00
0.000000000000000000e+00
9.810524061322212219e-03
1.227887049317359924e-01
0.000000000000000000e+00
4.291228950023651123e-01
0.000000000000000000e+00
7.711251974105834961e-01
3.304073587059974670e-02
1.433457016944885254e+00
5.459117889404296875e-01
1.226090043783187866e-01
6.785082072019577026e-02
0.000000000000000000e+00
2.720757722854614258e+00
1.043241820298135281e-03
1.059891134500503540e-01
2.865360677242279053e-01
3.618374466896057129e-02
0.000000000000000000e+00
3.635081946849822998e-01
0.000000000000000000e+00
0.000000000000000000e+00
0.000000000000000000e+00
0.000000000000000000e+00
2.811664640903472900e-01
1.145922616124153137e-01
7.202036380767822266e-01
7.124203443527221680e-01
7.476860880851745605e-01
3.098716586828231812e-02
2.757633924484252930e-01
0.000000000000000000e+00
6.062738224864006042e-02
3.598558530211448669e-02
8.274737358093261719e+00
1.403148472309112549e-01
0.000000000000000000e+00
6.858162283897399902e-01
0.000000000000000000e+00
1.926038265228271484e-01
1.006256222724914551e+00
0.000000000000000000e+00
0.000000000000000000e+00
4.412885755300521851e-02
0.000000000000000000e+00
1.661469191312789917e-01
3.397815525531768799e-01
5.619125440716743469e-02
2.993577420711517334e-01
7.579691708087921143e-03
1.987354084849357605e-02
1.552822589874267578e-01
6.309382733888924122e-04
0.000000000000000000e+00
0.000000000000000000e+00
0.000000000000000000e+00
0.000000000000000000e+00
1.406776160001754761e-02
1.522662341594696045e-01
0.000000000000000000e+00
2.594758749008178711e+00
0.000000000000000000e+00
0.000000000000000000e+00
8.034299015998840332e-01
1.237657107412815094e-02
1.678998209536075592e-02
1.890666931867599487e-01
0.000000000000000000e+00
1.666718348860740662e-02
0.000000000000000000e+00
0.000000000000000000e+00
1.361335068941116333e-02
2.765792608261108398e-01
8.221667259931564331e-02
6.734059657901525497e-03
3.347288846969604492e+00
0.000000000000000000e+00
0.000000000000000000e+00
9.243310242891311646e-02
3.078461885452270508e-01
2.268740534782409668e-02
2.427243255078792572e-02
5.260470509529113770e-02
0.000000000000000000e+00
0.000000000000000000e+00
0.000000000000000000e+00
2.183373123407363892e-01
0.000000000000000000e+00
0.000000000000000000e+00
2.793353796005249023e-01
9.603294730186462402e-01
0.000000000000000000e+00
5.517044663429260254e-02
7.260773181915283203e-01
1.593720726668834686e-02
2.597931213676929474e-02
0.000000000000000000e+00
0.000000000000000000e+00
0.000000000000000000e+00
0.000000000000000000e+00
0.000000000000000000e+00
6.907832622528076172e-01
3.082668185234069824e-01
0.000000000000000000e+00
0.000000000000000000e+00
0.000000000000000000e+00
4.579898416996002197e-01
2.544322982430458069e-02
0.000000000000000000e+00
5.477653741836547852e-01
0.000000000000000000e+00
0.000000000000000000e+00
0.000000000000000000e+00
1.277019549161195755e-02
4.066772758960723877e-01
1.285739690065383911e-01
8.303486555814743042e-02
5.660431385040283203e-01
0.000000000000000000e+00
0.000000000000000000e+00
4.268923401832580566e-02
0.000000000000000000e+00
0.000000000000000000e+00
0.000000000000000000e+00
5.180975049734115601e-02
4.032376408576965332e-02
6.042843461036682129e-01
0.000000000000000000e+00
0.000000000000000000e+00
1.251296848058700562e-01
3.066259026527404785e-01
7.666514813899993896e-02
1.702065616846084595e-01
0.000000000000000000e+00
0.000000000000000000e+00
1.190152950584888458e-02
0.000000000000000000e+00
0.000000000000000000e+00
4.382448792457580566e-01
3.954795598983764648e-01
5.203321576118469238e-01
2.227764204144477844e-02
1.198559999465942383e-01
2.049941569566726685e-01
7.732649333775043488e-03
3.809538483619689941e-02
0.000000000000000000e+00
6.096279248595237732e-02
0.000000000000000000e+00
7.034166157245635986e-02
1.015983298420906067e-01
0.000000000000000000e+00
5.458314418792724609e-01
2.081908471882343292e-02
0.000000000000000000e+00
1.033272624015808105e+00
2.784439176321029663e-02
0.000000000000000000e+00
9.333499707281589508e-03
8.065761625766754150e-02
8.126688748598098755e-02
9.265597909688949585e-03
4.122484922409057617e-01
0.000000000000000000e+00
1.583720929920673370e-02
0.000000000000000000e+00
1.451396197080612183e-01
7.284901570528745651e-03
2.248973026871681213e-02
0.000000000000000000e+00
2.362464368343353271e-02
3.122164343949407339e-04
6.662358283996582031e+00
4.047469794750213623e-01
0.000000000000000000e+00
0.000000000000000000e+00
4.273370504379272461e-01
3.495918512344360352e-01
0.000000000000000000e+00
2.200775220990180969e-02
6.190411448478698730e-01
4.427847564220428467e-01
1.327115446329116821e-01
0.000000000000000000e+00
2.387203872203826904e-01
0.000000000000000000e+00
7.941972464323043823e-02
1.337339282035827637e-01
0.000000000000000000e+00
0.000000000000000000e+00
0.000000000000000000e+00
2.229841426014900208e-03
0.000000000000000000e+00
1.154859885573387146e-01
6.072574108839035034e-02
4.061025977134704590e-01
7.683522999286651611e-02
6.954393982887268066e-01
2.770986855030059814e-01
3.035407140851020813e-02
1.618557721376419067e-01
0.000000000000000000e+00
0.000000000000000000e+00
7.158562541007995605e-02
6.331493705511093140e-02
4.494926333427429199e-01
9.631620720028877258e-03
9.109449386596679688e-02
2.909594622906297445e-04
0.000000000000000000e+00
5.528349876403808594e-01
9.777601063251495361e-02
5.504649281501770020e-01
1.195638789795339108e-03
0.000000000000000000e+00
0.000000000000000000e+00
1.683612018823623657e-01
0.000000000000000000e+00
0.000000000000000000e+00
1.138972714543342590e-01
5.651655793190002441e-02
1.456667780876159668e-01
1.048198580741882324e+00
6.376713979989290237e-03
0.000000000000000000e+00
2.159238010644912720e-01
0.000000000000000000e+00
7.564929127693176270e-02
1.644822582602500916e-02
2.277097851037979126e-01
0.000000000000000000e+00
1.696137040853500366e-01
1.475392561405897141e-02
2.134866565465927124e-01
0.000000000000000000e+00
1.121189817786216736e-01
0.000000000000000000e+00
9.319221973419189453e-01
1.423730105161666870e-01
9.869126081466674805e-01
0.000000000000000000e+00
0.000000000000000000e+00
8.611795902252197266e-01
7.919684052467346191e-03
0.000000000000000000e+00
6.490529980510473251e-03
3.314161598682403564e-01
0.000000000000000000e+00
2.073248624801635742e+00
0.000000000000000000e+00
1.588492654263973236e-02
8.770703524351119995e-02
1.568549498915672302e-02
0.000000000000000000e+00
6.191588006913661957e-03
0.000000000000000000e+00
0.000000000000000000e+00
1.010062769055366516e-01
1.687658019363880157e-03
1.566501855850219727e-01
9.640502333641052246e-01
1.651146635413169861e-02
0.000000000000000000e+00
0.000000000000000000e+00
1.638434678316116333e-01
4.222433269023895264e-01
0.000000000000000000e+00
6.481792926788330078e-01
5.767977833747863770e-01
5.809420943260192871e-01
3.841165900230407715e-01
1.583469659090042114e-02
6.432470083236694336e-01
0.000000000000000000e+00
3.829418122768402100e-01
2.060052901506423950e-01
1.955195330083370209e-03
1.047291886061429977e-02
0.000000000000000000e+00
0.000000000000000000e+00
0.000000000000000000e+00
0.000000000000000000e+00
1.216113641858100891e-01
2.201031148433685303e-02
1.017384454607963562e-01
2.247956693172454834e-01
1.438481807708740234e-01
0.000000000000000000e+00
0.000000000000000000e+00
1.199870482087135315e-01
0.000000000000000000e+00
1.221863180398941040e-01
5.282821059226989746e-01
0.000000000000000000e+00
1.639636754989624023e-01
9.761934168636798859e-03
1.248659491539001465e-01
0.000000000000000000e+00
7.979016751050949097e-02
7.543348520994186401e-02
2.656996995210647583e-02
1.057475730776786804e-01
4.638579557649791241e-04
1.519984100013971329e-03
1.001258566975593567e-02
6.537015438079833984e-01
2.617318630218505859e-01
4.328939691185951233e-02
2.672207355499267578e-01
0.000000000000000000e+00
2.345610260963439941e-01
0.000000000000000000e+00
0.000000000000000000e+00
0.000000000000000000e+00
8.440905809402465820e-02
0.000000000000000000e+00
8.888782560825347900e-02
3.639391437172889709e-02
0.000000000000000000e+00
1.029717326164245605e+00
3.333631753921508789e-01
0.000000000000000000e+00
1.815699696540832520e+00
0.000000000000000000e+00
0.000000000000000000e+00
3.327880054712295532e-02
5.680354312062263489e-03
6.123863533139228821e-02
0.000000000000000000e+00
2.304105833172798157e-02
2.532007396221160889e-01
7.423175871372222900e-02
0.000000000000000000e+00
2.873203754425048828e-01
6.310760974884033203e-03
0.000000000000000000e+00
0.000000000000000000e+00
5.277226865291595459e-02
0.000000000000000000e+00
1.385679692029953003e-01
0.000000000000000000e+00
2.075347453355789185e-01
3.021170854568481445e+00
2.211247831583023071e-01
1.388559490442276001e-01
2.244304865598678589e-01
0.000000000000000000e+00
2.168328016996383667e-01
5.999531224370002747e-02
2.683404460549354553e-02
3.725776448845863342e-02
0.000000000000000000e+00
9.203284233808517456e-02
3.566063567996025085e-02
7.505745291709899902e-01
1.820902973413467407e-01
3.382502868771553040e-02
5.173131451010704041e-02
0.000000000000000000e+00
0.000000000000000000e+00
3.351772725582122803e-01
3.154061436653137207e-01
0.000000000000000000e+00
0.000000000000000000e+00
0.000000000000000000e+00
2.090719789266586304e-01
0.000000000000000000e+00
7.935088872909545898e-01
3.780995905399322510e-01
9.440675377845764160e-03
5.706132203340530396e-02
1.367608547210693359e+00
1.273219883441925049e-01
2.861163020133972168e-01
2.574961073696613312e-02
3.669997304677963257e-02
2.604764103889465332e-01
7.233622670173645020e-01
0.000000000000000000e+00
7.756323367357254028e-02
0.000000000000000000e+00
2.270288616418838501e-01
5.066993236541748047e-01
7.732688188552856445e-01
0.000000000000000000e+00
2.222227863967418671e-03
0.000000000000000000e+00
0.000000000000000000e+00
0.000000000000000000e+00
1.736646145582199097e-01
0.000000000000000000e+00
1.787877827882766724e-01
1.201911926269531250e+00
2.784360200166702271e-02
0.000000000000000000e+00
2.480044728145003319e-03
9.184328913688659668e-01
0.000000000000000000e+00
1.482335925102233887e-01
3.018087148666381836e-01
5.529540777206420898e-01
3.209030628204345703e-01
8.579050004482269287e-02
0.000000000000000000e+00
0.000000000000000000e+00
6.855040788650512695e-02
0.000000000000000000e+00
3.218169091269373894e-03
1.486055135726928711e+00
2.033498734235763550e-01
0.000000000000000000e+00
1.626128330826759338e-02
2.171349763870239258e+00
3.386107832193374634e-02
1.586121134459972382e-02
2.749596349895000458e-02
3.817292451858520508e-01
0.000000000000000000e+00
0.000000000000000000e+00
1.120160341262817383e+00
5.480391439050436020e-03
7.133842259645462036e-02
3.979006409645080566e-01
0.000000000000000000e+00
1.140894815325737000e-01
4.775008559226989746e-02
0.000000000000000000e+00
0.000000000000000000e+00
0.000000000000000000e+00
0.000000000000000000e+00
1.983012914657592773e+00
4.541892111301422119e-01
0.000000000000000000e+00
0.000000000000000000e+00
7.211314439773559570e-01
5.678130779415369034e-03
3.122827969491481781e-02
0.000000000000000000e+00
4.499270021915435791e-01
0.000000000000000000e+00
8.197333663702011108e-02
1.089141517877578735e-01
3.046464361250400543e-02
1.917188465595245361e-01
0.000000000000000000e+00
3.763671517372131348e-01
0.000000000000000000e+00
5.835670232772827148e-02
9.106154320761561394e-04
7.501611858606338501e-02
6.638605892658233643e-02
8.230291306972503662e-02
7.925802230834960938e+00
2.607196755707263947e-02
2.210611663758754730e-02
5.715341567993164062e-01
0.000000000000000000e+00
4.095382392406463623e-01
0.000000000000000000e+00
1.557215452194213867e+00
2.027059495449066162e-01
0.000000000000000000e+00
1.244503557682037354e-01
7.868516445159912109e-02
0.000000000000000000e+00
1.557045102119445801e+00
0.000000000000000000e+00
9.450373053550720215e-02
3.365720435976982117e-02
1.197965964674949646e-01
7.935672067105770111e-03
0.000000000000000000e+00
1.757410615682601929e-01
9.585878998041152954e-02
2.524101547896862030e-02
1.661711931228637695e-02
4.205175638198852539e-01
1.596318761585280299e-04
0.000000000000000000e+00
0.000000000000000000e+00
1.208242587745189667e-02
0.000000000000000000e+00
3.157357871532440186e-02
0.000000000000000000e+00
0.000000000000000000e+00
3.439727425575256348e-01
0.000000000000000000e+00
1.047116145491600037e-02
1.858231960795819759e-03
2.512854933738708496e-01
7.767553441226482391e-03
3.081376552581787109e-01
9.785349667072296143e-02
8.358123302459716797e-01
8.896619677543640137e-01
0.000000000000000000e+00
1.798179000616073608e-01
0.000000000000000000e+00
6.993420720100402832e-01
6.207794696092605591e-02
3.921244144439697266e-01
3.842402398586273193e-01
1.303933262825012207e+00
0.000000000000000000e+00
7.880567014217376709e-02
0.000000000000000000e+00
0.000000000000000000e+00
1.582601107656955719e-02
0.000000000000000000e+00
1.443153247237205505e-02
1.039179325103759766e+00
5.956960096955299377e-02
1.747739017009735107e-01
3.385997712612152100e-01
4.584199488162994385e-01
0.000000000000000000e+00
3.598772883415222168e-01
0.000000000000000000e+00
7.058070302009582520e-01
2.970139309763908386e-02
7.531943321228027344e-01
1.833124272525310516e-02
3.956441581249237061e-02
0.000000000000000000e+00
2.206787839531898499e-02
2.888074517250061035e-01
7.470437325537204742e-03
1.601049304008483887e-01
0.000000000000000000e+00
2.134018763899803162e-02
1.037414193153381348e+00
3.662624061107635498e-01
1.046335220336914062e+00
2.358666248619556427e-02
1.853158175945281982e-01
6.058177351951599121e-02
6.717057526111602783e-02
2.537345886230468750e-01
5.033352375030517578e-01
0.000000000000000000e+00
0.000000000000000000e+00
1.114553213119506836e+00
0.000000000000000000e+00
6.886190176010131836e-02
5.739057809114456177e-02
0.000000000000000000e+00
1.096969544887542725e-01
1.488113522529602051e+00
0.000000000000000000e+00
0.000000000000000000e+00
1.382720321416854858e-01
2.965779975056648254e-02
0.000000000000000000e+00
9.334007501602172852e-01
0.000000000000000000e+00
3.590558171272277832e-01
5.654490739107131958e-02
0.000000000000000000e+00
4.344829618930816650e-01
0.000000000000000000e+00
1.000609472393989563e-01
4.358013346791267395e-02
3.771965205669403076e-02
0.000000000000000000e+00
3.857806324958801270e-02
1.211065649986267090e-01
1.767218858003616333e-02
4.823872447013854980e-02
3.731205314397811890e-02
3.330153971910476685e-02
5.010075569152832031e-01
0.000000000000000000e+00
2.366341650485992432e-02
1.119267195463180542e-02
7.480431348085403442e-03
0.000000000000000000e+00
0.000000000000000000e+00
1.161668524146080017e-01
0.000000000000000000e+00
2.227548882365226746e-02
2.587634604424238205e-03
2.260324917733669281e-02
0.000000000000000000e+00
0.000000000000000000e+00
0.000000000000000000e+00
3.529178500175476074e-01
6.115956306457519531e-01
0.000000000000000000e+00
3.859441280364990234e+00
4.012836888432502747e-02
1.675624027848243713e-02
2.794947028160095215e-01
2.492524981498718262e-01
3.092805147171020508e-01
3.470440953969955444e-02
0.000000000000000000e+00
0.000000000000000000e+00
1.072525698691606522e-02
0.000000000000000000e+00
3.714161217212677002e-01
1.330416798591613770e-01
2.942330837249755859e-01
0.000000000000000000e+00
7.019926607608795166e-02
9.808393120765686035e-01
3.758858740329742432e-01
2.866953909397125244e-01
1.412429213523864746e+00
9.604976326227188110e-02
0.000000000000000000e+00
2.845306098461151123e-01
6.772416830062866211e-01
1.912307888269424438e-01
0.000000000000000000e+00
0.000000000000000000e+00
8.929725736379623413e-02
1.949256807565689087e-01
0.000000000000000000e+00
7.312665227800607681e-03
0.000000000000000000e+00
9.561281800270080566e-01
1.229814514517784119e-01
0.000000000000000000e+00
0.000000000000000000e+00
0.000000000000000000e+00
2.452645916491746902e-03
2.275756895542144775e-01
6.692193448543548584e-02
2.078474611043930054e-01
9.545982480049133301e-01
2.438631094992160797e-02
8.887585252523422241e-03
0.000000000000000000e+00
1.020115464925765991e-01
1.413668855093419552e-03
2.002719193696975708e-01
1.456211209297180176e-01
0.000000000000000000e+00
4.944760352373123169e-02
2.417018264532089233e-02
3.294813930988311768e-01
5.103900432586669922e-01
5.954615771770477295e-02
4.438258647918701172e+00
4.901153501123189926e-03
0.000000000000000000e+00
5.756292939186096191e-01
7.896033674478530884e-02
9.507292509078979492e-02
2.397205866873264313e-02
5.043128490447998047e+00
1.948063075542449951e-02
0.000000000000000000e+00
1.519854962825775146e-01
1.768961735069751740e-02
5.896758437156677246e-01
3.455516397953033447e-01
0.000000000000000000e+00
0.000000000000000000e+00
2.820553071796894073e-02
0.000000000000000000e+00
1.865558698773384094e-02
0.000000000000000000e+00
6.172124743461608887e-01
0.000000000000000000e+00
1.587419025599956512e-02
0.000000000000000000e+00
0.000000000000000000e+00
2.062468975782394409e-01
4.114886820316314697e-01
0.000000000000000000e+00
1.779511272907257080e-01
1.356501877307891846e-01
3.644687235355377197e-01
0.000000000000000000e+00
6.523857265710830688e-02
0.000000000000000000e+00
0.000000000000000000e+00
1.390209980309009552e-02
0.000000000000000000e+00
4.624392390251159668e-01
1.700402796268463135e-02
1.246719970367848873e-03
6.322570145130157471e-02
0.000000000000000000e+00
0.000000000000000000e+00
1.060410022735595703e+00
3.124513924121856689e-01
1.482246518135070801e-01
1.577539294958114624e-01
0.000000000000000000e+00
5.290860533714294434e-01
2.987813949584960938e-02
0.000000000000000000e+00
0.000000000000000000e+00
0.000000000000000000e+00
1.793316192924976349e-02
5.936839804053306580e-02
3.146340548992156982e-01
0.000000000000000000e+00
2.643370814621448517e-02
1.305030100047588348e-02
1.199546217918395996e+00
0.000000000000000000e+00
1.382164284586906433e-02
1.547409147024154663e-01
4.605393707752227783e-01
9.796956926584243774e-02
0.000000000000000000e+00
2.106191404163837433e-02
3.571937978267669678e-01
1.351071715354919434e+00
2.169219590723514557e-02
1.114646792411804199e-01
4.313936829566955566e-01
0.000000000000000000e+00
2.620511651039123535e-01
4.395810604095458984e+00
0.000000000000000000e+00
3.830929845571517944e-02
0.000000000000000000e+00
1.687478870153427124e-01
4.746918976306915283e-01
6.532404571771621704e-02
2.025839872658252716e-03
4.943938925862312317e-03
0.000000000000000000e+00
1.901498079299926758e+00
0.000000000000000000e+00
7.942158579826354980e-01
0.000000000000000000e+00
5.447487831115722656e-01
1.226009428501129150e-02
8.343149721622467041e-02
2.748118400573730469e+00
8.548296056687831879e-03
3.295199573040008545e-02
0.000000000000000000e+00
0.000000000000000000e+00
0.000000000000000000e+00
2.629887312650680542e-02
0.000000000000000000e+00
0.000000000000000000e+00
2.698656916618347168e-01
0.000000000000000000e+00
1.874538883566856384e-02
0.000000000000000000e+00
0.000000000000000000e+00
0.000000000000000000e+00
4.778262600302696228e-02
0.000000000000000000e+00
1.912509091198444366e-02
0.000000000000000000e+00
9.433210492134094238e-01
8.291221857070922852e-01
3.147326409816741943e-01
1.002903655171394348e-01
0.000000000000000000e+00
0.000000000000000000e+00
1.125871296972036362e-02
6.418537348508834839e-02
1.297689974308013916e-01
8.476804196834564209e-02
4.747372120618820190e-02
5.103556811809539795e-02
0.000000000000000000e+00
2.222282579168677330e-03
9.507029056549072266e-01
0.000000000000000000e+00
6.678723543882369995e-02
0.000000000000000000e+00
0.000000000000000000e+00
4.990558326244354248e-01
2.458911091089248657e-01
4.010791704058647156e-02
8.212045431137084961e-01
4.879017174243927002e-02
1.413132399320602417e-01
4.657353088259696960e-02
4.755268339067697525e-03
9.830607473850250244e-02
0.000000000000000000e+00
0.000000000000000000e+00
9.660680778324604034e-03
0.000000000000000000e+00
5.835824646055698395e-03
1.371024131774902344e+00
1.688919812440872192e-01
7.983668148517608643e-02
9.791185706853866577e-02
0.000000000000000000e+00
0.000000000000000000e+00
8.169154524803161621e-01
5.293623208999633789e-01
8.421310782432556152e-02
0.000000000000000000e+00
4.546632990241050720e-02
9.331456422805786133e-01
1.521119624376296997e-01
0.000000000000000000e+00
0.000000000000000000e+00
3.799808328039944172e-04
5.500320345163345337e-02
1.381747610867023468e-02
1.215794205665588379e+00
2.537959627807140350e-02
0.000000000000000000e+00
1.039463356137275696e-01
1.036910343170166016e+01
0.000000000000000000e+00
0.000000000000000000e+00
3.033522367477416992e+00
0.000000000000000000e+00
3.683009743690490723e-02
1.033437475562095642e-01
2.063023485243320465e-02
0.000000000000000000e+00
1.488161385059356689e-01
0.000000000000000000e+00
0.000000000000000000e+00
2.876908145844936371e-02
0.000000000000000000e+00
4.338222090154886246e-03
3.619439434260129929e-03
4.757689237594604492e-01
3.336348757147789001e-02
0.000000000000000000e+00
8.764089345932006836e-01
0.000000000000000000e+00
2.395599186420440674e-01
0.000000000000000000e+00
0.000000000000000000e+00
2.174757421016693115e-01
0.000000000000000000e+00
1.978279650211334229e-01
0.000000000000000000e+00
0.000000000000000000e+00
8.366782218217849731e-02
4.226241707801818848e-01
2.703271992504596710e-02
1.069825649261474609e+00
1.049325149506330490e-02
1.749869436025619507e-02
6.949895620346069336e-01
8.622779250144958496e-01
1.032491326332092285e+00
0.000000000000000000e+00
0.000000000000000000e+00
2.496875762939453125e+00
3.506746143102645874e-02
0.000000000000000000e+00
6.014635320752859116e-03
2.322822064161300659e-01
0.000000000000000000e+00
5.534033775329589844e-01
0.000000000000000000e+00
1.674011200666427612e-01
0.000000000000000000e+00
1.169367358088493347e-01
3.053762763738632202e-02
0.000000000000000000e+00
3.435271093621850014e-03
4.454753920435905457e-02
0.000000000000000000e+00
1.243949770927429199e+00
2.474400699138641357e-01
7.958021946251392365e-03
7.315368950366973877e-02
1.011476755142211914e+00
2.122805267572402954e-01
9.463045746088027954e-02
0.000000000000000000e+00
1.615218073129653931e-02
9.596697986125946045e-03
0.000000000000000000e+00
5.131653510034084320e-03
3.270912915468215942e-02
3.342869877815246582e-02
9.409853070974349976e-02
1.682845652103424072e-01
0.000000000000000000e+00
6.279353983700275421e-03
4.293515682220458984e-01
1.761665195226669312e-02
3.773267567157745361e-02
2.905076444149017334e-01
6.148584932088851929e-02
5.641495436429977417e-02
5.709481239318847656e-02
1.142030283808708191e-01
6.086868047714233398e-01
1.250257194042205811e-01
3.495578840374946594e-02
3.047854406759142876e-03
6.382483989000320435e-02
0.000000000000000000e+00
8.054115176200866699e-01
0.000000000000000000e+00
0.000000000000000000e+00
0.000000000000000000e+00
2.712778151035308838e-01
0.000000000000000000e+00
0.000000000000000000e+00
8.413732051849365234e-01
1.400190591812133789e-01
6.173530966043472290e-02
0.000000000000000000e+00
5.777190923690795898e-01
5.107548832893371582e-02
0.000000000000000000e+00
1.218199014663696289e+00
0.000000000000000000e+00
5.005825310945510864e-03
5.940804257988929749e-02
0.000000000000000000e+00
1.351865082979202271e-01
0.000000000000000000e+00
1.744914203882217407e-01
3.038100898265838623e-01
1.197713240981101990e-01
0.000000000000000000e+00
1.486240774393081665e-01
7.071685045957565308e-02
9.065903425216674805e-01
2.118664741516113281e+00
3.226333260536193848e-01
0.000000000000000000e+00
9.443401545286178589e-02
0.000000000000000000e+00
5.500391125679016113e-02
0.000000000000000000e+00
2.212833464145660400e-01
0.000000000000000000e+00
2.574774026870727539e-01
0.000000000000000000e+00
0.000000000000000000e+00
0.000000000000000000e+00
0.000000000000000000e+00
4.290685802698135376e-02
0.000000000000000000e+00
0.000000000000000000e+00
4.702885448932647705e-02
1.394755721092224121e+00
0.000000000000000000e+00
0.000000000000000000e+00
4.263802468776702881e-01
0.000000000000000000e+00
6.692451983690261841e-02
0.000000000000000000e+00
4.100427925586700439e-01
0.000000000000000000e+00
0.000000000000000000e+00
1.344360411167144775e-02
9.819899797439575195e-01
1.196032539010047913e-01
2.168619632720947266e-01
4.519823938608169556e-02
5.580469593405723572e-02
0.000000000000000000e+00
0.000000000000000000e+00
0.000000000000000000e+00
2.402370236814022064e-02
7.851510494947433472e-02
0.000000000000000000e+00
0.000000000000000000e+00
9.589485079050064087e-02
7.025747746229171753e-02
1.088950157165527344e+00
4.851456582546234131e-01
3.609611690044403076e-01
1.064369082450866699e-01
0.000000000000000000e+00
0.000000000000000000e+00
0.000000000000000000e+00
9.358294308185577393e-02
8.944582343101501465e-01
0.000000000000000000e+00
1.123845934867858887e+00
0.000000000000000000e+00
0.000000000000000000e+00
0.000000000000000000e+00
1.809686869382858276e-01
0.000000000000000000e+00
0.000000000000000000e+00
3.472262620925903320e-02
0.000000000000000000e+00
2.069818973541259766e-01
1.766135357320308685e-02
4.336301982402801514e-01
5.008891224861145020e-01
0.000000000000000000e+00
0.000000000000000000e+00
2.210794538259506226e-01
5.704510957002639771e-03
5.142217874526977539e-02
2.864409983158111572e-01
0.000000000000000000e+00
2.320010513067245483e-01
2.851371653378009796e-02
2.376524060964584351e-01
5.377706885337829590e-01
3.587602972984313965e-01
1.509801387786865234e+00
1.801854372024536133e-01
7.471237331628799438e-02
0.000000000000000000e+00
0.000000000000000000e+00
2.676052041351795197e-02
1.988040842115879059e-02
1.900471597909927368e-01
0.000000000000000000e+00
0.000000000000000000e+00
2.036320976912975311e-03
2.837523519992828369e-01
0.000000000000000000e+00
0.000000000000000000e+00
1.409859769046306610e-02
0.000000000000000000e+00
3.933721184730529785e-01
0.000000000000000000e+00
6.032116711139678955e-02
1.190091148018836975e-01
9.239610433578491211e-01
7.962223142385482788e-03
1.009229347109794617e-01
0.000000000000000000e+00
6.934803724288940430e-02
4.450297057628631592e-01
9.730190634727478027e-01
0.000000000000000000e+00
6.938346624374389648e-01
1.194197759032249451e-01
0.000000000000000000e+00
6.607351303100585938e-01
4.186289310455322266e-01
2.569486618041992188e+00
4.958932101726531982e-01
2.202522158622741699e-01
9.170313365757465363e-03
0.000000000000000000e+00
0.000000000000000000e+00
0.000000000000000000e+00
0.000000000000000000e+00
7.762323319911956787e-02
0.000000000000000000e+00
1.448514908552169800e-01
9.880965948104858398e-02
0.000000000000000000e+00
0.000000000000000000e+00
8.849134296178817749e-02
4.650114104151725769e-02
0.000000000000000000e+00
6.168627142906188965e-01
1.709619536995887756e-02
0.000000000000000000e+00
7.286302000284194946e-02
0.000000000000000000e+00
2.305789142847061157e-01
1.142513472586870193e-02
0.000000000000000000e+00
5.561351403594017029e-02
1.109226793050765991e-01
8.934127807617187500e+00
4.984743595123291016e-01
0.000000000000000000e+00
0.000000000000000000e+00
2.395802736282348633e-01
0.000000000000000000e+00
3.016055226325988770e-01
1.215520948171615601e-01
0.000000000000000000e+00
6.930626630783081055e-01
2.519202977418899536e-02
0.000000000000000000e+00
1.494786143302917480e+00
0.000000000000000000e+00
0.000000000000000000e+00
4.242723286151885986e-01
0.000000000000000000e+00
0.000000000000000000e+00
3.592210635542869568e-02
0.000000000000000000e+00
0.000000000000000000e+00
0.000000000000000000e+00
1.001895293593406677e-01
1.480247378349304199e-01
7.055222988128662109e-02
0.000000000000000000e+00
0.000000000000000000e+00
0.000000000000000000e+00
0.000000000000000000e+00
1.052154153585433960e-01
0.000000000000000000e+00
0.000000000000000000e+00
3.501716256141662598e-01
0.000000000000000000e+00
5.803276598453521729e-02
4.105512201786041260e-01
1.180307716131210327e-01
0.000000000000000000e+00
0.000000000000000000e+00
0.000000000000000000e+00
0.000000000000000000e+00
0.000000000000000000e+00
3.922233823686838150e-03
6.486209481954574585e-02
9.370876476168632507e-03
6.287387758493423462e-02
1.224546656012535095e-01
0.000000000000000000e+00
1.284158229827880859e-01
0.000000000000000000e+00
8.882461488246917725e-02
0.000000000000000000e+00
0.000000000000000000e+00
0.000000000000000000e+00
0.000000000000000000e+00
2.135361544787883759e-02
1.898370236158370972e-01
7.107172161340713501e-02
0.000000000000000000e+00
3.576432913541793823e-02
0.000000000000000000e+00
0.000000000000000000e+00
9.867534786462783813e-02
6.769829392433166504e-01
1.998904645442962646e-01
1.926896572113037109e-01
1.577553302049636841e-01
9.605352580547332764e-02
1.404641866683959961e-01
0.000000000000000000e+00
1.014432716369628906e+01
7.247090339660644531e-03
0.000000000000000000e+00
1.346980333328247070e-01
4.308365285396575928e-02
7.038238048553466797e-01
6.102571487426757812e-01
1.395370662212371826e-01
0.000000000000000000e+00
0.000000000000000000e+00
1.827404648065567017e-01
1.634693704545497894e-02
9.693700671195983887e-01
0.000000000000000000e+00
2.232665894553065300e-03
4.834608733654022217e-02
2.981793135404586792e-02
9.899795986711978912e-03
1.681414961814880371e+00
0.000000000000000000e+00
1.045133471488952637e+00
2.760767936706542969e-02
0.000000000000000000e+00
0.000000000000000000e+00
0.000000000000000000e+00
0.000000000000000000e+00
0.000000000000000000e+00
0.000000000000000000e+00
0.000000000000000000e+00
2.198978886008262634e-02
1.621987298130989075e-02
0.000000000000000000e+00
0.000000000000000000e+00
0.000000000000000000e+00
9.144220501184463501e-02
0.000000000000000000e+00
1.549196243286132812e-02
3.531485050916671753e-02
4.022798240184783936e-01
0.000000000000000000e+00
7.075360976159572601e-03
9.753323554992675781e+00
6.959299743175506592e-02
0.000000000000000000e+00
3.776431679725646973e-01
1.454419344663619995e-01
9.470387594774365425e-04
1.604346036911010742e+00
0.000000000000000000e+00
0.000000000000000000e+00
2.728439867496490479e-02
1.664006523787975311e-02
6.170022860169410706e-02
9.487333893775939941e-02
1.177010536193847656e-01
3.456735014915466309e-01
4.500274658203125000e+00
2.348151654005050659e-01
2.675652801990509033e-01
0.000000000000000000e+00
1.520505696535110474e-01
2.015315890312194824e-01
0.000000000000000000e+00
0.000000000000000000e+00
0.000000000000000000e+00
1.746158599853515625e-01
0.000000000000000000e+00
6.691734194755554199e-01
0.000000000000000000e+00
4.144779592752456665e-02
1.695266664028167725e-01
0.000000000000000000e+00
2.635048469528555870e-03
2.248111963272094727e-01
1.268164873123168945e+00
0.000000000000000000e+00
0.000000000000000000e+00
8.284283429384231567e-02
0.000000000000000000e+00
0.000000000000000000e+00
1.708311401307582855e-02
6.478223949670791626e-02
1.589071005582809448e-02
2.829524874687194824e-02
2.596531808376312256e-02
1.549888122826814651e-02
2.026297152042388916e-02
1.852374225854873657e-01
0.000000000000000000e+00
0.000000000000000000e+00
3.378733247518539429e-02
0.000000000000000000e+00
8.092591911554336548e-02
1.077452674508094788e-01
1.041167974472045898e-01
0.000000000000000000e+00
3.589188307523727417e-02
9.402282536029815674e-02
0.000000000000000000e+00
0.000000000000000000e+00
2.486105822026729584e-02
0.000000000000000000e+00
0.000000000000000000e+00
0.000000000000000000e+00
4.647691547870635986e-01
3.525152057409286499e-02
5.705762505531311035e-01
0.000000000000000000e+00
2.690112683922052383e-03
0.000000000000000000e+00
5.442176479846239090e-03
4.604519307613372803e-01
0.000000000000000000e+00
1.632936716079711914e+00
4.472868982702493668e-03
0.000000000000000000e+00
1.544225811958312988e-01
7.807410322129726410e-03
0.000000000000000000e+00
9.546317160129547119e-02
3.009023070335388184e-01
2.863907575607299805e+00
2.633372843265533447e-01
8.659137785434722900e-02
2.138001918792724609e-01
6.688032764941453934e-03
3.145857155323028564e-02
2.163357287645339966e-01
0.000000000000000000e+00
2.354961633682250977e-01
0.000000000000000000e+00
0.000000000000000000e+00
1.971309445798397064e-02
2.150606632232666016e+00
0.000000000000000000e+00
2.400171995162963867e+00
2.161478064954280853e-02
2.506433129310607910e-01
9.806217253208160400e-02
1.983905769884586334e-02
3.110485970973968506e-01
1.122145541012287140e-02
0.000000000000000000e+00
1.741857454180717468e-02
6.223505828529596329e-03
0.000000000000000000e+00
0.000000000000000000e+00
0.000000000000000000e+00
6.665906310081481934e-01
4.418282583355903625e-02
0.000000000000000000e+00
0.000000000000000000e+00
5.007407069206237793e-02
0.000000000000000000e+00
3.798690736293792725e-01
1.304630935192108154e-01
4.686306476593017578e+00
0.000000000000000000e+00
5.694369673728942871e-01
1.557076573371887207e-01
0.000000000000000000e+00
1.106525212526321411e-01
6.124270558357238770e-01
0.000000000000000000e+00
6.163003668189048767e-02
0.000000000000000000e+00
5.054318904876708984e-01
0.000000000000000000e+00
0.000000000000000000e+00
0.000000000000000000e+00
0.000000000000000000e+00
5.236206054687500000e-01
6.297749996185302734e+00
9.070631861686706543e-02
0.000000000000000000e+00
5.650154948234558105e-01
5.158715695142745972e-02
6.470613926649093628e-02
4.020147770643234253e-02
5.964849516749382019e-02
1.117192804813385010e-01
1.065868139266967773e-01
3.194289281964302063e-02
1.540630578994750977e+00
9.330301545560359955e-03
7.547485828399658203e-02
2.097904495894908905e-02
9.899384379386901855e-01
0.000000000000000000e+00
0.000000000000000000e+00
0.000000000000000000e+00
6.907595787197351456e-03
3.552594408392906189e-02
7.674870640039443970e-02
6.007181853055953979e-02
8.813028782606124878e-02
2.372052520513534546e-01
1.481274366378784180e-01
0.000000000000000000e+00
0.000000000000000000e+00
0.000000000000000000e+00
3.075203113257884979e-02
0.000000000000000000e+00
5.855629220604896545e-02
0.000000000000000000e+00
4.774303734302520752e-01
1.080117374658584595e-02
2.822571694850921631e-01
4.963450133800506592e-02
0.000000000000000000e+00
3.919546306133270264e-02
4.987109184265136719e+00
2.197890520095825195e+00
4.428374767303466797e-01
1.879464276134967804e-02
0.000000000000000000e+00
1.631243079900741577e-01
9.177004545927047729e-02
7.033544778823852539e-02
2.737512439489364624e-02
1.446081995964050293e-01
7.681633830070495605e-01
4.582289233803749084e-02
1.441994588822126389e-02
1.926397234201431274e-01
0.000000000000000000e+00
0.000000000000000000e+00
0.000000000000000000e+00
0.000000000000000000e+00
1.725823245942592621e-02
0.000000000000000000e+00
5.337345972657203674e-02
9.471860527992248535e-02
6.636335700750350952e-02
1.213037371635437012e-01
5.998591423034667969e+00
4.159916192293167114e-03
0.000000000000000000e+00
0.000000000000000000e+00
0.000000000000000000e+00
8.585841953754425049e-02
0.000000000000000000e+00
0.000000000000000000e+00
0.000000000000000000e+00
1.834242045879364014e-02
1.031263917684555054e-01
2.991529181599617004e-03
7.446540892124176025e-02
4.525780081748962402e-01
3.964401185512542725e-01
8.755899965763092041e-03
0.000000000000000000e+00
2.820356190204620361e-02
0.000000000000000000e+00
0.000000000000000000e+00
3.585894107818603516e-01
0.000000000000000000e+00
1.357089281082153320e+00
0.000000000000000000e+00
0.000000000000000000e+00
4.525570273399353027e-01
2.708067595958709717e-01
6.154529750347137451e-03
4.487344622611999512e-02
2.628281153738498688e-02
2.120354324579238892e-01
5.802166089415550232e-02
5.406247451901435852e-02
0.000000000000000000e+00
5.011804699897766113e-01
7.286897897720336914e-01
2.302576899528503418e-01
1.576786339282989502e-01
1.896908432245254517e-01
0.000000000000000000e+00
6.063738465309143066e-02
5.782188102602958679e-02
2.219165861606597900e-01
4.044453799724578857e-01
1.305333614349365234e+00
1.432693451642990112e-01
2.464587539434432983e-01
3.258230388164520264e-01
2.278110533952713013e-01
0.000000000000000000e+00
1.750506758689880371e-01
0.000000000000000000e+00
0.000000000000000000e+00
3.922945559024810791e-01
2.728053629398345947e-01
5.265116691589355469e+00
0.000000000000000000e+00
0.000000000000000000e+00
8.919139951467514038e-02
6.122502684593200684e-01
2.289920486509799957e-02
0.000000000000000000e+00
0.000000000000000000e+00
5.393787026405334473e-01
2.790331840515136719e-02
0.000000000000000000e+00
0.000000000000000000e+00
1.891301572322845459e-02
0.000000000000000000e+00
0.000000000000000000e+00
3.467715904116630554e-02
0.000000000000000000e+00
7.211480988189578056e-04
0.000000000000000000e+00
0.000000000000000000e+00
4.369457066059112549e-01
1.398241072893142700e-01
2.118319720029830933e-01
2.445855587720870972e-01
0.000000000000000000e+00
3.329097926616668701e-01
0.000000000000000000e+00
0.000000000000000000e+00
4.716896638274192810e-02
0.000000000000000000e+00
5.835946649312973022e-02
1.194669282995164394e-03
0.000000000000000000e+00
5.883415341377258301e-01
2.214375883340835571e-03
1.707084104418754578e-02
3.105057589709758759e-02
3.651132341474294662e-03
4.806010246276855469e+00
4.817801993340253830e-03
4.277549982070922852e-01
0.000000000000000000e+00
1.141321193426847458e-02
1.152574494481086731e-01
1.668352782726287842e-01
7.111518979072570801e-01
6.521764397621154785e-02
2.342642545700073242e-01
7.836055278778076172e+00
3.635806590318679810e-02
0.000000000000000000e+00
6.398921012878417969e-01
0.000000000000000000e+00
0.000000000000000000e+00
1.403568625450134277e+00
0.000000000000000000e+00
3.792902529239654541e-01
0.000000000000000000e+00
2.012351453304290771e-01
0.000000000000000000e+00
0.000000000000000000e+00
3.771413490176200867e-02
0.000000000000000000e+00
4.474961012601852417e-02
1.161050796508789062e-02
4.399730637669563293e-02
7.982397451996803284e-03
0.000000000000000000e+00
4.449941813945770264e-01
0.000000000000000000e+00
4.941064417362213135e-01
5.976873040199279785e-01
0.000000000000000000e+00
1.109821489080786705e-03
1.039817184209823608e-02
1.616054587066173553e-02
2.548405826091766357e-01
3.743787296116352081e-03
0.000000000000000000e+00
0.000000000000000000e+00
2.286297967657446861e-03
0.000000000000000000e+00
1.648206263780593872e-01
1.310061365365982056e-01
1.399205625057220459e-02
1.105492487549781799e-01
1.231422182172536850e-03
5.828327033668756485e-03
2.700285054743289948e-02
3.602577780839055777e-04
8.895330131053924561e-02
0.000000000000000000e+00
0.000000000000000000e+00
1.934133768081665039e-01
3.440396189689636230e-01
5.316217243671417236e-02
6.292518228292465210e-02
0.000000000000000000e+00
0.000000000000000000e+00
3.754588067531585693e-01
4.872332215309143066e-01
1.759331971406936646e-01
1.071329787373542786e-01
8.748219490051269531e+00
1.319916546344757080e-01
0.000000000000000000e+00
0.000000000000000000e+00
7.697677016258239746e-01
3.689637184143066406e-01
1.158232614398002625e-02
3.976963832974433899e-02
5.127884913235902786e-03
6.519765853881835938e-01
2.203798294067382812e-02
1.498796343803405762e-01
2.919001281261444092e-01
1.126762758940458298e-02
1.949099302291870117e-01
1.336763143539428711e+00
0.000000000000000000e+00
0.000000000000000000e+00
1.289515104144811630e-02
1.778397262096405029e-01
0.000000000000000000e+00
0.000000000000000000e+00
0.000000000000000000e+00
0.000000000000000000e+00
0.000000000000000000e+00
5.023409128189086914e-01
7.576791942119598389e-02
0.000000000000000000e+00
0.000000000000000000e+00
0.000000000000000000e+00
0.000000000000000000e+00
3.750500679016113281e-01
1.869053483009338379e+00
3.930927515029907227e-01
7.249930500984191895e-02
3.318845927715301514e-01
9.995946660637855530e-03
4.904212057590484619e-01
1.361030805855989456e-02
0.000000000000000000e+00
5.553992986679077148e-01
0.000000000000000000e+00
3.779913857579231262e-02
5.938066840171813965e-01
0.000000000000000000e+00
0.000000000000000000e+00
1.143573164939880371e+00
4.820203781127929688e-02
0.000000000000000000e+00
0.000000000000000000e+00
3.858583271503448486e-01
4.704008400440216064e-01
0.000000000000000000e+00
9.479469060897827148e-01
4.231050238013267517e-02
2.646937593817710876e-02
8.009772747755050659e-02
1.813662797212600708e-01
5.465254653245210648e-03
2.783284336328506470e-02
2.983063161373138428e-01
7.671760916709899902e-01
0.000000000000000000e+00
0.000000000000000000e+00
0.000000000000000000e+00
3.156461417675018311e-01
6.138998270034790039e-02
0.000000000000000000e+00
0.000000000000000000e+00
7.549112662672996521e-03
0.000000000000000000e+00
2.982786623761057854e-03
1.966730356216430664e-01
2.246152162551879883e-01
9.074183553457260132e-02
5.985926389694213867e-01
2.242943942546844482e-01
0.000000000000000000e+00
1.067221909761428833e-02
1.568087190389633179e-02
0.000000000000000000e+00
4.175947979092597961e-02
2.499349182471632957e-03
2.600665949285030365e-02
1.433543977327644825e-03
0.000000000000000000e+00
1.596590131521224976e-02
7.724468410015106201e-02
8.110485672950744629e-01
1.793359406292438507e-02
6.386042833328247070e-01
2.970663830637931824e-03
1.302611827850341797e-01
3.609153926372528076e-01
1.225307434797286987e-01
1.651709154248237610e-02
4.888636171817779541e-01
5.202310085296630859e-01
0.000000000000000000e+00
0.000000000000000000e+00
1.447131931781768799e-01
3.267923370003700256e-02
0.000000000000000000e+00
0.000000000000000000e+00
0.000000000000000000e+00
1.416715979576110840e+00
1.342174857854843140e-01
8.698083460330963135e-03
0.000000000000000000e+00
0.000000000000000000e+00
4.622578620910644531e-03
6.292481720447540283e-02
0.000000000000000000e+00
3.190949559211730957e-01
0.000000000000000000e+00
2.461385011672973633e+00
0.000000000000000000e+00
3.329006209969520569e-02
0.000000000000000000e+00
4.445893168449401855e-01
1.269449293613433838e-01
0.000000000000000000e+00
1.171912848949432373e-01
3.803591728210449219e-01
6.847654283046722412e-02
0.000000000000000000e+00
1.252432018518447876e-01
1.696819514036178589e-01
1.328122764825820923e-01
7.223241329193115234e-01
4.695551991462707520e-01
1.876377016305923462e-01
2.690344750881195068e-01
5.595783591270446777e-01
2.506156563758850098e-01
0.000000000000000000e+00
0.000000000000000000e+00
4.882195472717285156e+00
0.000000000000000000e+00
0.000000000000000000e+00
8.531355857849121094e-01
0.000000000000000000e+00
4.036236554384231567e-03
0.000000000000000000e+00
0.000000000000000000e+00
1.527956314384937286e-02
2.351877628825604916e-04
3.487377166748046875e+00
3.078847425058484077e-03
0.000000000000000000e+00
4.993866384029388428e-01
0.000000000000000000e+00
0.000000000000000000e+00
1.893122121691703796e-02
9.292782545089721680e-01
3.178332746028900146e-02
0.000000000000000000e+00
1.889399439096450806e-02
2.861256524920463562e-02
7.913790345191955566e-01
0.000000000000000000e+00
5.128084868192672729e-02
0.000000000000000000e+00
1.282556354999542236e-01
0.000000000000000000e+00
3.716362237930297852e+00
0.000000000000000000e+00
0.000000000000000000e+00
0.000000000000000000e+00
9.621090255677700043e-03
0.000000000000000000e+00
0.000000000000000000e+00
2.091830074787139893e-01
1.660498231649398804e-02
9.700641036033630371e-03
0.000000000000000000e+00
0.000000000000000000e+00
0.000000000000000000e+00
0.000000000000000000e+00
0.000000000000000000e+00
1.234075874090194702e-01
0.000000000000000000e+00
0.000000000000000000e+00
1.076244376599788666e-02
1.849121414124965668e-02
6.069087609648704529e-02
2.390827517956495285e-03
6.722992658615112305e-02
2.150541543960571289e+00
0.000000000000000000e+00
2.830633334815502167e-02
8.801510185003280640e-02
0.000000000000000000e+00
1.205309107899665833e-02
0.000000000000000000e+00
0.000000000000000000e+00
1.984261162579059601e-02
0.000000000000000000e+00
4.368033111095428467e-01
1.244352781213819981e-03
2.380535006523132324e-02
3.773932158946990967e-02
0.000000000000000000e+00
2.635073661804199219e-02
0.000000000000000000e+00
1.090436056256294250e-02
1.127634644508361816e+00
2.343644648790359497e-01
1.974992454051971436e-02
0.000000000000000000e+00
0.000000000000000000e+00
8.860266804695129395e-01
2.392462827265262604e-02
1.828581392765045166e-01
1.946900039911270142e-01
2.359292507171630859e-01
0.000000000000000000e+00
0.000000000000000000e+00
0.000000000000000000e+00
0.000000000000000000e+00
0.000000000000000000e+00
0.000000000000000000e+00
0.000000000000000000e+00
2.860845299437642097e-03
2.822121838107705116e-03
0.000000000000000000e+00
6.071537360548973083e-02
3.565655052661895752e-01
5.159444361925125122e-02
2.553618885576725006e-02
9.314966946840286255e-02
0.000000000000000000e+00
8.265133202075958252e-02
8.688710927963256836e-01
0.000000000000000000e+00
0.000000000000000000e+00
1.405252069234848022e-01
0.000000000000000000e+00
0.000000000000000000e+00
1.190150678157806396e-01
2.495227009057998657e-02
2.942147850990295410e-01
3.123100101947784424e-01
0.000000000000000000e+00
0.000000000000000000e+00
9.010244160890579224e-03
6.146827340126037598e-01
8.173859678208827972e-03
3.799229115247726440e-02
0.000000000000000000e+00
0.000000000000000000e+00
3.611468970775604248e-01
4.802650364581495523e-04
6.673537492752075195e-01
3.719371557235717773e+00
0.000000000000000000e+00
1.511153429746627808e-01
0.000000000000000000e+00
2.142326235771179199e-01
9.903703816235065460e-03
0.000000000000000000e+00
9.679501503705978394e-02
8.833505958318710327e-02
1.850993156433105469e+00
0.000000000000000000e+00
0.000000000000000000e+00
3.568292036652565002e-02
2.584714628756046295e-02
1.101098805665969849e-01
7.549878358840942383e-01
0.000000000000000000e+00
0.000000000000000000e+00
0.000000000000000000e+00
6.068223714828491211e-02
1.471355855464935303e-01
7.807785272598266602e-02
4.030991494655609131e-01
7.401069998741149902e-01
0.000000000000000000e+00
0.000000000000000000e+00
7.659015711396932602e-03
4.242092072963714600e-01
1.336268521845340729e-02
0.000000000000000000e+00
6.532952934503555298e-02
0.000000000000000000e+00
5.180519539862871170e-03
3.171858564019203186e-02
0.000000000000000000e+00
0.000000000000000000e+00
0.000000000000000000e+00
3.305554017424583435e-02
7.131596654653549194e-02
1.831667423248291016e-01
0.000000000000000000e+00
0.000000000000000000e+00
3.426276683807373047e+00
0.000000000000000000e+00
0.000000000000000000e+00
0.000000000000000000e+00
2.281904220581054688e-03
1.528031285852193832e-02
4.718224704265594482e-01
0.000000000000000000e+00
5.533614158630371094e-01
0.000000000000000000e+00
7.137340903282165527e-01
1.693192362785339355e+00
8.804961293935775757e-02
5.075536251068115234e+00
5.742948874831199646e-02
3.425911962985992432e-01
8.323776721954345703e-02
0.000000000000000000e+00
1.021543592214584351e-01
8.935192599892616272e-03
2.185150831937789917e-01
0.000000000000000000e+00
4.733865559101104736e-01
8.451785892248153687e-02
0.000000000000000000e+00
3.357376158237457275e-01
6.963468343019485474e-02
0.000000000000000000e+00
2.086222320795059204e-01
0.000000000000000000e+00
3.070279061794281006e-01
0.000000000000000000e+00
0.000000000000000000e+00
0.000000000000000000e+00
0.000000000000000000e+00
0.000000000000000000e+00
9.289608895778656006e-02
5.768582224845886230e-02
0.000000000000000000e+00
8.593601733446121216e-02
6.650860309600830078e+00
1.072420328855514526e-01
2.601201273500919342e-02
2.823671579360961914e+00
2.675851806998252869e-02
1.430757343769073486e-01
1.075182437896728516e+00
0.000000000000000000e+00
1.197153106331825256e-01
5.303761959075927734e-01
2.039414495229721069e-01
2.032233774662017822e-02
8.925253897905349731e-02
2.682004272937774658e-01
2.361458260565996170e-03
0.000000000000000000e+00
3.990044351667165756e-04
0.000000000000000000e+00
3.565831184387207031e-01
0.000000000000000000e+00
8.685306645929813385e-03
7.929731011390686035e-01
8.151225000619888306e-02
3.957245871424674988e-02
3.700124919414520264e-01
8.230121433734893799e-02
1.204374209046363831e-01
1.358918398618698120e-01
0.000000000000000000e+00
0.000000000000000000e+00
1.300388481467962265e-02
0.000000000000000000e+00
5.808823108673095703e-01
1.348083138465881348e+00
7.826794981956481934e-01
3.544690832495689392e-02
8.931841002777218819e-04
0.000000000000000000e+00
0.000000000000000000e+00
0.000000000000000000e+00
0.000000000000000000e+00
1.586096584796905518e-01
1.694281846284866333e-01
0.000000000000000000e+00
5.179548636078834534e-03
1.957010328769683838e-01
0.000000000000000000e+00
2.608707249164581299e-01
1.372031308710575104e-02
2.769803106784820557e-01
0.000000000000000000e+00
1.343264877796173096e-01
0.000000000000000000e+00
1.415379941463470459e-01
0.000000000000000000e+00
0.000000000000000000e+00
1.222788244485855103e-01
5.257471464574337006e-03
4.914714023470878601e-02
7.181750535964965820e-01
4.539525881409645081e-02
0.000000000000000000e+00
0.000000000000000000e+00
7.599113043397665024e-03
6.025223806500434875e-02
1.067359820008277893e-01
2.405043393373489380e-01
1.254161596298217773e-01
1.686710417270660400e-01
0.000000000000000000e+00
0.000000000000000000e+00
2.236689440906047821e-02
2.602949924767017365e-02
8.899179458618164062e+00
0.000000000000000000e+00
6.877669692039489746e-02
7.375392317771911621e-02
1.086550205945968628e-02
0.000000000000000000e+00
0.000000000000000000e+00
0.000000000000000000e+00
0.000000000000000000e+00
4.364097118377685547e-01
2.627180218696594238e-01
0.000000000000000000e+00
4.083110988140106201e-01
1.132270097732543945e-01
0.000000000000000000e+00
5.172313377261161804e-02
2.126507833600044250e-02
1.134704612195491791e-02
8.755236864089965820e-02
2.304705232381820679e-02
1.566184312105178833e-01
9.567999094724655151e-02
6.935939937829971313e-02
3.849992156028747559e-02
