3.356059789657592773e-01
3.962835073471069336e-01
3.752100095152854919e-02
0.000000000000000000e+00
1.464215666055679321e-01
2.913684844970703125e-01
2.173787355422973633e-01
4.369911924004554749e-02
0.000000000000000000e+00
0.000000000000000000e+00
7.291402220726013184e-01
6.182302236557006836e-01
2.938233502209186554e-02
1.386421080678701401e-02
3.712584257125854492e+00
5.042619630694389343e-02
1.650635242462158203e+00
2.916094474494457245e-02
1.649391651153564453e-01
0.000000000000000000e+00
0.000000000000000000e+00
1.724873334169387817e-01
5.796213448047637939e-02
6.227793917059898376e-02
1.506041735410690308e-01
8.991919755935668945e-01
5.528358221054077148e-01
4.041745141148567200e-02
3.464214503765106201e-02
2.469039894640445709e-02
1.230847477912902832e+00
1.369254946708679199e+00
1.028524518013000488e+00
3.933696448802947998e-02
1.970496959984302521e-02
0.000000000000000000e+00
1.861599832773208618e-01
1.930061611346900463e-03
1.505479067564010620e-01
3.808313906192779541e-01
4.534807205200195312e+00
3.270193934440612793e-02
1.168893575668334961e-01
5.572292804718017578e-01
0.000000000000000000e+00
2.615801095962524414e-01
1.239030249416828156e-02
6.685553584247827530e-03
7.332850247621536255e-02
3.982684388756752014e-02
4.125688374042510986e-01
2.021234333515167236e-01
3.372176289558410645e-01
0.000000000000000000e+00
0.000000000000000000e+00
0.000000000000000000e+00
1.110523566603660583e-01
2.041551023721694946e-01
0.000000000000000000e+00
4.127927124500274658e-01
4.894501715898513794e-02
5.086873531341552734e+00
5.189743638038635254e-01
0.000000000000000000e+00
1.021992683410644531e+00
8.646916598081588745e-03
1.892811153084039688e-03
9.806297302246093750e+00
0.000000000000000000e+00
2.163230925798416138e-01
1.381004333496093750e+00
2.623884007334709167e-03
3.441645239945501089e-04
1.163661479949951172e-02
0.000000000000000000e+00
9.375640074722468853e-04
1.009374558925628662e-01
3.280571103096008301e-01
1.838810920715332031e+00
0.000000000000000000e+00
3.848580420017242432e-01
2.199145220220088959e-02
3.428994445130228996e-03
0.000000000000000000e+00
0.000000000000000000e+00
2.465684264898300171e-01
5.900424718856811523e-02
0.000000000000000000e+00
0.000000000000000000e+00
0.000000000000000000e+00
0.000000000000000000e+00
1.275976002216339111e-01
0.000000000000000000e+00
4.600634053349494934e-02
3.438742160797119141e-01
0.000000000000000000e+00
2.906579971313476562e-01
2.201010100543498993e-02
5.566211342811584473e-01
2.543530985713005066e-02
1.170367673039436340e-01
1.111641898751258850e-01
9.640836156904697418e-03
1.317599892616271973e+00
3.506037639454007149e-03
1.815637201070785522e-02
0.000000000000000000e+00
0.000000000000000000e+00
1.766721834428608418e-03
3.091482520103454590e-01
1.946327835321426392e-01
0.000000000000000000e+00
0.000000000000000000e+00
3.302108868956565857e-02
2.253730595111846924e-01
0.000000000000000000e+00
1.144460309296846390e-02
5.094659328460693359e-01
0.000000000000000000e+00
2.956387400627136230e-02
1.465048074722290039e+00
6.832866370677947998e-02
0.000000000000000000e+00
1.897804141044616699e-01
3.034528493881225586e+00
1.537376642227172852e-01
7.246031891554594040e-03
2.956903934478759766e+00
0.000000000000000000e+00
0.000000000000000000e+00
1.425675749778747559e-01
3.000234998762607574e-02
1.345708407461643219e-02
1.018459349870681763e-02
3.833039477467536926e-02
0.000000000000000000e+00
5.364767313003540039e-01
3.783144950866699219e-01
7.433766126632690430e-02
0.000000000000000000e+00
0.000000000000000000e+00
7.176108956336975098e-01
9.842983633279800415e-02
9.589416384696960449e-01
0.000000000000000000e+00
0.000000000000000000e+00
2.455179952085018158e-02
0.000000000000000000e+00
3.436134383082389832e-02
1.983169466257095337e-02
6.228123664855957031e+00
5.156238749623298645e-02
1.701096296310424805e-01
7.325477153062820435e-02
1.570881307125091553e-01
0.000000000000000000e+00
1.909763738512992859e-02
0.000000000000000000e+00
0.000000000000000000e+00
4.538314938545227051e-01
2.785565890371799469e-02
0.000000000000000000e+00
1.048029512166976929e-01
8.266969583928585052e-03
0.000000000000000000e+00
3.587975800037384033e-01
9.946616366505622864e-03
3.484036400914192200e-02
3.945524245500564575e-02
5.725011974573135376e-02
2.391149103641510010e-01
0.000000000000000000e+00
4.878131672739982605e-03
9.410130977630615234e-02
0.000000000000000000e+00
0.000000000000000000e+00
8.997242897748947144e-03
1.256761513650417328e-02
7.167281955480575562e-02
3.416418731212615967e-01
5.677319765090942383e-01
2.974568307399749756e-01
8.802142739295959473e-01
2.528332769870758057e-01
2.576037049293518066e-01
7.396291196346282959e-02
0.000000000000000000e+00
0.000000000000000000e+00
0.000000000000000000e+00
3.676166012883186340e-02
0.000000000000000000e+00
0.000000000000000000e+00
3.578409194946289062e+00
0.000000000000000000e+00
0.000000000000000000e+00
0.000000000000000000e+00
1.915902137756347656e+00
2.504364848136901855e-01
1.690719090402126312e-02
5.376576781272888184e-01
0.000000000000000000e+00
0.000000000000000000e+00
9.143480658531188965e-01
1.219714581966400146e-01
2.482025325298309326e-02
0.000000000000000000e+00
3.144323080778121948e-02
7.033757120370864868e-02
0.000000000000000000e+00
0.000000000000000000e+00
4.551368355751037598e-01
0.000000000000000000e+00
0.000000000000000000e+00
0.000000000000000000e+00
9.024137258529663086e-02
4.038832485675811768e-01
1.397694230079650879e+00
0.000000000000000000e+00
1.135431788861751556e-02
0.000000000000000000e+00
1.147557020187377930e+00
1.037013810127973557e-02
5.529597401618957520e-02
7.516165077686309814e-02
0.000000000000000000e+00
1.831161789596080780e-02
3.588427305221557617e-01
0.000000000000000000e+00
1.922748386859893799e-01
2.713153362274169922e-01
3.679908514022827148e-01
2.287905812263488770e-01
1.473323162645101547e-02
8.989560008049011230e-01
0.000000000000000000e+00
0.000000000000000000e+00
2.567993104457855225e-01
8.037048578262329102e-02
5.501338280737400055e-03
0.000000000000000000e+00
2.112225741147994995e-01
0.000000000000000000e+00
8.609014749526977539e-01
3.975961357355117798e-02
0.000000000000000000e+00
2.948451042175292969e-01
1.131464540958404541e-01
0.000000000000000000e+00
4.373250603675842285e-01
2.166784601286053658e-03
0.000000000000000000e+00
4.358215034008026123e-01
2.821459174156188965e-01
0.000000000000000000e+00
3.903615176677703857e-01
0.000000000000000000e+00
3.488789796829223633e-01
0.000000000000000000e+00
7.748058438301086426e-02
5.223134160041809082e-02
3.206977993249893188e-02
1.962187234312295914e-03
6.467150211334228516e+00
3.440018370747566223e-02
0.000000000000000000e+00
1.878594863228499889e-03
1.658568501472473145e+00
3.520509302616119385e-01
7.618021965026855469e-02
0.000000000000000000e+00
4.890794456005096436e-01
0.000000000000000000e+00
7.403886318206787109e-02
4.797702282667160034e-02
1.141746807843446732e-02
0.000000000000000000e+00
0.000000000000000000e+00
4.218326508998870850e-01
4.392789304256439209e-02
0.000000000000000000e+00
6.351573765277862549e-02
0.000000000000000000e+00
6.066001020371913910e-03
0.000000000000000000e+00
0.000000000000000000e+00
1.633808016777038574e+00
2.245437055826187134e-01
1.819459199905395508e-01
3.309524850919842720e-03
5.960820317268371582e-01
2.303368747234344482e-01
0.000000000000000000e+00
0.000000000000000000e+00
7.129456102848052979e-02
0.000000000000000000e+00
1.186602473258972168e+00
2.880711853504180908e-01
1.019826978445053101e-01
1.086370274424552917e-02
6.766705960035324097e-02
1.962035596370697021e-01
3.460183441638946533e-01
1.445884346961975098e+00
0.000000000000000000e+00
1.162361120805144310e-03
3.918978944420814514e-02
2.509828805923461914e-01
0.000000000000000000e+00
0.000000000000000000e+00
1.397472769021987915e-01
2.430454082787036896e-02
1.615952551364898682e-01
2.572893500328063965e-01
0.000000000000000000e+00
4.627773761749267578e-01
4.945552945137023926e-01
2.010769909247756004e-03
1.593639105558395386e-01
2.285756915807723999e-01
0.000000000000000000e+00
0.000000000000000000e+00
2.156007051467895508e+00
6.997452676296234131e-02
8.771998882293701172e-01
0.000000000000000000e+00
1.552853034809231758e-03
4.016604740172624588e-03
3.841781854629516602e+00
2.218578569591045380e-02
1.002506911754608154e-01
4.532339051365852356e-02
5.546098947525024414e-02
3.213752031326293945e+00
0.000000000000000000e+00
9.132745326496660709e-04
0.000000000000000000e+00
3.657459318637847900e-01
2.551685087382793427e-02
2.332286834716796875e+00
1.429088860750198364e-01
1.680765748023986816e-01
4.791319742798805237e-02
0.000000000000000000e+00
0.000000000000000000e+00
8.180765435099601746e-03
0.000000000000000000e+00
0.000000000000000000e+00
0.000000000000000000e+00
6.019101012498140335e-03
3.438409045338630676e-02
6.740572303533554077e-02
5.722736939787864685e-02
1.739329546689987183e-01
1.491588205099105835e-01
1.977789551019668579e-01
1.962265819311141968e-01
6.358128506690263748e-03
0.000000000000000000e+00
3.233476281166076660e-01
2.595352195203304291e-02
5.215540062636137009e-03
7.582213878631591797e-01
1.812736690044403076e-01
1.045098062604665756e-03
9.797844886779785156e-01
7.633135318756103516e-01
4.450109973549842834e-02
0.000000000000000000e+00
3.264746665954589844e-01
9.713653475046157837e-02
0.000000000000000000e+00
0.000000000000000000e+00
0.000000000000000000e+00
0.000000000000000000e+00
0.000000000000000000e+00
5.325315520167350769e-02
2.748901210725307465e-02
1.703475415706634521e-01
3.143607405945658684e-03
1.296847164630889893e-01
0.000000000000000000e+00
0.000000000000000000e+00
2.803827226161956787e-01
0.000000000000000000e+00
3.285907804965972900e-01
3.261099159717559814e-01
0.000000000000000000e+00
0.000000000000000000e+00
1.461704634130001068e-02
2.123561799526214600e-01
0.000000000000000000e+00
3.158429563045501709e-01
1.725630462169647217e-01
0.000000000000000000e+00
2.505473047494888306e-02
1.831979170674458146e-04
9.230314195156097412e-02
0.000000000000000000e+00
8.811365067958831787e-02
4.413805305957794189e-01
2.980468869209289551e-01
8.053486049175262451e-02
0.000000000000000000e+00
0.000000000000000000e+00
0.000000000000000000e+00
0.000000000000000000e+00
1.012751366943120956e-03
0.000000000000000000e+00
0.000000000000000000e+00
6.530840396881103516e-01
1.352397352457046509e-02
0.000000000000000000e+00
4.262703418731689453e+00
0.000000000000000000e+00
1.533670276403427124e-01
0.000000000000000000e+00
1.232297811657190323e-02
4.617761075496673584e-02
1.431938074529170990e-02
3.998629748821258545e-03
0.000000000000000000e+00
8.347126096487045288e-02
0.000000000000000000e+00
3.110358715057373047e-01
5.421416759490966797e-01
0.000000000000000000e+00
2.564464230090379715e-03
1.105316162109375000e+00
1.798065350158140063e-04
1.515890210866928101e-01
1.368587255477905273e+00
1.075555682182312012e-01
1.357557535171508789e+00
4.895150065422058105e-01
1.050662159919738770e+00
1.085381433367729187e-01
0.000000000000000000e+00
0.000000000000000000e+00
1.839915990829467773e+00
1.437185145914554596e-02
2.618017792701721191e-01
7.913500070571899414e-02
2.134544542059302330e-03
3.859275579452514648e-01
3.596798330545425415e-02
5.642657876014709473e-01
2.636525034904479980e-01
4.665192961692810059e-01
0.000000000000000000e+00
1.661921036429703236e-03
8.074229955673217773e-02
2.682619914412498474e-02
3.401527553796768188e-02
0.000000000000000000e+00
1.577648967504501343e-01
8.203374743461608887e-01
2.069961465895175934e-02
0.000000000000000000e+00
9.831175804138183594e-01
5.586777329444885254e-01
1.074460372328758240e-01
1.463887214660644531e+00
0.000000000000000000e+00
1.684269547462463379e+00
0.000000000000000000e+00
1.892967671155929565e-01
1.649133563041687012e-01
2.155510663986206055e+00
5.676865577697753906e-03
4.881661534309387207e-01
3.801225125789642334e-02
6.296037137508392334e-02
0.000000000000000000e+00
1.774017333984375000e+00
0.000000000000000000e+00
7.844996452331542969e-01
2.218706160783767700e-01
0.000000000000000000e+00
6.820774078369140625e-02
2.537004053592681885e-01
0.000000000000000000e+00
1.313999593257904053e-01
8.835313469171524048e-02
5.885767936706542969e-01
1.010985001921653748e-01
0.000000000000000000e+00
9.484197944402694702e-02
7.157885469496250153e-03
2.032086700201034546e-01
6.462161540985107422e-01
5.165361166000366211e-01
2.098735272884368896e-01
4.126600176095962524e-02
3.964497447013854980e-01
0.000000000000000000e+00
0.000000000000000000e+00
0.000000000000000000e+00
1.020321547985076904e-01
8.991730213165283203e-01
0.000000000000000000e+00
0.000000000000000000e+00
0.000000000000000000e+00
3.173861742019653320e+00
3.910944759845733643e-01
5.654335021972656250e-01
5.447174608707427979e-02
5.648296475410461426e-01
0.000000000000000000e+00
2.996532917022705078e-01
1.528923034667968750e+00
3.728876635432243347e-02
2.055632352828979492e+00
1.903587818145751953e+00
1.180246397852897644e-01
0.000000000000000000e+00
1.178297251462936401e-01
0.000000000000000000e+00
4.066743254661560059e-01
3.000600449740886688e-02
9.307134896516799927e-03
8.155374526977539062e-01
4.759784936904907227e-01
2.708702581003308296e-03
2.762464061379432678e-02
0.000000000000000000e+00
0.000000000000000000e+00
9.948107413947582245e-03
2.327458001673221588e-02
3.539641946554183960e-02
1.110562607645988464e-01
0.000000000000000000e+00
9.473899751901626587e-02
3.656756505370140076e-02
1.303682774305343628e-01
0.000000000000000000e+00
3.604484200477600098e-01
1.274442183785140514e-03
8.440856635570526123e-02
2.969495579600334167e-02
0.000000000000000000e+00
0.000000000000000000e+00
1.639833208173513412e-03
9.168562889099121094e+00
0.000000000000000000e+00
8.020500652492046356e-03
1.172727584838867188e+00
2.486170560587197542e-04
3.505410254001617432e-01
6.949101388454437256e-02
7.058750629425048828e+00
2.211772603914141655e-03
2.571754716336727142e-02
6.652104258537292480e-01
3.534087212756276131e-03
0.000000000000000000e+00
2.003457583487033844e-02
1.528722932562232018e-03
0.000000000000000000e+00
1.480281818658113480e-02
8.471102267503738403e-02
0.000000000000000000e+00
2.463530004024505615e-01
3.188053369522094727e-01
1.757434904575347900e-01
5.696797743439674377e-03
6.176593527197837830e-02
1.531517207622528076e-01
0.000000000000000000e+00
2.415277995169162750e-02
0.000000000000000000e+00
0.000000000000000000e+00
1.436020284891128540e-01
0.000000000000000000e+00
0.000000000000000000e+00
0.000000000000000000e+00
7.312048971652984619e-02
1.359449625015258789e-01
6.286704912781715393e-03
1.808937788009643555e-01
1.279283016920089722e-01
8.594591915607452393e-02
0.000000000000000000e+00
0.000000000000000000e+00
3.110518157482147217e-01
6.655441522598266602e-01
9.840589016675949097e-02
5.819334462285041809e-02
0.000000000000000000e+00
3.045988380908966064e-01
2.584676444530487061e-02
5.770462751388549805e-01
3.760011494159698486e-02
2.485880702733993530e-01
2.206615656614303589e-01
1.081953942775726318e-01
5.073108244687318802e-03
9.984429925680160522e-03
1.910110712051391602e-01
5.580387711524963379e-01
0.000000000000000000e+00
1.618390232324600220e-01
7.994662225246429443e-02
9.352723136544227600e-04
3.944953680038452148e-01
2.920191764831542969e+00
0.000000000000000000e+00
1.288537234067916870e-01
3.427914110943675041e-03
7.492545247077941895e-01
1.644931174814701080e-02
4.214071631431579590e-01
6.010557711124420166e-02
4.285771399736404419e-02
0.000000000000000000e+00
3.128754198551177979e-01
1.234981775283813477e+00
2.851034402847290039e-01
0.000000000000000000e+00
0.000000000000000000e+00
2.868195474147796631e-01
3.055515289306640625e-01
8.725691586732864380e-02
3.196294009685516357e-01
8.732663094997406006e-02
3.273395597934722900e-01
1.638542771339416504e+00
3.283106088638305664e-01
3.737540006637573242e+00
0.000000000000000000e+00
0.000000000000000000e+00
4.136564955115318298e-02
1.759450435638427734e-01
0.000000000000000000e+00
2.440045177936553955e-01
1.874721725471317768e-03
9.921862510964274406e-04
0.000000000000000000e+00
6.550353765487670898e-01
0.000000000000000000e+00
0.000000000000000000e+00
2.764117531478404999e-02
1.125584602355957031e+00
0.000000000000000000e+00
2.325765192508697510e-01
7.192081958055496216e-02
6.004964560270309448e-02
9.677781164646148682e-02
2.560752816498279572e-02
1.500412672758102417e-01
0.000000000000000000e+00
1.038763999938964844e+00
0.000000000000000000e+00
0.000000000000000000e+00
9.963492751121520996e-01
6.147743761539459229e-02
9.483259916305541992e-02
0.000000000000000000e+00
6.725938916206359863e-01
4.246212840080261230e-01
1.882316023111343384e-01
4.345234334468841553e-01
1.383175700902938843e-02
1.743014715611934662e-02
3.635967373847961426e-01
0.000000000000000000e+00
4.989907443523406982e-01
4.592535551637411118e-03
4.760876595973968506e-01
7.852936536073684692e-02
4.549152031540870667e-02
2.376030385494232178e-01
5.231288075447082520e-02
1.647847592830657959e-01
2.824367769062519073e-02
0.000000000000000000e+00
9.661442637443542480e-01
1.126379847526550293e+00
2.394608920440077782e-03
2.978914022445678711e+00
1.217085518874228001e-03
1.210334710776805878e-02
1.111467003822326660e+00
0.000000000000000000e+00
1.233935430645942688e-01
0.000000000000000000e+00
0.000000000000000000e+00
0.000000000000000000e+00
3.941659629344940186e-01
1.227899920195341110e-02
2.403312921524047852e-01
7.310564815998077393e-02
0.000000000000000000e+00
0.000000000000000000e+00
5.336255952715873718e-02
0.000000000000000000e+00
1.117054559290409088e-02
1.141177564859390259e-01
2.615507841110229492e+00
4.294570535421371460e-03
0.000000000000000000e+00
1.895536854863166809e-02
4.957647919654846191e-01
7.814945280551910400e-02
0.000000000000000000e+00
0.000000000000000000e+00
3.888529539108276367e-01
3.628707528114318848e-01
0.000000000000000000e+00
4.920526966452598572e-02
0.000000000000000000e+00
5.804879069328308105e-01
6.449615210294723511e-02
2.324231415987014771e-01
1.444254368543624878e-01
0.000000000000000000e+00
0.000000000000000000e+00
6.163225173950195312e-01
0.000000000000000000e+00
2.530957944691181183e-02
8.335568308830261230e-01
0.000000000000000000e+00
0.000000000000000000e+00
0.000000000000000000e+00
0.000000000000000000e+00
0.000000000000000000e+00
2.185405492782592773e-01
2.324275225400924683e-01
2.563169039785861969e-02
9.467432647943496704e-02
0.000000000000000000e+00
2.934716701507568359e+00
1.320284366607666016e+00
3.437849283218383789e-01
3.073446750640869141e+00
1.684810966253280640e-02
0.000000000000000000e+00
3.609114289283752441e-01
7.217363715171813965e-01
1.127886295318603516e+00
0.000000000000000000e+00
3.489162921905517578e+00
4.514812529087066650e-01
2.579891495406627655e-02
2.098697870969772339e-01
0.000000000000000000e+00
0.000000000000000000e+00
4.575775191187858582e-02
6.186407525092363358e-03
0.000000000000000000e+00
0.000000000000000000e+00
1.950197853147983551e-02
9.843448549509048462e-02
1.485288143157958984e-01
0.000000000000000000e+00
2.345458418130874634e-01
1.000708434730768204e-03
6.657680869102478027e-02
0.000000000000000000e+00
1.898203641176223755e-01
3.139722347259521484e-01
1.922281682491302490e-01
1.211005330085754395e+00
1.547191441059112549e-01
1.328099370002746582e-01
0.000000000000000000e+00
2.287882268428802490e-01
1.738035306334495544e-02
8.114539831876754761e-02
2.302275225520133972e-02
0.000000000000000000e+00
7.791287302970886230e-01
1.755280196666717529e-01
0.000000000000000000e+00
4.068800248205661774e-03
8.594678714871406555e-03
4.754959791898727417e-02
7.720194756984710693e-02
1.403480321168899536e-01
1.219964493066072464e-02
7.700498700141906738e-01
0.000000000000000000e+00
1.162085056304931641e+00
4.049286618828773499e-02
0.000000000000000000e+00
0.000000000000000000e+00
2.454044762998819351e-03
1.772458553314208984e-01
1.172806173563003540e-01
9.397245049476623535e-01
0.000000000000000000e+00
0.000000000000000000e+00
0.000000000000000000e+00
1.381651282310485840e+00
5.979104898869991302e-03
1.053130906075239182e-02
3.287794813513755798e-02
0.000000000000000000e+00
0.000000000000000000e+00
0.000000000000000000e+00
1.044914275407791138e-01
0.000000000000000000e+00
9.700530022382736206e-02
8.825199678540229797e-03
0.000000000000000000e+00
5.552045702934265137e-01
6.960006952285766602e-01
1.001171395182609558e-01
1.966288924217224121e+00
1.972234845161437988e-01
2.586257457733154297e-01
0.000000000000000000e+00
1.052074059844017029e-01
7.233087420463562012e-01
1.087350323796272278e-01
2.441326621919870377e-03
0.000000000000000000e+00
1.549101248383522034e-02
1.475904822349548340e+00
5.650647282600402832e-01
5.154014229774475098e-01
0.000000000000000000e+00
1.563628196716308594e+00
0.000000000000000000e+00
1.139392182230949402e-01
2.376031637191772461e+00
7.009439170360565186e-02
1.866180263459682465e-02
0.000000000000000000e+00
3.902243673801422119e-01
0.000000000000000000e+00
0.000000000000000000e+00
0.000000000000000000e+00
6.742060184478759766e-02
0.000000000000000000e+00
0.000000000000000000e+00
0.000000000000000000e+00
0.000000000000000000e+00
0.000000000000000000e+00
0.000000000000000000e+00
2.221206128597259521e-01
0.000000000000000000e+00
1.740203611552715302e-02
0.000000000000000000e+00
2.504930794239044189e-01
1.262969017028808594e+00
5.621651187539100647e-02
2.628127932548522949e-01
0.000000000000000000e+00
3.724389523267745972e-02
3.533571958541870117e-02
3.087375685572624207e-02
1.281117320060729980e+00
1.401697248220443726e-01
0.000000000000000000e+00
4.845545887947082520e-01
4.296198487281799316e-01
5.468398705124855042e-02
5.611317753791809082e-01
9.851429462432861328e-01
0.000000000000000000e+00
0.000000000000000000e+00
2.764175236225128174e-01
1.887361891567707062e-02
3.226226866245269775e-01
1.720707048662006855e-03
0.000000000000000000e+00
2.700883336365222931e-02
1.438012838363647461e+00
1.545689813792705536e-02
2.670910060405731201e-01
0.000000000000000000e+00
1.205354258418083191e-01
1.118681486696004868e-02
2.107527293264865875e-02
0.000000000000000000e+00
1.581697352230548859e-02
4.412257969379425049e-01
2.828119754791259766e+00
6.702800840139389038e-02
3.653509169816970825e-02
1.725039929151535034e-01
1.036592796444892883e-01
1.461372375488281250e+00
4.057047963142395020e-01
4.843612313270568848e-01
0.000000000000000000e+00
1.001879945397377014e-01
2.981954514980316162e-01
1.648235470056533813e-01
0.000000000000000000e+00
0.000000000000000000e+00
5.007700994610786438e-02
2.716415226459503174e-01
1.268175709992647171e-02
1.486002504825592041e-01
0.000000000000000000e+00
0.000000000000000000e+00
1.634409278631210327e-02
5.585540294647216797e+00
7.558709476143121719e-03
1.908906921744346619e-02
2.049126148223876953e+00
0.000000000000000000e+00
1.461528800427913666e-02
7.259262800216674805e-01
0.000000000000000000e+00
1.652294583618640900e-02
9.095311909914016724e-02
1.056955754756927490e-02
2.395558357238769531e-02
6.273683905601501465e-02
3.465313836932182312e-02
7.029911130666732788e-02
6.852688789367675781e-01
6.007689982652664185e-02
4.220817685127258301e-01
1.974936388432979584e-02
4.460468422621488571e-03
8.701178431510925293e-02
1.538435369729995728e-02
0.000000000000000000e+00
0.000000000000000000e+00
1.059106923639774323e-02
3.267491981387138367e-02
1.474803984165191650e-01
0.000000000000000000e+00
1.725032180547714233e-02
1.261714696884155273e-01
4.786176979541778564e-02
4.839985817670822144e-02
3.806990683078765869e-01
3.372490778565406799e-02
8.016871660947799683e-02
0.000000000000000000e+00
1.309769302606582642e-01
0.000000000000000000e+00
1.212861761450767517e-01
0.000000000000000000e+00
4.325676858425140381e-01
1.378272920846939087e-01
8.110742084681987762e-03
2.327612414956092834e-02
4.916016943752765656e-03
0.000000000000000000e+00
2.234465360641479492e+00
0.000000000000000000e+00
1.581073641777038574e+00
4.718403518199920654e-02
0.000000000000000000e+00
2.100337110459804535e-02
1.345583558082580566e+00
8.436363190412521362e-03
1.183592528104782104e-02
0.000000000000000000e+00
1.376520276069641113e+00
0.000000000000000000e+00
3.218163037672638893e-03
3.530793637037277222e-02
1.302972286939620972e-01
4.019744396209716797e-01
6.856542080640792847e-02
0.000000000000000000e+00
3.475707396864891052e-02
9.986808151006698608e-02
0.000000000000000000e+00
0.000000000000000000e+00
1.038263738155364990e-02
0.000000000000000000e+00
2.946949936449527740e-02
4.851294681429862976e-02
0.000000000000000000e+00
0.000000000000000000e+00
3.049408197402954102e+00
3.235680651414440945e-06
0.000000000000000000e+00
2.436570078134536743e-01
7.322563529014587402e-01
4.848324693739414215e-03
1.890384554862976074e-01
0.000000000000000000e+00
2.002730667591094971e-01
3.157051503658294678e-01
0.000000000000000000e+00
0.000000000000000000e+00
7.164964824914932251e-02
7.716987747699022293e-03
1.857428908348083496e+00
1.524098813533782959e-01
1.433719396591186523e-01
0.000000000000000000e+00
5.870904922485351562e-01
7.053384780883789062e-01
1.788371503353118896e-01
2.090759277343750000e-01
2.467201836407184601e-02
3.525559976696968079e-02
0.000000000000000000e+00
1.144583821296691895e+00
0.000000000000000000e+00
0.000000000000000000e+00
6.621930599212646484e-01
0.000000000000000000e+00
3.390349075198173523e-02
0.000000000000000000e+00
0.000000000000000000e+00
5.724975839257240295e-02
2.844420447945594788e-02
3.138774335384368896e-01
1.125189661979675293e+00
2.654688665643334389e-03
3.485173732042312622e-02
1.387033332139253616e-02
1.971713826060295105e-02
4.830692410469055176e-01
6.628441214561462402e-01
3.059175908565521240e-01
0.000000000000000000e+00
1.733163595199584961e+00
1.131465062499046326e-01
8.547902852296829224e-02
7.180635631084442139e-02
1.504852473735809326e-01
0.000000000000000000e+00
3.920070827007293701e-01
0.000000000000000000e+00
0.000000000000000000e+00
0.000000000000000000e+00
1.179837211966514587e-01
2.296720296144485474e-01
0.000000000000000000e+00
2.466476559638977051e-01
8.254989236593246460e-02
2.056029140949249268e-01
0.000000000000000000e+00
0.000000000000000000e+00
7.765067815780639648e-01
3.921326249837875366e-03
5.568023025989532471e-02
4.050240665674209595e-02
3.545662760734558105e-01
9.444740600883960724e-03
7.668886333703994751e-02
1.321462988853454590e-01
2.247968688607215881e-02
1.510509997606277466e-01
0.000000000000000000e+00
2.998521551489830017e-02
6.919180154800415039e-01
0.000000000000000000e+00
3.261845707893371582e-01
1.983875595033168793e-02
1.489845961332321167e-01
9.532019495964050293e-02
7.992542348802089691e-03
3.880629781633615494e-03
8.229625411331653595e-03
7.571926712989807129e-02
9.487459063529968262e-01
2.241204738616943359e+00
0.000000000000000000e+00
1.864751130342483521e-01
0.000000000000000000e+00
0.000000000000000000e+00
0.000000000000000000e+00
1.292546465992927551e-02
4.241372272372245789e-02
1.159656941890716553e-01
0.000000000000000000e+00
0.000000000000000000e+00
3.388200420886278152e-03
8.346974104642868042e-02
1.322077065706253052e-01
0.000000000000000000e+00
0.000000000000000000e+00
1.983605138957500458e-02
0.000000000000000000e+00
5.815386399626731873e-02
0.000000000000000000e+00
5.137868225574493408e-02
1.854893445968627930e+00
0.000000000000000000e+00
0.000000000000000000e+00
1.812997162342071533e-01
3.524240106344223022e-02
0.000000000000000000e+00
5.768578052520751953e-01
1.217139232903718948e-02
2.757119201123714447e-02
1.211997628211975098e+00
5.651427432894706726e-02
0.000000000000000000e+00
0.000000000000000000e+00
1.366351485252380371e+00
5.809221789240837097e-02
6.000556945800781250e-01
0.000000000000000000e+00
0.000000000000000000e+00
0.000000000000000000e+00
3.024415075778961182e-01
1.319083720445632935e-01
0.000000000000000000e+00
9.421282261610031128e-02
1.537796556949615479e-01
3.448321223258972168e-01
2.597204446792602539e-01
0.000000000000000000e+00
5.377103090286254883e-01
7.312113046646118164e-02
1.409349441528320312e+00
5.859752744436264038e-02
0.000000000000000000e+00
1.118124008178710938e+00
1.645614504814147949e+00
0.000000000000000000e+00
1.680487096309661865e-01
3.461685478687286377e-01
2.002252787351608276e-01
5.850042682141065598e-03
9.236886352300643921e-02
9.601130485534667969e-01
1.806137442588806152e+00
5.665977671742439270e-02
0.000000000000000000e+00
1.860912442207336426e-01
0.000000000000000000e+00
1.417766809463500977e+00
1.766101717948913574e+00
0.000000000000000000e+00
7.338456064462661743e-02
2.404429763555526733e-02
1.330942958593368530e-01
0.000000000000000000e+00
0.000000000000000000e+00
0.000000000000000000e+00
0.000000000000000000e+00
3.891149908304214478e-02
6.375672221183776855e-01
0.000000000000000000e+00
0.000000000000000000e+00
1.578650251030921936e-02
0.000000000000000000e+00
0.000000000000000000e+00
5.117812156677246094e-01
1.107845734804868698e-02
0.000000000000000000e+00
2.521540597081184387e-02
0.000000000000000000e+00
1.522433944046497345e-03
2.643008716404438019e-03
0.000000000000000000e+00
3.580942749977111816e-02
0.000000000000000000e+00
4.655383825302124023e-01
8.388138413429260254e-01
0.000000000000000000e+00
0.000000000000000000e+00
5.699968338012695312e-02
0.000000000000000000e+00
8.888428658246994019e-02
3.329587578773498535e-01
0.000000000000000000e+00
7.786231040954589844e-01
2.656929194927215576e-01
0.000000000000000000e+00
1.241645693778991699e+00
0.000000000000000000e+00
1.542832143604755402e-02
3.470566868782043457e-02
6.131836213171482086e-03
3.308359533548355103e-03
1.203485608100891113e+00
2.199885621666908264e-02
8.964566886425018311e-02
3.318421542644500732e-01
2.912757992744445801e-01
3.279459774494171143e-01
3.147062659263610840e-01
1.020959168672561646e-01
8.335836231708526611e-02
0.000000000000000000e+00
7.263777405023574829e-02
5.410702899098396301e-02
2.934421040117740631e-02
6.000927649438381195e-03
1.391180157661437988e-01
5.040050949901342392e-03
4.695579782128334045e-02
1.488073587417602539e+00
0.000000000000000000e+00
6.975555419921875000e-02
3.220659494400024414e-01
0.000000000000000000e+00
0.000000000000000000e+00
0.000000000000000000e+00
0.000000000000000000e+00
3.921464383602142334e-01
5.055860383436083794e-04
1.274691373109817505e-01
0.000000000000000000e+00
3.137956932187080383e-02
9.952248074114322662e-03
0.000000000000000000e+00
8.270191028714179993e-03
1.039685606956481934e-01
0.000000000000000000e+00
0.000000000000000000e+00
0.000000000000000000e+00
0.000000000000000000e+00
0.000000000000000000e+00
4.878540337085723877e-02
0.000000000000000000e+00
1.701461374759674072e-01
7.105373591184616089e-02
9.494503960013389587e-03
5.168367624282836914e-01
5.477033257484436035e-01
0.000000000000000000e+00
4.178495705127716064e-02
8.459286764264106750e-03
1.813984476029872894e-02
6.721525918692350388e-03
4.940893650054931641e-01
4.269805431365966797e+00
8.759732358157634735e-03
0.000000000000000000e+00
3.100309371948242188e-01
0.000000000000000000e+00
1.658059716224670410e+00
6.682517528533935547e-01
7.441692054271697998e-02
2.447770675644278526e-03
1.367445103824138641e-02
2.436789274215698242e-01
0.000000000000000000e+00
1.302126646041870117e+00
0.000000000000000000e+00
1.220589969307184219e-03
9.590265899896621704e-02
0.000000000000000000e+00
1.375431865453720093e-01
1.029272198677062988e+00
7.757142931222915649e-02
1.018596053123474121e+00
5.821113288402557373e-02
0.000000000000000000e+00
0.000000000000000000e+00
0.000000000000000000e+00
1.122240424156188965e-01
3.628073260188102722e-02
1.083549950271844864e-02
8.136889338493347168e-02
3.554044067859649658e-01
0.000000000000000000e+00
1.814790964126586914e-01
0.000000000000000000e+00
2.650420553982257843e-02
0.000000000000000000e+00
3.355368137359619141e+00
0.000000000000000000e+00
1.035617813467979431e-01
1.765485256910324097e-01
1.963887661695480347e-01
3.267434611916542053e-02
5.412005424499511719e+00
3.544104471802711487e-02
2.168973088264465332e-01
7.561977207660675049e-02
3.876544162631034851e-02
3.573564291000366211e-01
2.595191955566406250e+00
3.971546888351440430e-02
4.750451445579528809e-02
1.533298939466476440e-01
0.000000000000000000e+00
9.058795869350433350e-02
0.000000000000000000e+00
0.000000000000000000e+00
1.662205159664154053e-02
3.635828495025634766e+00
3.784020543098449707e-01
1.539452791213989258e+00
0.000000000000000000e+00
7.053126096725463867e-01
0.000000000000000000e+00
6.248815357685089111e-02
0.000000000000000000e+00
0.000000000000000000e+00
1.732467174530029297e+00
0.000000000000000000e+00
6.762710809707641602e-01
1.354248449206352234e-02
1.493414342403411865e-01
7.750366628170013428e-02
0.000000000000000000e+00
7.857767865061759949e-03
2.631886482238769531e+00
3.271074593067169189e-02
0.000000000000000000e+00
1.310932189226150513e-01
1.504827290773391724e-01
3.550397157669067383e-01
2.337100543081760406e-02
2.578488178551197052e-02
2.493465185165405273e+00
0.000000000000000000e+00
0.000000000000000000e+00
4.312196001410484314e-02
1.529705803841352463e-02
4.425984621047973633e-01
4.246473908424377441e-01
0.000000000000000000e+00
2.046586014330387115e-02
1.029189750552177429e-01
0.000000000000000000e+00
9.669386781752109528e-03
3.852509660646319389e-03
2.826111316680908203e-01
5.731390118598937988e-01
1.771301627159118652e+00
1.104099601507186890e-01
0.000000000000000000e+00
2.363049685955047607e-01
1.434498932212591171e-03
2.017067819833755493e-01
4.777707904577255249e-02
0.000000000000000000e+00
4.915725812315940857e-02
0.000000000000000000e+00
7.029072642326354980e-01
0.000000000000000000e+00
2.694131433963775635e-01
5.316686630249023438e-02
3.473801016807556152e-01
1.114649176597595215e-01
0.000000000000000000e+00
1.400657534599304199e+00
1.212308555841445923e-02
1.380816698074340820e-01
1.090486496686935425e-01
0.000000000000000000e+00
1.497334986925125122e-01
0.000000000000000000e+00
1.052372217178344727e+00
2.245814561843872070e+00
0.000000000000000000e+00
1.369341015815734863e+00
5.052251815795898438e-01
2.785725286230444908e-03
0.000000000000000000e+00
0.000000000000000000e+00
1.991297453641891479e-01
7.277411222457885742e-02
0.000000000000000000e+00
0.000000000000000000e+00
1.289442777633666992e-01
1.396055459976196289e+00
0.000000000000000000e+00
6.254792213439941406e-01
1.685043238103389740e-02
6.190532352775335312e-03
1.224206238985061646e-01
1.784181445837020874e-01
1.437251329421997070e+00
2.897176146507263184e-01
0.000000000000000000e+00
1.044533997774124146e-01
1.680087298154830933e-01
0.000000000000000000e+00
3.468639776110649109e-02
0.000000000000000000e+00
1.387724876403808594e-01
0.000000000000000000e+00
4.037875682115554810e-02
0.000000000000000000e+00
0.000000000000000000e+00
2.383150905370712280e-02
4.384763538837432861e-01
0.000000000000000000e+00
4.207864761352539062e+00
0.000000000000000000e+00
4.306946098804473877e-01
5.766452103853225708e-02
6.511485576629638672e-02
4.774754866957664490e-02
0.000000000000000000e+00
0.000000000000000000e+00
7.977043278515338898e-03
0.000000000000000000e+00
1.258793830871582031e+00
0.000000000000000000e+00
0.000000000000000000e+00
0.000000000000000000e+00
0.000000000000000000e+00
3.115938743576407433e-03
6.304969191551208496e-01
5.964547991752624512e-01
5.764391738921403885e-03
5.748233199119567871e-01
0.000000000000000000e+00
0.000000000000000000e+00
0.000000000000000000e+00
1.789946258068084717e-01
2.613345533609390259e-02
0.000000000000000000e+00
0.000000000000000000e+00
0.000000000000000000e+00
0.000000000000000000e+00
1.177759885787963867e+00
4.131392017006874084e-02
9.096133112907409668e-01
2.134156972169876099e-01
0.000000000000000000e+00
0.000000000000000000e+00
0.000000000000000000e+00
4.914536606520414352e-03
2.412536181509494781e-02
0.000000000000000000e+00
0.000000000000000000e+00
0.000000000000000000e+00
1.374149173498153687e-01
0.000000000000000000e+00
4.537604749202728271e-02
0.000000000000000000e+00
1.608091406524181366e-02
1.266654729843139648e-01
9.878336638212203979e-02
7.284815311431884766e-01
2.171278148889541626e-01
0.000000000000000000e+00
2.639342844486236572e-02
0.000000000000000000e+00
0.000000000000000000e+00
3.327965140342712402e-01
7.159383296966552734e-01
1.019182920455932617e+00
1.810685396194458008e-01
0.000000000000000000e+00
0.000000000000000000e+00
1.581432461738586426e+00
0.000000000000000000e+00
0.000000000000000000e+00
8.718169294297695160e-03
4.464152455329895020e-01
1.602980941534042358e-01
1.497313729487359524e-03
6.803686916828155518e-02
1.627777963876724243e-01
5.743591114878654480e-02
0.000000000000000000e+00
4.473916441202163696e-02
0.000000000000000000e+00
1.233843490481376648e-01
2.176229842007160187e-02
0.000000000000000000e+00
0.000000000000000000e+00
2.159952163696289062e+00
8.836056105792522430e-03
2.081103563308715820e+00
6.904765218496322632e-02
6.934433430433273315e-02
0.000000000000000000e+00
0.000000000000000000e+00
7.387912832200527191e-03
0.000000000000000000e+00
4.093639552593231201e-02
0.000000000000000000e+00
0.000000000000000000e+00
5.381639003753662109e-01
0.000000000000000000e+00
3.341341763734817505e-02
3.568772554397583008e+00
2.638598978519439697e-01
0.000000000000000000e+00
4.276469349861145020e-01
2.077030204236507416e-02
0.000000000000000000e+00
6.514044851064682007e-02
1.119551155716180801e-02
8.747754991054534912e-02
6.155011653900146484e-01
2.056009881198406219e-02
0.000000000000000000e+00
3.291888535022735596e-02
2.746421396732330322e-01
4.870862234383821487e-03
7.596483081579208374e-02
0.000000000000000000e+00
1.144214998930692673e-02
1.233202069997787476e-01
1.541833509691059589e-03
3.877916038036346436e-01
1.817965358495712280e-01
8.057290911674499512e-01
0.000000000000000000e+00
3.270346224308013916e-01
0.000000000000000000e+00
2.126229405403137207e-01
2.090889401733875275e-02
0.000000000000000000e+00
6.676352620124816895e-01
7.956619262695312500e-01
4.570630550384521484e+00
0.000000000000000000e+00
1.053115844726562500e+00
1.342736840248107910e+00
1.112713664770126343e-02
0.000000000000000000e+00
8.568850159645080566e-02
3.606250286102294922e-01
7.175241131335496902e-03
1.082811318337917328e-02
4.538871645927429199e-01
2.528517484664916992e+00
0.000000000000000000e+00
0.000000000000000000e+00
8.529713004827499390e-02
4.328542947769165039e-01
0.000000000000000000e+00
2.117742970585823059e-02
0.000000000000000000e+00
3.619372472167015076e-02
1.189875826239585876e-01
8.219069242477416992e-02
0.000000000000000000e+00
0.000000000000000000e+00
0.000000000000000000e+00
0.000000000000000000e+00
8.452328853309154510e-03
0.000000000000000000e+00
2.401335239410400391e-01
0.000000000000000000e+00
0.000000000000000000e+00
7.569364458322525024e-02
3.672271268442273140e-03
3.591025620698928833e-02
0.000000000000000000e+00
3.174828886985778809e-01
2.904638946056365967e-01
0.000000000000000000e+00
0.000000000000000000e+00
3.300834298133850098e-01
1.211320757865905762e-01
5.941206961870193481e-02
1.212480105459690094e-02
0.000000000000000000e+00
1.486124694347381592e-01
0.000000000000000000e+00
2.831681370735168457e-01
0.000000000000000000e+00
0.000000000000000000e+00
5.189675331115722656e+00
0.000000000000000000e+00
3.340514004230499268e-01
1.838780194520950317e-02
3.796663833782076836e-03
1.400875449180603027e+00
1.532324075698852539e+00
1.704379677772521973e+00
4.810901582241058350e-01
0.000000000000000000e+00
9.555756568908691406e+00
3.986510038375854492e-01
4.331267625093460083e-02
5.987757444381713867e-01
0.000000000000000000e+00
2.994310297071933746e-02
4.256676673889160156e+00
7.955959998071193695e-03
1.136173158884048462e-01
0.000000000000000000e+00
8.819273672997951508e-03
3.393307030200958252e-01
7.007564604282379150e-02
1.702823638916015625e-01
0.000000000000000000e+00
0.000000000000000000e+00
6.741983890533447266e-01
0.000000000000000000e+00
1.800578436814248562e-03
5.414402112364768982e-02
6.548218429088592529e-02
0.000000000000000000e+00
7.495700120925903320e-01
2.418978452682495117e+00
1.875142683275043964e-03
3.623894974589347839e-02
5.340072885155677795e-02
5.185936018824577332e-02
7.330164909362792969e-01
3.286366583779454231e-03
0.000000000000000000e+00
7.687101140618324280e-03
6.707160174846649170e-02
0.000000000000000000e+00
5.382188558578491211e-01
2.694208323955535889e-01
0.000000000000000000e+00
7.529592514038085938e-02
0.000000000000000000e+00
0.000000000000000000e+00
9.022035449743270874e-02
0.000000000000000000e+00
3.993255794048309326e-01
0.000000000000000000e+00
0.000000000000000000e+00
3.968887403607368469e-02
2.279481887817382812e-01
7.089499384164810181e-02
1.141792014241218567e-01
1.145376861095428467e-01
6.354043632745742798e-02
1.193049192428588867e+00
8.858830481767654419e-02
2.127762079238891602e+00
1.060693321051076055e-04
4.478712081909179688e+00
8.905366808176040649e-02
8.397391997277736664e-03
1.877371668815612793e-01
4.098734259605407715e-01
3.229138907045125961e-03
1.471330225467681885e-02
8.773927390575408936e-02
0.000000000000000000e+00
3.577258586883544922e+00
5.999710559844970703e-01
0.000000000000000000e+00
2.060739323496818542e-03
0.000000000000000000e+00
2.441363483667373657e-01
1.843461275100708008e+00
2.338306605815887451e-02
1.183290839195251465e+00
7.813998381607234478e-04
2.604397013783454895e-02
1.583690755069255829e-02
0.000000000000000000e+00
0.000000000000000000e+00
0.000000000000000000e+00
0.000000000000000000e+00
5.432190299034118652e-01
0.000000000000000000e+00
5.130498111248016357e-02
9.637478739023208618e-02
2.611090540885925293e-01
7.935780286788940430e-02
3.889134852215647697e-03
8.775779008865356445e-01
2.523413626477122307e-03
2.208323404192924500e-02
1.663976460695266724e-01
5.194557085633277893e-02
2.813215553760528564e-01
4.398782551288604736e-01
0.000000000000000000e+00
1.306261494755744934e-02
0.000000000000000000e+00
3.426357358694076538e-02
5.691368877887725830e-02
5.393761023879051208e-02
0.000000000000000000e+00
4.537768363952636719e-01
0.000000000000000000e+00
2.484582811594009399e-01
0.000000000000000000e+00
1.419253647327423096e-01
2.179543733596801758e+00
0.000000000000000000e+00
0.000000000000000000e+00
2.840939462184906006e-01
0.000000000000000000e+00
0.000000000000000000e+00
6.922629475593566895e-02
0.000000000000000000e+00
1.315607107244431973e-03
8.623980283737182617e-01
2.514539957046508789e-01
1.924573816359043121e-02
8.827372454106807709e-03
4.235340952873229980e-01
1.471460796892642975e-02
2.203249139711260796e-03
0.000000000000000000e+00
0.000000000000000000e+00
8.737142384052276611e-02
1.154359579086303711e-01
0.000000000000000000e+00
2.404217869043350220e-01
2.566201090812683105e-01
5.132206156849861145e-02
2.874824451282620430e-03
5.805747210979461670e-02
8.853801339864730835e-02
1.467572152614593506e-02
9.969944357872009277e-01
3.092901967465877533e-02
1.522985249757766724e-01
4.983504116535186768e-02
0.000000000000000000e+00
0.000000000000000000e+00
0.000000000000000000e+00
2.854850329458713531e-02
1.074268221855163574e-01
2.326569080352783203e+00
0.000000000000000000e+00
6.189043521881103516e-01
3.544124215841293335e-02
0.000000000000000000e+00
2.388860471546649933e-02
6.233289241790771484e-01
6.470114737749099731e-02
0.000000000000000000e+00
6.293074488639831543e-01
0.000000000000000000e+00
2.621216177940368652e-01
1.631888896226882935e-01
1.808615922927856445e-01
0.000000000000000000e+00
2.905124984681606293e-02
2.088262001052498817e-03
1.277012705802917480e+00
0.000000000000000000e+00
0.000000000000000000e+00
6.295891851186752319e-02
1.437794230878353119e-02
0.000000000000000000e+00
2.872342765331268311e-01
0.000000000000000000e+00
0.000000000000000000e+00
1.676855795085430145e-02
4.427284240722656250e+00
2.025173604488372803e-01
4.097535833716392517e-02
2.855643928050994873e-01
2.527077682316303253e-03
5.769281461834907532e-02
0.000000000000000000e+00
1.181925833225250244e-01
6.147276163101196289e-01
3.586684539914131165e-02
4.304921254515647888e-02
1.021433830261230469e+00
0.000000000000000000e+00
4.239558875560760498e-01
9.863583371043205261e-03
1.504815071821212769e-01
1.208769064396619797e-02
2.073351740837097168e-01
3.122793436050415039e-01
1.742385923862457275e-01
0.000000000000000000e+00
6.741305440664291382e-02
1.722813606262207031e+00
0.000000000000000000e+00
0.000000000000000000e+00
1.502598524093627930e-01
1.120822578668594360e-01
1.884705014526844025e-02
0.000000000000000000e+00
2.069069594144821167e-01
4.383428767323493958e-02
1.873770207166671753e-01
3.294567167758941650e-01
3.065464459359645844e-02
8.336898870766162872e-03
5.403890460729598999e-02
1.654689386487007141e-02
4.588835537433624268e-01
0.000000000000000000e+00
4.118822813034057617e-01
0.000000000000000000e+00
2.457686932757496834e-03
1.176401615142822266e+00
1.396544277667999268e-01
0.000000000000000000e+00
0.000000000000000000e+00
1.040343642234802246e-01
0.000000000000000000e+00
6.099521741271018982e-02
5.570228770375251770e-02
1.595937490463256836e+00
1.874244026839733124e-02
9.592212154529988766e-05
1.462101936340332031e-03
0.000000000000000000e+00
0.000000000000000000e+00
0.000000000000000000e+00
1.313415527343750000e+00
5.368530377745628357e-02
3.683866262435913086e-01
8.993368595838546753e-02
1.872191205620765686e-02
5.935568809509277344e-01
1.206154152750968933e-01
0.000000000000000000e+00
1.896291598677635193e-02
1.534471660852432251e-02
0.000000000000000000e+00
4.632309973239898682e-01
1.187115237116813660e-01
2.315188050270080566e-01
0.000000000000000000e+00
6.144771352410316467e-02
4.337387561798095703e+00
9.079166688024997711e-03
0.000000000000000000e+00
6.970850229263305664e-01
6.023342162370681763e-02
6.886382587254047394e-03
1.167864874005317688e-01
1.767864078283309937e-01
1.342859268188476562e+00
2.659276127815246582e-02
1.654467545449733734e-02
3.570223972201347351e-02
2.799129784107208252e-01
3.161590546369552612e-02
0.000000000000000000e+00
7.804135978221893311e-02
6.187627837061882019e-02
1.267351396381855011e-02
2.162679910659790039e+00
1.443512439727783203e+00
1.630531996488571167e-01
0.000000000000000000e+00
4.971564933657646179e-02
0.000000000000000000e+00
1.737901184242218733e-04
1.161659002304077148e+00
9.177344292402267456e-02
4.312370344996452332e-02
2.921357518061995506e-04
2.429486066102981567e-02
2.139894291758537292e-03
1.137888897210359573e-02
2.884700335562229156e-02
0.000000000000000000e+00
1.491636633872985840e-01
1.262180693447589874e-02
3.358362615108489990e-01
2.424692684144247323e-05
3.257494568824768066e-01
3.906411677598953247e-02
3.107823431491851807e-01
2.695209980010986328e-01
1.439124927856028080e-03
0.000000000000000000e+00
0.000000000000000000e+00
4.251378178596496582e-01
1.093359850347042084e-02
1.439221017062664032e-02
0.000000000000000000e+00
0.000000000000000000e+00
0.000000000000000000e+00
0.000000000000000000e+00
0.000000000000000000e+00
2.882423698902130127e-01
3.709218502044677734e-01
3.960829228162765503e-02
0.000000000000000000e+00
0.000000000000000000e+00
7.367540150880813599e-03
0.000000000000000000e+00
2.760356068611145020e-01
3.900427743792533875e-02
0.000000000000000000e+00
2.006455957889556885e-01
6.520627439022064209e-02
1.640757471323013306e-01
2.054077088832855225e-01
0.000000000000000000e+00
4.449752345681190491e-02
2.678305208683013916e-01
5.214598774909973145e-01
8.996564745903015137e-01
0.000000000000000000e+00
5.080052651464939117e-03
4.625275135040283203e-01
4.302978038787841797e+00
0.000000000000000000e+00
0.000000000000000000e+00
4.104358330368995667e-02
8.370036631822586060e-02
2.050473541021347046e-02
4.789114370942115784e-02
1.353181153535842896e-02
0.000000000000000000e+00
1.385055929422378540e-01
2.402086853981018066e-01
1.081134915351867676e+00
0.000000000000000000e+00
7.773945927619934082e-01
7.344878464937210083e-02
0.000000000000000000e+00
2.844940423965454102e-01
0.000000000000000000e+00
3.831597864627838135e-01
7.056204974651336670e-02
1.414920389652252197e-01
2.085497379302978516e-01
0.000000000000000000e+00
0.000000000000000000e+00
1.108620502054691315e-02
0.000000000000000000e+00
1.422150731086730957e-01
2.446327824145555496e-03
0.000000000000000000e+00
0.000000000000000000e+00
5.882612466812133789e-01
0.000000000000000000e+00
2.193230390548706055e-01
5.241394639015197754e-01
0.000000000000000000e+00
6.431674212217330933e-02
5.635682027786970139e-03
6.710520386695861816e-02
3.486615419387817383e-01
9.152196049690246582e-01
0.000000000000000000e+00
3.515914082527160645e-01
0.000000000000000000e+00
1.993089675903320312e+00
5.139453411102294922e-01
2.042796611785888672e-01
8.483128547668457031e+00
0.000000000000000000e+00
2.075589418411254883e+00
9.437497705221176147e-03
6.533076614141464233e-02
2.603386342525482178e-01
6.186300516128540039e-01
2.153065204620361328e+00
5.365282669663429260e-02
3.023489415645599365e-01
3.085148520767688751e-02
0.000000000000000000e+00
1.102672889828681946e-01
3.606453835964202881e-01
0.000000000000000000e+00
2.104796171188354492e-01
0.000000000000000000e+00
1.221358895301818848e+00
0.000000000000000000e+00
8.829233236610889435e-03
3.447520546615123749e-03
2.868022918701171875e-01
3.632852574810385704e-03
3.254190385341644287e-01
1.586599797010421753e-01
4.150368840782903135e-05
7.118275761604309082e-02
4.019132614135742188e+00
1.039865836501121521e-01
5.398870632052421570e-02
1.441081643104553223e+00
8.455324918031692505e-02
1.203423086553812027e-02
5.276300311088562012e-01
0.000000000000000000e+00
1.648683473467826843e-02
0.000000000000000000e+00
7.051746547222137451e-02
0.000000000000000000e+00
2.516257762908935547e+00
3.488894999027252197e-01
7.473019510507583618e-02
5.933280102908611298e-03
3.025559708476066589e-02
1.852754503488540649e-01
0.000000000000000000e+00
1.705259084701538086e-01
6.490769386291503906e-01
2.582419157028198242e+00
1.731878221035003662e-01
4.616429209709167480e-01
1.336346626281738281e+00
7.404222339391708374e-02
2.846052125096321106e-02
8.134687319397926331e-03
0.000000000000000000e+00
0.000000000000000000e+00
3.761014202609658241e-03
1.449147332459688187e-02
2.624028205871582031e+00
7.087152481079101562e+00
1.423315852880477905e-01
9.843729436397552490e-03
6.311232447624206543e-01
0.000000000000000000e+00
0.000000000000000000e+00
0.000000000000000000e+00
2.157898992300033569e-01
8.131034970283508301e-01
3.021584272384643555e+00
7.339207082986831665e-02
3.795379400253295898e-01
2.756732106208801270e-01
0.000000000000000000e+00
0.000000000000000000e+00
0.000000000000000000e+00
1.054284721612930298e-01
9.468047320842742920e-02
1.287133619189262390e-02
0.000000000000000000e+00
0.000000000000000000e+00
0.000000000000000000e+00
1.561637371778488159e-01
0.000000000000000000e+00
4.032363370060920715e-02
4.645238164812326431e-03
7.015000283718109131e-02
0.000000000000000000e+00
0.000000000000000000e+00
0.000000000000000000e+00
3.731450298801064491e-03
1.003937497735023499e-01
8.422663062810897827e-02
6.296530365943908691e-02
8.008520118892192841e-03
1.448508024215698242e+00
1.873445361852645874e-01
0.000000000000000000e+00
0.000000000000000000e+00
0.000000000000000000e+00
5.336736679077148438e+00
1.590532995760440826e-02
0.000000000000000000e+00
0.000000000000000000e+00
3.714041411876678467e-02
2.468381635844707489e-02
0.000000000000000000e+00
7.884618826210498810e-03
3.843410909175872803e-01
6.056587100028991699e-01
5.442203488200902939e-03
3.334801793098449707e-01
5.605203285813331604e-02
1.038876771926879883e-01
0.000000000000000000e+00
2.166899852454662323e-02
1.783693134784698486e-01
1.003401204943656921e-01
2.015802413225173950e-01
3.020057827234268188e-02
2.893467247486114502e-01
1.755567640066146851e-01
0.000000000000000000e+00
3.917746990919113159e-02
