4.598904550075531006e-01
3.848582267761230469e+00
1.397679150104522705e-01
3.130803585052490234e+00
3.914009407162666321e-02
4.051184058189392090e-01
0.000000000000000000e+00
1.072182536125183105e+00
1.176208019256591797e+00
5.063243955373764038e-02
9.730300903320312500e-01
5.990989208221435547e-01
7.876696586608886719e-01
5.077841877937316895e-01
6.556150317192077637e-01
2.383193820714950562e-01
1.124686822295188904e-01
5.013619735836982727e-02
7.660084962844848633e-01
2.903231620788574219e+00
3.149377107620239258e-01
3.119730353355407715e-01
7.577295303344726562e-01
8.789329789578914642e-03
7.666704710572957993e-03
8.592089414596557617e-01
1.384717375040054321e-01
4.219662770628929138e-02
7.808685302734375000e-03
0.000000000000000000e+00
3.426649093627929688e+00
2.454450368881225586e+00
1.856708168983459473e+00
2.924535036087036133e+00
0.000000000000000000e+00
9.654929488897323608e-02
0.000000000000000000e+00
7.255544662475585938e-01
1.368593454360961914e+00
2.918022632598876953e+00
1.028365135192871094e+00
1.645927429199218750e-01
1.146094322204589844e+00
3.811536431312561035e-01
0.000000000000000000e+00
2.344547808170318604e-01
3.735784888267517090e-01
2.678059041500091553e-01
1.126633524894714355e+00
3.084825277328491211e-01
2.171818733215332031e+00
6.839777231216430664e-01
4.016514301300048828e+00
6.308845877647399902e-01
3.758273124694824219e-01
2.065921723842620850e-01
1.737082958221435547e+00
7.029928207397460938e+00
3.263204395771026611e-01
0.000000000000000000e+00
0.000000000000000000e+00
1.274804592132568359e+00
8.787524104118347168e-01
1.617081642150878906e+00
1.183114126324653625e-01
1.300099398940801620e-02
2.048156112432479858e-01
1.816835880279541016e+00
8.872122503817081451e-03
9.244680404663085938e-01
2.201055526733398438e+00
2.399480193853378296e-01
0.000000000000000000e+00
2.608699798583984375e-01
3.575839474797248840e-02
4.425506666302680969e-02
4.049872159957885742e-01
1.043975591659545898e+00
7.561318576335906982e-02
4.188529551029205322e-01
3.264627978205680847e-02
6.506748795509338379e-01
1.654879927635192871e+00
2.647320032119750977e-01
1.209020987153053284e-01
9.365124255418777466e-02
2.405368238687515259e-01
1.244188249111175537e-01
6.391912698745727539e-02
8.133222460746765137e-01
1.727758673951029778e-03
3.731103613972663879e-03
8.982285261154174805e-01
5.940375328063964844e-01
1.961497664451599121e-01
9.162360429763793945e-02
0.000000000000000000e+00
3.949353694915771484e-01
4.390657246112823486e-01
2.454425096511840820e-01
1.258650720119476318e-01
5.997544527053833008e-01
1.025837566703557968e-02
2.488459110260009766e+00
7.608154416084289551e-01
7.478740215301513672e-01
1.044241189956665039e+00
4.159301519393920898e-01
2.849035561084747314e-01
3.440500469878315926e-03
2.578769326210021973e-01
1.056454896926879883e+00
2.299602329730987549e-01
0.000000000000000000e+00
0.000000000000000000e+00
3.832118511199951172e-01
2.338867336511611938e-01
5.086937546730041504e-01
1.899443149566650391e+00
4.609834849834442139e-01
2.895954251289367676e-01
0.000000000000000000e+00
5.559626221656799316e-02
2.593384087085723877e-01
8.839673995971679688e+00
4.073124229907989502e-01
7.547028064727783203e-01
5.356609821319580078e+00
8.087285161018371582e-01
2.079725265502929688e-01
9.069440960884094238e-01
1.091653481125831604e-02
1.328235864639282227e+00
6.248657107353210449e-01
2.889112472534179688e+00
5.755420923233032227e-01
0.000000000000000000e+00
1.052652373909950256e-01
1.192075252532958984e+00
2.068879127502441406e+00
1.658306121826171875e-01
1.819377988576889038e-01
1.039005219936370850e-01
5.182710289955139160e-01
2.894475460052490234e-01
7.234892845153808594e-01
3.068974912166595459e-01
1.408467888832092285e-01
1.747789978981018066e-01
2.825216650962829590e-01
5.696638584136962891e+00
3.242651745676994324e-02
8.111358433961868286e-02
9.542102217674255371e-01
8.917203545570373535e-02
1.719694495201110840e+00
6.257005780935287476e-02
1.219321563839912415e-01
7.901000231504440308e-02
1.205579861998558044e-01
0.000000000000000000e+00
0.000000000000000000e+00
3.164651244878768921e-02
5.332152843475341797e-01
9.720640182495117188e-01
2.270744562149047852e+00
3.424955866648815572e-05
3.860463798046112061e-01
2.488393932580947876e-01
2.082059234380722046e-01
7.223424315452575684e-01
1.827346980571746826e-01
2.043273998424410820e-03
5.656108260154724121e-01
2.472933381795883179e-01
0.000000000000000000e+00
0.000000000000000000e+00
2.740734219551086426e-01
1.319874048233032227e+00
9.911386966705322266e-01
2.617269456386566162e-01
7.806276679039001465e-01
1.779345721006393433e-01
8.209658786654472351e-03
2.007574588060379028e-02
0.000000000000000000e+00
2.776159942150115967e-01
6.603268533945083618e-02
6.854444742202758789e-01
2.978517413139343262e-01
7.791836261749267578e-01
3.531836569309234619e-01
1.830543637275695801e+00
2.871268987655639648e-01
2.435595244169235229e-01
1.768233836628496647e-03
2.403227388858795166e-01
7.546764612197875977e-02
0.000000000000000000e+00
9.552972912788391113e-01
9.145378321409225464e-02
0.000000000000000000e+00
1.236822128295898438e+00
0.000000000000000000e+00
1.551774024963378906e+00
1.851231791079044342e-02
1.602027416229248047e+00
1.160917282104492188e+00
0.000000000000000000e+00
1.135226249694824219e+00
7.163426876068115234e-01
1.846482515335083008e+00
9.322446584701538086e-02
0.000000000000000000e+00
8.727923035621643066e-01
1.259573698043823242e+00
8.196602761745452881e-02
6.208938360214233398e-01
1.608325004577636719e+00
9.770629405975341797e-01
6.248744130134582520e-01
7.053604722023010254e-02
0.000000000000000000e+00
1.410347074270248413e-01
2.195812016725540161e-01
2.550885379314422607e-01
1.217656880617141724e-01
8.696082234382629395e-01
4.645760953426361084e-01
4.074594974517822266e-01
2.571806907653808594e-01
5.136260390281677246e-02
3.763108849525451660e-01
1.699960529804229736e-01
0.000000000000000000e+00
5.486300587654113770e-01
5.253882333636283875e-02
2.336336970329284668e-01
5.078244581818580627e-02
1.326099634170532227e-01
1.119306236505508423e-01
1.463400423526763916e-01
8.539246320724487305e-01
1.252500340342521667e-03
5.174363851547241211e-01
6.224160790443420410e-01
1.116223260760307312e-01
8.778027445077896118e-02
3.337444365024566650e-01
6.823949515819549561e-02
1.251528114080429077e-01
1.363377571105957031e-01
7.002325057983398438e-01
0.000000000000000000e+00
2.026439271867275238e-02
5.602863430976867676e-02
7.628479972481727600e-03
3.617351353168487549e-01
2.060404606163501740e-02
6.332027912139892578e-01
3.248527050018310547e-01
5.626372061669826508e-03
6.455109920352697372e-03
2.276997268199920654e-01
0.000000000000000000e+00
1.285775423049926758e+00
2.930428743362426758e+00
1.343500614166259766e+00
6.463812589645385742e-01
1.165081337094306946e-01
1.381424069404602051e+00
1.032575011253356934e+00
3.958705440163612366e-02
3.493732511997222900e-01
2.968735992908477783e-02
4.297250211238861084e-01
1.808035731315612793e+00
6.845737099647521973e-01
6.287238001823425293e-01
1.242613315582275391e+00
8.100475370883941650e-02
2.094057947397232056e-01
2.164267562329769135e-02
5.961476564407348633e-01
1.479149699211120605e+00
1.361844897270202637e+00
1.217402890324592590e-01
9.229262918233871460e-02
5.534662008285522461e-01
9.632406234741210938e-01
6.810269355773925781e-01
1.407833248376846313e-01
5.460397340357303619e-03
2.392362058162689209e-01
1.404558271169662476e-01
1.992558836936950684e-01
5.346819758415222168e-01
3.281585276126861572e-01
0.000000000000000000e+00
2.982723414897918701e-01
1.121222615242004395e+00
0.000000000000000000e+00
3.985400125384330750e-02
9.246670454740524292e-02
4.387557804584503174e-01
2.643724679946899414e+00
1.113355606794357300e-01
0.000000000000000000e+00
1.870187401771545410e+00
1.232426881790161133e+00
1.128971934318542480e+00
1.593764662742614746e+00
6.598055958747863770e-01
7.660600543022155762e-01
1.108053207397460938e+00
7.099633663892745972e-02
0.000000000000000000e+00
2.655943155288696289e+00
3.506961092352867126e-02
2.648877799510955811e-01
4.486402869224548340e-02
8.572512269020080566e-01
1.574490368366241455e-01
7.740400433540344238e-01
8.542849123477935791e-02
3.399328589439392090e-01
4.534630477428436279e-02
6.090079307556152344e+00
3.548687323927879333e-02
1.301911175251007080e-01
4.945665970444679260e-02
3.075517117977142334e-01
9.664768725633621216e-02
1.068772077560424805e-01
1.612996459007263184e-01
1.418947815895080566e+00
1.781933605670928955e-01
3.055213391780853271e-01
2.299371719360351562e+00
2.319768816232681274e-01
7.495214790105819702e-02
1.238084360957145691e-01
9.964986704289913177e-03
1.272902935743331909e-01
0.000000000000000000e+00
1.637940645217895508e+00
0.000000000000000000e+00
0.000000000000000000e+00
4.449025541543960571e-02
5.237538814544677734e-01
6.025925874710083008e-01
5.806308388710021973e-01
1.048000931739807129e+00
0.000000000000000000e+00
0.000000000000000000e+00
2.878833055496215820e+00
6.013566628098487854e-02
0.000000000000000000e+00
8.624249100685119629e-01
7.441726922988891602e-01
4.628735482692718506e-01
1.227580070495605469e+00
1.639386266469955444e-02
5.420144796371459961e-01
1.703150272369384766e+00
2.657039761543273926e-01
9.628194570541381836e-01
6.549905240535736084e-02
1.672733545303344727e+00
5.803249478340148926e-01
5.460015684366226196e-02
7.917810231447219849e-03
3.423595428466796875e-01
1.407603502273559570e+00
1.800400614738464355e-01
0.000000000000000000e+00
2.343038767576217651e-01
2.138910293579101562e+00
0.000000000000000000e+00
1.511236373335123062e-02
4.759524948894977570e-03
3.521658480167388916e-02
8.789308667182922363e-01
4.425805509090423584e-01
8.993753045797348022e-02
9.129855036735534668e-01
1.807021647691726685e-01
4.665764048695564270e-02
9.398904442787170410e-02
1.069300293922424316e+00
4.380011931061744690e-02
3.135177120566368103e-02
3.980196714401245117e-01
5.779709294438362122e-02
7.975456714630126953e-01
4.339208826422691345e-02
1.548646241426467896e-01
8.481625318527221680e-01
1.419358551502227783e-01
1.624668091535568237e-01
1.446026265621185303e-01
4.397508800029754639e-01
1.026428639888763428e-01
0.000000000000000000e+00
2.568093836307525635e-01
5.703907608985900879e-01
1.045829176902770996e+00
1.432203501462936401e-01
2.675754949450492859e-02
2.694975733757019043e-01
2.400885149836540222e-02
0.000000000000000000e+00
3.407126367092132568e-01
7.163077592849731445e-02
9.577539749443531036e-03
2.444602102041244507e-01
3.202863931655883789e-01
0.000000000000000000e+00
8.059330582618713379e-01
4.956976696848869324e-02
8.497527837753295898e-01
3.729570209980010986e-01
7.350820302963256836e-01
3.925943002104759216e-02
2.714657187461853027e-01
2.715243995189666748e-01
4.770391881465911865e-01
4.247019812464714050e-02
0.000000000000000000e+00
2.591412067413330078e+00
9.344146251678466797e-01
1.295484304428100586e-01
9.208837747573852539e-01
3.215504884719848633e+00
5.600565075874328613e-01
2.285139322280883789e+00
4.102518558502197266e-01
7.298153638839721680e-01
3.007103204727172852e+00
1.001424491405487061e-01
0.000000000000000000e+00
4.662581086158752441e-01
2.522939741611480713e-01
4.220181703567504883e-01
0.000000000000000000e+00
8.573983907699584961e-01
3.553247153759002686e-01
5.509527325630187988e-01
0.000000000000000000e+00
7.598760072141885757e-03
3.389208078384399414e+00
2.153255343437194824e-01
1.005288243293762207e+00
2.618097700178623199e-02
0.000000000000000000e+00
1.133809685707092285e+00
1.117069125175476074e+00
1.908127963542938232e-01
1.177808344364166260e-01
4.176976382732391357e-01
5.904227495193481445e-01
2.398610830307006836e+00
0.000000000000000000e+00
1.040929675102233887e+00
0.000000000000000000e+00
6.922526359558105469e-01
2.107335329055786133e-01
2.626232504844665527e-01
0.000000000000000000e+00
1.174511685967445374e-01
1.040920019149780273e+00
4.317279756069183350e-01
3.312307894229888916e-01
2.889494299888610840e-01
7.866669297218322754e-01
5.987456440925598145e-02
2.163814544677734375e+00
2.861478030681610107e-01
3.534381836652755737e-02
2.108350843191146851e-01
9.183394908905029297e-02
1.380592584609985352e-01
1.757387399673461914e+00
1.352167367935180664e+00
6.596823036670684814e-02
2.977864146232604980e-01
3.021805360913276672e-02
2.718041181564331055e+00
4.083166364580392838e-03
9.989552944898605347e-02
3.195065975189208984e+00
4.124054908752441406e+00
1.781261898577213287e-02
4.128363430500030518e-01
4.074028134346008301e-01
2.512659728527069092e-01
2.737880051136016846e-01
1.503242254257202148e-01
3.112705647945404053e-01
1.248481392860412598e+00
0.000000000000000000e+00
0.000000000000000000e+00
9.656104445457458496e-01
1.131547570228576660e+00
2.343175858259201050e-01
8.728115260601043701e-02
1.423431038856506348e+00
1.559300661087036133e+00
2.158076018095016479e-01
7.939879894256591797e-01
9.914205223321914673e-02
4.066843986511230469e+00
3.368411302566528320e+00
0.000000000000000000e+00
9.019933640956878662e-02
1.616171002388000488e-01
3.186411410570144653e-02
4.450727701187133789e-01
2.410230040550231934e-01
4.284525811672210693e-01
4.059441566467285156e+00
6.851817481219768524e-03
0.000000000000000000e+00
2.665344178676605225e-01
2.106778025627136230e-01
4.835032299160957336e-02
2.424745708703994751e-01
2.560399055480957031e+00
5.872983336448669434e-01
1.650331258773803711e+00
5.243138670921325684e-01
8.854780346155166626e-02
0.000000000000000000e+00
6.543165445327758789e-02
1.425688862800598145e-01
9.646810591220855713e-02
3.258421421051025391e-01
1.667227864265441895e+00
5.080754309892654419e-02
1.758422851562500000e-01
3.008120656013488770e-01
5.382175743579864502e-02
2.949805021286010742e+00
0.000000000000000000e+00
3.042301535606384277e-01
4.288969635963439941e-01
3.455772638320922852e+00
3.775579482316970825e-02
5.787217244505882263e-02
2.200743407011032104e-01
1.641581356525421143e-01
2.516416907310485840e-01
4.604288376867771149e-03
7.745096087455749512e-01
1.670530438423156738e-01
4.672340452671051025e-01
0.000000000000000000e+00
5.570093393325805664e-01
2.882425189018249512e-01
2.683219909667968750e-01
3.361660521477460861e-03
1.344645917415618896e-01
2.343712896108627319e-01
1.023306623101234436e-01
9.158114790916442871e-01
0.000000000000000000e+00
8.832854777574539185e-02
1.706594675779342651e-01
4.647524952888488770e-01
1.208068728446960449e-01
4.169232249259948730e-01
2.698159962892532349e-02
0.000000000000000000e+00
4.305741190910339355e-01
1.455131769180297852e-01
4.856620311737060547e+00
1.273365974426269531e+00
5.766459703445434570e-01
4.384821355342864990e-01
1.275253444910049438e-01
9.223251342773437500e-01
1.910518296062946320e-02
2.937740087509155273e-01
1.276452183723449707e+00
4.921296536922454834e-01
1.049350798130035400e-01
5.007456541061401367e-01
2.316433429718017578e+00
1.763179898262023926e+00
4.901062697172164917e-02
0.000000000000000000e+00
2.115491777658462524e-01
9.182119369506835938e-02
5.852963030338287354e-02
0.000000000000000000e+00
0.000000000000000000e+00
1.532144006341695786e-02
3.443162739276885986e-01
4.523955285549163818e-01
0.000000000000000000e+00
1.192472219467163086e+00
8.851838111877441406e-01
2.259866744279861450e-01
6.304121762514114380e-02
1.774946302175521851e-01
1.360758207738399506e-02
9.056383371353149414e-02
2.369256913661956787e-01
1.141019344329833984e+00
3.078641835600137711e-03
4.652411937713623047e-01
0.000000000000000000e+00
1.185121908783912659e-01
6.790575385093688965e-01
2.863615453243255615e-01
7.507260441780090332e-01
3.306574225425720215e-01
2.312790632247924805e+00
1.075130701065063477e-02
1.248400285840034485e-01
6.509925723075866699e-01
2.417092584073543549e-02
1.001198291778564453e+00
5.406320691108703613e-01
2.649966180324554443e-01
1.157602429389953613e+00
0.000000000000000000e+00
1.201218128204345703e+00
7.867453992366790771e-02
4.307574033737182617e-01
6.873798370361328125e-02
4.574522608891129494e-04
1.437791287899017334e-01
9.892913103103637695e-01
6.869000196456909180e-02
1.735346317291259766e-01
4.762565195560455322e-01
8.627907037734985352e-01
6.121003068983554840e-03
4.707773774862289429e-02
4.933128356933593750e-01
2.617506980895996094e-01
4.642882049083709717e-01
3.025494098663330078e+00
1.216624006628990173e-01
1.453956723213195801e+00
1.422510296106338501e-01
6.290725618600845337e-02
1.034974977374076843e-01
1.752737760543823242e-01
4.030432552099227905e-02
2.220325469970703125e+00
7.119117770344018936e-03
6.521034836769104004e-01
6.866009235382080078e+00
5.963762477040290833e-02
0.000000000000000000e+00
2.315447807312011719e+00
3.807946145534515381e-01
6.780769228935241699e-01
5.609464645385742188e-01
2.698122859001159668e-01
5.320899188518524170e-02
4.589753448963165283e-01
1.143448948860168457e-01
1.759663939476013184e+00
1.028779506683349609e+00
8.053240180015563965e-01
6.596876382827758789e-01
1.156651601195335388e-01
1.204242348670959473e+00
6.114660501480102539e-01
5.015847086906433105e-01
7.065042257308959961e-01
2.005324065685272217e-01
1.595133781433105469e+00
1.379633188247680664e+00
1.674123167991638184e+00
0.000000000000000000e+00
7.867154479026794434e-01
2.368208646774291992e+00
3.922039270401000977e-01
0.000000000000000000e+00
5.518166422843933105e-01
6.401650607585906982e-03
2.870980650186538696e-03
2.770610712468624115e-02
1.932423412799835205e-01
2.765521407127380371e-01
1.488129328936338425e-02
3.642532110214233398e+00
9.442411363124847412e-02
5.767373442649841309e-01
9.637991189956665039e-01
3.564828541129827499e-03
6.411489844322204590e-01
3.030988693237304688e+00
3.490618169307708740e-01
3.644381165504455566e-01
5.131452083587646484e-01
2.094348669052124023e-01
1.331550776958465576e-01
1.125708103179931641e+00
3.062044084072113037e-01
2.057719081640243530e-01
2.141101598739624023e+00
7.346459478139877319e-02
2.230818569660186768e-01
1.228362470865249634e-01
2.107723057270050049e-01
5.492528080940246582e-01
4.806531593203544617e-02
1.592448830604553223e+00
6.471965312957763672e-01
6.738517433404922485e-02
4.035417735576629639e-01
3.081216812133789062e-01
1.188221201300621033e-01
1.078021060675382614e-02
6.955101490020751953e-01
8.972775340080261230e-01
4.870154857635498047e-01
0.000000000000000000e+00
2.331974267959594727e+00
2.217748947441577911e-02
1.852173544466495514e-02
2.536450326442718506e-01
8.390157222747802734e-01
2.553181648254394531e-01
0.000000000000000000e+00
8.882326483726501465e-01
2.513102293014526367e-01
6.441376209259033203e-01
1.503429293632507324e+00
1.988016217947006226e-01
1.369649078696966171e-03
1.060387939214706421e-01
7.102079391479492188e-01
2.563994526863098145e-01
8.249059915542602539e-01
1.469572782516479492e+00
2.779304683208465576e-01
3.596868738532066345e-02
5.445615574717521667e-02
8.041369915008544922e-02
2.892739534378051758e+00
0.000000000000000000e+00
1.868640631437301636e-02
5.284243728965520859e-03
9.502819739282131195e-03
3.518151044845581055e+00
1.209902882575988770e+00
1.301575750112533569e-01
2.742585241794586182e-01
2.490240633487701416e-01
2.133931517601013184e-01
1.381108760833740234e-01
0.000000000000000000e+00
1.041354298591613770e+00
2.820468544960021973e-01
5.007383227348327637e-01
1.156954050064086914e+00
4.495440125465393066e-01
3.425887553021311760e-03
1.445352733135223389e-01
0.000000000000000000e+00
0.000000000000000000e+00
6.328198313713073730e-01
5.188666582107543945e-01
6.526751518249511719e-01
5.871691703796386719e-01
1.027985587716102600e-01
2.557264268398284912e-02
3.713006526231765747e-02
6.544442474842071533e-02
1.093141078948974609e+00
7.406425476074218750e-01
1.135355234146118164e+00
2.084992453455924988e-02
1.581529229879379272e-01
3.095682561397552490e-01
1.741931796073913574e+00
8.163024783134460449e-01
2.372471094131469727e-01
1.220787987112998962e-01
1.624645106494426727e-02
5.942238960415124893e-03
8.919821977615356445e-01
2.257537394762039185e-01
9.236485362052917480e-01
0.000000000000000000e+00
0.000000000000000000e+00
2.400261610746383667e-01
3.027168512344360352e+00
9.127233177423477173e-02
7.538607716560363770e-02
2.126273512840270996e-02
5.241263657808303833e-02
1.651975661516189575e-01
9.255622029304504395e-01
1.364870667457580566e+00
1.698108911514282227e+00
7.814574241638183594e-01
3.046471357345581055e+00
1.446719318628311157e-01
1.035614404827356339e-02
8.240583352744579315e-03
2.980239689350128174e-01
2.896679341793060303e-01
5.319060292094945908e-03
5.002012010663747787e-03
4.616214632987976074e-01
3.868554532527923584e-01
7.381300441920757294e-03
6.676868535578250885e-03
2.787028253078460693e-01
5.006105303764343262e-01
4.178744852542877197e-01
6.173448264598846436e-02
6.145148277282714844e-01
4.379152953624725342e-01
7.860330939292907715e-01
1.260020304471254349e-03
2.472435235977172852e-01
1.521967202425003052e-01
4.525837302207946777e-01
8.824367821216583252e-02
1.646459102630615234e+00
1.246606588363647461e+00
5.908725783228874207e-02
1.066330075263977051e+00
0.000000000000000000e+00
0.000000000000000000e+00
9.978646039962768555e-02
7.619600296020507812e-01
2.220253199338912964e-01
1.844978481531143188e-01
1.666940897703170776e-01
4.766920506954193115e-01
0.000000000000000000e+00
1.830291152000427246e-01
1.936113089323043823e-02
4.083380401134490967e-01
1.014943048357963562e-02
3.636597990989685059e-01
0.000000000000000000e+00
4.664290547370910645e-01
0.000000000000000000e+00
1.716688156127929688e+00
2.213480025529861450e-01
0.000000000000000000e+00
2.669114992022514343e-02
8.036743402481079102e-01
7.704830765724182129e-01
2.169193506240844727e+00
3.579137623310089111e-01
1.791133135557174683e-01
6.758028268814086914e-02
1.299924731254577637e+00
3.406210243701934814e-02
3.474080860614776611e-01
0.000000000000000000e+00
3.199160575866699219e+00
2.054467499256134033e-01
2.937062263488769531e+00
8.926383852958679199e-01
7.517749309539794922e+00
1.175657361745834351e-01
4.101946055889129639e-01
8.687766194343566895e-01
2.295128583908081055e+00
1.974271774291992188e+00
0.000000000000000000e+00
0.000000000000000000e+00
1.367385983467102051e-01
3.881158530712127686e-01
3.670814335346221924e-01
1.967659592628479004e-01
2.096654325723648071e-01
2.881870232522487640e-02
2.472865581512451172e-02
1.186285018920898438e+00
1.748382210731506348e+00
2.325389906764030457e-02
1.555754780769348145e+00
2.410963475704193115e-01
6.029591336846351624e-02
0.000000000000000000e+00
6.236579734832048416e-03
4.305594414472579956e-02
2.560676932334899902e-01
0.000000000000000000e+00
2.151294708251953125e+00
0.000000000000000000e+00
1.777613908052444458e-01
1.562960267066955566e+00
2.744743824005126953e-01
1.088967919349670410e-01
2.533507943153381348e-01
8.603706210851669312e-02
6.261042505502700806e-02
2.686735391616821289e-01
0.000000000000000000e+00
4.694440066814422607e-01
4.012133479118347168e-01
2.038503170013427734e+00
3.819009363651275635e-01
2.343656301498413086e+00
9.133713319897651672e-03
2.656412124633789062e+00
2.274167537689208984e+00
0.000000000000000000e+00
6.002425551414489746e-01
1.705106973648071289e+00
1.017799973487854004e-01
9.269793629646301270e-01
9.725930094718933105e-01
5.153238177299499512e-01
1.221147656440734863e+00
1.170190572738647461e-01
1.469898343086242676e+00
2.530637741088867188e+00
1.130512356758117676e+00
1.252263486385345459e-01
6.080952286720275879e-01
2.221367787569761276e-03
1.567568257451057434e-02
2.126049548387527466e-01
7.878681272268295288e-02
3.890101909637451172e-01
3.278720676898956299e-01
1.877885103225708008e+00
1.788628846406936646e-01
7.305852174758911133e-01
2.814055383205413818e-01
3.913042545318603516e-01
1.177671179175376892e-01
2.307694032788276672e-02
1.267050862312316895e+00
0.000000000000000000e+00
1.812811493873596191e-01
3.195894509553909302e-02
7.134312987327575684e-01
2.273274898529052734e+00
1.738964021205902100e-01
6.353553533554077148e-01
6.689339876174926758e-02
6.923744827508926392e-02
1.364806771278381348e+00
4.856247901916503906e-01
4.527117013931274414e-01
0.000000000000000000e+00
0.000000000000000000e+00
9.487559795379638672e-01
9.131024479866027832e-01
2.517852544784545898e+00
1.353461742401123047e-01
1.819510012865066528e-01
2.899378724396228790e-02
1.181973695755004883e+00
5.085757374763488770e-01
3.315598145127296448e-02
9.709835797548294067e-02
2.017575502395629883e+00
0.000000000000000000e+00
4.787940979003906250e-01
5.561649203300476074e-01
0.000000000000000000e+00
3.088767407462000847e-03
4.190117120742797852e-01
5.013895034790039062e-02
0.000000000000000000e+00
5.846551060676574707e-01
3.960330784320831299e-01
1.503124684095382690e-01
1.049409210681915283e-01
6.274620071053504944e-03
3.680299222469329834e-01
4.696512818336486816e-01
1.043253298848867416e-02
4.417694732546806335e-02
2.274820208549499512e-01
8.389205671846866608e-03
8.221114985644817352e-03
2.357806544750928879e-03
3.003233857452869415e-02
5.088515281677246094e-01
1.189958095550537109e+00
1.030756115913391113e+00
1.223658680915832520e+00
6.903225779533386230e-01
1.114084720611572266e+00
2.094663828611373901e-01
2.080645710229873657e-01
8.176450133323669434e-01
2.582073956727981567e-02
6.510400176048278809e-01
1.163586854934692383e+00
7.928068935871124268e-02
8.854688704013824463e-02
4.547286629676818848e-01
1.863026261329650879e+00
1.552852541208267212e-01
8.272839337587356567e-02
6.286229938268661499e-02
4.939769804477691650e-01
2.213345170021057129e-01
1.320314168930053711e+00
4.580079019069671631e-01
2.461800336837768555e+00
1.548198163509368896e-01
3.835504874587059021e-03
2.483443357050418854e-03
4.169892417849041522e-05
9.989941120147705078e-01
3.169395625591278076e-01
0.000000000000000000e+00
1.161530464887619019e-01
2.049600362777709961e+00
1.912177354097366333e-01
3.732526540756225586e+00
0.000000000000000000e+00
2.743691392242908478e-02
2.322673320770263672e+00
2.748930156230926514e-01
4.646731019020080566e-01
8.258782909251749516e-04
2.105721712112426758e+00
4.209956824779510498e-01
5.862956047058105469e-01
9.338257312774658203e-01
4.870049953460693359e-01
5.695567280054092407e-02
1.197721362113952637e+00
1.408444792032241821e-01
1.073964387178421021e-01
4.854230955243110657e-02
1.366085708141326904e-01
5.759010314941406250e-01
0.000000000000000000e+00
2.156518101692199707e-01
6.285933256149291992e-01
0.000000000000000000e+00
1.237159371376037598e-01
2.912205178290605545e-03
1.438597310334444046e-02
1.636837720870971680e+00
4.499108195304870605e-01
1.730678677558898926e-01
8.971498161554336548e-02
0.000000000000000000e+00
4.328759610652923584e-01
0.000000000000000000e+00
1.039764523506164551e+00
1.960493028163909912e-01
2.455700784921646118e-01
0.000000000000000000e+00
9.503033757209777832e-02
9.194843769073486328e-01
5.142702460289001465e-01
8.960040658712387085e-02
3.282724857330322266e+00
6.617911905050277710e-02
6.738232970237731934e-01
4.371165335178375244e-01
4.049364477396011353e-03
6.380633711814880371e-01
7.128016948699951172e-01
1.874502003192901611e-02
2.341352462768554688e+00
3.099284693598747253e-02
1.203683167695999146e-01
1.535276412963867188e+00
1.446288428269326687e-03
1.876145839691162109e+00
2.152598202228546143e-01
3.833998441696166992e-01
3.209692537784576416e-01
4.087055325508117676e-01
1.974718868732452393e-01
1.661182194948196411e-01
3.876274228096008301e-01
4.005088936537504196e-03
0.000000000000000000e+00
9.273032844066619873e-02
9.678746461868286133e-01
2.348954916000366211e+00
2.230681329965591431e-01
1.416595101356506348e+00
2.351293802261352539e+00
5.351557862013578415e-03
4.866054058074951172e-01
1.052969455718994141e+00
0.000000000000000000e+00
3.055346906185150146e-01
9.157831966876983643e-02
1.602684408426284790e-01
0.000000000000000000e+00
2.579277157783508301e-01
1.067422889173030853e-02
8.651424050331115723e-01
5.692014843225479126e-02
1.063876986503601074e+00
7.207602858543395996e-01
2.652425691485404968e-02
2.796754539012908936e-01
1.041963815689086914e+00
0.000000000000000000e+00
4.864459037780761719e-01
1.863033697009086609e-02
0.000000000000000000e+00
1.082722902297973633e+00
3.195640146732330322e-01
9.438617154955863953e-03
7.904446683824062347e-03
9.255315065383911133e-01
5.643702983856201172e+00
0.000000000000000000e+00
1.648400545120239258e+00
6.974804401397705078e-02
5.236430764198303223e-01
2.737365365028381348e-01
2.699857711791992188e+00
3.171260654926300049e-01
2.846863508224487305e+00
1.822516798973083496e+00
3.343011140823364258e-01
7.658631205558776855e-01
2.286644577980041504e-01
3.894786536693572998e-02
4.833088442683219910e-02
1.905640721321105957e+00
1.183364018797874451e-01
6.207497715950012207e-01
4.273378290235996246e-03
0.000000000000000000e+00
9.108642488718032837e-02
4.057392477989196777e-02
2.136885970830917358e-01
3.191598176956176758e+00
6.692364811897277832e-01
7.425208091735839844e-01
5.922890827059745789e-02
1.468215733766555786e-01
8.436599373817443848e-01
0.000000000000000000e+00
1.134351611137390137e+00
1.956646919250488281e+00
2.028428614139556885e-01
6.726734638214111328e-01
2.035725593566894531e+00
1.855797886848449707e+00
2.149134129285812378e-01
2.672352790832519531e-01
4.407832026481628418e-01
2.137168943881988525e-01
7.587245851755142212e-02
0.000000000000000000e+00
2.896972894668579102e-01
2.449341677129268646e-02
3.469861745834350586e-01
2.821108341217041016e+00
1.356858134269714355e+00
4.199103116989135742e-01
1.690163731575012207e+00
0.000000000000000000e+00
4.015753865242004395e-01
2.592468634247779846e-03
2.729520015418529510e-02
1.208203792572021484e+00
8.872015401721000671e-03
7.279516756534576416e-02
1.068058609962463379e+00
8.355071395635604858e-02
9.001902341842651367e-01
1.728565812110900879e+00
1.606503725051879883e-01
1.773500561714172363e+00
0.000000000000000000e+00
9.068012237548828125e-02
1.285937894135713577e-02
2.101290039718151093e-02
2.211844325065612793e-01
0.000000000000000000e+00
1.140375375747680664e+00
1.162816584110260010e-01
7.833525538444519043e-02
8.233640193939208984e-01
6.340231746435165405e-02
0.000000000000000000e+00
8.399128913879394531e-01
7.948398590087890625e-02
1.045652747154235840e+00
7.788091897964477539e-01
6.121701598167419434e-01
1.744029760360717773e+00
7.244239747524261475e-02
1.357691138982772827e-01
1.701029300689697266e+00
1.792942732572555542e-01
0.000000000000000000e+00
7.068230211734771729e-02
0.000000000000000000e+00
1.442799996584653854e-02
4.144981503486633301e-01
6.433837115764617920e-02
2.110083103179931641e-01
2.165978670120239258e+00
2.878618717193603516e+00
1.067586913704872131e-01
5.361471176147460938e-01
5.908878147602081299e-02
3.758419454097747803e-01
1.311865687370300293e+00
2.298860438168048859e-02
1.871452212333679199e+00
7.979843765497207642e-02
2.012084424495697021e-01
0.000000000000000000e+00
2.388217672705650330e-02
1.803770214319229126e-01
1.880130648612976074e+00
4.943567812442779541e-01
3.991114348173141479e-02
2.119711637496948242e+00
1.484327077865600586e+00
7.249378412961959839e-02
7.106363773345947266e-01
3.435076177120208740e-01
2.207009077072143555e+00
0.000000000000000000e+00
2.072377949953079224e-01
2.266752719879150391e-01
8.242083340883255005e-02
1.065876841545104980e+00
1.684595132246613503e-03
7.116495165973901749e-03
3.378979861736297607e-02
1.363266706466674805e-01
0.000000000000000000e+00
1.541935205459594727e-01
2.333424985408782959e-01
5.086104273796081543e-01
8.806301951408386230e-01
7.226516604423522949e-01
6.487860810011625290e-03
4.557720124721527100e-01
7.691124826669692993e-02
2.770640850067138672e-01
8.762306533753871918e-03
0.000000000000000000e+00
1.074890717864036560e-01
2.833692133426666260e-01
4.484861195087432861e-01
2.027191400527954102e+00
3.525187253952026367e+00
2.579417228698730469e-01
3.853190541267395020e-01
0.000000000000000000e+00
6.130214780569076538e-02
3.885997533798217773e+00
0.000000000000000000e+00
3.289929330348968506e-01
3.027890920639038086e+00
5.963109135627746582e-01
3.546993732452392578e-01
2.663631737232208252e-01
5.308117251843214035e-03
1.825549453496932983e-01
5.004023909568786621e-01
4.379190970212221146e-03
7.973444461822509766e-01
2.287988215684890747e-01
5.502315163612365723e-01
1.503858804702758789e+00
1.559516787528991699e+00
2.386548966169357300e-01
4.153692163527011871e-03
9.265670776367187500e-01
1.120918869972229004e+00
7.604105025529861450e-02
3.727860450744628906e-01
2.081728458404541016e+00
0.000000000000000000e+00
5.826080217957496643e-03
2.862063795328140259e-02
1.131312623620033264e-01
4.021444916725158691e-01
3.036770820617675781e-01
1.776042133569717407e-01
5.523448064923286438e-02
1.251894235610961914e+00
9.102092683315277100e-02
2.440875321626663208e-01
1.282126903533935547e-01
6.875132083892822266e+00
6.616871356964111328e-01
8.542308956384658813e-02
7.539489269256591797e-01
1.102648526430130005e-01
9.210004210472106934e-01
2.147383801639080048e-02
1.741452664136886597e-01
3.965925574302673340e-01
2.471158504486083984e-01
8.078424930572509766e-01
8.696473836898803711e-01
4.016458615660667419e-02
2.183622680604457855e-02
3.253780305385589600e-01
5.709316730499267578e-01
0.000000000000000000e+00
3.994189798831939697e-01
7.625018358230590820e-01
1.681401133537292480e-01
5.143396854400634766e-01
6.772563457489013672e-01
4.503135569393634796e-03
1.247621178627014160e+00
1.240213513374328613e-01
9.065492749214172363e-01
1.900693178176879883e-01
4.260247647762298584e-01
6.936592459678649902e-01
7.704159617424011230e-01
3.731339871883392334e-01
0.000000000000000000e+00
0.000000000000000000e+00
3.870349526405334473e-01
0.000000000000000000e+00
2.306573390960693359e-01
1.116889715194702148e+00
1.927807688713073730e+00
1.203085929155349731e-01
2.543744444847106934e-01
5.837014913558959961e-01
7.140780687332153320e-01
5.009043812751770020e-01
2.666661143302917480e-01
5.561368167400360107e-02
7.047671079635620117e-01
2.465798556804656982e-01
5.053152441978454590e-01
6.158283948898315430e-01
1.161326933652162552e-02
0.000000000000000000e+00
9.030619263648986816e-01
2.570632845163345337e-02
8.668951690196990967e-03
1.401159167289733887e-01
3.621603548526763916e-01
6.805276870727539062e-01
6.526073813438415527e-01
8.337791264057159424e-02
3.110871911048889160e-01
1.930255293846130371e+00
8.918955326080322266e-01
1.657296895980834961e+00
4.489124417304992676e-01
5.084797367453575134e-02
2.497809410095214844e+00
1.103438377380371094e+00
0.000000000000000000e+00
2.834286093711853027e-01
7.857986092567443848e-01
3.583975136280059814e-02
6.627245992422103882e-02
4.700631797313690186e-01
3.052579462528228760e-01
4.001328647136688232e-01
1.036822915077209473e+00
1.122653931379318237e-01
7.304151058197021484e-01
7.336898446083068848e-01
5.351752281188964844e+00
5.384170413017272949e-01
1.798073500394821167e-01
1.276890784502029419e-01
8.075128793716430664e-01
5.571357533335685730e-02
1.865909814834594727e+00
4.144635498523712158e-01
0.000000000000000000e+00
6.169469952583312988e-01
9.357284754514694214e-02
2.077239513397216797e+00
1.420174002647399902e+00
2.128890037536621094e+00
0.000000000000000000e+00
7.319849729537963867e-01
3.427511751651763916e-01
2.762399315834045410e-01
9.048281311988830566e-01
4.547961056232452393e-02
6.414114236831665039e-01
1.855439782142639160e+00
3.856956064701080322e-01
2.824697494506835938e-01
0.000000000000000000e+00
5.105465650558471680e-01
1.996933668851852417e-01
0.000000000000000000e+00
4.211184009909629822e-02
5.576263666152954102e-01
0.000000000000000000e+00
1.240759640932083130e-01
1.132358670234680176e+00
4.622138023376464844e+00
6.690968275070190430e-01
5.130435228347778320e-01
2.221568673849105835e-02
8.597407341003417969e-01
3.082525134086608887e-01
7.031682878732681274e-02
4.277616143226623535e-01
1.041743904352188110e-02
3.341169655323028564e-01
0.000000000000000000e+00
1.854665018618106842e-02
9.177256822586059570e-01
3.127967938780784607e-03
6.132878661155700684e-01
1.104812994599342346e-01
3.004952892661094666e-02
1.831160932779312134e-01
9.484981745481491089e-02
5.537229061126708984e+00
2.252696305513381958e-01
2.245031110942363739e-02
6.857702136039733887e-01
2.171855926513671875e+00
4.766110897064208984e+00
4.626205861568450928e-01
1.218528375029563904e-01
5.949445813894271851e-02
5.333526134490966797e-01
3.769674152135848999e-02
2.241621725261211395e-02
7.213363051414489746e-02
2.419518679380416870e-01
8.707821369171142578e-02
7.556163072586059570e-01
1.061812758445739746e+00
3.280113041400909424e-01
3.367746993899345398e-02
2.858412861824035645e-01
2.539882183074951172e+00
1.890648007392883301e-01
3.728263378143310547e+00
1.365938689559698105e-03
3.208695650100708008e-01
0.000000000000000000e+00
6.772427558898925781e-01
1.459050327539443970e-01
4.562405943870544434e-01
7.148624062538146973e-01
6.964809447526931763e-02
2.936415672302246094e-01
9.923695921897888184e-01
3.792088478803634644e-02
5.180897116661071777e-01
0.000000000000000000e+00
1.474461555480957031e-01
1.810394287109375000e+00
0.000000000000000000e+00
1.534608304500579834e-01
3.612385317683219910e-02
1.022354811429977417e-01
7.764229178428649902e-02
7.724346518516540527e-01
6.098564863204956055e-01
3.188310265541076660e-01
3.023265488445758820e-02
7.820327877998352051e-01
2.962646782398223877e-01
0.000000000000000000e+00
1.652176499366760254e+00
9.804631471633911133e-01
4.602920711040496826e-01
2.583203092217445374e-02
4.036659300327301025e-01
8.678839802742004395e-01
1.434042453765869141e+00
1.215181574225425720e-01
1.648054085671901703e-02
5.081970691680908203e-01
2.865733206272125244e-02
1.261229157447814941e+00
6.270358711481094360e-02
2.610044777393341064e-01
5.588430166244506836e-01
5.116416811943054199e-01
6.057524681091308594e-01
6.178822740912437439e-02
6.953811645507812500e-01
3.851202875375747681e-02
2.633639872074127197e-01
5.297473669052124023e-01
4.235417246818542480e-01
5.558018684387207031e-01
3.087101038545370102e-03
2.093666315078735352e+00
3.088376820087432861e-01
2.024032592773437500e+00
1.131014943122863770e+00
2.650775201618671417e-02
2.624319493770599365e-01
7.700438052415847778e-02
7.032414674758911133e-01
0.000000000000000000e+00
9.680913388729095459e-02
3.290414333343505859e+00
2.057024478912353516e+00
4.094287455081939697e-01
0.000000000000000000e+00
9.380363225936889648e-01
5.652754902839660645e-01
6.257604360580444336e-01
5.240408182144165039e-01
3.653480112552642822e-02
2.487113326787948608e-01
0.000000000000000000e+00
0.000000000000000000e+00
2.728707194328308105e-01
4.389215260744094849e-03
1.828357130289077759e-01
2.942546606063842773e-01
6.297214888036251068e-03
0.000000000000000000e+00
5.084002971649169922e+00
6.316665410995483398e-01
1.254081260412931442e-02
2.000071108341217041e-02
1.518238931894302368e-01
0.000000000000000000e+00
3.222814574837684631e-02
4.467835724353790283e-01
1.717107184231281281e-02
8.088575005531311035e-01
1.137085482478141785e-01
0.000000000000000000e+00
1.304222464561462402e+00
2.272122204303741455e-01
6.559711694717407227e-02
1.786606013774871826e-01
1.584083586931228638e-01
9.720642864704132080e-02
2.789643406867980957e-01
5.393998622894287109e-01
1.861824691295623779e-01
3.463577032089233398e+00
9.381854534149169922e-01
0.000000000000000000e+00
2.334529757499694824e-01
7.415563613176345825e-02
9.916137903928756714e-02
1.625719785690307617e+00
1.261460781097412109e+00
1.111467599868774414e+00
1.092026680707931519e-01
1.801994800567626953e+00
2.140172570943832397e-02
2.252775244414806366e-02
3.901553153991699219e-01
1.229284144937992096e-02
1.565235294401645660e-02
2.503472089767456055e+00
4.222793877124786377e-02
2.029650146141648293e-03
2.358823865652084351e-01
4.524953067302703857e-01
1.189002156257629395e+00
2.966729700565338135e-01
6.349042654037475586e-01
1.920473337173461914e+00
6.387861818075180054e-02
1.476523815654218197e-03
1.472306698560714722e-01
8.386210799217224121e-01
5.022578239440917969e-01
3.670574426651000977e-01
0.000000000000000000e+00
2.236533612012863159e-01
1.880357116460800171e-01
0.000000000000000000e+00
1.336745619773864746e-01
2.933415472507476807e-01
2.332174330949783325e-01
3.138385713100433350e-01
7.457307577133178711e-01
1.329836994409561157e-01
2.874992191791534424e-01
3.727054119110107422e+00
0.000000000000000000e+00
7.588938474655151367e-01
1.661873459815979004e-01
8.656574040651321411e-02
1.765607744455337524e-01
3.188722208142280579e-02
1.480672322213649750e-02
0.000000000000000000e+00
7.013471424579620361e-02
1.689732819795608521e-01
3.610855713486671448e-02
3.106335997581481934e-01
9.737721681594848633e-01
1.047080516815185547e+00
2.210425138473510742e-01
5.787339210510253906e-01
2.987556159496307373e-02
2.570311307907104492e+00
2.352689743041992188e+00
4.498100280761718750e-02
7.989338599145412445e-03
1.039596676826477051e+00
2.257535934448242188e+00
2.677137851715087891e-01
2.590373158454895020e-01
2.399530857801437378e-01
3.754605650901794434e-01
4.674775004386901855e-01
4.528745263814926147e-02
0.000000000000000000e+00
2.862207824364304543e-03
2.378812581300735474e-01
0.000000000000000000e+00
0.000000000000000000e+00
0.000000000000000000e+00
0.000000000000000000e+00
2.732935845851898193e-01
7.805181503295898438e+00
2.566498816013336182e-01
6.891617774963378906e-01
1.127133667469024658e-01
5.008884072303771973e-01
1.251350492238998413e-01
1.103324651718139648e+00
1.592267304658889771e-01
1.245623707771301270e+00
5.193980336189270020e-01
7.245091721415519714e-03
1.289087891578674316e+00
1.825982689857482910e+00
6.575460545718669891e-03
1.475805416703224182e-02
1.283328294754028320e+00
3.566049039363861084e-01
2.013479471206665039e+00
4.059652090072631836e-01
9.547867774963378906e-01
1.343194544315338135e-01
2.431824570521712303e-03
1.368611957877874374e-02
2.957907319068908691e-01
3.883585929870605469e+00
1.452853381633758545e-01
1.023381799459457397e-01
5.799718499183654785e-01
1.748990058898925781e+00
1.326637417078018188e-01
2.625924535095691681e-02
7.114377021789550781e-01
0.000000000000000000e+00
2.103939056396484375e+00
2.350815385580062866e-02
3.185656368732452393e-01
3.800166845321655273e-01
3.041747584939002991e-02
8.412032388150691986e-03
7.156520336866378784e-02
2.482748776674270630e-02
4.017481803894042969e-01
0.000000000000000000e+00
0.000000000000000000e+00
0.000000000000000000e+00
1.686498075723648071e-01
1.354214072227478027e+00
1.492102622985839844e+00
1.311960723251104355e-02
0.000000000000000000e+00
5.568267405033111572e-02
2.677027322351932526e-02
7.419611513614654541e-02
7.391447573900222778e-02
4.068449735641479492e-01
9.713536500930786133e-02
2.883277535438537598e-01
4.369351863861083984e-01
1.687865257263183594e+00
1.902982145547866821e-01
5.522122140973806381e-03
1.710902750492095947e-01
1.290500044822692871e+00
4.925904795527458191e-02
5.290594100952148438e-01
3.892871737480163574e-01
5.283988118171691895e-01
0.000000000000000000e+00
1.491244882345199585e-01
1.150311827659606934e-01
0.000000000000000000e+00
1.588821262121200562e-01
9.836571663618087769e-02
9.032489061355590820e-01
7.984474301338195801e-01
1.651667058467864990e-01
1.961598172783851624e-02
1.944563984870910645e+00
1.521478295326232910e-01
6.333163939416408539e-03
9.501058459281921387e-01
1.478620767593383789e-01
2.224666029214859009e-01
4.540650174021720886e-03
3.734138607978820801e-01
1.340763121843338013e-01
7.425860762596130371e-01
2.375009536743164062e+00
8.779312372207641602e-01
2.824491858482360840e-01
8.895998448133468628e-02
1.511393636465072632e-01
1.081664413213729858e-01
1.650322079658508301e-01
3.884338960051536560e-02
1.396309733390808105e-01
1.024381637573242188e+01
1.347581744194030762e-01
3.340128362178802490e-01
2.203667163848876953e-02
3.150122761726379395e-01
1.377097129821777344e+00
1.093851685523986816e+00
1.280013918876647949e+00
9.195478558540344238e-01
2.382311969995498657e-01
0.000000000000000000e+00
4.661523178219795227e-02
1.130108311772346497e-01
1.889875829219818115e-01
7.421652078628540039e-01
2.898407578468322754e-01
1.280492451041936874e-02
2.430253326892852783e-01
4.671873450279235840e-01
3.095896244049072266e-01
8.013575524091720581e-02
2.696087956428527832e-01
0.000000000000000000e+00
5.208418965339660645e-01
1.149888038635253906e+00
8.734009414911270142e-02
2.126789093017578125e+00
6.919097155332565308e-03
1.169815137982368469e-01
1.538750827312469482e-01
2.848273329436779022e-02
7.881921529769897461e-02
8.801424503326416016e-02
0.000000000000000000e+00
1.961595714092254639e-01
1.268829852342605591e-01
0.000000000000000000e+00
3.007520176470279694e-02
4.431772828102111816e-01
4.991088807582855225e-01
1.288601011037826538e-01
1.872157454490661621e-01
8.324340730905532837e-02
8.980497717857360840e-03
1.335912793874740601e-01
0.000000000000000000e+00
2.061981260776519775e-01
0.000000000000000000e+00
1.322181895375251770e-02
1.750040203332901001e-01
6.505229324102401733e-02
4.152866303920745850e-01
1.741017341613769531e+00
3.211856782436370850e-01
3.065246641635894775e-01
2.990615963935852051e-01
3.400027751922607422e-01
0.000000000000000000e+00
4.147598519921302795e-02
6.484809517860412598e-01
1.387780755758285522e-01
3.169272840023040771e-01
4.197237193584442139e-01
8.527917414903640747e-02
1.259289830923080444e-01
1.255887269973754883e+00
2.761736512184143066e-01
0.000000000000000000e+00
3.442272543907165527e-02
5.513001084327697754e-01
4.343427419662475586e-01
1.369537264108657837e-01
2.079320669174194336e+00
2.159731090068817139e-01
9.721050858497619629e-01
9.492586851119995117e-01
7.332148551940917969e-01
1.133259057998657227e+00
3.831972833722829819e-03
1.231151521205902100e-01
3.120994567871093750e-01
2.917825011536478996e-03
3.432071581482887268e-02
7.262146472930908203e-02
2.618243217468261719e+00
5.149068236351013184e-01
0.000000000000000000e+00
1.369638592004776001e-01
9.702993929386138916e-02
3.475120365619659424e-01
2.752860784530639648e-01
1.447039246559143066e-01
0.000000000000000000e+00
5.562888979911804199e-01
2.026345491409301758e+00
9.829637408256530762e-01
1.068504452705383301e-01
5.331181287765502930e-01
6.754789501428604126e-02
2.183584451675415039e+00
1.061858415603637695e+00
0.000000000000000000e+00
4.719441413879394531e+00
0.000000000000000000e+00
0.000000000000000000e+00
4.466986060142517090e-01
1.117052063345909119e-01
2.721438650041818619e-03
1.407833769917488098e-03
3.160402476787567139e-01
2.491624355316162109e-01
5.814169049263000488e-01
5.849628448486328125e-01
1.206274271011352539e+00
0.000000000000000000e+00
4.843912422657012939e-01
3.836569786071777344e-01
2.156861543655395508e+00
4.459859132766723633e-01
1.306211668998003006e-02
1.263601472601294518e-03
0.000000000000000000e+00
0.000000000000000000e+00
2.819456346333026886e-02
5.091162919998168945e-01
1.232693940401077271e-01
2.107502460479736328e+00
3.997792955487966537e-03
9.545436128973960876e-03
8.221674561500549316e-01
2.414295822381973267e-01
4.419582784175872803e-01
1.654729098081588745e-01
7.075207233428955078e-01
4.990933537483215332e-01
0.000000000000000000e+00
5.169324874877929688e-01
8.347491025924682617e-01
3.621990084648132324e-01
1.268786564469337463e-02
1.108142375946044922e+00
0.000000000000000000e+00
4.413569271564483643e-01
2.724363207817077637e-01
1.604698002338409424e-01
2.700807526707649231e-02
5.809382349252700806e-02
9.849511981010437012e-01
1.935306787490844727e+00
5.763626657426357269e-03
5.747861266136169434e-01
3.983387947082519531e-01
2.709287643432617188e+00
1.492479294538497925e-01
8.889195322990417480e-01
9.535198807716369629e-01
1.618059277534484863e-01
2.765862941741943359e-01
2.300708770751953125e+00
8.463482260704040527e-01
5.832397937774658203e-01
4.848884046077728271e-02
1.662912964820861816e+00
7.286923471838235855e-03
4.163886606693267822e-01
1.137425303459167480e+00
3.198902606964111328e-01
8.770064450800418854e-03
1.513713896274566650e-01
8.834131062030792236e-02
2.010470777750015259e-01
4.286786168813705444e-02
0.000000000000000000e+00
3.629388753324747086e-03
4.026104807853698730e-01
2.778710424900054932e-01
0.000000000000000000e+00
6.976582109928131104e-02
0.000000000000000000e+00
6.468454003334045410e-02
2.194000333547592163e-01
1.833910122513771057e-02
2.414883136749267578e+00
5.413451790809631348e-01
3.898857533931732178e-01
5.659008026123046875e-01
1.224107965826988220e-01
2.396141141653060913e-01
3.990457206964492798e-02
2.501166658475995064e-03
3.960027098655700684e-01
3.255726337432861328e+00
0.000000000000000000e+00
5.651745572686195374e-02
9.446207284927368164e-01
5.119158029556274414e-01
1.758264750242233276e-01
1.288453817367553711e+00
7.619928717613220215e-01
3.643759191036224365e-01
1.504747755825519562e-02
1.582574248313903809e-01
4.481875300407409668e-01
2.715152025222778320e+00
4.816425740718841553e-01
5.649719387292861938e-02
7.838335633277893066e-01
3.326260298490524292e-02
0.000000000000000000e+00
2.645187452435493469e-02
1.662740707397460938e-01
1.012580934911966324e-02
3.936949372291564941e-01
0.000000000000000000e+00
2.165701426565647125e-02
2.087960094213485718e-01
4.988170862197875977e-01
0.000000000000000000e+00
6.674441695213317871e-02
2.520868927240371704e-02
5.737931728363037109e-01
2.143497228622436523e+00
6.605290174484252930e-01
0.000000000000000000e+00
4.324381798505783081e-02
2.177097082138061523e+00
2.277347564697265625e+00
3.734624385833740234e-01
1.891751028597354889e-02
1.326326876878738403e-01
1.196773573756217957e-01
3.086883544921875000e+00
0.000000000000000000e+00
7.110676169395446777e-01
7.356221228837966919e-02
2.361855655908584595e-01
4.629753232002258301e-01
2.258295774459838867e+00
6.360608935356140137e-01
1.425348997116088867e+00
3.891707956790924072e-01
1.826235209591686726e-03
8.780405670404434204e-02
5.971001386642456055e-01
1.954318583011627197e-02
9.631795883178710938e-01
1.236854434013366699e+00
1.730683922767639160e+00
0.000000000000000000e+00
6.158117055892944336e-01
6.216007471084594727e-01
1.276360750198364258e-01
1.577366471290588379e+00
0.000000000000000000e+00
1.228948354721069336e+00
9.685599058866500854e-02
1.616043597459793091e-01
2.069593966007232666e-01
6.463422775268554688e-01
0.000000000000000000e+00
4.127053916454315186e-02
1.202251672744750977e+00
3.132449090480804443e-02
9.784079343080520630e-02
5.248284712433815002e-02
1.490861058235168457e+00
3.738058328628540039e+00
1.450149178504943848e+00
1.861293166875839233e-01
5.729760974645614624e-02
7.518289685249328613e-01
1.258751004934310913e-01
3.000555634498596191e-01
7.492588758468627930e-01
0.000000000000000000e+00
5.665200948715209961e-01
3.201918909326195717e-03
1.575866043567657471e-01
5.826694369316101074e-01
8.279523253440856934e-02
8.062837272882461548e-02
4.209823161363601685e-02
1.188088297843933105e+00
2.123639583587646484e+00
8.264229446649551392e-02
6.030189990997314453e-01
2.977714501321315765e-02
1.875399708747863770e+00
6.643869876861572266e-01
4.841412007808685303e-01
2.796234786510467529e-01
2.934414446353912354e-01
9.370169043540954590e-02
2.238985300064086914e-01
6.990552693605422974e-02
2.075609415769577026e-01
0.000000000000000000e+00
4.876959323883056641e+00
2.048802614212036133e+00
1.967957941815257072e-03
8.537532091140747070e-01
7.079924643039703369e-02
3.109648823738098145e-01
7.501710206270217896e-02
1.762146353721618652e+00
1.998056173324584961e-01
1.651343107223510742e+00
3.946971595287322998e-01
1.080362573266029358e-01
6.823571771383285522e-02
1.647014260292053223e+00
5.690303444862365723e-01
4.589474797248840332e-01
2.711413614451885223e-02
1.740343272686004639e-01
0.000000000000000000e+00
6.765330433845520020e-01
7.941584587097167969e-01
8.011139929294586182e-02
1.845271438360214233e-01
1.107501626014709473e+00
8.886136859655380249e-02
