0.000000000000000000e+00
1.422149036079645157e-02
1.574192285537719727e+00
2.054935321211814880e-02
4.935678094625473022e-03
2.511233985424041748e-01
0.000000000000000000e+00
3.286562561988830566e-01
9.001273661851882935e-02
1.099066659808158875e-01
2.933281064033508301e-01
3.815988004207611084e-01
3.428102731704711914e-01
2.191296339035034180e+00
6.363919377326965332e-02
3.681234121322631836e-01
2.213102877140045166e-01
1.814132556319236755e-02
5.248395204544067383e-01
2.662819921970367432e-01
1.721587061882019043e+00
8.636294603347778320e-01
3.609193801879882812e+00
5.806816816329956055e-01
0.000000000000000000e+00
5.574829578399658203e-01
7.978077046573162079e-03
6.478769183158874512e-01
4.189276397228240967e-01
2.014159440994262695e+00
0.000000000000000000e+00
0.000000000000000000e+00
4.156917631626129150e-01
5.168766900897026062e-02
5.062003135681152344e-01
1.312330663204193115e-01
6.565643101930618286e-02
0.000000000000000000e+00
1.135296747088432312e-02
4.139985889196395874e-02
3.160836994647979736e-01
4.868459701538085938e-02
3.812188804149627686e-01
1.505324482917785645e+00
3.047765493392944336e-01
3.975262120366096497e-02
3.304881751537322998e-01
5.766578912734985352e-01
0.000000000000000000e+00
8.034166693687438965e-02
2.388302385807037354e-01
4.594738483428955078e-01
2.574396371841430664e+00
4.193055927753448486e-01
2.871685326099395752e-01
1.381178270094096661e-03
1.696152985095977783e-01
5.648968275636434555e-03
1.322305947542190552e-02
7.448549866676330566e-01
2.598701715469360352e-01
3.009995818138122559e-01
2.533297613263130188e-02
7.519627362489700317e-02
1.937271840870380402e-02
2.737101018428802490e-01
4.546812735497951508e-03
4.418407380580902100e-01
1.613919585943222046e-01
3.962915856391191483e-03
3.292676448822021484e+00
8.253023773431777954e-02
1.215289011597633362e-01
1.493029356002807617e+00
6.129236519336700439e-02
5.903467908501625061e-02
2.386819571256637573e-02
1.660099625587463379e-02
1.386167526245117188e+00
6.946754455566406250e-01
4.552001655101776123e-01
2.395998686552047729e-02
0.000000000000000000e+00
0.000000000000000000e+00
1.016116365790367126e-01
1.748547307215631008e-03
2.718645930290222168e-01
1.995543390512466431e-02
4.386347252875566483e-03
3.359676599502563477e-01
9.858732111752033234e-03
7.298548221588134766e-01
2.082071304321289062e-01
4.000642001628875732e-01
1.012987494468688965e-01
1.009896397590637207e-01
1.894272118806838989e-02
3.942709267139434814e-01
1.885016709566116333e-01
1.297752466052770615e-02
7.283943295478820801e-01
1.432661414146423340e-01
0.000000000000000000e+00
1.830428242683410645e-01
0.000000000000000000e+00
3.280999958515167236e-01
3.729359805583953857e-01
3.443294391036033630e-02
1.379453241825103760e-01
1.242613717913627625e-01
4.915724694728851318e-01
0.000000000000000000e+00
0.000000000000000000e+00
8.525289595127105713e-02
1.335184127092361450e-01
5.896873772144317627e-02
3.994404971599578857e-01
1.076226122677326202e-02
1.358051896095275879e+00
9.590734243392944336e-01
0.000000000000000000e+00
1.161901950836181641e+00
0.000000000000000000e+00
9.171949326992034912e-02
5.877922058105468750e+00
0.000000000000000000e+00
2.506536431610584259e-02
2.784066135063767433e-03
1.008875608444213867e+00
8.088316023349761963e-02
1.749884128570556641e+00
1.148398444056510925e-01
5.991035103797912598e-01
6.514532119035720825e-02
0.000000000000000000e+00
3.586596623063087463e-02
6.863766908645629883e-01
2.458085775375366211e+00
1.327816843986511230e-01
8.679180741310119629e-01
3.131907880306243896e-01
0.000000000000000000e+00
9.649471193552017212e-02
9.533277153968811035e-01
9.875992685556411743e-02
4.720035195350646973e-02
1.034084632992744446e-01
7.709271460771560669e-02
9.615863114595413208e-02
1.220175623893737793e+00
1.215357705950737000e-02
4.301170259714126587e-02
0.000000000000000000e+00
2.241422235965728760e-01
9.656379222869873047e-01
9.895459748804569244e-03
4.944172129034996033e-02
1.052989214658737183e-01
2.004297421080991626e-04
4.276149570941925049e-01
0.000000000000000000e+00
2.233780026435852051e-01
9.737506508827209473e-03
4.705531056970357895e-03
1.493081543594598770e-02
2.134862244129180908e-01
4.655076656490564346e-03
1.212677359580993652e+00
1.337230671197175980e-02
0.000000000000000000e+00
9.499371983110904694e-03
8.244308084249496460e-02
0.000000000000000000e+00
6.922658532857894897e-02
9.224977344274520874e-02
6.325711011886596680e-01
2.143360078334808350e-01
0.000000000000000000e+00
0.000000000000000000e+00
2.241365015506744385e-01
5.166786536574363708e-02
1.948705762624740601e-01
4.374295473098754883e-01
1.959279924631118774e-01
5.585986748337745667e-02
3.986699157394468784e-04
0.000000000000000000e+00
9.086898714303970337e-02
1.774508133530616760e-02
1.033926486968994141e+00
2.447776347398757935e-01
6.739208698272705078e-01
0.000000000000000000e+00
0.000000000000000000e+00
0.000000000000000000e+00
3.367496728897094727e-01
1.969518214464187622e-01
1.209808960556983948e-01
6.006690859794616699e-01
6.257015466690063477e-01
2.128040492534637451e-01
2.936296701431274414e+00
3.561879694461822510e-01
3.149079158902168274e-02
3.888551145792007446e-02
3.581173419952392578e-01
7.795214653015136719e-02
3.724212944507598877e-01
2.614744752645492554e-02
0.000000000000000000e+00
1.778754591941833496e-01
2.097888439893722534e-01
0.000000000000000000e+00
6.001680344343185425e-02
7.950599491596221924e-02
2.223858684301376343e-01
2.033901959657669067e-01
0.000000000000000000e+00
8.533082902431488037e-02
0.000000000000000000e+00
4.138951748609542847e-02
2.664992213249206543e-02
1.903470039367675781e+00
0.000000000000000000e+00
2.575758934020996094e+00
6.410086750984191895e-01
1.586017459630966187e-01
4.201699495315551758e-01
0.000000000000000000e+00
5.791444331407546997e-02
4.515406116843223572e-02
5.171054005622863770e-01
1.928828507661819458e-01
1.815499782562255859e+00
0.000000000000000000e+00
5.445706248283386230e-01
2.226800769567489624e-01
0.000000000000000000e+00
3.992377594113349915e-02
2.052335143089294434e-01
3.595275059342384338e-02
4.634183049201965332e-01
3.114520013332366943e-01
1.953028291463851929e-01
1.665327847003936768e-01
3.833281807601451874e-03
2.496644407510757446e-01
1.145122498273849487e-01
9.083905816078186035e-02
1.452258378267288208e-01
1.643246293067932129e+00
8.794558234512805939e-03
0.000000000000000000e+00
7.118057012557983398e-01
9.782050549983978271e-02
0.000000000000000000e+00
1.694555759429931641e+00
0.000000000000000000e+00
6.307379007339477539e-01
4.292272329330444336e-01
4.124563559889793396e-02
2.904523722827434540e-02
4.454644024372100830e-02
1.723525822162628174e-01
0.000000000000000000e+00
1.140688657760620117e-01
0.000000000000000000e+00
2.410437166690826416e-01
0.000000000000000000e+00
4.677771627902984619e-01
1.004019260406494141e+00
0.000000000000000000e+00
0.000000000000000000e+00
3.035716414451599121e-01
1.714625120162963867e+00
2.980317771434783936e-01
0.000000000000000000e+00
7.568161189556121826e-02
1.107243448495864868e-01
5.259829759597778320e-01
8.009523153305053711e-02
9.272890537977218628e-02
5.552779436111450195e-01
2.960361957550048828e+00
9.117435812950134277e-01
1.119788852520287037e-03
4.684462547302246094e-01
6.350612267851829529e-03
8.880840986967086792e-02
7.547889947891235352e-01
1.345722913742065430e+00
0.000000000000000000e+00
8.636696338653564453e-01
1.606226712465286255e-01
0.000000000000000000e+00
1.284327954053878784e-01
4.303590580821037292e-02
1.176437269896268845e-02
1.224095895886421204e-01
4.806737974286079407e-02
4.969034716486930847e-02
3.563848137855529785e-01
6.463040113449096680e-01
1.611757278442382812e-01
1.081160362809896469e-02
1.080753877758979797e-01
6.873230338096618652e-01
0.000000000000000000e+00
4.917705953121185303e-01
0.000000000000000000e+00
8.794698864221572876e-02
1.040208786725997925e-01
8.410715460777282715e-01
1.930194050073623657e-01
9.446328878402709961e-02
0.000000000000000000e+00
3.479769825935363770e-01
4.434929788112640381e-01
1.081719636917114258e+00
8.195416331291198730e-01
6.609677523374557495e-02
1.951566100120544434e+00
8.666753023862838745e-02
2.998223006725311279e-01
2.106378525495529175e-01
0.000000000000000000e+00
8.221741765737533569e-02
7.154126651585102081e-03
9.987661242485046387e-01
1.544978916645050049e-01
6.834536194801330566e-01
4.876899719238281250e-01
6.875121593475341797e-02
3.403728082776069641e-02
1.267754305445123464e-05
5.006863474845886230e-01
7.693772315979003906e-01
3.513372242450714111e-01
2.208264544606208801e-02
2.871795743703842163e-02
4.419784247875213623e-01
8.037083595991134644e-02
0.000000000000000000e+00
1.150856167078018188e-02
0.000000000000000000e+00
5.080471634864807129e-01
1.850468635559082031e+00
2.749400734901428223e-01
0.000000000000000000e+00
2.237973064184188843e-01
1.649612069129943848e+00
8.406837284564971924e-02
0.000000000000000000e+00
7.963538765907287598e-01
0.000000000000000000e+00
1.483231782913208008e-01
0.000000000000000000e+00
1.793811023235321045e-01
4.636867940425872803e-01
1.095428109169006348e+00
3.280977532267570496e-02
2.964593470096588135e-01
8.577717840671539307e-02
3.906966149806976318e-01
1.001326680183410645e+00
3.647445514798164368e-02
6.783171743154525757e-02
3.391588449478149414e+00
4.000044614076614380e-02
1.753407716751098633e-01
5.938484892249107361e-02
1.630876362323760986e-01
4.522878304123878479e-02
4.284130781888961792e-02
1.323967333883047104e-02
3.408649563789367676e-02
1.614648938179016113e+00
0.000000000000000000e+00
9.404894709587097168e-01
3.330098092555999756e-01
1.148258522152900696e-01
0.000000000000000000e+00
2.154615474864840508e-03
2.138109952211380005e-01
5.977954268455505371e-01
3.856739103794097900e-01
2.927218377590179443e-01
2.914119958877563477e-01
6.671513319015502930e-01
0.000000000000000000e+00
8.330797776579856873e-03
9.901872873306274414e-01
3.529244959354400635e-01
3.163184523582458496e-01
4.515359699726104736e-01
1.388259410858154297e+00
4.109706263989210129e-03
1.011353284120559692e-01
1.145873963832855225e-01
0.000000000000000000e+00
6.866772472858428955e-02
4.132559895515441895e-02
5.383531451225280762e-01
4.945140480995178223e-01
0.000000000000000000e+00
6.544947624206542969e-03
3.389359414577484131e-01
1.110273838043212891e+00
1.206719279289245605e+00
8.778549432754516602e-01
0.000000000000000000e+00
0.000000000000000000e+00
3.627920448780059814e-01
1.273700688034296036e-02
1.416878104209899902e-01
4.268598258495330811e-01
1.587727479636669159e-02
4.665426611900329590e-01
0.000000000000000000e+00
0.000000000000000000e+00
2.636098302900791168e-02
1.826847195625305176e+00
4.088566005229949951e-01
8.305879831314086914e-01
4.418749734759330750e-02
9.100340008735656738e-01
5.383433029055595398e-02
1.479011029005050659e-01
6.129697337746620178e-02
2.295769937336444855e-02
1.120758801698684692e-01
0.000000000000000000e+00
1.254617571830749512e-01
0.000000000000000000e+00
2.710043191909790039e-01
0.000000000000000000e+00
6.164915859699249268e-03
5.047815442085266113e-01
2.787948399782180786e-02
1.149944901466369629e+00
1.462072227150201797e-02
1.123562812805175781e+00
1.057781338691711426e+00
4.385816678404808044e-02
0.000000000000000000e+00
1.828103363513946533e-01
3.159408643841743469e-02
1.916383385658264160e+00
0.000000000000000000e+00
1.370380520820617676e-01
1.364413090050220490e-02
7.882024049758911133e-01
1.496817469596862793e-01
1.956543028354644775e-01
5.800690650939941406e-01
2.461753413081169128e-02
1.066618919372558594e+00
7.612891197204589844e-01
9.401547908782958984e-02
0.000000000000000000e+00
1.146151870489120483e-02
1.342730075120925903e-01
1.054986357688903809e+00
2.670825123786926270e-01
3.612284734845161438e-02
1.066155791282653809e+00
1.193569623865187168e-03
5.244641751050949097e-02
2.190945111215114594e-02
2.122580260038375854e-01
0.000000000000000000e+00
2.935156822204589844e-01
8.081467449665069580e-02
8.686614036560058594e-01
8.024729490280151367e-01
3.839255571365356445e+00
6.711774319410324097e-02
0.000000000000000000e+00
6.085529178380966187e-02
0.000000000000000000e+00
1.017004922032356262e-01
6.529029011726379395e-01
6.372515559196472168e-01
0.000000000000000000e+00
1.477879136800765991e-01
3.809636831283569336e-01
4.042927622795104980e-01
0.000000000000000000e+00
1.509797871112823486e-01
7.085205316543579102e-01
1.432303190231323242e+00
5.060598254203796387e-01
1.140449009835720062e-02
0.000000000000000000e+00
3.499653041362762451e-01
4.219233244657516479e-02
4.290693998336791992e-02
6.452683210372924805e-01
5.707000195980072021e-02
2.637502923607826233e-02
7.923411726951599121e-01
5.469377711415290833e-02
3.099510669708251953e-01
6.176774203777313232e-02
1.016011714935302734e+00
3.088344633579254150e-02
2.232855651527643204e-03
1.099913477897644043e+00
1.284363567829132080e-01
1.272283345460891724e-01
1.804523915052413940e-01
0.000000000000000000e+00
1.530835181474685669e-01
6.196616291999816895e-01
0.000000000000000000e+00
5.547871440649032593e-02
1.752566695213317871e-01
9.227750897407531738e-01
4.299867451190948486e-01
2.597332000732421875e-01
3.452723473310470581e-02
4.988587856292724609e+00
2.061938308179378510e-02
3.239590302109718323e-02
1.502058804035186768e-01
5.925904586911201477e-02
0.000000000000000000e+00
1.497596651315689087e-01
4.848128259181976318e-01
8.225622028112411499e-02
0.000000000000000000e+00
8.069522678852081299e-02
4.869153797626495361e-01
9.441543817520141602e-01
0.000000000000000000e+00
1.143776029348373413e-01
9.792210459709167480e-01
5.154796689748764038e-02
8.643662184476852417e-02
0.000000000000000000e+00
3.402765840291976929e-02
2.455397509038448334e-03
4.510599374771118164e-01
2.724054813385009766e+00
0.000000000000000000e+00
6.947446614503860474e-03
3.322149440646171570e-02
3.198654949665069580e-02
4.366345882415771484e+00
0.000000000000000000e+00
5.898685008287429810e-02
7.593396306037902832e-01
7.219420671463012695e-01
4.514180421829223633e-01
2.806883677840232849e-02
2.296909809112548828e+00
9.991208091378211975e-03
2.214684523642063141e-02
0.000000000000000000e+00
2.235425859689712524e-01
2.682630121707916260e-01
2.375208616256713867e+00
0.000000000000000000e+00
1.909314393997192383e-01
1.562281511723995209e-03
2.850726604461669922e+00
4.434709846973419189e-01
8.943020366132259369e-03
1.619173139333724976e-01
9.310269951820373535e-01
2.496768534183502197e-01
6.124851480126380920e-02
6.798579692840576172e-01
1.100730150938034058e-02
0.000000000000000000e+00
5.274988710880279541e-02
1.462864726781845093e-01
0.000000000000000000e+00
4.347629845142364502e-01
5.780034065246582031e-01
4.669212102890014648e-01
3.404923677444458008e-01
3.018449544906616211e-01
2.574016153812408447e-01
0.000000000000000000e+00
1.764549128711223602e-02
1.328536719083786011e-01
1.858194768428802490e-01
6.039164066314697266e-01
6.224799528717994690e-02
1.902030855417251587e-01
1.875516921281814575e-01
0.000000000000000000e+00
2.425831928849220276e-02
0.000000000000000000e+00
0.000000000000000000e+00
8.860286325216293335e-02
7.889045029878616333e-02
6.973939388990402222e-02
3.134601593017578125e+00
4.288184270262718201e-02
1.481099575757980347e-01
0.000000000000000000e+00
1.902687698602676392e-01
1.137813627719879150e-01
0.000000000000000000e+00
2.800898551940917969e-01
0.000000000000000000e+00
2.483370006084442139e-01
4.980234503746032715e-01
5.400395020842552185e-03
5.778577327728271484e-01
2.968088537454605103e-02
0.000000000000000000e+00
5.011037588119506836e-01
1.191017553210258484e-01
1.472667157649993896e-01
0.000000000000000000e+00
0.000000000000000000e+00
6.999544054269790649e-02
3.422515988349914551e-01
1.113429591059684753e-01
3.807848691940307617e-01
3.686283230781555176e-01
1.035736426711082458e-01
1.130115613341331482e-02
4.928359091281890869e-01
0.000000000000000000e+00
0.000000000000000000e+00
0.000000000000000000e+00
4.011308774352073669e-02
1.237481236457824707e-01
0.000000000000000000e+00
1.009916067123413086e+00
1.811601221561431885e-01
1.272792667150497437e-01
0.000000000000000000e+00
6.352443993091583252e-02
0.000000000000000000e+00
3.431572020053863525e-01
5.355824232101440430e-01
1.999074339866638184e+00
2.794542536139488220e-02
8.633340895175933838e-02
0.000000000000000000e+00
9.119089841842651367e-01
2.830768525600433350e-01
1.603705249726772308e-02
0.000000000000000000e+00
0.000000000000000000e+00
0.000000000000000000e+00
4.572336375713348389e-01
1.155913621187210083e-02
0.000000000000000000e+00
2.908467948436737061e-01
1.113862395286560059e-01
2.771362895146012306e-03
2.106405980885028839e-02
3.398424386978149414e-01
7.922320961952209473e-01
7.106041908264160156e-01
2.677077054977416992e-01
3.842401206493377686e-01
1.489625275135040283e-01
8.069155155681073666e-04
0.000000000000000000e+00
1.123710274696350098e+00
1.420742750167846680e+00
8.584318310022354126e-02
8.270064592361450195e-01
2.867205142974853516e-01
4.010153710842132568e-01
0.000000000000000000e+00
5.115745961666107178e-02
3.907226622104644775e-01
1.900918665342032909e-03
0.000000000000000000e+00
0.000000000000000000e+00
2.326481491327285767e-01
1.620278239250183105e+00
5.042594075202941895e-01
0.000000000000000000e+00
5.848736763000488281e-01
6.839365232735872269e-03
8.356542326509952545e-03
2.850530624389648438e+00
6.946871429681777954e-02
1.896577179431915283e-01
1.241523623466491699e+00
3.478216826915740967e-01
7.236140314489603043e-03
9.538904428482055664e-01
5.238242074847221375e-02
5.149991512298583984e-01
8.262181282043457031e-01
1.120244711637496948e-01
0.000000000000000000e+00
5.357963442802429199e-01
4.089849293231964111e-01
2.071035504341125488e-01
3.300283849239349365e-01
0.000000000000000000e+00
1.340697519481182098e-02
0.000000000000000000e+00
4.400981217622756958e-02
0.000000000000000000e+00
8.278849124908447266e-01
1.289097189903259277e+00
4.918814599514007568e-01
4.414009153842926025e-01
6.188664436340332031e-01
5.646719932556152344e-01
4.817077144980430603e-02
0.000000000000000000e+00
1.715487241744995117e-01
5.702875182032585144e-02
2.916277050971984863e-01
0.000000000000000000e+00
3.909494578838348389e-01
2.723879879340529442e-03
9.812035560607910156e-01
2.912002801895141602e-01
1.857832446694374084e-02
1.882704198360443115e-01
2.528253383934497833e-02
8.334499001502990723e-01
7.292837370187044144e-03
1.830662935972213745e-01
1.912466883659362793e-01
1.247228622436523438e+00
2.750246524810791016e-01
7.826777873560786247e-04
1.647854447364807129e-01
5.522194132208824158e-02
1.031548231840133667e-01
7.113990932703018188e-02
5.712191388010978699e-02
5.123715996742248535e-01
2.148467116057872772e-02
0.000000000000000000e+00
0.000000000000000000e+00
2.972300350666046143e-01
8.197919465601444244e-03
7.662913203239440918e-02
1.529265940189361572e-01
3.426350057125091553e-01
5.522986412048339844e+00
1.332507491111755371e+00
1.299594640731811523e-01
1.286313891410827637e+00
2.950983345508575439e-01
3.096347451210021973e-01
2.281145006418228149e-01
4.719996824860572815e-02
1.443524956703186035e-01
1.168663054704666138e-01
6.033945679664611816e-01
0.000000000000000000e+00
9.800388813018798828e-01
5.733599420636892319e-03
1.376103162765502930e-01
0.000000000000000000e+00
3.598882118239998817e-03
1.806902408599853516e+00
0.000000000000000000e+00
2.676376998424530029e-01
5.330441594123840332e-01
0.000000000000000000e+00
9.283316880464553833e-02
2.543676197528839111e-01
2.250041514635086060e-01
0.000000000000000000e+00
1.475994475185871124e-02
5.975581407546997070e-01
3.864789009094238281e-01
0.000000000000000000e+00
2.424496114253997803e-01
2.981954216957092285e-01
2.217656612396240234e+00
6.727612763643264771e-02
1.676959991455078125e-01
2.270777374505996704e-01
1.760955214500427246e+00
2.014551311731338501e-02
2.476350218057632446e-01
0.000000000000000000e+00
6.550579667091369629e-01
4.323764741420745850e-01
8.900741115212440491e-03
1.921117901802062988e-01
3.601157665252685547e-01
1.299704313278198242e+00
3.992044366896152496e-03
1.016672700643539429e-01
0.000000000000000000e+00
1.105184555053710938e-01
1.243880167603492737e-01
1.590862721204757690e-01
4.586836397647857666e-01
4.380658268928527832e-01
4.484707117080688477e-02
8.537648916244506836e-01
6.237252056598663330e-02
4.337966442108154297e-01
0.000000000000000000e+00
8.508588671684265137e-01
1.056021302938461304e-01
4.280512630939483643e-01
2.631787955760955811e-02
0.000000000000000000e+00
5.117730237543582916e-03
1.945932768285274506e-02
0.000000000000000000e+00
0.000000000000000000e+00
8.259249478578567505e-02
0.000000000000000000e+00
9.808919578790664673e-02
2.300028949975967407e-01
7.949067950248718262e-01
2.231410741806030273e-01
2.632777094841003418e-01
3.754087537527084351e-02
3.105958402156829834e-01
6.134322844445705414e-03
6.071667745709419250e-02
1.252790391445159912e-01
6.126151680946350098e-01
0.000000000000000000e+00
0.000000000000000000e+00
0.000000000000000000e+00
0.000000000000000000e+00
2.056223630905151367e+00
5.009865164756774902e-01
4.579031169414520264e-01
5.724239721894264221e-02
8.482243120670318604e-02
1.124949157238006592e-01
1.311903953552246094e+00
1.976313114166259766e+00
4.313684627413749695e-02
2.835969813168048859e-02
1.135974228382110596e-01
1.473001837730407715e-01
4.202542304992675781e-01
2.711513638496398926e-01
7.469239179044961929e-03
7.380390912294387817e-02
2.814651131629943848e-01
5.014305710792541504e-01
3.422279655933380127e-02
8.683283329010009766e-01
6.806185841560363770e-01
1.122804164886474609e+00
4.987283609807491302e-03
0.000000000000000000e+00
0.000000000000000000e+00
0.000000000000000000e+00
9.343509078025817871e-01
4.535070657730102539e-01
8.846002817153930664e-01
7.205867767333984375e-02
9.926992654800415039e-01
4.369805753231048584e-02
1.093105196952819824e+00
1.461381465196609497e-01
1.380084753036499023e+00
2.020829617977142334e-01
5.005140304565429688e-01
4.246813654899597168e-01
1.231174945831298828e+00
3.354696929454803467e-02
2.810321450233459473e-01
4.053882658481597900e-01
6.294544935226440430e-01
2.107612371444702148e+00
0.000000000000000000e+00
5.712888240814208984e-01
6.418189406394958496e-02
1.210015296936035156e+00
0.000000000000000000e+00
1.402932047843933105e+00
1.207680404186248779e-01
4.676720499992370605e-02
8.356386423110961914e-02
6.344034522771835327e-02
0.000000000000000000e+00
7.601296901702880859e-02
5.309987813234329224e-03
2.714795991778373718e-02
0.000000000000000000e+00
5.051118731498718262e-01
2.450324535369873047e+00
2.381401062011718750e-01
4.258270375430583954e-03
6.806850433349609375e-03
2.249036282300949097e-01
2.269979715347290039e-01
2.764263451099395752e-01
6.720550060272216797e-01
0.000000000000000000e+00
2.685391111299395561e-03
1.547746181488037109e+00
9.499636292457580566e-01
3.329099342226982117e-02
5.467298030853271484e+00
0.000000000000000000e+00
0.000000000000000000e+00
6.306256353855133057e-02
3.604054749011993408e-01
0.000000000000000000e+00
0.000000000000000000e+00
2.328795194625854492e+00
0.000000000000000000e+00
3.387317955493927002e-01
0.000000000000000000e+00
3.336517333984375000e+00
6.005199551582336426e-01
4.587821662425994873e-02
1.157106757164001465e+00
1.358803510665893555e-01
0.000000000000000000e+00
0.000000000000000000e+00
2.450962513685226440e-01
2.633766271173954010e-02
4.029860254377126694e-03
0.000000000000000000e+00
1.134545728564262390e-01
2.708619832992553711e+00
1.188510283827781677e-01
5.300924554467201233e-02
1.481373012065887451e-01
5.007015913724899292e-02
1.077135801315307617e+00
3.094997443258762360e-02
0.000000000000000000e+00
7.571204006671905518e-02
7.811636477708816528e-02
8.622033149003982544e-02
5.282334238290786743e-02
2.190779149532318115e-01
2.112399488687515259e-01
8.431670069694519043e-02
1.399149656295776367e+00
6.436587125062942505e-02
3.442108869552612305e+00
0.000000000000000000e+00
2.519085407257080078e-01
1.258791565895080566e+00
2.541816979646682739e-02
1.066605806350708008e+00
8.583510667085647583e-02
0.000000000000000000e+00
6.619383096694946289e-01
2.474151551723480225e-01
5.728706717491149902e-02
2.335829883813858032e-01
1.574584484100341797e+00
0.000000000000000000e+00
1.625462174415588379e-01
0.000000000000000000e+00
5.915415883064270020e-01
1.397185213863849640e-02
8.217222988605499268e-02
3.683355748653411865e-01
1.398024559020996094e-01
2.039193153381347656e+00
0.000000000000000000e+00
9.412247687578201294e-02
1.570550084114074707e+00
1.026355862617492676e+00
4.096205234527587891e-01
0.000000000000000000e+00
5.722021451219916344e-04
0.000000000000000000e+00
1.865746080875396729e-02
3.061406500637531281e-02
2.657577395439147949e-01
0.000000000000000000e+00
6.536289118230342865e-03
0.000000000000000000e+00
1.717778086662292480e+00
2.312311343848705292e-02
7.702104747295379639e-03
7.678422331809997559e-02
1.370161473751068115e-01
2.692322619259357452e-02
9.298693388700485229e-02
5.444713234901428223e-01
7.826159149408340454e-02
9.658874273300170898e-01
1.877219080924987793e-01
1.248708069324493408e-01
1.335181016474962234e-02
3.439989686012268066e-01
1.078427582979202271e-01
6.493166089057922363e-01
8.960059843957424164e-03
0.000000000000000000e+00
4.286885261535644531e-01
2.324186414480209351e-01
4.330545663833618164e-01
1.323424465954303741e-02
7.936479896306991577e-02
0.000000000000000000e+00
4.631215706467628479e-02
2.585698962211608887e-01
3.098789155483245850e-01
0.000000000000000000e+00
4.184199869632720947e-02
6.820874661207199097e-02
0.000000000000000000e+00
0.000000000000000000e+00
1.191111326217651367e+00
6.874062418937683105e-01
3.881078362464904785e-01
2.496497891843318939e-02
2.589723281562328339e-02
3.287614509463310242e-02
5.493559241294860840e-01
1.238783746957778931e-01
1.708920150995254517e-01
1.226505711674690247e-01
2.210025489330291748e-02
0.000000000000000000e+00
7.614159584045410156e-01
4.435006529092788696e-02
0.000000000000000000e+00
1.977196931838989258e-01
4.645963199436664581e-03
8.983615785837173462e-02
0.000000000000000000e+00
2.295892685651779175e-01
9.677352756261825562e-02
0.000000000000000000e+00
9.793474525213241577e-02
8.057890832424163818e-02
6.830360740423202515e-02
1.103040855377912521e-02
0.000000000000000000e+00
0.000000000000000000e+00
0.000000000000000000e+00
6.718826889991760254e-01
9.568717479705810547e-01
4.746110737323760986e-02
1.179631128907203674e-01
1.135068833827972412e-01
9.793029725551605225e-02
0.000000000000000000e+00
2.149906635284423828e+00
5.430677905678749084e-03
0.000000000000000000e+00
2.009683288633823395e-02
2.382496744394302368e-01
2.656481266021728516e-01
1.182244300842285156e+00
0.000000000000000000e+00
6.659039855003356934e-01
9.566501975059509277e-01
4.738758504390716553e-01
8.462788909673690796e-02
1.372848749160766602e-01
3.508243858814239502e-01
1.092988997697830200e-02
4.405058920383453369e-01
0.000000000000000000e+00
9.066628217697143555e-01
1.013033986091613770e-01
4.469695687294006348e-01
0.000000000000000000e+00
2.252827286720275879e-01
2.715297341346740723e-01
3.952960073947906494e-01
5.969445034861564636e-02
5.014525890350341797e+00
9.680854678153991699e-01
0.000000000000000000e+00
8.497810363769531250e-01
1.752763800323009491e-02
1.152848601341247559e-01
2.687423489987850189e-02
1.812717080116271973e+00
3.743705511093139648e+00
0.000000000000000000e+00
1.316744741052389145e-02
0.000000000000000000e+00
0.000000000000000000e+00
4.208832513540983200e-03
6.056535840034484863e-01
2.070301175117492676e-01
2.228714227676391602e-01
3.633148223161697388e-02
0.000000000000000000e+00
0.000000000000000000e+00
1.996072232723236084e-01
8.921000957489013672e-01
3.877599723637104034e-03
4.340633749961853027e-02
0.000000000000000000e+00
7.490972429513931274e-02
0.000000000000000000e+00
0.000000000000000000e+00
2.663936138153076172e+00
3.706274330615997314e-01
5.774905085563659668e-01
5.994619727134704590e-01
1.037762090563774109e-01
3.967598974704742432e-01
3.441342711448669434e-01
6.852590441703796387e-01
3.028028085827827454e-02
6.533665210008621216e-02
7.638167589902877808e-03
0.000000000000000000e+00
1.193335205316543579e-01
8.309799432754516602e-01
1.601373851299285889e-01
7.052551209926605225e-02
4.488981664180755615e-01
4.825150966644287109e-01
0.000000000000000000e+00
0.000000000000000000e+00
5.406254157423973083e-02
3.148558139801025391e-01
1.087122678756713867e+00
9.805911034345626831e-02
0.000000000000000000e+00
7.738314867019653320e-01
2.078984677791595459e-01
5.537796765565872192e-03
1.524417698383331299e-01
8.744142204523086548e-02
6.659749746322631836e-01
5.871380120515823364e-02
1.419444918632507324e+00
5.570070073008537292e-02
5.963656306266784668e-01
0.000000000000000000e+00
1.882450841367244720e-02
1.302362680435180664e+00
1.657209992408752441e-01
4.389144778251647949e-01
3.548343479633331299e-01
2.001050487160682678e-02
5.748206377029418945e-01
0.000000000000000000e+00
3.638530969619750977e-01
6.113017722964286804e-02
1.918392032384872437e-01
2.092860490083694458e-01
1.075768563896417618e-02
2.291289716958999634e-02
1.056036278605461121e-01
5.657564476132392883e-02
7.281150817871093750e-01
0.000000000000000000e+00
0.000000000000000000e+00
1.916407607495784760e-02
0.000000000000000000e+00
4.708995576947927475e-03
1.057680487632751465e+00
0.000000000000000000e+00
4.057971537113189697e-01
1.311046630144119263e-01
0.000000000000000000e+00
0.000000000000000000e+00
4.074722230434417725e-01
3.156094312667846680e+00
1.023617088794708252e-01
1.568801522254943848e+00
1.723695099353790283e-01
1.198853373527526855e+00
1.030985832214355469e+00
1.993231661617755890e-02
0.000000000000000000e+00
2.330760508775711060e-01
1.671800762414932251e-01
4.086764156818389893e-01
1.511770300567150116e-03
0.000000000000000000e+00
1.184188246726989746e+00
2.612330913543701172e-01
6.975230574607849121e-01
0.000000000000000000e+00
2.557651400566101074e-01
0.000000000000000000e+00
3.355294764041900635e-01
1.588047146797180176e-01
4.501183629035949707e-01
4.012898445129394531e+00
1.384072303771972656e-01
2.044096738100051880e-01
6.087746098637580872e-02
0.000000000000000000e+00
0.000000000000000000e+00
6.140018999576568604e-02
8.543616533279418945e-02
4.934569299221038818e-01
0.000000000000000000e+00
2.131681293249130249e-01
4.934081435203552246e-02
0.000000000000000000e+00
0.000000000000000000e+00
0.000000000000000000e+00
4.016429185867309570e-02
0.000000000000000000e+00
5.656400322914123535e-01
1.100892126560211182e-01
0.000000000000000000e+00
1.265538573265075684e+00
2.106827870011329651e-02
2.166426926851272583e-01
8.772540688514709473e-01
1.020176410675048828e+00
1.449717164039611816e+00
2.442365139722824097e-01
1.675087094306945801e+00
2.492550313472747803e-01
0.000000000000000000e+00
3.559187985956668854e-03
2.700833320617675781e+00
0.000000000000000000e+00
4.684847891330718994e-01
2.698327004909515381e-01
5.765919089317321777e-01
0.000000000000000000e+00
7.519952207803726196e-02
1.475736618041992188e+00
0.000000000000000000e+00
1.456125378608703613e+00
4.129530489444732666e-01
1.868142038583755493e-01
5.984688922762870789e-02
0.000000000000000000e+00
2.451916933059692383e-01
4.235394895076751709e-01
4.320011436939239502e-01
4.039804637432098389e-02
2.264109373092651367e+00
9.313170611858367920e-02
3.193257749080657959e-01
8.479434996843338013e-03
1.249463915824890137e+00
2.860618233680725098e-01
1.444662809371948242e-01
1.852817773818969727e+00
0.000000000000000000e+00
0.000000000000000000e+00
1.851960301399230957e+00
5.222619324922561646e-02
1.768166422843933105e-01
2.566862821578979492e+00
3.123541176319122314e-01
3.048338890075683594e+00
1.614855080842971802e-01
3.445874527096748352e-02
0.000000000000000000e+00
7.986949640326201916e-04
1.851509138941764832e-02
1.792509481310844421e-02
7.681488990783691406e-02
2.012930959463119507e-01
6.650198101997375488e-01
4.094969481229782104e-02
6.783746927976608276e-02
0.000000000000000000e+00
3.261318057775497437e-02
2.802993953227996826e-01
2.177246958017349243e-01
1.444916725158691406e+00
1.801604479551315308e-01
0.000000000000000000e+00
4.055016934871673584e-01
0.000000000000000000e+00
5.077099427580833435e-02
9.678652137517929077e-02
2.093847468495368958e-02
0.000000000000000000e+00
2.027833908796310425e-01
1.396668404340744019e-01
7.311987876892089844e-01
2.719628624618053436e-02
3.872235119342803955e-02
2.217653393745422363e-01
4.970670118927955627e-02
2.482511550188064575e-01
7.818039655685424805e-01
3.946907073259353638e-02
1.448827505111694336e+00
2.862119972705841064e-01
1.511465013027191162e-01
2.367240935564041138e-01
6.737624108791351318e-02
3.598955571651458740e-01
8.847523927688598633e-01
1.296751317568123341e-03
0.000000000000000000e+00
3.399358987808227539e-01
3.174813836812973022e-02
1.382926404476165771e-01
0.000000000000000000e+00
7.153007388114929199e-01
1.992705345153808594e+00
3.090962022542953491e-02
1.397581338882446289e+00
2.012434452772140503e-01
2.146478369832038879e-02
4.126173257827758789e-02
5.362064018845558167e-02
1.392017602920532227e-01
2.305486649274826050e-01
2.803877927362918854e-03
0.000000000000000000e+00
6.216438412666320801e-01
0.000000000000000000e+00
1.053125504404306412e-02
6.338952183723449707e-01
0.000000000000000000e+00
0.000000000000000000e+00
1.066386550664901733e-01
5.385771989822387695e-01
7.063267379999160767e-02
2.686136588454246521e-02
0.000000000000000000e+00
0.000000000000000000e+00
2.088750600814819336e-01
0.000000000000000000e+00
4.318800270557403564e-01
5.613241810351610184e-03
2.962373733520507812e+00
4.511624574661254883e-02
7.584719359874725342e-02
1.296264529228210449e-01
8.319590091705322266e-01
0.000000000000000000e+00
0.000000000000000000e+00
8.274492621421813965e-02
3.557070195674896240e-01
7.723310589790344238e-01
1.053574979305267334e-01
0.000000000000000000e+00
5.240221023559570312e-01
4.638263583183288574e-01
7.104897499084472656e-02
1.696294993162155151e-01
4.806746244430541992e-01
1.604472994804382324e+00
5.916868895292282104e-02
0.000000000000000000e+00
4.023971080780029297e+00
2.203461885452270508e+00
0.000000000000000000e+00
0.000000000000000000e+00
3.745269775390625000e-02
8.606170415878295898e-01
2.711897017434239388e-03
0.000000000000000000e+00
2.181660979986190796e-01
1.758924424648284912e-01
0.000000000000000000e+00
5.010527968406677246e-01
8.185730129480361938e-02
6.798715889453887939e-02
2.363398075103759766e+00
1.682331040501594543e-02
0.000000000000000000e+00
1.940639376640319824e+00
7.286105751991271973e-01
0.000000000000000000e+00
2.036463469266891479e-01
1.445015612989664078e-02
0.000000000000000000e+00
0.000000000000000000e+00
2.580785565078258514e-02
1.809267140924930573e-02
0.000000000000000000e+00
2.326958477497100830e-01
1.840299367904663086e-01
0.000000000000000000e+00
1.630941927433013916e-01
1.131028548115864396e-04
1.037443894892930984e-02
1.830174326896667480e-01
4.858511313796043396e-02
6.755062937736511230e-01
3.116620779037475586e-01
1.739236414432525635e-01
2.277029037475585938e+00
1.816628128290176392e-01
4.131236970424652100e-01
7.804461121559143066e-01
6.577704101800918579e-02
1.896526813507080078e-01
4.428763091564178467e-01
3.454165458679199219e-01
1.326425522565841675e-01
1.783247828483581543e+00
1.731072068214416504e-01
9.221369624137878418e-01
4.190029576420783997e-02
1.865787431597709656e-02
0.000000000000000000e+00
4.745053768157958984e+00
3.679503500461578369e-01
1.574443101882934570e+00
3.245964646339416504e-02
1.457435965538024902e+00
4.874730482697486877e-03
1.822997093200683594e+00
7.878596894443035126e-03
1.611327379941940308e-02
1.455205082893371582e-01
2.025620043277740479e-01
1.354694217443466187e-01
0.000000000000000000e+00
8.051681215874850750e-04
1.377962112426757812e+00
1.577965617179870605e-01
2.966752052307128906e-01
1.016423106193542480e-01
1.021020859479904175e-01
4.976857304573059082e-01
5.006542801856994629e-01
2.578184008598327637e-02
4.797389805316925049e-01
1.121401071548461914e+00
8.422090411186218262e-01
6.562218666076660156e-01
3.801058828830718994e-01
0.000000000000000000e+00
2.098688781261444092e-01
4.163854420185089111e-01
2.849478088319301605e-02
6.373614817857742310e-02
2.427625060081481934e-01
5.519784055650234222e-03
1.729346752166748047e+00
4.691189825534820557e-01
8.084102272987365723e-01
3.922617733478546143e-01
1.549736969172954559e-02
1.026946008205413818e-01
6.415297836065292358e-02
7.328664064407348633e-01
0.000000000000000000e+00
3.975256443023681641e+00
4.022833704948425293e-02
5.957721173763275146e-02
2.312725409865379333e-02
3.658539801836013794e-02
6.783485412597656250e-01
2.722737146541476250e-03
0.000000000000000000e+00
0.000000000000000000e+00
5.590029805898666382e-02
1.918258070945739746e-01
5.392952561378479004e-01
8.547235280275344849e-03
1.657330274581909180e+00
5.696375668048858643e-02
1.891707628965377808e-01
4.307713359594345093e-02
0.000000000000000000e+00
2.075173147022724152e-02
3.948717564344406128e-02
1.070793271064758301e+00
1.928350329399108887e-01
2.859169542789459229e-01
0.000000000000000000e+00
4.718264639377593994e-01
0.000000000000000000e+00
7.385683059692382812e-01
5.497574433684349060e-02
7.950363159179687500e-01
2.203048579394817352e-02
1.888088136911392212e-01
0.000000000000000000e+00
1.117888689041137695e+00
3.404467925429344177e-02
1.162421703338623047e+00
1.382415771484375000e+00
4.716628789901733398e-02
0.000000000000000000e+00
3.801073398790322244e-05
2.232590168714523315e-01
7.418192923069000244e-02
1.935689896345138550e-01
4.981835931539535522e-02
1.155267190188169479e-02
0.000000000000000000e+00
4.131328687071800232e-02
3.512403666973114014e-01
0.000000000000000000e+00
2.379135042428970337e-01
6.497557461261749268e-02
5.286647081375122070e-01
2.248982429504394531e+00
0.000000000000000000e+00
7.946958765387535095e-03
4.075978323817253113e-02
3.507439792156219482e-01
8.323656916618347168e-01
5.036185383796691895e-01
6.792044267058372498e-03
3.504927456378936768e-01
7.988591790199279785e-01
1.102596148848533630e-02
2.880363166332244873e-01
0.000000000000000000e+00
1.789453029632568359e+00
1.768231950700283051e-02
1.750029683113098145e+00
5.163525417447090149e-02
1.132543325424194336e+00
5.252174735069274902e-01
1.335926800966262817e-01
0.000000000000000000e+00
2.204971946775913239e-02
1.331099271774291992e-01
3.393347263336181641e-01
6.978576779365539551e-01
4.499838054180145264e-01
3.311755657196044922e+00
3.781548738479614258e-01
3.244030103087425232e-02
3.345052719116210938e+00
8.531376719474792480e-02
5.970645546913146973e-01
3.176935911178588867e-01
4.636707603931427002e-01
7.803857922554016113e-01
6.347907334566116333e-02
1.477051228284835815e-01
0.000000000000000000e+00
3.463816829025745392e-03
1.903306460008025169e-03
0.000000000000000000e+00
8.678570389747619629e-02
1.868676394224166870e-01
1.069122254848480225e-01
0.000000000000000000e+00
2.887892723083496094e+00
7.470967830158770084e-04
3.929179161787033081e-02
0.000000000000000000e+00
9.343348145484924316e-01
2.896673791110515594e-02
0.000000000000000000e+00
0.000000000000000000e+00
1.347069293260574341e-01
2.474255487322807312e-02
1.141715981066226959e-02
5.838220715522766113e-01
3.695290982723236084e-01
2.748790979385375977e-01
1.871150135993957520e-01
1.859655603766441345e-02
4.706274509429931641e+00
3.734865486621856689e-01
1.502772122621536255e-01
9.177671372890472412e-02
4.728892073035240173e-02
0.000000000000000000e+00
7.128642499446868896e-02
3.983150124549865723e-01
1.111050009727478027e+00
6.957489252090454102e-01
7.321332097053527832e-01
2.262570112943649292e-01
4.788252338767051697e-02
9.331405162811279297e-01
0.000000000000000000e+00
0.000000000000000000e+00
6.177671253681182861e-03
4.045539796352386475e-01
3.035023689270019531e+00
1.526597887277603149e-01
1.019424572587013245e-02
7.927902340888977051e-01
1.964378543198108673e-02
1.212939620018005371e+00
5.156089365482330322e-02
9.239634498953819275e-03
0.000000000000000000e+00
1.211071759462356567e-01
2.763955891132354736e-01
6.512956619262695312e-01
1.890761256217956543e-01
2.717187702655792236e-01
7.958792150020599365e-03
0.000000000000000000e+00
0.000000000000000000e+00
2.969295382499694824e-01
1.556815207004547119e-01
2.010767012834548950e-01
1.160089205950498581e-02
1.712662100791931152e+00
1.154133491218090057e-02
2.646179199218750000e-01
0.000000000000000000e+00
0.000000000000000000e+00
1.204406619071960449e+00
7.390943169593811035e-01
1.335391640663146973e+00
2.990063726902008057e-01
9.999528527259826660e-03
0.000000000000000000e+00
6.820443868637084961e-01
2.077123522758483887e-01
0.000000000000000000e+00
3.198559880256652832e-01
1.204475574195384979e-02
2.308139801025390625e-01
0.000000000000000000e+00
4.302522242069244385e-01
5.856380984187126160e-02
1.200567483901977539e+00
5.321807861328125000e-01
4.943198263645172119e-01
1.074980795383453369e-01
0.000000000000000000e+00
0.000000000000000000e+00
3.892091289162635803e-02
1.572508931159973145e+00
3.200355768203735352e-01
1.253344416618347168e-01
5.234360322356224060e-02
3.405730247497558594e+00
2.693614959716796875e+00
3.495097756385803223e-01
9.744014590978622437e-02
8.174142241477966309e-02
1.936821192502975464e-01
4.110067337751388550e-02
2.863372564315795898e-01
0.000000000000000000e+00
6.273550987243652344e-01
1.246010363101959229e-01
0.000000000000000000e+00
1.481863204389810562e-02
1.719361841678619385e-01
2.585981786251068115e-02
3.990435302257537842e-01
1.530000716447830200e-01
0.000000000000000000e+00
0.000000000000000000e+00
2.135823015123605728e-03
2.307075262069702148e-01
0.000000000000000000e+00
0.000000000000000000e+00
0.000000000000000000e+00
7.056810855865478516e-01
1.953670680522918701e-01
6.285931915044784546e-02
5.506655573844909668e-02
5.369070544838905334e-02
3.743799924850463867e-01
0.000000000000000000e+00
7.531706243753433228e-02
5.074922367930412292e-02
5.275650620460510254e-01
1.176038160920143127e-01
1.330506563186645508e+00
2.791914343833923340e-01
1.046631708741188049e-01
7.425012588500976562e-01
1.763351798057556152e+00
4.363656640052795410e-01
0.000000000000000000e+00
0.000000000000000000e+00
0.000000000000000000e+00
9.965765476226806641e-02
2.305778712034225464e-01
1.049041748046875000e-03
2.170067839324474335e-02
2.809106558561325073e-02
2.271743059158325195e+00
3.042605891823768616e-02
1.467487812042236328e-01
2.398865371942520142e-01
2.183948457241058350e-02
2.470078319311141968e-01
0.000000000000000000e+00
1.649633944034576416e-01
6.113893985748291016e-01
1.695388182997703552e-02
1.101841852068901062e-01
5.719642043113708496e-01
0.000000000000000000e+00
4.007516503334045410e-01
1.626175194978713989e-01
8.487776853144168854e-03
2.394176721572875977e-01
1.305435538291931152e+00
1.091617997735738754e-02
2.760291099548339844e-03
2.729175984859466553e-01
6.829110980033874512e-01
2.803137898445129395e-02
2.039903104305267334e-01
0.000000000000000000e+00
1.476593613624572754e-01
1.696563661098480225e-01
1.722436845302581787e-01
4.899828910827636719e+00
3.558219596743583679e-02
9.042919874191284180e-01
2.554922819137573242e+00
1.095923185348510742e+00
7.437354922294616699e-01
8.715800940990447998e-02
3.407711386680603027e-01
4.541137814521789551e-02
6.373023241758346558e-02
1.403486579656600952e-01
0.000000000000000000e+00
0.000000000000000000e+00
1.271479129791259766e-01
1.918370723724365234e-01
3.475181460380554199e-01
0.000000000000000000e+00
7.909454703330993652e-01
2.054727524518966675e-01
0.000000000000000000e+00
2.845718152821063995e-02
4.135904312133789062e+00
3.229313716292381287e-02
0.000000000000000000e+00
0.000000000000000000e+00
3.450497239828109741e-02
3.411619365215301514e-02
0.000000000000000000e+00
0.000000000000000000e+00
2.324687242507934570e+00
3.439779877662658691e-01
1.562352180480957031e-01
7.906153202056884766e-01
7.407425642013549805e-01
3.605907261371612549e-01
2.095405608415603638e-01
6.752926111221313477e-02
0.000000000000000000e+00
1.921037733554840088e-01
4.019397124648094177e-02
8.428192883729934692e-02
1.176701784133911133e-01
6.495899707078933716e-02
2.076113410294055939e-02
1.270445823669433594e+00
3.943569362163543701e-01
4.220524787902832031e+00
1.453417912125587463e-02
2.331929504871368408e-01
3.378489986062049866e-02
4.495288431644439697e-01
4.594707190990447998e-01
2.164563536643981934e-02
3.221566677093505859e-01
8.875597715377807617e-01
1.597646772861480713e-01
0.000000000000000000e+00
2.664728760719299316e-01
0.000000000000000000e+00
5.424552410840988159e-02
1.749062836170196533e-01
1.986448653042316437e-02
0.000000000000000000e+00
2.505080699920654297e-01
8.243031501770019531e-01
5.038274526596069336e-01
6.110428571701049805e-01
1.801171153783798218e-01
9.827378988265991211e-01
9.308142215013504028e-02
3.219496011734008789e-01
6.091675162315368652e-01
2.037428319454193115e-01
8.557676076889038086e-01
5.184546113014221191e-02
1.299415588378906250e+00
2.183790504932403564e-02
4.747977480292320251e-02
1.010528132319450378e-01
2.033166959881782532e-02
1.504036933183670044e-01
2.691947519779205322e-01
6.770380735397338867e-01
3.280748054385185242e-02
2.384926974773406982e-01
2.626209259033203125e-01
0.000000000000000000e+00
1.502341777086257935e-02
0.000000000000000000e+00
4.439634084701538086e-01
5.299817919731140137e-01
1.274594962596893311e-01
7.555808871984481812e-02
7.809259891510009766e-01
0.000000000000000000e+00
2.768158316612243652e-01
0.000000000000000000e+00
1.637630723416805267e-02
1.827703565359115601e-01
9.128084033727645874e-02
4.279503226280212402e-01
1.567796617746353149e-02
3.216955363750457764e-01
4.536523222923278809e-01
1.017917394638061523e-01
4.698082208633422852e-01
0.000000000000000000e+00
7.738428115844726562e-01
1.937531709671020508e+00
9.988306760787963867e-01
2.069278240203857422e+00
5.746208876371383667e-02
5.716664250940084457e-03
0.000000000000000000e+00
4.644608125090599060e-03
2.048487365245819092e-01
8.409346938133239746e-01
8.278183341026306152e-01
9.685633182525634766e-01
2.372573614120483398e+00
7.127923518419265747e-02
1.432547122240066528e-01
6.606118083000183105e-01
0.000000000000000000e+00
6.794836372137069702e-02
2.161102741956710815e-01
2.028076536953449249e-02
2.003724873065948486e-01
2.572538614273071289e+00
6.598517298698425293e-02
3.331853449344635010e-01
2.065748907625675201e-02
0.000000000000000000e+00
4.082813262939453125e-01
8.702847957611083984e-01
0.000000000000000000e+00
2.786357142031192780e-02
1.026915609836578369e-01
0.000000000000000000e+00
1.734391748905181885e-01
3.495406806468963623e-01
6.861686706542968750e-02
2.678708136081695557e-01
1.346999704837799072e-01
0.000000000000000000e+00
2.950303256511688232e-01
4.510224610567092896e-02
3.526214957237243652e-01
0.000000000000000000e+00
0.000000000000000000e+00
5.419789999723434448e-02
8.836274594068527222e-02
1.479028491303324699e-03
2.442808896303176880e-01
6.873919814825057983e-02
9.703435748815536499e-02
7.253680825233459473e-01
1.692563444375991821e-01
2.283507492393255234e-03
3.273021280765533447e-01
2.734017372131347656e-01
9.682037830352783203e-01
0.000000000000000000e+00
0.000000000000000000e+00
5.933095932006835938e+00
1.513020992279052734e+00
0.000000000000000000e+00
1.922226697206497192e-01
1.389181613922119141e+00
7.529383301734924316e-01
0.000000000000000000e+00
0.000000000000000000e+00
5.261421203613281250e-01
0.000000000000000000e+00
0.000000000000000000e+00
3.032167255878448486e-01
1.446341872215270996e-01
0.000000000000000000e+00
0.000000000000000000e+00
8.215877227485179901e-03
2.759141027927398682e-01
1.965763717889785767e-01
0.000000000000000000e+00
1.592339724302291870e-01
1.911682449281215668e-02
5.056642889976501465e-01
1.274952441453933716e-01
0.000000000000000000e+00
4.019098877906799316e-01
5.689675807952880859e-01
0.000000000000000000e+00
1.986287593841552734e+00
1.340724900364875793e-02
2.785389423370361328e+00
6.128082517534494400e-03
5.996899008750915527e-01
2.736750543117523193e-01
4.303896054625511169e-02
0.000000000000000000e+00
7.699489593505859375e-03
1.658827662467956543e-01
0.000000000000000000e+00
1.055908203125000000e+00
4.109574556350708008e-01
9.117478877305984497e-02
2.061730623245239258e+00
3.166196048259735107e-01
1.576761960983276367e+00
2.788265794515609741e-02
5.851327255368232727e-02
1.099362596869468689e-01
5.400106310844421387e-02
2.161357879638671875e+00
2.031271010637283325e-01
6.270146965980529785e-01
2.413830906152725220e-02
5.306629091501235962e-02
0.000000000000000000e+00
0.000000000000000000e+00
2.027906656265258789e+00
8.540887385606765747e-02
9.909451603889465332e-01
1.239233613014221191e-01
2.750232517719268799e-01
7.902257144451141357e-02
0.000000000000000000e+00
1.595159769058227539e-01
1.261409044265747070e+00
0.000000000000000000e+00
1.350508034229278564e-01
3.933379411697387695e+00
3.951647281646728516e-01
1.119479775428771973e+00
5.802093148231506348e-01
9.638338685035705566e-01
3.847531974315643311e-01
2.814385890960693359e-01
4.078468680381774902e-01
1.149494647979736328e+00
6.209536455571651459e-03
4.425628855824470520e-02
2.944795191287994385e-01
8.247695565223693848e-01
2.727969884872436523e-01
1.390265971422195435e-01
1.216747835278511047e-01
6.322115659713745117e-02
9.257771074771881104e-03
9.874543547630310059e-02
1.941746354103088379e+00
8.006859570741653442e-02
8.862186223268508911e-02
1.412581931799650192e-02
4.980211555957794189e-01
5.533357150852680206e-03
3.379780948162078857e-01
5.209585428237915039e-01
8.494413495063781738e-01
0.000000000000000000e+00
0.000000000000000000e+00
3.752099275588989258e-01
1.781769394874572754e-01
1.105740666389465332e-01
1.022646576166152954e-02
5.461597070097923279e-02
1.795127638615667820e-03
4.116836935281753540e-02
1.712723821401596069e-01
1.889869868755340576e-01
1.907268285751342773e+00
1.061187963932752609e-02
2.650063276290893555e+00
1.602383553981781006e-01
9.269344806671142578e-02
2.208683639764785767e-02
5.895479202270507812e+00
5.049897357821464539e-02
1.377550512552261353e-02
3.285521268844604492e-01
1.860491931438446045e-01
5.483933091163635254e-01
6.855448484420776367e-01
1.636467099189758301e+00
3.474273160099983215e-02
0.000000000000000000e+00
1.345750093460083008e+00
6.075339913368225098e-01
6.841412186622619629e-02
7.293054461479187012e-01
1.807273924350738525e-01
8.764445036649703979e-02
3.939826488494873047e-01
1.564909934997558594e+00
6.004289388656616211e-01
9.494583308696746826e-02
2.242806851863861084e-01
2.278427034616470337e-01
7.979933023452758789e-01
3.670980688184499741e-03
5.115180015563964844e-01
1.681517809629440308e-01
4.267244040966033936e-01
5.521630644798278809e-01
1.124755572527647018e-02
2.370076030492782593e-01
1.648275181651115417e-02
1.502966731786727905e-01
9.779945760965347290e-02
5.465667247772216797e-01
6.914148330688476562e-01
1.426599025726318359e-01
2.910342440009117126e-02
1.629735827445983887e+00
4.433263093233108521e-02
3.700785636901855469e-01
1.192635297775268555e-01
2.174260616302490234e-01
7.942259907722473145e-01
8.530585765838623047e-01
0.000000000000000000e+00
4.913115873932838440e-03
0.000000000000000000e+00
3.135763406753540039e-01
3.448491543531417847e-02
2.001730203628540039e-01
1.890401840209960938e+00
2.138941437005996704e-01
1.975279487669467926e-02
7.287896587513387203e-04
7.991267442703247070e-01
9.896947145462036133e-01
3.424746394157409668e-01
0.000000000000000000e+00
1.497769802808761597e-01
3.357988595962524414e-01
1.179611802101135254e+00
3.283030986785888672e-01
3.004574961960315704e-02
7.207980751991271973e-02
2.743292450904846191e-01
3.718542575836181641e+00
5.466887950897216797e-01
2.471478655934333801e-03
2.951393648982048035e-02
4.264435291290283203e+00
