5.285141468048095703e-01
3.068422794342041016e+00
2.831247821450233459e-02
9.398598074913024902e-01
9.896342754364013672e-01
1.034014821052551270e-01
0.000000000000000000e+00
1.596180200576782227e+00
1.410631656646728516e+00
0.000000000000000000e+00
7.139286994934082031e-01
2.514919340610504150e-01
8.758406639099121094e-01
5.672769993543624878e-02
5.876421555876731873e-02
3.449750244617462158e-01
3.031787648797035217e-02
5.241690874099731445e-01
3.183397352695465088e-01
5.237318277359008789e-01
4.578433930873870850e-01
9.243453294038772583e-02
7.316194474697113037e-02
1.011637896299362183e-01
7.225205302238464355e-01
2.935901880264282227e-01
1.856777667999267578e-01
1.308333158493041992e+00
2.163018658757209778e-02
1.582349985837936401e-01
4.383134543895721436e-01
0.000000000000000000e+00
3.537111878395080566e-01
6.883987784385681152e-01
1.587109416723251343e-01
1.703674197196960449e-01
0.000000000000000000e+00
1.087970018386840820e+00
4.121016561985015869e-01
1.599598973989486694e-01
4.991660118103027344e-01
3.335242718458175659e-02
3.030324578285217285e-01
4.891282692551612854e-02
2.460969984531402588e-01
1.266556531190872192e-01
6.957321893423795700e-03
7.631624341011047363e-01
8.041989207267761230e-01
1.597276926040649414e-01
8.343443870544433594e-01
7.747810482978820801e-01
1.502468824386596680e+00
8.313141763210296631e-02
3.503164649009704590e-01
0.000000000000000000e+00
5.078435316681861877e-02
6.504466056823730469e+00
8.085044622421264648e-01
2.185269117355346680e+00
5.552123486995697021e-02
1.526123136281967163e-01
1.137899756431579590e-01
5.741500258445739746e-01
2.583783864974975586e-01
0.000000000000000000e+00
3.118272125720977783e-02
7.549941539764404297e-01
0.000000000000000000e+00
5.941885709762573242e-01
5.056060552597045898e-01
9.910191297531127930e-01
5.996892973780632019e-02
2.818024717271327972e-02
0.000000000000000000e+00
1.746302992105484009e-01
3.790948390960693359e-01
2.938418984413146973e-01
9.580289125442504883e-01
1.190111413598060608e-01
5.716047286987304688e-01
2.251783847808837891e+00
5.972564220428466797e-01
1.372015714645385742e+00
5.514597296714782715e-01
1.538739502429962158e-01
4.135284423828125000e-01
2.336907833814620972e-01
1.440850645303726196e-01
2.674957178533077240e-02
4.406922310590744019e-02
3.129511605948209763e-04
1.603375077247619629e-01
2.925573848187923431e-02
2.663967665284872055e-03
2.308541536331176758e-01
1.856517642736434937e-01
3.913452029228210449e-01
8.547730445861816406e-01
9.397223591804504395e-01
3.163172483444213867e+00
1.813436001539230347e-01
4.061335325241088867e-02
5.738733291625976562e+00
1.309671163558959961e+00
3.020614087581634521e-01
1.707434207201004028e-01
5.509905815124511719e-01
4.271554470062255859e+00
7.292753458023071289e-02
4.640177488327026367e-01
2.055902034044265747e-01
2.046601101756095886e-02
4.347343929111957550e-04
1.745667494833469391e-02
4.393802881240844727e-01
2.864303886890411377e-01
0.000000000000000000e+00
6.688857078552246094e-01
1.076169535517692566e-01
0.000000000000000000e+00
1.492134332656860352e-01
1.588113903999328613e-01
4.654810428619384766e-01
7.769533157348632812e+00
8.939844965934753418e-01
5.773373246192932129e-01
1.691398262977600098e+00
8.531417697668075562e-03
1.149237632751464844e+00
8.545418381690979004e-01
1.490036100149154663e-01
1.235412120819091797e+00
1.968028187751770020e+00
1.850730061531066895e+00
6.157664060592651367e-01
1.078866980969905853e-02
2.001003473997116089e-01
7.384326457977294922e-01
4.854433983564376831e-02
4.149369895458221436e-01
3.099723458290100098e-01
8.171567693352699280e-03
1.923709154129028320e+00
2.149482518434524536e-01
1.975813060998916626e-01
2.156833559274673462e-01
1.515499204397201538e-01
1.314123421907424927e-01
2.317337244749069214e-01
4.747938632965087891e+00
9.232394513674080372e-04
0.000000000000000000e+00
8.663770556449890137e-01
0.000000000000000000e+00
1.270320534706115723e+00
3.029276132583618164e-01
2.936670482158660889e-01
1.305283755064010620e-01
2.107803225517272949e-01
1.994614452123641968e-01
2.557702735066413879e-02
2.738948911428451538e-02
2.233740806579589844e+00
1.596932291984558105e+00
1.633189916610717773e+00
3.080475330352783203e-02
8.241828680038452148e-01
1.167945116758346558e-01
8.097343891859054565e-02
7.480041980743408203e-01
5.774122849106788635e-02
0.000000000000000000e+00
1.285685747861862183e-01
2.420542240142822266e-01
3.412901461124420166e-01
5.759004503488540649e-02
4.528779387474060059e-01
2.682493031024932861e-01
1.724004626274108887e+00
1.113305613398551941e-01
9.958150386810302734e-01
0.000000000000000000e+00
2.368853390216827393e-01
2.665846049785614014e-01
0.000000000000000000e+00
4.922512173652648926e-01
2.267957925796508789e-01
3.588702157139778137e-02
1.335529237985610962e-01
4.041197001934051514e-01
4.808677434921264648e-01
3.661290556192398071e-02
1.200016140937805176e-01
0.000000000000000000e+00
0.000000000000000000e+00
2.026987224817276001e-01
1.502326577901840210e-01
2.175602763891220093e-01
6.647304892539978027e-01
3.293426334857940674e-02
2.450763583183288574e-01
1.243270039558410645e+00
6.331540644168853760e-02
2.341132238507270813e-02
0.000000000000000000e+00
5.781409144401550293e-02
1.034228429198265076e-01
4.457500949501991272e-02
2.584902286529541016e+00
8.848324418067932129e-02
7.361655235290527344e-01
1.815608143806457520e+00
1.078418135643005371e+00
4.009192287921905518e-01
9.247713536024093628e-02
4.365341067314147949e-01
4.721805751323699951e-01
8.000666499137878418e-01
4.451339244842529297e-01
7.517889142036437988e-02
1.957934021949768066e+00
1.557107865810394287e-01
1.152323335409164429e-01
1.361073404550552368e-01
7.635037302970886230e-01
7.714123278856277466e-02
1.885081380605697632e-01
2.907254267483949661e-03
1.792731881141662598e-02
9.045836515724658966e-03
0.000000000000000000e+00
1.502927988767623901e-01
4.474624991416931152e-02
3.664975613355636597e-02
8.486806750297546387e-01
1.345614939928054810e-01
8.600216358900070190e-02
0.000000000000000000e+00
2.420280218124389648e+00
2.131704613566398621e-02
8.109941333532333374e-02
4.613960906863212585e-02
0.000000000000000000e+00
0.000000000000000000e+00
4.728194177150726318e-01
1.533259451389312744e-01
0.000000000000000000e+00
9.503057003021240234e-01
4.051909148693084717e-01
2.035993337631225586e-01
2.328760623931884766e-01
8.201493024826049805e-01
0.000000000000000000e+00
2.495631203055381775e-02
8.351491689682006836e-01
9.372059702873229980e-01
1.743521839380264282e-01
1.977303996682167053e-02
9.611796140670776367e-01
1.137052625417709351e-01
0.000000000000000000e+00
3.003088831901550293e-01
6.246169656515121460e-02
1.451587080955505371e-01
7.591944187879562378e-02
7.151882648468017578e-01
7.563211768865585327e-02
1.328903138637542725e-01
2.264602482318878174e-01
2.674066066741943359e+00
2.481098324060440063e-01
3.353061899542808533e-02
3.821250796318054199e-01
0.000000000000000000e+00
6.959164142608642578e-02
3.952118158340454102e-01
0.000000000000000000e+00
4.502471685409545898e-01
4.164968729019165039e-01
1.354808807373046875e-01
8.100357651710510254e-02
0.000000000000000000e+00
5.267080068588256836e-01
1.616899371147155762e-01
1.558175563812255859e+00
4.230408966541290283e-01
5.990189313888549805e-01
8.699955344200134277e-01
4.960588812828063965e-01
2.998352795839309692e-02
1.195671707391738892e-01
2.065802663564682007e-01
1.272270083427429199e-01
6.566953659057617188e-01
5.045113563537597656e-01
8.226472139358520508e-02
7.035367190837860107e-02
4.960495978593826294e-02
5.393544957041740417e-02
4.920761287212371826e-01
0.000000000000000000e+00
0.000000000000000000e+00
1.568350344896316528e-01
6.845004856586456299e-03
1.058573484420776367e+00
8.567238599061965942e-02
6.212508305907249451e-02
4.518789052963256836e-01
9.787209033966064453e-01
2.372149467468261719e+00
8.247540146112442017e-02
1.010593697428703308e-01
9.485985040664672852e-01
9.347572922706604004e-01
2.358592152595520020e-01
0.000000000000000000e+00
1.366404294967651367e+00
6.368509680032730103e-02
6.812640279531478882e-02
1.166726811788976192e-03
2.581599652767181396e-01
0.000000000000000000e+00
2.473401874303817749e-01
1.181481033563613892e-01
5.009344816207885742e-01
0.000000000000000000e+00
5.049244880676269531e+00
4.207593854516744614e-03
5.332316085696220398e-02
0.000000000000000000e+00
1.755931258201599121e+00
7.282009720802307129e-01
6.753115057945251465e-01
0.000000000000000000e+00
8.357639908790588379e-01
3.257148861885070801e-01
1.043876558542251587e-01
7.135567069053649902e-01
6.103014573454856873e-02
5.653376504778862000e-02
8.778185397386550903e-02
5.953777581453323364e-02
1.194890402257442474e-02
5.891114939004182816e-03
1.091091036796569824e+00
1.844581514596939087e-01
1.333612296730279922e-02
4.202045500278472900e-01
2.516679698601365089e-03
8.777355551719665527e-01
2.709529638290405273e+00
1.219266355037689209e-01
5.541480146348476410e-03
4.700815305113792419e-02
2.248917222023010254e-01
5.607712268829345703e-01
2.385438829660415649e-01
1.175275817513465881e-01
1.251750811934471130e-02
1.042099595069885254e+00
7.251942753791809082e-01
4.701267927885055542e-02
9.380500912666320801e-01
1.462895750999450684e+00
1.301450878381729126e-01
5.290207862854003906e-01
1.747498288750648499e-02
5.188874006271362305e-01
9.875788688659667969e-01
2.211220413446426392e-01
0.000000000000000000e+00
8.303611278533935547e-01
2.030374526977539062e+00
0.000000000000000000e+00
1.133795976638793945e-01
2.411234378814697266e-01
6.108759045600891113e-01
0.000000000000000000e+00
1.817985773086547852e-01
0.000000000000000000e+00
2.619466185569763184e-01
2.497624754905700684e-01
3.953163623809814453e-01
1.976020783185958862e-01
7.139990478754043579e-02
1.242707297205924988e-01
3.775291144847869873e-02
2.444669753313064575e-01
1.719307065010070801e+00
7.926831841468811035e-01
1.994215846061706543e-01
8.369002342224121094e-01
3.450216650962829590e-01
3.748916983604431152e-01
2.207205593585968018e-01
2.064219862222671509e-01
1.002827525138854980e+00
3.355189859867095947e-01
1.993936859071254730e-02
0.000000000000000000e+00
6.745418906211853027e-02
1.233765244483947754e+00
0.000000000000000000e+00
2.254849225282669067e-01
1.126749068498611450e-01
7.228798270225524902e-01
2.527953982353210449e-01
5.445836484432220459e-02
2.777887880802154541e-01
2.671455442905426025e-01
1.817377060651779175e-01
3.277533501386642456e-02
3.145451098680496216e-02
2.641792222857475281e-02
4.136067628860473633e-01
4.123040661215782166e-02
9.001773432828485966e-04
1.339306980371475220e-01
3.601255640387535095e-02
8.992567062377929688e-01
2.033253431320190430e+00
2.985934019088745117e-01
6.908133625984191895e-01
4.004597663879394531e-02
2.537055872380733490e-02
3.727754950523376465e-02
2.322640866041183472e-01
1.696974337100982666e-01
0.000000000000000000e+00
1.600761055946350098e+00
0.000000000000000000e+00
7.306826114654541016e-01
2.120968699455261230e-01
3.082107577938586473e-04
1.153280258178710938e+00
3.106012046337127686e-01
5.097920298576354980e-01
1.350948810577392578e-01
6.591799855232238770e-01
0.000000000000000000e+00
1.696029901504516602e-01
6.036442145705223083e-02
1.849397867918014526e-01
0.000000000000000000e+00
1.002833247184753418e-01
3.168073892593383789e-01
3.027217388153076172e-01
2.546032145619392395e-02
0.000000000000000000e+00
1.511929512023925781e+00
8.629399538040161133e-01
1.224743574857711792e-02
0.000000000000000000e+00
1.093594670295715332e+00
4.979937076568603516e-01
1.483587361872196198e-02
1.300673335790634155e-01
8.433461189270019531e-03
8.203160762786865234e-02
2.585696220397949219e+00
1.401626110076904297e+00
2.492444217205047607e-01
1.908015757799148560e-01
3.559171408414840698e-02
6.505589485168457031e-01
3.868687152862548828e-02
0.000000000000000000e+00
4.892793893814086914e-01
1.668346226215362549e-01
4.442862048745155334e-02
7.494469285011291504e-01
4.561507701873779297e-01
1.147202178835868835e-01
5.743017196655273438e-01
3.836677595973014832e-02
2.152831077575683594e+00
4.279402792453765869e-01
8.825656026601791382e-02
5.371887683868408203e-01
1.112462729215621948e-01
1.476711153984069824e+00
1.741501390933990479e-01
1.206151694059371948e-01
2.516078054904937744e-01
2.980328500270843506e-01
4.169236123561859131e-01
4.331472396850585938e+00
5.014023780822753906e-01
2.451665997505187988e-01
1.434656381607055664e+00
5.352368354797363281e+00
5.605464056134223938e-02
1.381233185529708862e-01
5.982855334877967834e-02
6.955957412719726562e-01
0.000000000000000000e+00
2.165649831295013428e-02
1.327999234199523926e-01
4.222261905670166016e-01
0.000000000000000000e+00
3.943677991628646851e-02
3.247306123375892639e-02
1.712209880352020264e-01
3.219793736934661865e-01
0.000000000000000000e+00
5.414919853210449219e-01
1.298017501831054688e+00
1.181062981486320496e-01
8.278380334377288818e-02
1.270620822906494141e-01
2.088903665542602539e+00
1.085564136505126953e+00
2.442137338221073151e-03
3.423767387866973877e-01
8.585746400058269501e-03
9.008324146270751953e-02
7.178559303283691406e-01
0.000000000000000000e+00
0.000000000000000000e+00
4.442025661468505859e+00
4.558614492416381836e-01
5.840306878089904785e-01
9.125759452581405640e-02
1.366580605506896973e+00
1.450330764055252075e-01
7.130309343338012695e-01
1.792375206947326660e+00
1.832873106002807617e+00
8.822202086448669434e-01
2.604672126471996307e-02
9.666007012128829956e-02
7.520111650228500366e-02
2.055319696664810181e-01
1.063581034541130066e-01
5.971018224954605103e-03
5.895438194274902344e-01
8.958711624145507812e-01
2.323307096958160400e-01
1.733117848634719849e-01
1.608791112899780273e+00
7.207926511764526367e-01
2.647052049636840820e+00
2.848402597010135651e-02
1.164836138486862183e-01
1.335832595825195312e+00
3.811714053153991699e-01
2.744773328304290771e-01
1.303153395652770996e+00
1.319494564086198807e-02
3.948747813701629639e-01
4.876326397061347961e-02
1.436134219169616699e+00
2.143024466931819916e-02
4.613523185253143311e-02
2.191607356071472168e-01
3.583725169301033020e-02
8.011307120323181152e-01
2.615591883659362793e-02
0.000000000000000000e+00
0.000000000000000000e+00
4.999831691384315491e-02
2.880598783493041992e+00
3.421380370855331421e-02
1.589232981204986572e-01
1.142234206199645996e-01
1.475213915109634399e-01
2.434049844741821289e-01
2.791660428047180176e-01
4.354740083217620850e-01
6.998208910226821899e-02
8.276966810226440430e-01
2.706614881753921509e-02
3.644640147686004639e-01
3.767124563455581665e-02
2.069898843765258789e+00
2.155277431011199951e-01
3.564800322055816650e-01
1.700504720211029053e-01
4.444074630737304688e-02
2.067864656448364258e+00
2.805690094828605652e-02
2.851538658142089844e-01
3.477064892649650574e-02
4.608724117279052734e-01
5.607731938362121582e-01
2.114330232143402100e-01
2.321734905242919922e+00
1.013819813728332520e+00
6.843683659099042416e-04
0.000000000000000000e+00
0.000000000000000000e+00
2.114480286836624146e-01
2.698965929448604584e-02
3.491870760917663574e-01
1.736495941877365112e-01
5.411168560385704041e-02
2.595850825309753418e-01
6.086822971701622009e-02
2.485442347824573517e-02
3.968104124069213867e-01
1.358298778533935547e+00
3.303183987736701965e-02
2.159987017512321472e-02
2.557337470352649689e-02
2.424769550561904907e-01
1.464136838912963867e-01
1.734922528266906738e-01
2.685718774795532227e+00
0.000000000000000000e+00
1.653402894735336304e-01
1.347349584102630615e-01
0.000000000000000000e+00
5.575442910194396973e-01
2.786798775196075439e-01
1.628051161766052246e+00
2.818445116281509399e-02
5.710737109184265137e-01
7.748441100120544434e-01
2.897598743438720703e-01
3.265842422842979431e-02
9.987993538379669189e-02
1.491078287363052368e-01
3.907063007354736328e-01
3.036172091960906982e-01
7.458925247192382812e-01
3.083785772323608398e-01
2.195064067840576172e+00
2.856531925499439240e-02
3.557754755020141602e-01
6.701528429985046387e-01
0.000000000000000000e+00
3.590789735317230225e-01
3.639666736125946045e-02
0.000000000000000000e+00
1.741016507148742676e-01
4.763407707214355469e-01
4.016372561454772949e-01
2.132641971111297607e-01
0.000000000000000000e+00
1.718098819255828857e-01
6.631413102149963379e-01
9.574916362762451172e-01
3.206418037414550781e+00
5.560419335961341858e-02
8.649551868438720703e-01
5.341187119483947754e-01
2.266668230295181274e-01
8.565293252468109131e-02
2.619186183437705040e-03
4.812010824680328369e-01
1.290681481361389160e+00
7.376212626695632935e-02
1.736595034599304199e-01
4.530129909515380859e+00
1.078090965747833252e-01
1.330203935503959656e-02
3.836064577102661133e+00
3.476665914058685303e-01
2.213032245635986328e+00
4.428004920482635498e-01
1.130820997059345245e-02
6.540525555610656738e-01
1.658596098423004150e-01
6.584154367446899414e-01
1.182930827140808105e+00
1.847924590110778809e-01
3.542758990079164505e-03
1.177783370018005371e+00
0.000000000000000000e+00
5.680264830589294434e-01
8.565288037061691284e-02
8.341039530932903290e-03
7.218193262815475464e-02
5.308352708816528320e-01
1.396539211273193359e-01
2.029591321945190430e+00
3.832642793655395508e+00
6.487126946449279785e-01
4.713402688503265381e-01
2.145056873559951782e-01
1.233251571655273438e+00
0.000000000000000000e+00
1.452115774154663086e+00
0.000000000000000000e+00
3.711169213056564331e-02
4.493827931582927704e-03
8.309661746025085449e-01
1.595410145819187164e-02
2.760005928575992584e-02
1.706118702888488770e+00
9.482379555702209473e-01
0.000000000000000000e+00
3.157191723585128784e-02
1.212905570864677429e-01
2.758914604783058167e-02
2.026490211486816406e+00
4.342197775840759277e-01
1.114181205630302429e-01
5.006752014160156250e-01
1.932149939239025116e-02
1.108177751302719116e-01
8.325706124305725098e-01
3.459927737712860107e-01
9.361786395311355591e-02
1.242774605751037598e+00
4.570403695106506348e-02
5.190749168395996094e-01
2.810187637805938721e-02
4.131906330585479736e-01
5.657199770212173462e-02
3.316911682486534119e-02
1.348176002502441406e+00
1.396974563598632812e+00
9.137468785047531128e-02
7.330039739608764648e-01
2.296283841133117676e-01
2.949641831219196320e-02
0.000000000000000000e+00
5.341100692749023438e-01
1.641573607921600342e-01
2.207517474889755249e-01
9.998497553169727325e-03
1.198939442634582520e+00
4.388676881790161133e-01
1.408695895224809647e-02
5.075205489993095398e-02
1.797633916139602661e-01
8.340809494256973267e-02
3.220853582024574280e-02
2.608015388250350952e-02
6.582102924585342407e-02
7.766487598419189453e-01
4.642589092254638672e-01
1.551726937294006348e+00
4.466603323817253113e-02
4.953638613224029541e-01
2.681892737746238708e-02
4.655295014381408691e-01
8.693514764308929443e-02
4.060444235801696777e-01
2.309489995241165161e-02
0.000000000000000000e+00
1.865941099822521210e-02
1.686471402645111084e-01
1.993552088737487793e+00
6.564565747976303101e-02
2.255838513374328613e-01
5.831802263855934143e-02
8.203532546758651733e-02
1.595725893974304199e+00
1.724913358688354492e+00
2.205860137939453125e+00
1.802939623594284058e-01
1.049040537327528000e-02
5.564671009778976440e-02
1.300258282572031021e-02
2.687997519969940186e-01
1.187779903411865234e+00
2.831048071384429932e-01
3.652982041239738464e-02
7.121592760086059570e-01
2.055688351392745972e-01
1.776300556957721710e-02
6.334732472896575928e-02
1.011397689580917358e-01
0.000000000000000000e+00
1.268575310707092285e+00
2.972941100597381592e-01
1.478562951087951660e+00
4.318117722868919373e-02
1.748128086328506470e-01
0.000000000000000000e+00
9.664665907621383667e-02
0.000000000000000000e+00
5.743565037846565247e-02
1.262885451316833496e+00
6.303980946540832520e-01
4.374456703662872314e-01
1.811934113502502441e-01
9.223973155021667480e-01
3.889653016813099384e-04
6.150448322296142578e-01
4.265013635158538818e-01
1.239651367068290710e-01
0.000000000000000000e+00
4.920655395835638046e-03
3.811224997043609619e-01
4.731414914131164551e-01
3.515864908695220947e-01
0.000000000000000000e+00
1.637456864118576050e-01
5.111275911331176758e-01
1.825118422508239746e+00
1.788278371095657349e-01
2.272287150844931602e-03
0.000000000000000000e+00
9.592851623892784119e-03
1.058553438633680344e-02
3.189200162887573242e+00
2.165717333555221558e-01
4.258244514465332031e+00
8.442983031272888184e-03
1.079668030142784119e-01
1.364584445953369141e+00
6.306823343038558960e-02
3.446148335933685303e-02
1.239328145980834961e+00
1.625252366065979004e-01
4.656437411904335022e-02
1.960727870464324951e-01
2.497715711593627930e+00
4.645205140113830566e-01
5.475955605506896973e-01
1.699644923210144043e-01
4.968086481094360352e-01
1.067364692687988281e+00
7.171191275119781494e-02
2.989030443131923676e-02
2.710150778293609619e-01
3.289324045181274414e-02
8.574640750885009766e-02
5.239589214324951172e-01
8.838223665952682495e-02
2.071201562881469727e+00
1.058107614517211914e-01
1.799053698778152466e-01
9.553402662277221680e-02
4.906343817710876465e-01
5.370865110307931900e-03
2.091931700706481934e-01
0.000000000000000000e+00
1.703244298696517944e-01
3.144473209977149963e-02
1.419479306787252426e-02
4.037151113152503967e-02
8.302307128906250000e-02
2.072210162878036499e-01
2.684907056391239166e-03
0.000000000000000000e+00
7.158442735671997070e-01
1.356697529554367065e-01
5.571236833930015564e-02
9.253922104835510254e-02
6.842098385095596313e-02
4.319550469517707825e-02
0.000000000000000000e+00
6.771202087402343750e-01
9.554600119590759277e-01
2.244228869676589966e-01
2.137997150421142578e-01
7.369298338890075684e-01
3.110401332378387451e-01
9.336230903863906860e-02
9.058265388011932373e-02
6.756523847579956055e-01
2.293920665979385376e-01
8.462466597557067871e-01
3.338905051350593567e-02
0.000000000000000000e+00
1.725761033594608307e-02
0.000000000000000000e+00
5.371243357658386230e-01
8.633345365524291992e-02
1.175739645957946777e+00
1.947479099035263062e-01
6.924777030944824219e-01
1.209432631731033325e-01
2.450986653566360474e-01
2.144748717546463013e-01
1.665785789489746094e+00
1.679097414016723633e+00
5.749538913369178772e-02
8.407589048147201538e-03
1.394200772047042847e-01
6.171695590019226074e-01
2.769792079925537109e-01
6.555359065532684326e-02
5.874224305152893066e-01
5.503202676773071289e-01
4.258778095245361328e-01
5.264422297477722168e-02
3.410007715225219727e+00
7.092750668525695801e-01
1.198522925376892090e+00
5.815765857696533203e-01
8.389898389577865601e-02
0.000000000000000000e+00
9.959534555673599243e-02
1.992310397326946259e-02
5.099961161613464355e-01
7.312116771936416626e-02
4.018292725086212158e-01
9.677458554506301880e-02
3.727086186408996582e-01
5.486590862274169922e-01
4.814051464200019836e-02
6.257446408271789551e-01
2.187522649765014648e+00
3.652110463008284569e-04
6.542278826236724854e-02
1.896533608436584473e+00
7.793601155281066895e-01
0.000000000000000000e+00
4.797152280807495117e-01
5.830057263374328613e-01
3.554581105709075928e-01
4.266873598098754883e-01
0.000000000000000000e+00
1.698866337537765503e-01
4.343502998352050781e+00
1.335660368204116821e-01
1.203126668930053711e+00
6.619830131530761719e-01
3.922575414180755615e-01
2.248820662498474121e-01
1.717802584171295166e-01
1.982828140258789062e+00
2.719442367553710938e+00
3.256816565990447998e-01
1.326300501823425293e+00
1.065262779593467712e-01
4.991871491074562073e-02
1.579375565052032471e-01
6.587267667055130005e-02
0.000000000000000000e+00
4.179120436310768127e-02
3.326065093278884888e-02
1.331578791141510010e-01
0.000000000000000000e+00
9.303441643714904785e-02
1.634034514427185059e-01
3.175225108861923218e-02
1.419954746961593628e-02
1.576472818851470947e-01
2.601047158241271973e-01
1.315562248229980469e+00
2.958134934306144714e-02
2.641684055328369141e+00
7.186751812696456909e-02
8.385469764471054077e-02
3.116455078125000000e-01
2.187669873237609863e-01
1.207386851310729980e-01
0.000000000000000000e+00
1.312995553016662598e+00
2.289586216211318970e-01
8.341506868600845337e-02
3.986283242702484131e-01
9.686729311943054199e-01
8.860063552856445312e-01
2.353821508586406708e-02
8.913345634937286377e-02
4.746501743793487549e-01
1.807780861854553223e+00
1.822598934173583984e+00
1.206799149513244629e-01
1.028563827276229858e-01
2.362407743930816650e-01
1.175162434577941895e+00
5.537182092666625977e-01
6.160906702280044556e-02
2.463448047637939453e-01
1.297676712274551392e-01
2.912046387791633606e-02
1.797829866409301758e-01
9.417684376239776611e-02
3.098188936710357666e-01
0.000000000000000000e+00
4.846926778554916382e-02
2.168903872370719910e-02
2.806423231959342957e-02
2.315012931823730469e+00
9.332443028688430786e-02
5.415082350373268127e-02
1.562858074903488159e-01
5.057487636804580688e-02
1.415114849805831909e-01
1.305289268493652344e+00
0.000000000000000000e+00
8.286835998296737671e-02
6.374593973159790039e-01
0.000000000000000000e+00
5.444987118244171143e-02
0.000000000000000000e+00
1.754068285226821899e-01
8.957839757204055786e-02
4.708337485790252686e-01
1.913405418395996094e+00
9.114020466804504395e-01
1.223599672317504883e+00
9.988466277718544006e-03
3.205801248550415039e-01
5.555135011672973633e-02
5.099219679832458496e-01
4.190306738018989563e-02
8.258042335510253906e-01
7.736377120018005371e-01
2.714549750089645386e-02
1.142424046993255615e-01
1.786271810531616211e+00
2.784467935562133789e-01
0.000000000000000000e+00
1.551638841629028320e-01
4.241577908396720886e-02
2.656077407300472260e-02
4.881041347980499268e-01
6.571551561355590820e-01
2.573985755443572998e-01
1.619717001914978027e+00
4.697467666119337082e-03
2.062363475561141968e-01
3.174931704998016357e-01
1.428888738155364990e-02
1.873388886451721191e-01
9.982427954673767090e-02
4.864169750362634659e-03
1.683861911296844482e-01
5.362089157104492188e+00
3.660606741905212402e-01
1.164423942565917969e+00
1.292209513485431671e-02
9.362888336181640625e-02
9.725463576614856720e-03
3.389375284314155579e-02
1.234719157218933105e+00
8.547949604690074921e-03
4.029696285724639893e-01
2.976764440536499023e-01
1.061414957046508789e+00
3.064930140972137451e-01
7.119060158729553223e-01
4.562342762947082520e-01
9.695563912391662598e-01
0.000000000000000000e+00
2.310209348797798157e-02
2.742096781730651855e-02
1.531007140874862671e-01
6.693369746208190918e-01
5.572943091392517090e-01
1.845539510250091553e-01
2.033674240112304688e+00
0.000000000000000000e+00
4.691000878810882568e-01
0.000000000000000000e+00
2.223116457462310791e-01
1.178799867630004883e-01
1.295334100723266602e-01
8.456572890281677246e-03
1.263089627027511597e-01
2.269680649042129517e-01
3.257243633270263672e-01
1.596603989601135254e-01
2.393424808979034424e-01
3.127407655119895935e-02
5.177341029047966003e-02
2.343195527791976929e-01
1.783590316772460938e-01
5.057583451271057129e-01
4.350689053535461426e-01
1.112178444862365723e+00
1.286754727363586426e+00
4.036625102162361145e-02
1.002760052680969238e+00
1.597052365541458130e-01
1.521124601364135742e+00
0.000000000000000000e+00
7.250074297189712524e-02
2.310131192207336426e-01
2.717676460742950439e-01
0.000000000000000000e+00
0.000000000000000000e+00
9.122171252965927124e-02
4.968299996107816696e-03
2.116891145706176758e+00
1.765865087509155273e-01
2.219777405261993408e-01
4.816433787345886230e-01
3.440252840518951416e-01
3.908230364322662354e-02
3.860978186130523682e-01
4.694475978612899780e-02
4.360804259777069092e-01
0.000000000000000000e+00
0.000000000000000000e+00
4.723738133907318115e-01
4.796338558197021484e+00
9.015355706214904785e-01
4.315561771392822266e+00
2.999355077743530273e+00
2.394054457545280457e-02
4.330585896968841553e-02
1.901112943887710571e-01
0.000000000000000000e+00
9.451752901077270508e-02
7.521507889032363892e-02
1.678773313760757446e-01
0.000000000000000000e+00
6.412027478218078613e-01
3.361153006553649902e-01
7.480669766664505005e-02
0.000000000000000000e+00
2.708527803421020508e+00
1.177375197410583496e+00
9.619560837745666504e-02
6.641871333122253418e-01
0.000000000000000000e+00
3.107739984989166260e-02
5.179664492607116699e-01
1.109206750988960266e-01
1.164186093956232071e-02
3.673634827136993408e-01
3.025320470333099365e-01
2.290139906108379364e-02
6.194134950637817383e-01
4.345324039459228516e-01
2.626596212387084961e+00
2.049219906330108643e-01
6.164453923702239990e-02
3.008921623229980469e+00
6.316161900758743286e-02
9.147942066192626953e-01
5.304376482963562012e-01
5.453370139002799988e-02
4.254198968410491943e-01
1.079287648200988770e+00
6.704778671264648438e-01
1.071070432662963867e+00
5.505407452583312988e-01
2.921368181705474854e-01
1.881294995546340942e-01
8.987319655716419220e-03
4.501427710056304932e-01
1.907914429903030396e-01
0.000000000000000000e+00
5.173767730593681335e-02
1.084651798009872437e-02
2.194394916296005249e-01
4.071617871522903442e-02
1.042988538742065430e+00
1.233546957373619080e-01
7.107868324965238571e-03
3.758751973509788513e-02
2.383859828114509583e-03
1.185376048088073730e+00
1.547250896692276001e-01
1.562348365783691406e+00
3.197476863861083984e+00
5.111042857170104980e-01
1.624746993184089661e-02
6.110025644302368164e-01
2.139653682708740234e+00
8.111676573753356934e-01
1.234235048294067383e+00
5.159325599670410156e-01
0.000000000000000000e+00
6.307820081710815430e-01
2.798482030630111694e-02
6.335458904504776001e-02
1.929434239864349365e-01
6.498919725418090820e-01
2.858086824417114258e+00
1.030200004577636719e+00
2.814406156539916992e-01
7.716202139854431152e-01
1.000674843788146973e+00
4.003838598728179932e-01
4.973785579204559326e-01
1.841549575328826904e-01
1.007070064544677734e+00
0.000000000000000000e+00
8.987051248550415039e-02
3.176498711109161377e-01
4.235361516475677490e-01
5.767945200204849243e-03
7.465406656265258789e-01
3.725501894950866699e-01
1.110313892364501953e+00
0.000000000000000000e+00
1.573914475739002228e-02
2.478442154824733734e-02
4.062220156192779541e-01
1.557934165000915527e+00
0.000000000000000000e+00
2.215620130300521851e-01
2.685179114341735840e-01
6.972849965095520020e-01
5.011030435562133789e-01
2.111422866582870483e-01
4.179506376385688782e-02
2.931423187255859375e+00
2.176472187042236328e+00
5.003791451454162598e-01
3.373866081237792969e-01
4.057091772556304932e-01
1.689603030681610107e-01
1.110033631324768066e+00
5.763547420501708984e-01
4.746533930301666260e-01
3.363477881066501141e-04
2.326281070709228516e-01
2.518653273582458496e-01
3.261685371398925781e-03
6.536868959665298462e-02
4.980615079402923584e-01
2.921957056969404221e-03
0.000000000000000000e+00
1.708228290081024170e-01
4.630402922630310059e-01
9.116071462631225586e-02
2.253766916692256927e-02
3.065217733383178711e+00
1.579208731651306152e+00
1.099961400032043457e-01
6.475691683590412140e-03
1.967485547065734863e+00
0.000000000000000000e+00
1.314894109964370728e-01
4.038657527416944504e-03
3.088136315345764160e-01
4.735812842845916748e-01
3.981161355972290039e+00
4.196996241807937622e-02
1.771936863660812378e-01
1.092307090759277344e+00
8.864725828170776367e-01
6.198756396770477295e-02
2.301189601421356201e-01
4.095147848129272461e-01
7.696309089660644531e-01
0.000000000000000000e+00
4.706446528434753418e-01
2.859409898519515991e-03
2.988066116813570261e-04
1.215579986572265625e+00
3.610255718231201172e-01
1.227474451065063477e+00
7.774043083190917969e-01
2.031245976686477661e-01
2.186361253261566162e-01
5.227228254079818726e-02
1.119644287973642349e-02
1.107643246650695801e-01
3.332023918628692627e-01
1.039523601531982422e+00
0.000000000000000000e+00
4.851343929767608643e-01
4.213992059230804443e-01
0.000000000000000000e+00
0.000000000000000000e+00
5.787108540534973145e-01
5.684616044163703918e-02
1.583173513412475586e+00
6.247924640774726868e-02
1.224227190017700195e+00
1.202928662300109863e+00
6.353582143783569336e-01
1.082938790321350098e+00
1.046598181128501892e-01
9.649167060852050781e-01
1.166236281394958496e+00
0.000000000000000000e+00
7.751908302307128906e-01
4.710682034492492676e-01
2.921761572360992432e-01
1.640130758285522461e+00
1.458342969417572021e-01
1.038090046495199203e-02
1.060818910598754883e+00
6.147846952080726624e-02
3.884367644786834717e-01
7.167091965675354004e-02
1.906758546829223633e-01
2.582486271858215332e-01
2.882535457611083984e-01
2.692385017871856689e-01
3.334760069847106934e-01
1.061669178307056427e-02
3.217889964580535889e-01
9.069981575012207031e-01
8.685786724090576172e-01
6.094998717308044434e-01
7.202647160738706589e-03
3.726090863347053528e-02
4.503335803747177124e-02
0.000000000000000000e+00
1.069237232208251953e+00
7.985595613718032837e-02
2.778702080249786377e-01
1.756788790225982666e-01
1.097547188401222229e-01
2.555064857006072998e-02
0.000000000000000000e+00
1.150869801640510559e-01
4.864772036671638489e-02
7.924078464508056641e+00
7.498450279235839844e-01
4.745638929307460785e-03
2.804577946662902832e-01
2.241677641868591309e-01
4.077875614166259766e-01
0.000000000000000000e+00
4.925284385681152344e-01
4.554752707481384277e-01
1.274910807609558105e+00
0.000000000000000000e+00
2.018285274505615234e+00
1.760050505399703979e-01
3.656275570392608643e-02
4.328396916389465332e-02
6.793397665023803711e-02
1.711743883788585663e-03
2.277118712663650513e-01
1.263687968254089355e+00
3.197624683380126953e-01
8.386932611465454102e-01
3.510667383670806885e-01
9.984355568885803223e-01
9.578142762184143066e-01
1.745563447475433350e-01
1.913912773132324219e+00
6.503144651651382446e-02
5.336727946996688843e-02
1.112009525299072266e+00
1.039969176054000854e-02
1.320117831230163574e+00
0.000000000000000000e+00
2.855561324395239353e-04
2.961489558219909668e-01
8.609250187873840332e-02
1.359872937202453613e+00
1.968801580369472504e-02
5.417128801345825195e-01
8.971920609474182129e-02
0.000000000000000000e+00
6.501923501491546631e-02
1.246974915266036987e-01
3.050821125507354736e-01
1.713095931336283684e-03
6.392849981784820557e-02
3.486999869346618652e-01
4.313278198242187500e-01
3.924693912267684937e-02
5.390434861183166504e-01
2.579923272132873535e-01
8.213844895362854004e-02
7.523386478424072266e-01
0.000000000000000000e+00
2.422527410089969635e-03
8.317662030458450317e-02
5.900085344910621643e-02
5.014840960502624512e-01
1.197043776512145996e+00
7.680970430374145508e-02
2.003802061080932617e-01
7.311851251870393753e-03
3.289923071861267090e-01
4.192383885383605957e-01
2.156717538833618164e+00
3.081244230270385742e-01
3.588426351547241211e+00
3.544084131717681885e-01
4.315822422504425049e-01
6.784608960151672363e-02
3.840785101056098938e-02
5.463409423828125000e-02
5.884876847267150879e-02
8.970291912555694580e-02
1.920106112957000732e-01
1.026464104652404785e-01
3.114114515483379364e-02
6.009859442710876465e-01
1.396750926971435547e+00
3.252617120742797852e+00
9.781964421272277832e-01
1.103825750760734081e-03
4.175861924886703491e-02
0.000000000000000000e+00
1.294838309288024902e+00
5.905696190893650055e-03
5.262079834938049316e-01
6.056511998176574707e-01
1.410817652940750122e-01
9.471701830625534058e-02
1.567366868257522583e-01
5.430391430854797363e-01
3.089673519134521484e-01
4.542527198791503906e+00
1.077352166175842285e-01
6.147929280996322632e-02
0.000000000000000000e+00
3.559769364073872566e-03
1.063201874494552612e-01
0.000000000000000000e+00
3.490633368492126465e-01
1.218299642205238342e-01
8.666961193084716797e-01
4.582529664039611816e-01
3.287140280008316040e-02
1.696115732192993164e+00
2.074877917766571045e-01
0.000000000000000000e+00
1.159110441803932190e-01
5.294544156640768051e-03
4.009423032402992249e-02
4.921376407146453857e-01
2.219932675361633301e-01
8.567165732383728027e-01
1.167464017868041992e+00
2.240006774663925171e-01
0.000000000000000000e+00
2.955537736415863037e-01
2.156678959727287292e-02
9.399599432945251465e-01
3.703856170177459717e-01
1.663365215063095093e-02
6.348613649606704712e-02
3.413294628262519836e-02
3.597098290920257568e-01
8.730588555335998535e-01
9.446995705366134644e-02
0.000000000000000000e+00
4.767414182424545288e-02
2.582101225852966309e-01
1.463064074516296387e+00
4.336855839937925339e-03
3.927853107452392578e+00
2.100647211074829102e+00
1.939464593306183815e-03
8.031452447175979614e-02
3.282904326915740967e-01
1.524047017097473145e+00
2.693369090557098389e-01
2.779135946184396744e-03
1.918393373489379883e-01
6.566931009292602539e-01
9.172174148261547089e-03
3.066384196281433105e-01
2.758277766406536102e-02
3.108615754172205925e-03
2.240799814462661743e-01
3.018259257078170776e-02
3.270612955093383789e+00
1.629567503929138184e+00
1.203960776329040527e-01
7.710502147674560547e-01
2.485634535551071167e-01
1.291964054107666016e-01
2.042705535888671875e+00
9.571233391761779785e-02
1.188888587057590485e-02
1.454501179978251457e-03
1.418567448854446411e-01
1.251632273197174072e-01
4.986312389373779297e-01
3.330852985382080078e+00
1.323141306638717651e-01
5.603978633880615234e-01
3.602231442928314209e-01
0.000000000000000000e+00
1.267740130424499512e-01
5.860705971717834473e-01
2.011626660823822021e-01
2.253278642892837524e-01
2.967248558998107910e-01
1.311111729592084885e-02
0.000000000000000000e+00
7.513548135757446289e-01
9.124345332384109497e-02
2.629461765289306641e+00
1.048322990536689758e-01
2.385705113410949707e-01
1.142025515437126160e-01
3.246733546257019043e-01
6.634448170661926270e-01
1.886163502931594849e-01
1.320943713188171387e+00
8.669588565826416016e-01
1.181548163294792175e-01
8.511149883270263672e-01
1.649700880050659180e+00
1.190921664237976074e+00
2.139595150947570801e-01
2.969091758131980896e-02
0.000000000000000000e+00
0.000000000000000000e+00
1.045606657862663269e-01
9.184263348579406738e-01
2.060313075780868530e-01
3.172842860221862793e-01
5.366137623786926270e-01
2.137704193592071533e-01
9.162639826536178589e-02
3.837611973285675049e-01
4.266891628503799438e-02
5.881960503756999969e-03
2.477058917284011841e-01
2.422199025750160217e-02
4.324251651763916016e+00
5.306244492530822754e-01
3.090325593948364258e-01
1.132061004638671875e+00
1.341730356216430664e-01
8.800972104072570801e-01
1.580675601959228516e+00
7.108061909675598145e-01
7.172495126724243164e-01
1.067578867077827454e-01
2.629335224628448486e-01
0.000000000000000000e+00
1.118883565068244934e-01
2.632006883621215820e+00
4.418117046356201172e+00
3.600365817546844482e-01
0.000000000000000000e+00
2.742919921875000000e+00
1.256319046020507812e+00
6.740961670875549316e-01
9.517974853515625000e-01
7.836700975894927979e-02
1.293325275182723999e-01
0.000000000000000000e+00
3.712021186947822571e-02
1.618144363164901733e-01
2.870591580867767334e-01
9.929527640342712402e-01
1.102415993809700012e-01
3.485896810889244080e-02
6.174635887145996094e-02
2.290064096450805664e+00
1.197129767388105392e-02
2.519217319786548615e-02
1.106466725468635559e-01
3.430511951446533203e-01
6.857059150934219360e-02
6.931841373443603516e-02
6.786814890801906586e-03
1.922927796840667725e-01
3.378143310546875000e-01
2.864969253540039062e+00
6.426271796226501465e-02
1.989561915397644043e+00
2.175471633672714233e-01
1.028834700584411621e+00
8.605943620204925537e-02
1.423575729131698608e-01
9.158216118812561035e-01
7.738579511642456055e-01
4.619998857378959656e-02
7.497574090957641602e-01
7.418592572212219238e-01
5.526826977729797363e-01
7.384818792343139648e-02
6.399741768836975098e-01
0.000000000000000000e+00
1.441926346160471439e-03
8.747678995132446289e-02
6.667485237121582031e-01
1.658806681632995605e+00
3.062734380364418030e-02
1.666190147399902344e+00
6.567814946174621582e-01
0.000000000000000000e+00
1.889439076185226440e-01
1.510914266109466553e-01
8.054214715957641602e-02
1.795475721359252930e+00
7.881329208612442017e-02
0.000000000000000000e+00
1.162305846810340881e-01
4.827735722064971924e-01
4.967352449893951416e-01
2.183185368776321411e-01
6.328823566436767578e-01
1.534259200096130371e+00
5.765285715460777283e-02
1.468033641576766968e-01
1.277193427085876465e-01
5.142805576324462891e-01
1.489843130111694336e+00
2.229957655072212219e-02
5.348309129476547241e-02
1.208922266960144043e-01
1.434413492679595947e-01
1.381291300058364868e-01
1.246429700404405594e-02
1.075973138213157654e-01
7.698023319244384766e-02
3.979383111000061035e-01
3.490696251392364502e-01
1.644958555698394775e-01
1.647744476795196533e-01
5.226528167724609375e+00
0.000000000000000000e+00
7.742894440889358521e-02
6.355303525924682617e-02
6.368827074766159058e-02
1.414518356323242188e-01
2.053877525031566620e-02
0.000000000000000000e+00
3.412862867116928101e-02
1.279567778110504150e-01
0.000000000000000000e+00
2.487560361623764038e-02
9.534957259893417358e-02
6.579273939132690430e-01
9.270182847976684570e-01
1.171522513031959534e-01
6.106381863355636597e-02
2.127934694290161133e-01
6.472432017326354980e-01
4.098192214965820312e+00
2.665514349937438965e-01
5.080348849296569824e-01
9.354654550552368164e-01
6.651019454002380371e-01
3.193858861923217773e-01
8.789212256669998169e-02
8.303130418062210083e-02
1.133479952812194824e+00
1.476425766944885254e+00
5.051446333527565002e-02
5.750815570354461670e-02
0.000000000000000000e+00
2.724955677986145020e-01
0.000000000000000000e+00
1.320833683013916016e+00
0.000000000000000000e+00
1.453064829111099243e-01
2.408359348773956299e-01
6.820083141326904297e+00
6.608398258686065674e-02
1.047885537147521973e+00
5.505334734916687012e-01
3.064603507518768311e-01
5.663954019546508789e-01
3.010633230209350586e+00
2.362401187419891357e-01
1.478830099105834961e+00
5.928194522857666016e-01
9.807395935058593750e-02
6.553755998611450195e-01
2.525437474250793457e-01
1.649294979870319366e-02
0.000000000000000000e+00
2.114677190780639648e+00
3.747771680355072021e-02
4.382742941379547119e-01
6.808381527662277222e-02
8.029777407646179199e-01
7.606662809848785400e-02
9.822409600019454956e-02
7.063184399157762527e-03
0.000000000000000000e+00
2.235662937164306641e+00
5.574554949998855591e-02
0.000000000000000000e+00
1.901141367852687836e-02
2.347205281257629395e-01
2.261866927146911621e-01
0.000000000000000000e+00
1.765316817909479141e-03
7.215005811303853989e-03
2.282719910144805908e-01
1.278175562620162964e-01
1.094198584556579590e+00
3.397378325462341309e-02
3.006379865109920502e-02
2.984955608844757080e-01
0.000000000000000000e+00
1.347009092569351196e-01
2.415015920996665955e-02
1.362540125846862793e-01
0.000000000000000000e+00
0.000000000000000000e+00
2.689758688211441040e-02
7.620660662651062012e-01
2.372456312179565430e+00
0.000000000000000000e+00
1.996715962886810303e-01
4.564117789268493652e-01
1.184674277901649475e-01
9.353972226381301880e-02
2.740571498870849609e-01
2.456471323966979980e-02
0.000000000000000000e+00
3.501915037631988525e-01
2.461168766021728516e-01
3.421515226364135742e+00
3.394837258383631706e-03
3.607974573969841003e-02
8.575833588838577271e-02
2.179731577634811401e-01
9.646558761596679688e-02
2.132169902324676514e-01
4.723213985562324524e-02
9.498318433761596680e-01
8.171047568321228027e-01
7.410894334316253662e-02
1.670405268669128418e-02
5.947785377502441406e-01
1.041128158569335938e+00
4.030198752880096436e-01
1.292777508497238159e-01
5.161647796630859375e-01
3.182158708572387695e+00
2.595813274383544922e-01
4.400708079338073730e-01
6.270910799503326416e-02
0.000000000000000000e+00
3.641619205474853516e+00
8.444285988807678223e-01
6.932144165039062500e-01
0.000000000000000000e+00
1.062497869133949280e-01
1.022983938455581665e-01
1.045457124710083008e-01
5.481281876564025879e-01
2.005916386842727661e-01
5.318493843078613281e-01
1.195800304412841797e-02
2.233842909336090088e-01
6.344616413116455078e-01
0.000000000000000000e+00
1.095669046044349670e-01
2.201622426509857178e-01
7.088061332702636719e+00
2.886034250259399414e-01
9.758196026086807251e-02
0.000000000000000000e+00
2.749912142753601074e-01
4.919193387031555176e-01
9.129942059516906738e-01
1.382546573877334595e-01
1.808331370353698730e+00
1.026192959398031235e-02
5.396969914436340332e-01
1.110306531190872192e-01
6.344216316938400269e-02
4.792872965335845947e-01
1.763134002685546875e-01
3.751085996627807617e-01
9.463797509670257568e-02
2.439194470643997192e-01
6.264457106590270996e-01
8.698956370353698730e-01
1.395344287157058716e-01
2.796768248081207275e-01
2.649954287335276604e-03
4.984921514987945557e-01
5.179742574691772461e-01
1.080229207873344421e-01
1.998547434806823730e+00
3.055157661437988281e-01
0.000000000000000000e+00
4.640395194292068481e-02
1.530124694108963013e-01
1.133310049772262573e-02
6.503155827522277832e-02
8.418842405080795288e-02
5.425119400024414062e-01
9.153303503990173340e-02
1.612353324890136719e-01
0.000000000000000000e+00
5.084124803543090820e-01
2.433738857507705688e-01
7.455901242792606354e-03
0.000000000000000000e+00
4.792928993701934814e-01
6.035773456096649170e-02
1.368191540241241455e-01
0.000000000000000000e+00
2.138652056455612183e-01
1.350736767053604126e-01
2.627738714218139648e-01
3.891776800155639648e-01
0.000000000000000000e+00
4.165276587009429932e-01
4.339223504066467285e-01
0.000000000000000000e+00
8.595489859580993652e-01
7.107481360435485840e-02
4.381479620933532715e-01
1.435113996267318726e-01
1.955620385706424713e-02
1.372377872467041016e+00
0.000000000000000000e+00
1.142041206359863281e+00
3.225591480731964111e-01
1.592203378677368164e-01
1.673709750175476074e-01
3.437280952930450439e-01
5.155750364065170288e-02
0.000000000000000000e+00
2.823684923350811005e-02
1.687498331069946289e+00
0.000000000000000000e+00
3.561156103387475014e-03
1.406064331531524658e-01
1.500501204282045364e-02
1.891255080699920654e-01
5.303978919982910156e-01
7.635589838027954102e-01
1.452010571956634521e-01
5.321593880653381348e-01
5.808180570602416992e-02
7.987278699874877930e-02
6.209700703620910645e-01
7.175735235214233398e-01
1.232673883438110352e+00
8.720982819795608521e-02
2.511186292394995689e-03
3.333726665005087852e-03
2.091033309698104858e-01
2.334103882312774658e-01
4.721265435218811035e-01
6.391125917434692383e-02
4.048591554164886475e-01
5.244534462690353394e-02
3.451466187834739685e-02
4.546400308609008789e-01
5.773121863603591919e-02
4.175394475460052490e-01
2.311695180833339691e-02
4.283569812774658203e+00
1.029078841209411621e+00
3.812761008739471436e-01
1.256968080997467041e-01
3.000838994979858398e+00
0.000000000000000000e+00
1.624254323542118073e-02
1.123620867729187012e-01
3.136528134346008301e-01
7.372119277715682983e-02
8.503038287162780762e-01
8.286074995994567871e-01
7.502833381295204163e-03
4.505400732159614563e-02
4.642437398433685303e-01
1.304367780685424805e-01
4.386375546455383301e-01
3.896124660968780518e-01
0.000000000000000000e+00
1.922795027494430542e-01
1.205508783459663391e-01
1.272556483745574951e-01
1.805958687327802181e-03
0.000000000000000000e+00
1.349938511848449707e-01
4.545792937278747559e-01
2.108372896909713745e-01
4.995381236076354980e-01
1.878329873085021973e+00
6.310623604804277420e-03
1.762190461158752441e-01
3.761607408523559570e-02
1.495068967342376709e-01
1.568178832530975342e-01
0.000000000000000000e+00
0.000000000000000000e+00
1.528835147619247437e-01
1.847303956747055054e-01
8.470958471298217773e-02
2.527339151129126549e-03
1.006330270320177078e-02
2.847538590431213379e-01
4.627960026264190674e-01
0.000000000000000000e+00
8.863670825958251953e-01
3.971252202987670898e+00
0.000000000000000000e+00
5.084731578826904297e-01
3.974674344062805176e-01
2.451085597276687622e-01
6.723056733608245850e-02
3.088419437408447266e-01
2.659626305103302002e-01
1.702954620122909546e-02
1.499583959579467773e+00
1.126864790916442871e+00
1.729445159435272217e-01
1.982855945825576782e-01
3.897512853145599365e-01
6.204842925071716309e-01
2.000993639230728149e-01
9.559892416000366211e-01
8.026758432388305664e-01
1.149765491485595703e+00
8.562061786651611328e-01
1.110538125038146973e+00
1.910602807998657227e+00
1.180890724062919617e-01
4.372028708457946777e-01
2.901135710999369621e-03
1.163429260253906250e+00
5.013326555490493774e-02
4.260615408420562744e-01
5.169453844428062439e-02
0.000000000000000000e+00
8.014988154172897339e-03
3.474504053592681885e-01
9.659302234649658203e-02
4.155891388654708862e-02
7.194708287715911865e-02
8.714745938777923584e-02
3.102520853281021118e-02
3.756600990891456604e-02
1.378092914819717407e-01
2.446227222681045532e-01
4.952805042266845703e-01
6.694381833076477051e-01
1.629356741905212402e+00
2.221392095088958740e-01
6.998835802078247070e-01
6.412161886692047119e-02
4.017000794410705566e-01
1.752636395394802094e-02
4.947457611560821533e-01
0.000000000000000000e+00
5.931401848793029785e-01
2.404691092669963837e-02
4.865235686302185059e-01
1.403444558382034302e-01
3.502982854843139648e+00
7.589917778968811035e-01
1.880527734756469727e-01
2.973454305902123451e-03
1.833451539278030396e-01
1.755347400903701782e-01
7.484409809112548828e-01
1.146298646926879883e+00
4.966244995594024658e-01
6.350317001342773438e-01
2.456598043441772461e+00
2.182030864059925079e-02
6.162019819021224976e-02
0.000000000000000000e+00
1.084598246961832047e-02
3.535673320293426514e-01
0.000000000000000000e+00
5.272358283400535583e-02
8.628639578819274902e-01
1.549775600433349609e-01
0.000000000000000000e+00
6.781771034002304077e-02
4.062526226043701172e-01
2.408648580312728882e-01
1.555327177047729492e+00
5.151960849761962891e-01
4.266039133071899414e-01
8.216925710439682007e-02
5.978189110755920410e-01
1.181658625602722168e+00
8.926009386777877808e-02
2.209039479494094849e-01
1.643230617046356201e-01
1.102527007460594177e-01
8.161994218826293945e-01
0.000000000000000000e+00
2.324647642672061920e-02
6.439865827560424805e-01
1.679122895002365112e-01
4.262340664863586426e-01
4.331179141998291016e+00
7.041897773742675781e-01
3.501580476760864258e+00
3.654071688652038574e-01
2.780732512474060059e-01
1.209581047296524048e-01
9.280010312795639038e-02
3.188565373420715332e-02
1.178909182548522949e+00
6.205587387084960938e-01
6.860183477401733398e-01
5.820448994636535645e-01
2.287458395585417747e-03
2.591579437255859375e+00
2.366848438978195190e-01
1.250232577323913574e+00
6.779444813728332520e-01
6.789279580116271973e-01
5.167599916458129883e-01
1.377767473459243774e-01
7.838252186775207520e-01
4.929216206073760986e-01
1.598401367664337158e-01
8.690841495990753174e-02
9.802607446908950806e-02
3.011315762996673584e-01
2.558548748493194580e-02
3.539080023765563965e-01
1.106339454650878906e+00
4.514352381229400635e-01
1.165248394012451172e+00
6.871177554130554199e-01
1.240047574043273926e+00
2.640907764434814453e+00
0.000000000000000000e+00
1.146191805601119995e-01
7.115432024002075195e-01
0.000000000000000000e+00
9.609362483024597168e-02
8.790194988250732422e-02
1.257880628108978271e-01
3.720795810222625732e-01
4.101182520389556885e-01
0.000000000000000000e+00
4.259737208485603333e-02
1.742781043052673340e+00
4.746701419353485107e-01
5.558099597692489624e-02
1.337958425283432007e-01
5.121552944183349609e-01
1.954670995473861694e-01
1.774650439620018005e-02
1.256663650274276733e-01
9.667449630796909332e-03
0.000000000000000000e+00
1.502192497253417969e+00
1.197864264249801636e-01
1.890410035848617554e-01
1.580007970333099365e-01
9.705699048936367035e-03
1.826665759086608887e+00
3.732889890670776367e-01
1.369744837284088135e-01
5.449389815330505371e-01
8.268161676824092865e-03
5.543757677078247070e-01
7.701796130277216434e-04
1.173257946968078613e+00
5.416183918714523315e-02
1.878159940242767334e-01
2.632552199065685272e-02
4.444791972637176514e-01
0.000000000000000000e+00
1.574447631835937500e+00
1.126007735729217529e-01
8.535555601119995117e-01
2.885600924491882324e-01
2.260902971029281616e-01
6.458312869071960449e-01
3.683755695819854736e-01
5.713982582092285156e-01
4.029906168580055237e-02
1.218517422676086426e-01
1.216587543487548828e+00
1.662787646055221558e-01
