1.344708919525146484e+00
9.992004036903381348e-01
9.350529909133911133e-01
3.328066691756248474e-02
0.000000000000000000e+00
1.415445506572723389e-01
8.561935424804687500e-01
2.011018544435501099e-01
5.683127641677856445e-01
2.633397579193115234e-01
1.347202539443969727e+00
6.078545451164245605e-01
5.920534729957580566e-01
1.120040297508239746e+00
1.166921928524971008e-01
1.865521669387817383e-01
6.179567575454711914e-01
5.306590348482131958e-02
4.074762165546417236e-01
1.518913209438323975e-01
6.888695359230041504e-01
1.474762707948684692e-01
1.444501429796218872e-01
8.750103712081909180e-01
1.110902205109596252e-01
1.505396008491516113e+00
1.835534572601318359e-01
1.056872129440307617e+00
3.655260503292083740e-01
3.399957656860351562e+00
1.122577309608459473e+00
3.337889611721038818e-01
5.883417129516601562e-01
4.182365834712982178e-01
1.397606134414672852e-01
4.421985447406768799e-01
5.224483609199523926e-01
1.223043680191040039e+00
3.019626140594482422e-01
7.220800966024398804e-03
6.205749511718750000e-01
8.336776494979858398e-02
2.922779321670532227e+00
9.259200096130371094e-01
4.805624783039093018e-01
5.652359724044799805e-01
3.459162116050720215e-01
2.989552021026611328e-01
6.805744767189025879e-01
1.633883476257324219e+00
2.614120244979858398e-01
3.662666678428649902e-01
1.413897871971130371e+00
1.007566452026367188e+00
1.932470798492431641e+00
8.448229432106018066e-01
5.165891051292419434e-01
2.729260206222534180e+00
9.712644219398498535e-01
4.476239085197448730e-01
6.343255192041397095e-02
0.000000000000000000e+00
2.023444920778274536e-01
6.066138744354248047e-01
1.603163182735443115e-01
1.947888731956481934e-01
2.082958966493606567e-01
8.354817628860473633e-01
3.717625737190246582e-01
2.807543575763702393e-01
1.051228880882263184e+00
4.028894901275634766e-01
2.062036275863647461e+00
2.430950880050659180e+00
4.005756080150604248e-01
1.074177846312522888e-01
7.667692303657531738e-01
8.528121560811996460e-02
1.072519719600677490e-01
1.032882571220397949e+00
7.288709878921508789e-01
6.658599525690078735e-02
2.250687927007675171e-01
1.856942296028137207e+00
3.048439919948577881e-01
1.568447202444076538e-01
4.225335121154785156e+00
1.859140992164611816e-01
2.336683124303817749e-02
0.000000000000000000e+00
4.938125908374786377e-01
4.777537882328033447e-01
5.874640941619873047e-01
9.130048006772994995e-02
5.264153480529785156e-01
9.438930153846740723e-01
1.445821076631546021e-01
3.294014930725097656e-01
1.121615022420883179e-01
7.229436039924621582e-01
7.181989550590515137e-01
4.582763835787773132e-02
0.000000000000000000e+00
3.933105990290641785e-02
8.709800839424133301e-01
1.169914156198501587e-01
5.918017588555812836e-03
7.918128967285156250e-01
1.223209425806999207e-01
1.335882067680358887e+00
2.991098761558532715e-01
8.770513534545898438e-01
4.454356133937835693e-01
2.242041975259780884e-01
4.362077638506889343e-02
4.506100118160247803e-01
2.475317716598510742e-01
9.043166637420654297e-01
1.651009440422058105e+00
6.665431261062622070e-01
2.670907676219940186e-01
9.561114758253097534e-02
2.142262905836105347e-01
4.625779092311859131e-01
3.546380758285522461e+00
5.291546583175659180e-01
6.752408146858215332e-01
6.331374049186706543e-01
1.407261610031127930e+00
1.361314654350280762e-01
1.050060868263244629e+00
2.056122869253158569e-01
0.000000000000000000e+00
1.564307093620300293e+00
1.365248560905456543e-01
1.146236062049865723e+00
5.965037941932678223e-01
3.025521516799926758e+00
4.545359313488006592e-01
1.842859387397766113e+00
5.297655984759330750e-02
5.090693011879920959e-02
4.192047119140625000e-01
1.359318196773529053e-02
8.143784403800964355e-01
5.343761295080184937e-02
4.407244622707366943e-01
1.516872167587280273e+00
1.136771798133850098e+00
7.552781105041503906e-01
1.509883403778076172e-01
2.342038005590438843e-01
3.584804534912109375e-01
8.954054117202758789e-01
5.929989814758300781e-01
5.498736500740051270e-01
2.330503016710281372e-01
6.913872361183166504e-01
5.438538193702697754e-01
6.017062440514564514e-02
0.000000000000000000e+00
2.444588989019393921e-01
3.316154181957244873e-01
4.047952890396118164e-01
7.838359475135803223e-01
4.096621572971343994e-01
4.135797023773193359e-01
2.091563224792480469e+00
6.870099157094955444e-02
1.805838942527770996e-02
5.004840493202209473e-01
1.550641804933547974e-01
2.050648480653762817e-01
2.902104333043098450e-02
2.020286619663238525e-01
3.473369777202606201e-01
4.706935025751590729e-03
6.422833800315856934e-01
1.130571141839027405e-01
1.236840009689331055e+00
0.000000000000000000e+00
1.353460311889648438e+00
9.512154459953308105e-01
2.408001124858856201e-01
0.000000000000000000e+00
3.183012306690216064e-01
1.032591611146926880e-02
9.943492710590362549e-03
6.824998557567596436e-02
1.693055778741836548e-02
1.207256913185119629e+00
9.419751763343811035e-01
2.588690631091594696e-02
2.121534496545791626e-01
4.622384905815124512e-02
9.276253730058670044e-02
0.000000000000000000e+00
4.669427275657653809e-01
5.219506025314331055e-01
8.893871903419494629e-01
3.281935751438140869e-01
2.564360141754150391e+00
5.178486704826354980e-01
2.257787138223648071e-01
3.108417391777038574e-01
1.239353269338607788e-01
6.606224775314331055e-01
2.633743047714233398e+00
4.850440099835395813e-02
8.540161848068237305e-01
4.370458424091339111e-01
4.928952157497406006e-01
1.780903935432434082e-01
1.167686060070991516e-01
4.874300956726074219e-02
2.190808653831481934e-01
2.945491790771484375e+00
2.845962718129158020e-02
1.317837476730346680e+00
5.150838494300842285e-01
1.063446879386901855e+00
3.772542476654052734e-01
9.562924504280090332e-01
1.262697111815214157e-02
1.795925021171569824e+00
2.720308780670166016e+00
1.220372170209884644e-01
2.437173843383789062e+00
1.960659623146057129e+00
7.101208567619323730e-01
5.909969806671142578e-01
2.269887775182723999e-01
5.701386332511901855e-01
8.589285016059875488e-01
1.091840118169784546e-01
5.426932334899902344e+00
1.143710389733314514e-01
4.124388098716735840e-01
6.605369448661804199e-01
1.449537038803100586e+00
1.989822983741760254e-01
2.094362735748291016e+00
1.480800956487655640e-01
3.554022312164306641e-01
4.630546569824218750e-01
3.709101676940917969e-01
3.683406710624694824e-01
2.988243103027343750e-01
6.980009078979492188e-01
7.243159413337707520e-01
5.382927060127258301e-01
3.094663023948669434e-01
1.582483947277069092e-01
1.387251853942871094e+00
1.157145261764526367e+00
3.196840286254882812e-01
1.047128319740295410e+00
6.056375503540039062e-01
2.086699008941650391e-01
4.756501317024230957e-01
7.081259787082672119e-02
3.186651766300201416e-01
7.559034973382949829e-02
1.248951554298400879e+00
9.253241121768951416e-02
5.005382895469665527e-01
2.782437205314636230e-01
5.160531997680664062e-01
7.906761765480041504e-01
9.562389925122261047e-03
3.562143325805664062e+00
1.623970270156860352e-01
4.591833949089050293e-01
6.766070723533630371e-01
1.841741442680358887e+00
7.878355979919433594e-01
3.745667636394500732e-01
1.266744285821914673e-01
1.355245947837829590e+00
4.152781516313552856e-02
3.061621189117431641e-01
1.154862046241760254e+00
5.555955767631530762e-01
2.341274172067642212e-01
1.514891028404235840e+00
3.271116912364959717e-01
1.408311009407043457e+00
5.934834480285644531e-01
2.787403995171189308e-03
4.077855050563812256e-01
0.000000000000000000e+00
7.675493955612182617e-01
1.581498742103576660e+00
6.655888557434082031e-01
3.197295069694519043e-01
7.241445779800415039e-02
7.546216249465942383e-02
2.759333252906799316e-01
3.861666321754455566e-01
4.416580498218536377e-01
4.161255806684494019e-02
1.634398251771926880e-01
1.071219682693481445e+00
8.956571817398071289e-01
1.204605937004089355e+00
1.418783426284790039e+00
9.212835431098937988e-01
3.737154230475425720e-02
1.797046542167663574e+00
6.486395001411437988e-01
9.844884872436523438e-01
4.942492246627807617e-01
1.426237970590591431e-01
1.351602315902709961e+00
1.053166985511779785e+00
2.552094310522079468e-02
1.771970629692077637e+00
1.558421850204467773e-01
1.725994646549224854e-01
6.098234057426452637e-01
4.022543728351593018e-01
2.500939071178436279e-01
0.000000000000000000e+00
7.528664916753768921e-02
9.910244345664978027e-01
6.560532748699188232e-02
3.616220951080322266e-01
1.707255840301513672e-01
3.416346013545989990e-01
1.002905331552028656e-02
2.126335948705673218e-01
4.733240902423858643e-01
2.848389148712158203e-01
4.674021005630493164e-01
0.000000000000000000e+00
1.160738244652748108e-01
1.764387078583240509e-02
1.243156433105468750e+00
2.425723522901535034e-01
1.117490828037261963e-01
2.603815309703350067e-02
7.126861717551946640e-03
1.200000196695327759e-01
1.310477733612060547e+00
3.566049337387084961e-01
8.557553887367248535e-01
7.554971575736999512e-01
2.257236391305923462e-01
9.034167230129241943e-02
8.149235844612121582e-01
4.184218883514404297e+00
6.772074699401855469e-01
1.647808909416198730e+00
7.538040876388549805e-01
8.599448949098587036e-03
9.364609718322753906e-01
1.977738589048385620e-01
1.013676643371582031e+00
2.091914266347885132e-01
1.269332021474838257e-01
1.443508744239807129e+00
1.462558507919311523e+00
1.367959737777709961e+00
2.999526023864746094e+00
1.098682761192321777e+00
2.997114695608615875e-02
1.324761658906936646e-02
1.970124840736389160e+00
5.401252508163452148e-01
6.500067710876464844e-01
9.803870320320129395e-01
5.182134509086608887e-01
2.723659038543701172e+00
1.390548348426818848e+00
1.977260559797286987e-01
3.685203194618225098e-02
1.654597401618957520e+00
3.736219704151153564e-01
3.725076094269752502e-02
1.021935194730758667e-01
0.000000000000000000e+00
6.871227622032165527e-01
0.000000000000000000e+00
5.232389569282531738e-01
5.152503848075866699e-01
7.982521653175354004e-01
9.162169694900512695e-01
2.991450726985931396e-01
1.005814790725708008e+00
1.610825955867767334e-01
2.332671403884887695e+00
7.697707414627075195e-01
3.927536010742187500e-01
7.108613848686218262e-01
1.084237813949584961e+00
1.559513449668884277e+00
2.799862325191497803e-01
6.325864195823669434e-01
5.251859128475189209e-02
1.447006016969680786e-01
1.130702942609786987e-01
1.134848892688751221e-01
3.897716104984283447e-01
1.367401719093322754e+00
0.000000000000000000e+00
2.492477655410766602e+00
2.427444420754909515e-02
4.298765957355499268e-02
1.627601742744445801e+00
2.779553890228271484e+00
1.110387086868286133e+00
2.080320566892623901e-01
9.873341768980026245e-02
2.665195465087890625e+00
3.426458537578582764e-01
3.440207242965698242e-01
2.478490620851516724e-01
1.599594205617904663e-01
3.050269365310668945e+00
4.188931584358215332e-01
3.852889537811279297e-01
1.155338287353515625e+00
2.074910640716552734e+00
8.773452043533325195e-01
5.325360894203186035e-01
2.058881707489490509e-02
5.086716413497924805e-01
3.764622807502746582e-01
0.000000000000000000e+00
2.387600690126419067e-01
1.296662241220474243e-01
1.285540312528610229e-01
2.371567673981189728e-02
2.936690449714660645e-01
5.034284591674804688e-01
2.767977118492126465e-01
1.192124605178833008e+00
3.831015110015869141e+00
1.235967352986335754e-01
4.412510395050048828e-01
4.119319617748260498e-01
1.020350977778434753e-01
1.527783274650573730e+00
4.339368641376495361e-02
4.669747650623321533e-01
1.403356343507766724e-01
1.264367938041687012e+00
0.000000000000000000e+00
8.261853456497192383e-01
3.821771219372749329e-02
1.296310305595397949e+00
3.146734237670898438e-01
2.344017028808593750e-01
2.479902952909469604e-01
1.253691911697387695e-01
2.812395393848419189e-01
9.938517808914184570e-01
2.919810771942138672e+00
1.955606509000062943e-03
0.000000000000000000e+00
1.841444522142410278e-01
1.419721841812133789e-01
4.068821966648101807e-01
1.206723526120185852e-01
1.712208390235900879e+00
1.179811596870422363e+00
2.813056409358978271e-01
1.270047426223754883e+00
2.896950960159301758e+00
6.931195855140686035e-01
4.638864696025848389e-01
1.175905764102935791e-01
1.021952152252197266e+00
9.576505422592163086e-02
3.151698112487792969e+00
6.358161568641662598e-02
4.119606316089630127e-01
2.001705616712570190e-01
3.262801468372344971e-02
5.892086625099182129e-01
6.768509745597839355e-01
2.447379529476165771e-01
5.037920475006103516e-01
6.015711426734924316e-01
3.268880397081375122e-02
1.282900333404541016e+00
1.367646336555480957e+00
5.912990123033523560e-02
4.794557765126228333e-02
1.169104650616645813e-01
1.403044462203979492e-01
3.856047093868255615e-01
1.162575840950012207e+00
5.964070931077003479e-02
4.819607257843017578e+00
1.059249877929687500e+00
1.354822069406509399e-01
3.338166773319244385e-01
2.001638337969779968e-02
2.630836963653564453e+00
6.497274041175842285e-01
1.470542550086975098e-01
8.724683523178100586e-01
1.066152453422546387e+00
6.450257301330566406e-01
1.937851071357727051e+00
6.690515577793121338e-02
3.509738743305206299e-01
1.015959829092025757e-01
1.557767152786254883e+00
2.612285017967224121e-01
1.272466659545898438e+00
2.142396122217178345e-01
1.439656764268875122e-01
4.844198524951934814e-01
2.835815250873565674e-01
5.502296686172485352e-01
1.362712979316711426e+00
7.207615971565246582e-01
9.756631851196289062e-01
1.539076209068298340e+00
7.795010089874267578e+00
6.795176863670349121e-01
3.053433299064636230e-01
3.222464621067047119e-01
1.939179599285125732e-01
4.050109069794416428e-03
2.421922683715820312e-01
3.068099915981292725e-01
7.231779098510742188e-01
6.577715277671813965e-02
2.052787691354751587e-01
3.980865329504013062e-02
2.455337762832641602e+00
7.706244587898254395e-01
4.364181160926818848e-01
8.394594788551330566e-01
1.421830654144287109e+00
0.000000000000000000e+00
1.835278123617172241e-01
7.138788700103759766e-01
3.714911937713623047e-01
2.326640486717224121e-01
2.683895111083984375e+00
8.134747147560119629e-01
6.151317059993743896e-02
3.235893845558166504e-01
1.241633966565132141e-01
5.342404842376708984e+00
5.170773267745971680e-01
2.912430763244628906e-01
1.520333290100097656e-01
2.268146723508834839e-01
6.373260617256164551e-01
9.372448176145553589e-02
5.583325624465942383e-01
8.056684136390686035e-01
8.984528183937072754e-01
3.085514903068542480e-01
9.961038827896118164e-01
2.543756961822509766e-01
6.118052601814270020e-01
2.782380767166614532e-02
3.059100173413753510e-02
4.759188592433929443e-01
1.647325634956359863e+00
1.053454801440238953e-01
3.361749351024627686e-01
2.188972532749176025e-01
2.355666905641555786e-01
1.090692579746246338e-01
1.482774615287780762e-01
1.558804512023925781e-01
1.869300194084644318e-02
1.094735488295555115e-01
4.293219000101089478e-02
1.389782786369323730e+00
0.000000000000000000e+00
1.097287058830261230e+00
2.464767172932624817e-02
6.898931264877319336e-01
2.713552713394165039e-01
7.195250988006591797e-01
3.322343528270721436e-01
3.451577723026275635e-01
0.000000000000000000e+00
1.909673511981964111e-01
7.659573107957839966e-02
5.061370879411697388e-02
5.164087414741516113e-01
3.558433055877685547e-01
7.711525559425354004e-01
1.076299347914755344e-03
1.295795917510986328e+00
9.408659487962722778e-02
8.036516308784484863e-01
7.487302422523498535e-01
1.847401112318038940e-01
1.517798155546188354e-01
1.589717268943786621e+00
1.013885021209716797e+00
4.182262718677520752e-01
8.170503377914428711e-02
2.184202820062637329e-01
8.426640629768371582e-01
4.371724650263786316e-02
7.011274248361587524e-02
5.365513563156127930e-01
9.724906682968139648e-01
5.693380236625671387e-01
2.768781185150146484e-01
1.734424084424972534e-01
5.420850515365600586e-01
4.551138877868652344e-01
5.224502831697463989e-02
7.772925496101379395e-01
9.833890199661254883e-02
7.574299573898315430e-01
5.655477643013000488e-01
9.995648264884948730e-01
2.351231724023818970e-01
2.990801036357879639e-01
2.626419067382812500e-02
9.221372604370117188e-01
5.182350277900695801e-01
3.286862969398498535e-01
1.144766807556152344e+00
1.449708342552185059e-01
1.295551061630249023e+00
1.336666464805603027e+00
8.946853876113891602e-01
1.182816475629806519e-01
0.000000000000000000e+00
8.695787191390991211e-01
5.071950554847717285e-01
5.789632797241210938e-01
9.817057102918624878e-02
4.131032228469848633e-01
1.311723351478576660e+00
1.339355111122131348e-01
2.353134393692016602e+00
3.523228764533996582e-01
1.657110899686813354e-01
8.149693012237548828e-01
1.364200264215469360e-01
3.013162910938262939e-01
1.254939883947372437e-01
2.202569991350173950e-01
6.468535959720611572e-02
4.621876180171966553e-01
3.910534828901290894e-02
2.018757104873657227e+00
1.754809767007827759e-01
6.848315149545669556e-02
7.523066997528076172e-01
5.980174243450164795e-02
5.238495469093322754e-01
6.120663285255432129e-01
1.631177663803100586e-01
4.617139324545860291e-02
7.898280024528503418e-01
1.008333921432495117e+00
1.670106053352355957e+00
3.001569211483001709e-01
8.255372941493988037e-02
3.787793517112731934e-01
6.748217344284057617e-02
2.242005348205566406e+00
5.085077881813049316e-01
1.413891077041625977e+00
2.839666008949279785e-01
9.145428538322448730e-01
1.782336235046386719e+00
2.506975829601287842e-01
4.352188110351562500e-01
3.785137653350830078e+00
3.609986603260040283e-02
5.590750277042388916e-02
1.913960278034210205e-01
2.849024534225463867e+00
2.335148811340332031e+00
1.907042860984802246e+00
1.443800181150436401e-01
4.003651738166809082e-01
2.840044796466827393e-01
2.815009355545043945e+00
1.249651238322257996e-01
5.029932856559753418e-01
1.647487759590148926e+00
2.573256254196166992e+00
2.428205013275146484e-01
2.782032489776611328e+00
2.326436340808868408e-01
1.316415429115295410e+00
2.214926630258560181e-01
1.699316054582595825e-01
7.057268023490905762e-01
1.384298503398895264e-01
5.173043608665466309e-01
2.668673992156982422e-01
8.214948773384094238e-01
1.044605150818824768e-01
8.987668752670288086e-01
4.728164672851562500e-01
6.755281686782836914e-01
6.415506601333618164e-01
1.362242460250854492e+00
2.024662494659423828e+00
9.004653692245483398e-01
3.362879157066345215e-01
1.388796448707580566e+00
3.704710304737091064e-01
4.475301504135131836e-01
3.545054793357849121e-02
5.447703003883361816e-01
3.143590211868286133e+00
2.975169718265533447e-01
2.490906566381454468e-01
6.690754890441894531e-01
5.967670679092407227e-02
1.424998641014099121e+00
7.590177059173583984e-01
1.988651514053344727e+00
1.793351769447326660e+00
4.665460884571075439e-01
1.956387877464294434e+00
7.559956312179565430e-01
2.713480472564697266e+00
6.887619495391845703e-01
2.054102897644042969e+00
4.262301325798034668e-01
0.000000000000000000e+00
1.739781498908996582e-01
8.056507259607315063e-02
1.634332090616226196e-01
5.623092055320739746e-01
3.463580608367919922e+00
5.201364517211914062e+00
1.668828427791595459e-01
2.865633964538574219e-01
9.094519168138504028e-02
3.826046288013458252e-01
6.198631972074508667e-02
3.000231087207794189e-01
4.672131314873695374e-02
9.187956899404525757e-02
2.904990911483764648e+00
3.687580227851867676e-01
1.243676468729972839e-01
2.569736540317535400e-01
2.630304098129272461e-01
5.761156603693962097e-02
1.084992766380310059e+00
6.264317631721496582e-01
7.141076922416687012e-01
2.374505400657653809e-01
1.850083619356155396e-01
1.581835985183715820e+00
1.126614119857549667e-02
4.939814209938049316e-01
4.797173663973808289e-02
1.188096031546592712e-01
2.531081736087799072e-01
5.562898516654968262e-01
1.369450055062770844e-02
3.516206983476877213e-03
1.250269114971160889e-01
1.286049485206604004e-01
5.208645462989807129e-01
1.597429752349853516e+00
1.424640999175608158e-03
9.547743014991283417e-03
6.057858467102050781e-01
8.391718268394470215e-01
1.710392534732818604e-01
1.114612221717834473e+00
5.933891534805297852e-01
7.316563725471496582e-01
2.230839729309082031e+00
9.438979625701904297e-02
5.673773288726806641e-01
6.078343391418457031e-01
3.220867812633514404e-01
1.292050957679748535e+00
1.821061015129089355e+00
8.661366701126098633e-01
1.468777060508728027e+00
3.359226286411285400e-01
1.959390044212341309e-01
3.230587840080261230e-01
2.820378541946411133e-01
5.242325782775878906e+00
9.323550015687942505e-02
6.393226981163024902e-01
1.201237678527832031e+00
6.420123577117919922e-01
6.885416507720947266e-01
4.351666569709777832e-01
4.035140872001647949e-01
2.012453675270080566e-01
2.358193099498748779e-01
5.187024474143981934e-01
1.881125211715698242e+00
2.473156601190567017e-01
1.052275180816650391e+00
4.622619748115539551e-01
2.990008890628814697e-01
1.025946587324142456e-01
3.309071436524391174e-02
5.470935255289077759e-02
5.273303985595703125e-01
3.738497257232666016e+00
2.545889317989349365e-01
1.879765391349792480e-01
2.545583724975585938e+00
1.508536636829376221e-01
1.756045222282409668e-01
1.723943203687667847e-01
9.439007192850112915e-02
0.000000000000000000e+00
5.289719104766845703e-01
3.819715678691864014e-01
1.334921419620513916e-01
2.968490719795227051e-01
5.605350136756896973e-01
4.601792991161346436e-01
1.599380522966384888e-01
1.502831578254699707e+00
1.086620315909385681e-01
1.816184222698211670e-01
1.250090122222900391e+00
4.398331046104431152e-01
8.696349859237670898e-01
1.455242633819580078e-01
4.275095164775848389e-01
1.677614897489547729e-01
1.024935320019721985e-01
8.975607156753540039e-01
3.059303045272827148e+00
2.337463498115539551e-01
4.902969300746917725e-01
1.379632949829101562e-01
1.729640126228332520e+00
1.266826689243316650e-01
8.378744870424270630e-02
9.109734296798706055e-01
8.942959308624267578e-01
2.337177276611328125e+00
6.875319778919219971e-02
1.369323581457138062e-01
1.488632559776306152e+00
0.000000000000000000e+00
8.242572098970413208e-02
0.000000000000000000e+00
2.298081107437610626e-02
5.590992569923400879e-01
3.694836050271987915e-02
3.624390065670013428e-01
1.198008507490158081e-01
2.194136619567871094e+00
0.000000000000000000e+00
7.551663517951965332e-01
1.526240259408950806e-01
3.860233128070831299e-01
1.012448072433471680e+00
6.440716981887817383e-01
1.244428873062133789e+00
8.294546008110046387e-01
1.131980061531066895e+00
3.986971855163574219e+00
7.825441360473632812e-01
2.362694293260574341e-01
2.417779266834259033e-01
2.495069429278373718e-02
8.660066723823547363e-01
1.974063992500305176e+00
1.302775382995605469e+00
9.541222453117370605e-02
1.738136410713195801e-01
4.081381112337112427e-02
8.335081487894058228e-02
3.971119403839111328e+00
9.917948246002197266e-01
3.244924843311309814e-01
2.895701229572296143e-01
2.273170053958892822e-01
7.750388234853744507e-02
5.145475268363952637e-01
7.987081408500671387e-01
0.000000000000000000e+00
1.013997435569763184e+00
4.039768218994140625e+00
2.217396259307861328e+00
2.591856420040130615e-01
3.470214903354644775e-01
7.003978826105594635e-03
6.843677163124084473e-01
5.743494033813476562e-01
3.805752098560333252e-02
3.012512810528278351e-02
4.456221312284469604e-02
7.670672535896301270e-01
5.209474563598632812e-01
2.043446540832519531e+00
2.193836212158203125e+00
2.102991819381713867e+00
2.889043986797332764e-01
9.007318615913391113e-01
2.062248468399047852e+00
4.365123808383941650e-01
5.095967650413513184e-01
2.459713459014892578e+00
2.177204377949237823e-02
1.428365558385848999e-01
5.604682490229606628e-02
1.281662344932556152e+00
4.247938692569732666e-01
1.828271448612213135e-01
8.461667299270629883e-01
5.821870565414428711e-01
2.667644321918487549e-01
5.797057878226041794e-03
6.773860454559326172e-01
5.617528036236763000e-02
3.552136719226837158e-01
2.256184369325637817e-01
1.442238092422485352e-01
1.164386749267578125e+00
1.613453030586242676e+00
1.367276012897491455e-01
2.262960933148860931e-02
4.446437656879425049e-01
2.299077212810516357e-01
3.605220615863800049e-01
5.853123664855957031e-01
1.637084484100341797e-01
8.406981825828552246e-02
6.049754619598388672e-01
3.171754121780395508e+00
3.516001626849174500e-02
3.288539499044418335e-02
3.017313182353973389e-01
1.562649965286254883e+00
6.188173294067382812e-01
1.131452322006225586e+00
4.679137170314788818e-01
3.328315317630767822e-01
7.307246327400207520e-01
9.625700116157531738e-01
1.244584321975708008e-01
4.407985508441925049e-01
6.589227169752120972e-02
5.939878940582275391e+00
2.842605113983154297e-01
6.709108352661132812e-01
4.024104773998260498e-01
1.386678367853164673e-01
4.445836544036865234e-01
4.152300655841827393e-01
2.819344028830528259e-02
7.533394694328308105e-01
9.124423265457153320e-01
0.000000000000000000e+00
8.590200543403625488e-01
4.186775684356689453e-01
1.488009095191955566e+00
1.239725500345230103e-01
7.369394302368164062e-01
1.434761524200439453e+00
1.196783185005187988e-01
1.257714927196502686e-01
1.315930625423789024e-03
1.353305101394653320e+00
1.095304116606712341e-01
6.924737989902496338e-02
7.576335072517395020e-01
2.026153802871704102e-01
1.565656661987304688e-01
7.499631643295288086e-01
2.214487195014953613e-01
6.295158267021179199e-01
7.410717606544494629e-01
6.844893693923950195e-01
1.697349548339843750e-02
1.896410435438156128e-01
2.218755036592483521e-01
3.745341300964355469e-01
1.193035468459129333e-01
4.146181344985961914e-01
2.271568179130554199e-01
1.767349988222122192e-02
1.496389508247375488e-01
3.118017911911010742e-01
3.270780295133590698e-02
1.236037239432334900e-01
6.310545206069946289e-01
2.071866840124130249e-01
8.991537243127822876e-02
5.745746195316314697e-02
1.311204832745715976e-04
6.885026693344116211e-01
4.588663876056671143e-01
2.400546312332153320e+00
1.885910779237747192e-01
2.228380739688873291e-01
3.933193087577819824e-01
2.361649721860885620e-01
1.555323898792266846e-01
1.210450157523155212e-01
1.216269284486770630e-01
3.378930389881134033e-01
1.158768534660339355e-01
1.113820433616638184e+00
8.391540050506591797e-01
1.590653955936431885e-01
1.134220510721206665e-01
9.515875577926635742e-02
0.000000000000000000e+00
1.177995353937149048e-01
1.681889146566390991e-01
3.060954622924327850e-02
9.250374138355255127e-02
8.136680126190185547e-01
2.772893905639648438e+00
8.869814872741699219e-01
3.816531300544738770e-01
0.000000000000000000e+00
2.656170129776000977e-01
2.743963003158569336e-01
1.928860843181610107e-01
1.939141601324081421e-01
3.542014956474304199e-01
0.000000000000000000e+00
6.945211291313171387e-01
4.658791795372962952e-02
1.470815539360046387e-01
7.768918871879577637e-01
1.827548146247863770e-01
8.641630411148071289e-02
3.121422052383422852e+00
7.126112282276153564e-02
2.415271550416946411e-01
2.884087085723876953e+00
0.000000000000000000e+00
6.606081724166870117e-01
1.703893661499023438e+00
1.878381669521331787e-01
2.507657706737518311e-01
1.160008072853088379e+00
4.445478022098541260e-01
7.206656932830810547e-01
6.102622672915458679e-02
5.894818305969238281e-01
3.276153802871704102e-01
6.803349256515502930e-01
2.620492689311504364e-02
1.489422202110290527e+00
1.497719287872314453e-01
1.757306233048439026e-02
4.665285646915435791e-01
2.298069447278976440e-01
9.998777508735656738e-01
3.787619248032569885e-02
7.180808186531066895e-01
7.735639065504074097e-02
2.717980444431304932e-01
3.756069242954254150e-01
3.360843956470489502e-01
2.304134368896484375e-01
2.710714578628540039e+00
2.162198163568973541e-02
7.482181489467620850e-02
2.482770085334777832e-01
5.644497275352478027e-01
1.086936667561531067e-01
4.640682637691497803e-01
1.041813015937805176e+00
8.501355648040771484e-01
2.292618006467819214e-01
6.192650794982910156e-01
1.158331036567687988e+00
1.659158825874328613e+00
7.016876339912414551e-01
3.416993841528892517e-02
2.243551760911941528e-01
0.000000000000000000e+00
4.319201946258544922e+00
5.042422413825988770e-01
1.277786731719970703e+00
6.675522327423095703e-01
8.706538379192352295e-02
4.360350370407104492e-01
3.180810511112213135e-01
1.257633805274963379e+00
6.861913017928600311e-03
9.369646906852722168e-01
6.027175486087799072e-02
0.000000000000000000e+00
2.896200418472290039e-01
3.225430548191070557e-01
2.394058942794799805e+00
1.479771375656127930e+00
1.581207156181335449e+00
1.623033165931701660e+00
5.647066831588745117e-01
3.856140375137329102e-01
3.825949430465698242e-01
8.073512315750122070e-01
4.189142957329750061e-02
2.559870779514312744e-01
1.595397293567657471e-02
7.508190870285034180e-01
1.399611979722976685e-01
1.072621047496795654e-01
2.357830703258514404e-01
4.845625162124633789e-01
7.968184947967529297e-01
8.624845743179321289e-02
7.008440792560577393e-02
0.000000000000000000e+00
1.821839623153209686e-02
1.268369197845458984e+00
1.125075101852416992e+00
3.802248835563659668e-01
6.086518168449401855e-01
5.934488773345947266e-01
5.962643027305603027e-01
3.828178048133850098e-01
1.010673522949218750e+00
6.027843475341796875e+00
0.000000000000000000e+00
6.178724169731140137e-01
8.116029202938079834e-02
9.368312358856201172e-01
1.609375000000000000e+00
1.135390624403953552e-02
1.795061305165290833e-02
1.016883924603462219e-01
2.003821849822998047e+00
8.009319901466369629e-01
7.552242875099182129e-01
3.109010457992553711e-01
2.245427668094635010e-02
4.411831796169281006e-01
3.693382143974304199e-01
1.077581048011779785e+00
1.650832295417785645e-01
3.909037113189697266e-01
4.234907329082489014e-01
2.439148664474487305e+00
5.792669653892517090e-01
8.189753890037536621e-01
1.681613475084304810e-01
7.642574906349182129e-01
1.758419156074523926e+00
2.187163114547729492e+00
3.453018069267272949e-01
1.740847975015640259e-01
3.353431224822998047e-01
3.992915153503417969e-01
2.890584468841552734e-01
2.070000171661376953e+00
5.454551577568054199e-01
3.300224542617797852e-01
2.316962033510208130e-01
2.529598474502563477e-01
4.048039913177490234e-01
5.248011555522680283e-03
3.152177035808563232e-01
9.176979064941406250e-01
1.370147824287414551e+00
6.624183058738708496e-01
2.784667536616325378e-02
1.574529856443405151e-01
1.041593790054321289e+00
1.293166279792785645e+00
9.509907960891723633e-01
5.082545280456542969e-01
9.916990995407104492e-02
8.283702135086059570e-01
3.436132073402404785e-01
2.004064321517944336e-01
0.000000000000000000e+00
1.247374534606933594e+00
1.670759767293930054e-01
2.305406033992767334e-01
1.663658320903778076e-01
5.052281618118286133e-01
4.812953948974609375e+00
5.183361768722534180e-01
0.000000000000000000e+00
1.485748291015625000e+00
8.838440179824829102e-01
4.690172970294952393e-01
1.425167918205261230e-01
6.827788352966308594e-01
9.710986614227294922e-01
0.000000000000000000e+00
1.716838777065277100e-01
3.696733340620994568e-02
3.159766197204589844e-01
1.979514360427856445e-01
1.825282216072082520e+00
0.000000000000000000e+00
9.458386301994323730e-01
1.330942749977111816e+00
5.577299371361732483e-02
1.746066331863403320e+00
5.184827327728271484e+00
1.889413893222808838e-01
9.588543772697448730e-01
1.853364944458007812e+00
1.854167222976684570e+00
9.571947455406188965e-01
2.414443343877792358e-01
4.118216514587402344e+00
2.683108568191528320e+00
4.805299043655395508e-01
2.458468265831470490e-02
4.771354198455810547e-01
6.634665727615356445e-01
7.877018451690673828e-01
4.975877404212951660e-01
3.598532199859619141e+00
4.020884037017822266e-01
1.391305774450302124e-02
2.339695096015930176e-01
1.517594575881958008e+00
2.304097652435302734e+00
8.379935622215270996e-01
3.120818138122558594e-01
2.107187174260616302e-02
9.155212640762329102e-01
2.444085925817489624e-01
1.357699185609817505e-01
4.739566445350646973e-01
3.991727530956268311e-01
1.611794948577880859e+00
1.326348036527633667e-01
1.762635946273803711e+00
3.708615899085998535e-01
4.613117277622222900e-01
2.254025340080261230e-01
4.167374968528747559e-01
8.237029314041137695e-01
1.149834133684635162e-02
4.403668940067291260e-01
2.186706781387329102e+00
9.320599585771560669e-02
2.123185545206069946e-01
1.214447021484375000e-01
1.208744272589683533e-01
2.660799026489257812e+00
8.234038352966308594e-01
7.696399837732315063e-02
0.000000000000000000e+00
1.486086696386337280e-01
1.553542613983154297e+00
3.108812570571899414e-01
2.224715709686279297e+00
1.515009522438049316e+00
6.110368762165307999e-03
1.060203164815902710e-01
1.273287534713745117e-01
2.443878725171089172e-02
1.249566376209259033e-01
5.460037589073181152e-01
2.483755111694335938e+00
6.619004011154174805e-01
2.573148906230926514e-01
8.087322711944580078e-01
6.080769374966621399e-02
5.940401181578636169e-02
1.760267317295074463e-01
9.070246666669845581e-02
2.670804262161254883e-01
8.513931035995483398e-01
1.615192532539367676e+00
1.544017903506755829e-02
1.297816634178161621e-01
4.268511831760406494e-01
1.342281222343444824e+00
3.141745924949645996e-01
1.700709581375122070e+00
6.982674002647399902e-01
3.590939939022064209e-01
9.076653420925140381e-02
6.840434670448303223e-02
1.850422739982604980e+00
0.000000000000000000e+00
8.196275830268859863e-01
1.773826777935028076e-01
6.760761737823486328e-01
2.915609180927276611e-01
1.096210598945617676e+00
6.354461312294006348e-01
8.266248106956481934e-01
4.922028481960296631e-01
7.083744555711746216e-02
3.875595927238464355e-01
2.036119222640991211e+00
8.623698353767395020e-01
1.139706492424011230e+00
3.633538782596588135e-01
5.592400431632995605e-01
7.721160352230072021e-02
1.301668643951416016e+00
8.489051461219787598e-01
4.558415412902832031e-01
4.217715859413146973e-01
1.585056483745574951e-01
8.827324956655502319e-03
1.801968365907669067e-01
7.611300945281982422e-01
9.102131724357604980e-01
3.266514301300048828e+00
4.434814155101776123e-01
8.254198357462882996e-03
3.920271396636962891e-01
1.714257597923278809e-01
5.908172130584716797e-01
1.854414641857147217e-01
1.975840330123901367e-01
1.681302487850189209e-01
3.618704378604888916e-01
6.323914043605327606e-03
3.097845017910003662e-01
4.231248199939727783e-01
9.647687077522277832e-01
9.877026677131652832e-01
3.317393064498901367e-01
1.449939966201782227e+00
2.895156443119049072e-01
6.557367742061614990e-02
3.047982454299926758e-01
6.190672516822814941e-02
4.829608798027038574e-01
6.225788593292236328e-01
1.393206417560577393e-01
2.468286007642745972e-01
2.880209982395172119e-01
1.920385122299194336e+00
7.254149299114942551e-03
2.070114016532897949e-01
2.252061218023300171e-01
2.895948588848114014e-01
3.662343025207519531e-01
1.077656626701354980e+00
1.443131089210510254e+00
2.421680450439453125e+00
1.346775889396667480e-01
5.755748152732849121e-01
1.415707826614379883e+00
3.556794822216033936e-01
9.607881307601928711e-02
5.012752488255500793e-02
6.632619500160217285e-01
2.069954723119735718e-01
1.951066106557846069e-01
5.654309988021850586e-01
1.158170461654663086e+00
1.593269556760787964e-01
3.945279493927955627e-02
2.686922252178192139e-01
3.197136819362640381e-01
2.013843297958374023e+00
1.467930078506469727e+00
1.895141601562500000e-01
2.638461589813232422e-01
4.236755371093750000e-01
4.754965603351593018e-01
8.243630826473236084e-02
2.950651347637176514e-01
4.061221182346343994e-01
8.867627978324890137e-01
8.687525987625122070e-01
1.256020963191986084e-01
1.699070215225219727e+00
5.958216786384582520e-01
7.925613522529602051e-01
1.951681971549987793e+00
1.735119372606277466e-01
5.608425289392471313e-02
1.097563356161117554e-01
1.092531681060791016e+00
8.422351479530334473e-01
7.697121500968933105e-01
1.949434876441955566e-01
3.391804173588752747e-02
5.112097859382629395e-01
7.652555704116821289e-01
1.143041327595710754e-01
5.769267678260803223e-01
8.446157574653625488e-01
4.494248628616333008e-01
2.357043743133544922e+00
2.389153718948364258e+00
1.567443013191223145e+00
1.227219849824905396e-01
2.517538070678710938e+00
0.000000000000000000e+00
9.055855274200439453e-01
1.961436308920383453e-02
4.985079288482666016e+00
4.145827889442443848e-01
1.353758811950683594e+00
8.110619336366653442e-02
4.185183644294738770e-01
2.962790429592132568e-01
1.688433289527893066e-01
9.124616533517837524e-02
1.856313943862915039e+00
1.158903837203979492e-01
1.307888627052307129e-01
3.003693222999572754e-01
2.830529212951660156e-01
5.163996815681457520e-01
8.114771246910095215e-01
6.614431142807006836e-01
1.670138686895370483e-01
5.581607222557067871e-01
5.871585011482238770e-01
1.208524033427238464e-01
3.129093348979949951e-01
2.504922747611999512e-01
3.622938990592956543e-01
1.860569238662719727e+00
4.558995962142944336e-01
4.686065316200256348e-01
1.664331436157226562e+00
1.675898194313049316e+00
2.027264595031738281e+00
4.828965365886688232e-01
1.324565410614013672e-01
1.835038661956787109e-01
2.809865400195121765e-02
5.504741072654724121e-01
2.763381227850914001e-02
2.766213893890380859e+00
2.308001816272735596e-01
1.631019115447998047e+00
3.916685283184051514e-02
1.142978429794311523e+00
4.194814711809158325e-02
1.485028028488159180e+00
3.391855955123901367e-01
1.509236216545104980e+00
4.528054296970367432e-01
1.863191425800323486e-01
2.997341156005859375e-01
9.903347492218017578e-02
4.367033243179321289e-01
4.558726251125335693e-01
2.457891255617141724e-01
9.503069519996643066e-01
7.944104820489883423e-02
2.995491027832031250e-01
0.000000000000000000e+00
9.957975149154663086e-02
3.577298820018768311e-01
2.023149728775024414e+00
7.093185186386108398e-01
1.607666760683059692e-01
2.924807667732238770e-01
7.230981588363647461e-01
1.602795958518981934e+00
6.868016123771667480e-01
1.009501695632934570e+00
5.912302061915397644e-02
1.165551245212554932e-01
6.419393699616193771e-03
1.351083517074584961e-01
1.626038432121276855e+00
6.382984519004821777e-01
2.486001253128051758e+00
6.946684122085571289e-01
1.437724232673645020e+00
6.530627608299255371e-01
2.831619501113891602e+00
7.736773490905761719e-01
2.286102920770645142e-01
4.466411173343658447e-01
3.520443663001060486e-02
3.356331586837768555e-02
8.055839538574218750e-01
3.664966523647308350e-01
1.333379507064819336e+00
8.424338698387145996e-01
6.633268594741821289e-01
4.265139698982238770e-01
1.157095581293106079e-01
2.112569808959960938e-01
1.303123682737350464e-01
1.689421236515045166e-01
2.209871113300323486e-01
4.830965399742126465e-01
2.061244964599609375e+00
2.585602700710296631e-01
2.547298669815063477e-01
2.062643289566040039e+00
7.241981625556945801e-01
5.743726491928100586e-01
4.779170155525207520e-01
4.128635823726654053e-01
2.397433280944824219e+00
9.505025744438171387e-01
2.462760925292968750e+00
4.267853219062089920e-03
4.570372402667999268e-01
6.996010243892669678e-02
1.135693550109863281e+00
3.354432344436645508e+00
1.963764131069183350e-01
4.293471276760101318e-01
9.485638886690139771e-02
8.942966349422931671e-03
3.624507784843444824e-02
6.394884586334228516e-01
2.655625939369201660e-01
2.266785353422164917e-01
4.864350557327270508e-01
7.031573653221130371e-01
1.502511464059352875e-02
2.541328370571136475e-01
2.089044094085693359e+00
8.543471805751323700e-03
1.534535169601440430e+00
5.095373988151550293e-01
1.881999015808105469e+00
1.741339802742004395e+00
4.376145303249359131e-01
2.577269673347473145e-01
5.433769226074218750e-01
0.000000000000000000e+00
2.810022234916687012e-01
3.507757484912872314e-01
1.610648334026336670e-01
1.014966592192649841e-01
2.858475923538208008e+00
2.050541490316390991e-01
0.000000000000000000e+00
2.141022123396396637e-02
2.162598967552185059e-01
8.406926393508911133e-01
4.932022467255592346e-02
4.073977470397949219e-03
4.051970541477203369e-01
4.094960913062095642e-02
1.010450839996337891e+00
2.769219875335693359e-01
1.146242171525955200e-01
1.832256764173507690e-01
1.384258866310119629e-01
5.238270163536071777e-01
0.000000000000000000e+00
4.482915401458740234e-01
4.246330261230468750e-01
5.573819875717163086e-01
2.473003864288330078e+00
7.092892527580261230e-01
3.571405634284019470e-02
2.264638841152191162e-01
5.170106291770935059e-01
9.729646444320678711e-01
4.341495335102081299e-01
2.975255966186523438e+00
1.565089941024780273e+00
3.378490507602691650e-01
3.488937318325042725e-01
4.594314098358154297e-01
5.016826987266540527e-01
3.507221639156341553e-01
8.409813046455383301e-01
9.289574623107910156e-01
6.472697854042053223e-01
2.241468280553817749e-01
7.061757445335388184e-01
6.843090653419494629e-01
1.681245267391204834e-01
3.068732917308807373e-01
1.843357920646667480e+00
7.218241691589355469e-01
1.241567492485046387e+00
2.474067267030477524e-03
6.516633033752441406e-01
2.320887148380279541e-01
1.793032512068748474e-02
2.275873720645904541e-01
3.268255591392517090e-01
3.520773351192474365e-01
2.885648906230926514e-01
8.396916389465332031e-01
3.292973935604095459e-01
4.079924523830413818e-01
1.063583791255950928e-01
7.120374590158462524e-02
2.180607318878173828e-01
5.029262304306030273e-01
1.879476755857467651e-01
1.744302392005920410e+00
1.378196835517883301e+00
8.874703049659729004e-01
2.323186397552490234e-01
4.084345698356628418e-01
3.740950673818588257e-02
2.200891524553298950e-01
6.710924953222274780e-02
2.782205678522586823e-02
4.070470109581947327e-02
2.511030137538909912e-01
8.042882084846496582e-01
4.359903931617736816e-01
1.772108301520347595e-02
7.361499592661857605e-03
5.704225301742553711e-01
3.661765158176422119e-01
3.031803071498870850e-01
1.607140749692916870e-01
1.037049964070320129e-01
5.174683332443237305e-01
4.124127924442291260e-01
4.634755849838256836e-01
5.904120802879333496e-01
3.280756473541259766e-01
8.024813532829284668e-01
8.899283409118652344e-01
8.458636403083801270e-01
1.587911605834960938e+00
9.639463573694229126e-02
7.735767215490341187e-02
3.073564171791076660e-01
7.164864540100097656e-01
6.114524602890014648e-01
5.966466665267944336e-01
3.824683725833892822e-01
2.046872138977050781e+00
3.030763864517211914e-01
1.016064405441284180e+00
1.324268221855163574e+00
2.439670562744140625e+00
3.595590293407440186e-01
1.047258257865905762e+00
1.505375355482101440e-01
4.584103077650070190e-02
1.578758358955383301e-01
1.777637124061584473e+00
5.179133638739585876e-02
2.920992076396942139e-01
3.723614811897277832e-01
9.625989794731140137e-01
1.762519404292106628e-02
1.462596207857131958e-01
1.545396447181701660e+00
0.000000000000000000e+00
1.867033094167709351e-01
1.045693382620811462e-01
9.574215859174728394e-02
3.354942426085472107e-02
3.215944766998291016e-01
2.259237319231033325e-01
1.102360725402832031e+00
6.572110056877136230e-01
4.575171172618865967e-01
3.869696259498596191e-01
3.748037517070770264e-01
5.567464828491210938e-01
4.710035622119903564e-01
4.730433523654937744e-01
5.775585398077964783e-02
2.244636118412017822e-01
5.154051780700683594e-01
2.249186336994171143e-01
9.654418230056762695e-01
2.233348637819290161e-01
1.230808794498443604e-01
1.831225037574768066e+00
2.427438944578170776e-01
1.317385673522949219e+00
2.293017506599426270e-01
1.652306437492370605e+00
3.631305992603302002e-01
9.908260703086853027e-01
2.618156075477600098e-01
2.058634012937545776e-01
1.530091091990470886e-02
1.659610629081726074e+00
4.812624752521514893e-01
1.767954587936401367e+00
3.519676327705383301e-01
0.000000000000000000e+00
1.095297113060951233e-01
5.760971307754516602e-01
1.826174497604370117e+00
6.484523415565490723e-01
1.463585734367370605e+00
2.010247707366943359e+00
1.964911967515945435e-01
7.536829113960266113e-01
2.339647263288497925e-01
2.564283609390258789e-01
4.651314616203308105e-01
1.191935017704963684e-01
2.106431961059570312e+00
2.341249465942382812e+00
7.933744788169860840e-02
5.479164719581604004e-01
3.044508934020996094e+00
4.025719761848449707e-01
3.401553928852081299e-01
1.449293049518018961e-04
3.652062177658081055e+00
2.821368277072906494e-01
3.375262022018432617e-01
6.884030103683471680e-01
7.111645340919494629e-01
1.191048622131347656e-01
3.924162387847900391e-01
0.000000000000000000e+00
1.496117115020751953e+00
9.764604568481445312e-01
3.725708127021789551e-01
1.420217603445053101e-01
5.232529044151306152e-01
1.408541202545166016e-02
3.334205389022827148e+00
1.318348050117492676e-01
2.467950731515884399e-01
2.181941866874694824e-01
3.231015205383300781e-01
1.061066031455993652e+00
2.691750824451446533e-01
4.639931023120880127e-02
3.798220157623291016e+00
3.373507499694824219e+00
3.965232968330383301e-01
8.057293891906738281e-01
4.169978797435760498e-01
1.836705923080444336e+00
9.613993763923645020e-01
4.468567669391632080e-02
5.694633722305297852e-01
1.075341939926147461e+00
1.220769956707954407e-01
1.394380211830139160e+00
7.744776010513305664e-01
6.904404163360595703e-01
5.364639759063720703e-01
4.608803093433380127e-01
3.351654410362243652e-01
2.562904059886932373e-01
1.267892360687255859e+00
4.264539107680320740e-02
8.431443572044372559e-02
9.653483033180236816e-01
6.463842988014221191e-01
7.949857115745544434e-01
2.608806192874908447e-01
3.090800940990447998e-01
5.860943198204040527e-01
1.071240752935409546e-02
7.085848450660705566e-01
1.031364798545837402e+00
1.483685374259948730e-01
6.704290211200714111e-02
3.390298604965209961e+00
1.123453229665756226e-01
1.280829787254333496e+00
3.460757136344909668e-01
4.445026218891143799e-01
2.212892984971404076e-03
1.812769651412963867e+00
1.900520920753479004e-01
5.358953401446342468e-02
1.585747748613357544e-01
1.596523821353912354e-02
3.666687011718750000e-01
2.231424570083618164e+00
1.444615364074707031e+00
1.318468600511550903e-01
3.758537471294403076e-01
4.649940729141235352e-01
2.606517374515533447e-01
1.357359647750854492e+00
1.274471879005432129e-01
9.318206310272216797e-01
3.332823812961578369e-01
4.044804573059082031e-01
3.177347034215927124e-02
1.218949198722839355e+00
4.501338601112365723e-01
2.998594343662261963e-01
1.919250488281250000e+00
4.066988080739974976e-02
1.782481551170349121e+00
1.208259224891662598e+00
1.012287855148315430e+00
1.021908760070800781e+00
1.358108967542648315e-01
2.092218995094299316e-01
2.759600281715393066e-01
1.788888096809387207e+00
2.662728428840637207e-01
5.558527708053588867e-01
1.860278248786926270e+00
9.667412042617797852e-01
1.647406101226806641e+00
6.913108825683593750e-01
1.307263225317001343e-01
6.681915521621704102e-01
1.130478456616401672e-01
1.654467225074768066e+00
3.451465964317321777e-01
9.287329912185668945e-01
6.501036286354064941e-01
9.247836470603942871e-01
2.030033990740776062e-02
2.819571495056152344e-01
1.197582840919494629e+00
3.633785620331764221e-02
1.131043672561645508e+00
1.877289891242980957e+00
2.166496753692626953e+00
2.751444816589355469e+00
1.030580252408981323e-01
1.202635243535041809e-01
0.000000000000000000e+00
1.060980916023254395e+00
1.838885098695755005e-01
4.932423532009124756e-01
4.559479653835296631e-01
9.289230406284332275e-02
2.446319341659545898e+00
5.342876911163330078e-01
2.675539553165435791e-01
4.568136632442474365e-01
1.044793650507926941e-01
1.838224977254867554e-01
2.019120752811431885e-01
7.357984036207199097e-02
1.684894204139709473e+00
7.216731309890747070e-01
6.436303853988647461e-01
5.353167057037353516e-01
5.045855641365051270e-01
3.913659453392028809e-01
8.670420646667480469e-01
2.593590319156646729e-01
1.427694082260131836e+00
5.008701086044311523e-01
5.652821660041809082e-01
3.246158957481384277e-01
1.115418225526809692e-01
3.762855529785156250e-01
6.625094264745712280e-02
1.024513840675354004e+00
5.045128464698791504e-01
4.054351896047592163e-02
5.228996872901916504e-01
6.559656858444213867e-01
6.696512699127197266e-01
4.482162594795227051e-01
8.129981160163879395e-01
3.147777169942855835e-02
2.521931886672973633e+00
2.163198590278625488e-01
3.292825073003768921e-02
2.787680327892303467e-01
2.785034894943237305e+00
2.492116212844848633e+00
1.653089076280593872e-01
1.165336221456527710e-01
0.000000000000000000e+00
1.045303225517272949e+00
6.279188394546508789e-02
4.916260838508605957e-01
1.358058571815490723e+00
2.250372767448425293e-01
1.267520636320114136e-01
1.642318964004516602e-01
1.494490355253219604e-01
6.048485636711120605e-01
6.261937320232391357e-02
4.849613606929779053e-01
0.000000000000000000e+00
8.097271323204040527e-01
5.188492536544799805e-01
4.893652498722076416e-01
6.326647400856018066e-01
8.389392495155334473e-01
6.088021397590637207e-02
3.744800984859466553e-01
7.428642511367797852e-01
5.926053524017333984e-01
9.572468400001525879e-01
4.327948391437530518e-01
1.523690521717071533e-01
1.250855565071105957e+00
3.041405677795410156e-01
1.606513857841491699e+00
1.191476345062255859e+00
1.247340798377990723e+00
1.825153529644012451e-01
3.043754398822784424e-01
1.145132660865783691e+00
3.874736726284027100e-01
1.478834033012390137e+00
2.695783078670501709e-01
3.595157861709594727e-01
2.413068711757659912e-01
4.490926265716552734e-01
1.751399278640747070e+00
6.708356738090515137e-01
2.465746700763702393e-01
2.386585809290409088e-02
7.719078660011291504e-01
1.146075725555419922e+00
2.205062627792358398e+00
5.309928655624389648e-01
1.258556842803955078e+00
1.515101552009582520e+00
5.380129814147949219e-01
1.347384810447692871e+00
1.533357739448547363e+00
1.196159720420837402e-01
7.140663266181945801e-01
9.844821095466613770e-01
1.962610781192779541e-01
3.936889171600341797e-01
1.635837405920028687e-01
5.407726019620895386e-02
4.978343546390533447e-01
1.735134273767471313e-01
1.298892349004745483e-01
4.022541522979736328e+00
4.242239594459533691e-01
5.051233991980552673e-02
3.305959105491638184e-01
1.636131405830383301e-01
1.803485304117202759e-01
3.805554285645484924e-02
1.377390027046203613e-01
1.721049308776855469e+00
1.952205896377563477e-01
4.080093801021575928e-01
8.738180398941040039e-01
1.267781376838684082e+00
2.316139340400695801e-01
5.447088479995727539e-01
5.290634036064147949e-01
3.598932027816772461e-01
0.000000000000000000e+00
1.699703931808471680e-01
4.396176338195800781e-01
2.757956087589263916e-01
2.155600637197494507e-01
5.274615883827209473e-01
1.183612421154975891e-01
3.180512189865112305e-01
5.610201954841613770e-01
2.169453799724578857e-01
4.027899265289306641e+00
2.152891755104064941e-01
2.009364515542984009e-01
4.046210348606109619e-01
6.421813368797302246e-01
6.550837159156799316e-01
1.940198838710784912e-01
1.685460507869720459e-01
1.214646577835083008e+00
5.058649182319641113e-01
1.029773652553558350e-01
2.897054255008697510e-01
9.842859208583831787e-02
1.187311530113220215e+00
9.066671133041381836e-01
8.918599486351013184e-01
2.310095280408859253e-01
6.601495742797851562e-01
2.959869623184204102e+00
2.547281095758080482e-03
1.873425394296646118e-01
3.733942508697509766e-01
1.278751492500305176e+00
3.187277555465698242e+00
3.525954186916351318e-01
5.197221636772155762e-01
6.896661128848791122e-03
1.103197932243347168e-01
1.070174932479858398e+00
4.468034207820892334e-01
9.405289590358734131e-02
2.861359357833862305e+00
1.294818520545959473e-01
2.969637215137481689e-01
6.978988647460937500e-01
2.148867696523666382e-01
4.915302395820617676e-01
4.968493580818176270e-01
3.945470154285430908e-01
2.569880187511444092e-01
2.141176760196685791e-01
0.000000000000000000e+00
1.916936784982681274e-02
1.050963923335075378e-01
1.904248595237731934e+00
1.355615258216857910e-01
1.742074489593505859e+00
5.306521654129028320e-01
4.313991367816925049e-01
1.807713270187377930e+00
1.803089380264282227e+00
7.480954527854919434e-01
2.089822530746459961e+00
7.037420272827148438e-01
3.045833110809326172e-01
9.229481220245361328e-01
7.104307413101196289e-02
2.220893055200576782e-01
2.376624941825866699e-01
1.107910513877868652e+00
8.243767917156219482e-02
1.285079270601272583e-01
4.052129387855529785e-01
2.540966510772705078e+00
9.010001271963119507e-02
7.721730470657348633e-01
1.092734456062316895e+00
8.225474357604980469e-01
3.303992509841918945e+00
2.203533202409744263e-01
1.235277891159057617e+00
0.000000000000000000e+00
7.852095961570739746e-01
2.597984485328197479e-02
7.719701528549194336e-01
4.595616757869720459e-01
2.573039829730987549e-01
2.694602012634277344e-01
1.943424105644226074e+00
3.198000192642211914e-01
0.000000000000000000e+00
1.616430468857288361e-02
1.413979083299636841e-01
5.371853113174438477e-01
3.613620251417160034e-02
3.635713756084442139e-01
1.590526461601257324e+00
5.263324379920959473e-01
