4.886676743626594543e-02
6.303431987762451172e-01
3.694188356399536133e+00
0.000000000000000000e+00
6.785609126091003418e-01
0.000000000000000000e+00
2.860673367977142334e-01
3.535051047801971436e-01
4.997400194406509399e-02
2.081875354051589966e-01
1.298082113265991211e+00
5.422507524490356445e-01
4.013969302177429199e-01
3.242107868194580078e+00
9.659973904490470886e-03
9.930569529533386230e-01
2.133709192276000977e-01
2.223404049873352051e-01
4.105271995067596436e-01
2.727277576923370361e-01
2.112198621034622192e-01
8.124254941940307617e-01
1.053045034408569336e+00
7.186971902847290039e-01
6.761009991168975830e-02
7.259285449981689453e-01
5.366300046443939209e-02
1.837198972702026367e+00
4.469205141067504883e-01
2.018118381500244141e+00
4.567219614982604980e-01
2.921088337898254395e-01
9.199676513671875000e-01
7.669713497161865234e-01
7.783282399177551270e-01
3.922125324606895447e-02
4.190584644675254822e-02
7.232826948165893555e-02
6.077054142951965332e-02
1.856724619865417480e-01
1.485795497894287109e+00
2.904727756977081299e-01
2.383945703506469727e+00
6.323170065879821777e-01
1.935589909553527832e-01
1.694375127553939819e-01
1.173967123031616211e+00
2.930307149887084961e+00
6.588686108589172363e-01
5.962843894958496094e-01
2.381490617990493774e-01
7.023053765296936035e-01
2.852152585983276367e+00
8.868619203567504883e-01
5.721185803413391113e-01
5.705910325050354004e-01
3.035754524171352386e-02
6.340521574020385742e-01
1.142798215150833130e-01
2.147228717803955078e+00
1.099734082818031311e-01
4.864199459552764893e-02
2.093451768159866333e-01
7.388863563537597656e-01
0.000000000000000000e+00
1.267147064208984375e+00
3.381002843379974365e-01
4.738162159919738770e-01
6.462302803993225098e-01
4.018868505954742432e-01
6.077322959899902344e-01
3.403961658477783203e-01
2.470518797636032104e-01
1.656871080398559570e+00
8.052899241447448730e-01
2.967376410961151123e-01
2.396934479475021362e-01
7.634273916482925415e-02
1.139296054840087891e+00
8.541323542594909668e-01
3.520309925079345703e-01
2.346443384885787964e-01
5.336712598800659180e-01
1.498548388481140137e+00
3.524931669235229492e-01
1.667443290352821350e-02
2.065416336059570312e+00
4.843762516975402832e-01
0.000000000000000000e+00
1.877425312995910645e-01
1.224739328026771545e-01
3.474253118038177490e-01
1.797741174697875977e+00
1.878225128166377544e-03
7.539537549018859863e-01
5.586782693862915039e-01
2.402817271649837494e-02
2.726648747920989990e-01
3.131337165832519531e-01
5.210489630699157715e-01
1.611207127571105957e+00
1.121412962675094604e-02
2.024775743484497070e-01
9.731083363294601440e-02
6.369488779455423355e-03
4.689809381961822510e-01
1.211161538958549500e-01
4.657914638519287109e-01
1.907089352607727051e-01
2.615132331848144531e-01
7.675891369581222534e-02
4.953211843967437744e-01
5.638225674629211426e-01
9.311678260564804077e-02
4.736827313899993896e-02
9.964346885681152344e-01
5.283977389335632324e-01
2.066888958215713501e-01
2.611674785614013672e+00
1.028895735740661621e+00
5.283701419830322266e-01
1.144244521856307983e-01
0.000000000000000000e+00
1.748982220888137817e-01
8.756940841674804688e+00
2.319476902484893799e-01
1.976313740015029907e-01
4.396954476833343506e-01
3.267987012863159180e+00
2.917973138391971588e-02
8.435022234916687012e-01
0.000000000000000000e+00
7.978416681289672852e-01
4.472582042217254639e-01
1.028141938149929047e-02
1.826580911874771118e-01
5.602151751518249512e-01
2.269377708435058594e+00
3.312207758426666260e-01
2.476418614387512207e-01
1.451111197471618652e+00
5.623048171401023865e-02
4.354434609413146973e-01
7.316498756408691406e-01
0.000000000000000000e+00
1.947431117296218872e-01
2.372741699218750000e-01
1.135519862174987793e+00
2.365895062685012817e-01
1.636467337608337402e+00
2.609007991850376129e-02
5.564250797033309937e-02
4.912711679935455322e-02
4.141138792037963867e-01
9.203805923461914062e-01
5.303394198417663574e-01
1.724150925874710083e-01
7.755528688430786133e-01
9.042207896709442139e-02
1.662010103464126587e-01
2.286388576030731201e-01
3.977467417716979980e-01
1.002938270568847656e+00
1.129419729113578796e-02
2.689336240291595459e-02
9.837540388107299805e-01
1.645777821540832520e-01
1.796923637390136719e+00
2.700397968292236328e-01
7.232040911912918091e-02
3.692544400691986084e-01
4.084450006484985352e-02
5.279796943068504333e-02
1.356334239244461060e-01
8.251645416021347046e-02
8.753509819507598877e-02
1.586110889911651611e-01
1.739738881587982178e-02
2.484410814940929413e-02
1.157792806625366211e-01
2.280207127332687378e-01
9.562350511550903320e-01
1.047245562076568604e-01
2.435532212257385254e-01
2.107195705175399780e-01
9.547186642885208130e-02
2.543583139777183533e-02
1.397986561059951782e-01
9.435348957777023315e-02
1.397142529487609863e+00
1.845696568489074707e+00
7.022208571434020996e-01
0.000000000000000000e+00
2.356572449207305908e-01
3.907871246337890625e-02
4.217184707522392273e-02
3.652063757181167603e-02
6.445544213056564331e-02
5.752425193786621094e-01
4.802606999874114990e-01
0.000000000000000000e+00
5.190350055694580078e+00
1.653965413570404053e-01
8.196065574884414673e-02
2.192831486463546753e-01
1.179219335317611694e-01
5.159460306167602539e-01
5.139787793159484863e-01
5.251540988683700562e-02
0.000000000000000000e+00
1.019856691360473633e+00
2.087395824491977692e-02
3.096695840358734131e-01
3.139567673206329346e-01
9.898272752761840820e-01
5.032616257667541504e-01
1.056921482086181641e+00
0.000000000000000000e+00
2.201309204101562500e-01
1.261678189039230347e-01
5.085303783416748047e-01
5.773173570632934570e-01
2.107835054397583008e+00
2.782412469387054443e-01
3.395819902420043945e+00
5.876837968826293945e-01
4.510801732540130615e-01
5.617429614067077637e-01
4.203655719757080078e-01
3.602559566497802734e-01
5.598625540733337402e-01
4.699928462505340576e-01
3.757859393954277039e-02
2.223428726196289062e+00
6.307072043418884277e-01
1.729641795158386230e+00
3.648083806037902832e-01
1.148100644350051880e-01
1.184781938791275024e-01
9.117718338966369629e-01
4.782050251960754395e-01
1.088082268834114075e-01
1.017484162002801895e-02
2.053293436765670776e-01
4.641181975603103638e-02
0.000000000000000000e+00
9.944348335266113281e-01
1.277172863483428955e-01
6.343030333518981934e-01
1.267223715782165527e+00
3.292883396148681641e+00
0.000000000000000000e+00
0.000000000000000000e+00
1.414195597171783447e-01
3.182202875614166260e-01
1.348798155784606934e+00
1.719207763671875000e+00
9.972473233938217163e-02
1.366880834102630615e-01
6.155620142817497253e-02
0.000000000000000000e+00
9.074414968490600586e-01
6.779959797859191895e-01
0.000000000000000000e+00
0.000000000000000000e+00
2.813518345355987549e-01
0.000000000000000000e+00
9.401058778166770935e-03
6.186343431472778320e-01
3.617165088653564453e-01
2.205933809280395508e+00
1.330892927944660187e-02
8.041928410530090332e-01
8.234721422195434570e-01
6.611745357513427734e-01
3.475333154201507568e-01
0.000000000000000000e+00
7.081828713417053223e-01
1.624591350555419922e-01
1.447149813175201416e-01
7.606586813926696777e-02
6.414428949356079102e-01
2.571666240692138672e-01
1.739774227142333984e+00
4.424619078636169434e-01
3.096019923686981201e-01
1.556364417076110840e+00
1.142861880362033844e-02
1.479979753494262695e-01
2.070736408233642578e+00
6.154285073280334473e-01
1.293389201164245605e-01
2.127863883972167969e+00
3.770452737808227539e-01
1.370834410190582275e-01
1.096389889717102051e-01
1.779911294579505920e-02
1.912324726581573486e-01
5.496482551097869873e-02
2.409116178750991821e-01
9.502426385879516602e-01
1.058463931083679199e+00
1.501806825399398804e-01
1.516532152891159058e-01
3.976194560527801514e-01
1.059571802616119385e-01
3.901317715644836426e-01
9.268505871295928955e-02
5.152186751365661621e-01
4.074879884719848633e-01
1.526808887720108032e-01
2.780709862709045410e-01
2.712067365646362305e-01
1.722535490989685059e-02
3.051590919494628906e-02
2.284910976886749268e-01
7.392343282699584961e-01
1.395325735211372375e-02
7.787750363349914551e-01
8.182579874992370605e-01
4.646632969379425049e-01
1.057302951812744141e-02
2.391366362571716309e-01
4.939445257186889648e-01
1.506213098764419556e-01
3.029774725437164307e-01
3.264550864696502686e-01
0.000000000000000000e+00
1.879527270793914795e-01
1.050695538520812988e+00
1.171006560325622559e+00
3.547804653644561768e-01
6.745228767395019531e-01
8.610463887453079224e-02
4.049058258533477783e-02
9.714701026678085327e-02
1.865464925765991211e+00
2.385289967060089111e-01
6.899030208587646484e-01
3.041399419307708740e-01
7.557082176208496094e-01
3.939475491642951965e-02
0.000000000000000000e+00
5.722171440720558167e-02
1.804495044052600861e-02
1.164150476455688477e+00
1.877859354019165039e+00
2.397739887237548828e-01
9.481286257505416870e-02
1.382831811904907227e+00
5.116587162017822266e+00
4.656551778316497803e-01
5.081265419721603394e-02
8.945996314287185669e-02
1.143842712044715881e-01
8.686532825231552124e-02
1.255039572715759277e-01
3.983727693557739258e-01
1.412913084030151367e+00
1.258864402770996094e+00
4.034451842308044434e-01
6.453018188476562500e-01
6.832384467124938965e-01
3.489586114883422852e-01
6.990506649017333984e-01
5.707272887229919434e-01
2.215164303779602051e-01
3.240956962108612061e-01
6.901546381413936615e-03
1.000347733497619629e+00
7.648867964744567871e-01
4.866017699241638184e-01
1.995267271995544434e-01
8.197063952684402466e-02
7.917241007089614868e-02
7.556722965091466904e-03
1.012559294700622559e+00
1.442662030458450317e-01
6.202107071876525879e-01
4.071664512157440186e-01
2.727149985730648041e-02
4.710708260536193848e-01
1.905196812003850937e-03
4.090285897254943848e-01
2.165119349956512451e-01
1.337866306304931641e+00
1.235359460115432739e-01
9.336351752281188965e-01
2.123400211334228516e+00
0.000000000000000000e+00
2.192173480987548828e+00
9.206446409225463867e-01
3.003933131694793701e-01
2.211274504661560059e-01
8.342531323432922363e-01
2.962639570236206055e+00
2.659757062792778015e-02
1.404600501060485840e+00
5.798861756920814514e-02
3.701819181442260742e-01
2.952942848205566406e-01
9.301684796810150146e-02
1.455081582069396973e+00
8.547905832529067993e-02
1.216881647706031799e-01
1.232098937034606934e+00
1.465004384517669678e-01
2.905108332633972168e-01
9.954102039337158203e-01
1.354201078414916992e+00
9.780911803245544434e-01
3.425897061824798584e-01
4.586519673466682434e-02
6.470140814781188965e-01
4.353029727935791016e-01
6.557894349098205566e-01
3.446595370769500732e-01
7.642091512680053711e-01
1.033109948039054871e-01
0.000000000000000000e+00
1.856229603290557861e-01
2.569318294525146484e+00
9.833936393260955811e-02
7.619905471801757812e-02
3.342242166399955750e-02
2.666299104690551758e+00
6.675250828266143799e-02
5.587055683135986328e-01
3.277779370546340942e-02
3.403463587164878845e-02
6.634327024221420288e-02
5.059564486145973206e-02
7.755990326404571533e-02
8.764035254716873169e-02
1.036912575364112854e-01
2.252335250377655029e-01
1.141150236129760742e+00
1.218006134033203125e+00
3.101258873939514160e-01
9.352850914001464844e-01
0.000000000000000000e+00
1.355333626270294189e-01
1.324138879776000977e+00
1.575203537940979004e-01
6.942651867866516113e-01
6.404503583908081055e-01
4.755798578262329102e-01
8.440319895744323730e-01
1.367779374122619629e-01
7.425374984741210938e-01
6.109502632170915604e-03
2.531942427158355713e-01
3.503386974334716797e-01
1.110263943672180176e+00
0.000000000000000000e+00
1.520425975322723389e-01
8.723729848861694336e-02
5.943462848663330078e-01
3.475001156330108643e-01
1.170911863446235657e-01
1.610722392797470093e-01
1.766806282103061676e-02
3.217878565192222595e-02
2.991124093532562256e-01
7.288900613784790039e-01
6.576883792877197266e-01
4.275833070278167725e-01
6.502223014831542969e-01
1.925164699554443359e+00
2.309165149927139282e-02
0.000000000000000000e+00
1.764550954103469849e-01
1.971217989921569824e-01
1.006183981895446777e+00
7.036877870559692383e-01
1.927895992994308472e-01
6.129865050315856934e-01
2.491276152431964874e-02
3.323739767074584961e-01
6.812003999948501587e-02
1.893893629312515259e-01
7.014511227607727051e-01
1.919442892074584961e+00
2.985931374132633209e-02
0.000000000000000000e+00
2.442135095596313477e+00
6.532168388366699219e-01
1.975948922336101532e-02
4.001724720001220703e-01
8.953175544738769531e-01
5.300261974334716797e-01
7.063823938369750977e-02
5.626333877444267273e-02
2.370727509260177612e-01
8.630412220954895020e-01
9.441843032836914062e-01
1.596402376890182495e-01
1.725587248802185059e-01
0.000000000000000000e+00
8.830565214157104492e-02
2.190742969512939453e+00
4.034056887030601501e-02
1.860506832599639893e-01
9.446139447391033173e-03
5.722282920032739639e-03
2.965320944786071777e-01
4.939318820834159851e-02
2.518533468246459961e-01
0.000000000000000000e+00
1.093649268150329590e+00
8.351845294237136841e-02
1.105431700125336647e-03
4.779585301876068115e-01
3.741768002510070801e-01
0.000000000000000000e+00
9.363819956779479980e-01
7.327976822853088379e-01
2.417722791433334351e-01
1.859357059001922607e-01
9.680523276329040527e-01
6.972388625144958496e-01
5.714077472686767578e+00
2.871593832969665527e-01
1.765716671943664551e-01
5.897435545921325684e-01
2.070468366146087646e-01
2.769110165536403656e-02
5.947040915489196777e-01
5.117675065994262695e-01
4.170508086681365967e-01
0.000000000000000000e+00
1.050830557942390442e-01
2.232892215251922607e-01
3.011859416961669922e+00
4.197700023651123047e-01
2.335793711245059967e-02
2.587473988533020020e-01
6.101121902465820312e-01
2.071587741374969482e-01
2.268145233392715454e-01
1.183090925216674805e+00
2.862533181905746460e-02
7.991156578063964844e-01
2.098677873611450195e+00
6.453194022178649902e-01
4.563377797603607178e-01
0.000000000000000000e+00
1.909143291413784027e-02
7.576363563537597656e+00
5.821686387062072754e-01
3.407505154609680176e-01
1.338615894317626953e+00
7.536420226097106934e-02
2.002367973327636719e+00
8.815543726086616516e-03
3.971995353698730469e+00
0.000000000000000000e+00
1.713486671447753906e+00
2.946278452873229980e-01
7.661072909832000732e-02
7.412168383598327637e-01
1.788399815559387207e-01
4.938074946403503418e-02
4.681884944438934326e-01
6.192898750305175781e-01
2.165327787399291992e+00
0.000000000000000000e+00
1.736481785774230957e-01
1.255395293235778809e+00
3.485952913761138916e-01
2.352808713912963867e-01
3.756825327873229980e-01
1.516860604286193848e+00
3.583194315433502197e-01
1.182961538434028625e-01
8.292427286505699158e-03
9.809175729751586914e-01
7.086203992366790771e-02
3.219173550605773926e-01
1.186404898762702942e-01
6.820864081382751465e-01
1.263983640819787979e-02
1.543179750442504883e+00
1.483764350414276123e-01
1.128165051341056824e-03
7.191641628742218018e-02
8.367975950241088867e-01
9.292612224817276001e-02
1.213758945465087891e+00
3.004439175128936768e-01
9.150790423154830933e-02
1.301963925361633301e-01
1.007306337356567383e+00
9.710587263107299805e-01
3.122367709875106812e-02
0.000000000000000000e+00
3.668683767318725586e-01
5.657844990491867065e-02
1.199748396873474121e+00
1.024748802185058594e+00
1.858268231153488159e-01
2.868196070194244385e-01
3.398503735661506653e-02
3.305456414818763733e-02
6.952120661735534668e-01
7.201674580574035645e-02
1.042427644133567810e-01
6.351549923419952393e-02
8.323578834533691406e-01
7.034817337989807129e-01
9.425590187311172485e-02
1.918383359909057617e+00
1.919195950031280518e-01
1.540183275938034058e-01
5.864604115486145020e-01
8.441212587058544159e-03
6.304234266281127930e-01
2.512973546981811523e-01
6.155297160148620605e-01
1.033518165349960327e-01
1.466732144355773926e+00
7.327515482902526855e-01
4.445947110652923584e-01
1.240088462829589844e+00
2.558781579136848450e-02
8.166821002960205078e-01
9.954849481582641602e-01
1.653042389079928398e-03
9.192587137222290039e-01
2.584245055913925171e-02
7.405680138617753983e-03
4.939015507698059082e-01
8.909323066473007202e-02
2.688607871532440186e-01
3.904669880867004395e-01
6.688570380210876465e-01
1.040781140327453613e-01
9.850627183914184570e-01
4.492880403995513916e-01
3.553294837474822998e-01
1.620595157146453857e-01
1.664636850357055664e+00
1.822222582995891571e-02
2.807267904281616211e-01
0.000000000000000000e+00
2.967668473720550537e-01
5.474094748497009277e-01
3.995667770504951477e-02
4.518347084522247314e-01
8.409020304679870605e-01
2.021273598074913025e-02
6.498249769210815430e-01
3.753096610307693481e-02
8.055498450994491577e-02
1.029185771942138672e+00
1.111393809318542480e+00
7.651135325431823730e-02
0.000000000000000000e+00
1.606193929910659790e-01
3.214071318507194519e-02
1.001030858606100082e-02
1.034624814987182617e+00
9.181043505668640137e-01
1.112985849380493164e+00
8.176533132791519165e-02
7.217980921268463135e-02
4.102616906166076660e-01
1.837496280670166016e+00
2.443997859954833984e-01
2.059497356414794922e+00
1.716912351548671722e-02
3.578355014324188232e-01
2.054715901613235474e-01
1.690315641462802887e-02
6.766269356012344360e-02
9.082015752792358398e-01
3.625261411070823669e-02
1.871009320020675659e-01
8.572010993957519531e-01
1.252683639526367188e+00
3.145149648189544678e-01
6.423322856426239014e-02
3.140415549278259277e-01
6.260386854410171509e-02
4.512499868869781494e-01
3.378311395645141602e+00
3.338229842483997345e-03
3.625514507293701172e-01
1.069329142570495605e+00
2.286584973335266113e-01
1.480439752340316772e-01
1.727541565895080566e+00
2.555640041828155518e-02
2.429329633712768555e+00
1.659555673599243164e+00
9.623227715492248535e-01
3.137169182300567627e-01
5.136704072356224060e-02
5.044744610786437988e-01
8.021354079246520996e-01
2.718352973461151123e-01
2.062326967716217041e-01
8.100736737251281738e-01
1.462910532951354980e+00
1.765065550804138184e+00
2.632197365164756775e-02
6.805493235588073730e-01
1.109713435173034668e+00
2.054813951253890991e-01
3.990299105644226074e-01
1.483691390603780746e-02
7.370800375938415527e-01
1.613477021455764771e-01
4.655751585960388184e-02
1.827864497900009155e-01
2.146383523941040039e+00
7.018446177244186401e-02
3.720058128237724304e-02
1.519075036048889160e+00
3.816357851028442383e-01
3.485397398471832275e-01
4.545417055487632751e-02
1.328269839286804199e+00
1.229897141456604004e+00
8.555113077163696289e-01
6.050912737846374512e-01
2.800322473049163818e-01
1.190196275711059570e+00
8.367681503295898438e-01
4.911170482635498047e+00
2.790191173553466797e-01
1.012151017785072327e-01
3.948660939931869507e-02
2.064032107591629028e-01
5.615855753421783447e-02
1.038509726524353027e+00
1.753274798393249512e-01
3.239111185073852539e+00
0.000000000000000000e+00
1.510890852659940720e-02
1.318166255950927734e-01
8.748242855072021484e-01
5.962157621979713440e-02
1.788586527109146118e-01
5.836979746818542480e-01
1.244943141937255859e+00
2.340087175369262695e+00
6.205849051475524902e-01
4.986837208271026611e-01
4.054468870162963867e-01
1.064855828881263733e-01
4.155072867870330811e-01
4.338651150465011597e-02
9.846313297748565674e-02
1.755944788455963135e-01
1.437964916229248047e+00
2.827229537069797516e-02
1.141873076558113098e-01
1.808022856712341309e-01
1.933117657899856567e-01
2.435960322618484497e-01
2.544557861983776093e-02
2.242868840694427490e-01
3.450084924697875977e-01
5.734752118587493896e-02
3.492651879787445068e-01
1.136240720748901367e+00
1.159396488219499588e-02
4.524980783462524414e-01
3.854582607746124268e-01
1.106116399168968201e-01
5.237108469009399414e-01
1.497618556022644043e-01
3.817169070243835449e-01
2.525815367698669434e-01
8.412628173828125000e-01
1.711979508399963379e+00
1.096408486366271973e+00
5.649498701095581055e-01
7.540456205606460571e-02
2.064114063978195190e-01
7.285461425781250000e-01
1.621134042739868164e+00
2.726983726024627686e-01
1.643199473619461060e-01
3.950768709182739258e-01
1.776551604270935059e-01
9.932747483253479004e-02
3.657296299934387207e-02
1.971350759267807007e-01
7.690398395061492920e-02
1.440042138099670410e+00
5.134481191635131836e-02
4.324768483638763428e-01
9.620118141174316406e-01
2.931287586688995361e-01
5.345249772071838379e-01
2.666308879852294922e-01
0.000000000000000000e+00
1.210400983691215515e-01
8.820185065269470215e-02
1.675940632820129395e+00
9.182500839233398438e-01
2.434067279100418091e-01
1.699483692646026611e-01
2.714817225933074951e-01
8.856798708438873291e-02
1.308701992034912109e+00
7.483605295419692993e-02
9.468924999237060547e-01
4.181083204457536340e-05
7.381719350814819336e-01
4.544819295406341553e-01
4.017740022391080856e-03
1.391007453203201294e-01
2.660920023918151855e-01
5.076146125793457031e-01
3.491972684860229492e-01
4.008566439151763916e-01
7.591904401779174805e-01
5.447737574577331543e-01
2.736964702606201172e+00
2.948991954326629639e-01
1.808251291513442993e-01
4.827629029750823975e-01
4.247248768806457520e-01
7.689480781555175781e-01
1.428914964199066162e-01
2.519513666629791260e-02
6.922157108783721924e-02
3.610445857048034668e-01
8.712514638900756836e-01
1.445173919200897217e-01
5.733602494001388550e-02
2.442921549081802368e-01
3.919926881790161133e-01
3.491032719612121582e-01
1.653351187705993652e+00
2.895711064338684082e-01
9.393071383237838745e-02
1.146847102791070938e-02
3.463209569454193115e-01
5.804169178009033203e-01
6.954983472824096680e-01
1.948105990886688232e-01
4.313656687736511230e-01
4.446091502904891968e-02
1.289808988571166992e+00
0.000000000000000000e+00
3.119138255715370178e-02
6.025292873382568359e-01
2.052312046289443970e-01
5.748928785324096680e-01
8.830822706222534180e-01
6.158053129911422729e-02
6.299322843551635742e-02
0.000000000000000000e+00
5.368829965591430664e-01
3.535794913768768311e-01
8.796567320823669434e-01
5.033683776855468750e-02
1.730427742004394531e+00
3.541123867034912109e-01
2.148952960968017578e+00
5.212646722793579102e-01
8.461815118789672852e-01
4.669309854507446289e-01
1.791098415851593018e-01
7.780891656875610352e-02
2.345364570617675781e+00
1.013099074363708496e+00
2.548505365848541260e-01
1.413970470428466797e+00
0.000000000000000000e+00
2.713939189910888672e+00
4.706644639372825623e-02
1.350690841674804688e+00
3.252875208854675293e-01
4.173491001129150391e-01
1.619694940745830536e-02
4.037646949291229248e-01
6.338286995887756348e-01
6.848039478063583374e-02
5.416947007179260254e-01
0.000000000000000000e+00
7.352937459945678711e-01
7.518228143453598022e-02
3.415227234363555908e-01
4.272901639342308044e-02
0.000000000000000000e+00
9.056292176246643066e-01
2.017198085784912109e+00
2.903423607349395752e-01
1.242224313318729401e-02
6.977861523628234863e-01
3.490732014179229736e-01
9.148539602756500244e-02
2.236751317977905273e-01
6.708577871322631836e-01
1.027414560317993164e+00
1.771248430013656616e-01
1.214502096176147461e+00
1.976810574531555176e+00
3.857333660125732422e-01
2.992865085601806641e+00
4.161933958530426025e-01
5.469778925180435181e-02
2.743190228939056396e-01
1.657328754663467407e-01
4.158753901720046997e-02
4.261908680200576782e-02
7.178234457969665527e-01
3.338767215609550476e-02
1.595246642827987671e-01
8.043393492698669434e-02
3.369420289993286133e+00
4.661731421947479248e-01
3.044501692056655884e-02
1.443676352500915527e+00
2.140064239501953125e-01
6.442952901124954224e-03
9.477478861808776855e-01
5.329172611236572266e-01
3.520268797874450684e-01
6.537132710218429565e-02
5.776342749595642090e-01
7.080028951168060303e-02
1.736386060714721680e+00
1.367228031158447266e-01
0.000000000000000000e+00
1.271458417177200317e-01
2.640921473503112793e-01
8.047434091567993164e-01
2.893269956111907959e-01
3.348272759467363358e-03
5.147376060485839844e-01
1.794868335127830505e-02
1.776080280542373657e-01
1.181841373443603516e+00
1.594210416078567505e-01
7.145402487367391586e-03
3.955167531967163086e-01
3.493781089782714844e-01
5.329448580741882324e-01
1.166559457778930664e+00
4.902255721390247345e-03
2.111375778913497925e-01
3.717433512210845947e-01
3.766572102904319763e-02
9.583551883697509766e-01
3.177571296691894531e-01
1.092345565557479858e-01
3.568382740020751953e+00
3.167469501495361328e-01
3.801282644271850586e-01
8.506538271903991699e-01
1.984908699989318848e+00
3.970535099506378174e-02
1.832393705844879150e-01
3.079359792172908783e-02
7.208079844713211060e-02
1.261532664299011230e+00
1.317885518074035645e-01
3.483099639415740967e-01
1.052597284317016602e+00
2.758603096008300781e+00
2.014591842889785767e-01
6.518070697784423828e-01
3.034504055976867676e-01
5.352079868316650391e-01
3.124621463939547539e-03
5.268936231732368469e-02
0.000000000000000000e+00
1.338659375905990601e-01
4.791453480720520020e-01
7.848303914070129395e-01
5.760880708694458008e-01
3.097488358616828918e-02
9.604066610336303711e-02
8.065000176429748535e-02
1.865695714950561523e+00
1.545520499348640442e-03
1.347079724073410034e-01
5.317074060440063477e-02
1.699468135833740234e+00
5.453094840049743652e-01
1.422862261533737183e-01
5.472760796546936035e-01
3.014983832836151123e-01
1.563154220581054688e+00
1.389055997133255005e-01
6.822998821735382080e-02
1.424937993288040161e-01
2.505806982517242432e-01
7.315817475318908691e-02
1.526108145713806152e+00
1.585824728012084961e+00
3.374822437763214111e-02
1.877558827400207520e+00
4.439466297626495361e-01
3.120456635951995850e-01
9.540170431137084961e-02
5.800716876983642578e-01
0.000000000000000000e+00
9.424332529306411743e-02
4.559710621833801270e-01
9.592211842536926270e-01
1.821643486618995667e-02
1.829180568456649780e-01
4.335160553455352783e-01
1.044562757015228271e-01
2.638475038111209869e-03
1.496621251106262207e+00
9.484457224607467651e-02
5.716440081596374512e-01
5.572734475135803223e-01
4.859536141157150269e-02
5.738560110330581665e-03
1.841296792030334473e+00
4.219733923673629761e-02
3.388090729713439941e-01
7.467038631439208984e-01
2.333587855100631714e-01
8.837597966194152832e-01
3.495168983936309814e-01
3.491381406784057617e-01
4.833591356873512268e-02
1.345327258110046387e+00
1.025255843997001648e-01
1.434107962995767593e-02
5.908279865980148315e-02
2.578178644180297852e-01
0.000000000000000000e+00
5.041734576225280762e-01
1.042717546224594116e-01
1.475003268569707870e-02
4.573596641421318054e-02
9.969615936279296875e-02
1.453400105237960815e-01
2.606231868267059326e-01
2.198362722992897034e-03
2.960773110389709473e-01
1.490702390670776367e+00
0.000000000000000000e+00
3.570979833602905273e-01
8.418726921081542969e-01
5.611181631684303284e-02
4.855453372001647949e-01
1.675489783287048340e+00
6.223529577255249023e-02
1.181708693504333496e+00
4.694787561893463135e-01
2.297352701425552368e-01
9.205316305160522461e-01
2.035799026489257812e+00
6.460727658122777939e-03
1.917006820440292358e-01
2.717680335044860840e-01
5.175778642296791077e-02
1.978162646293640137e+00
2.342825680971145630e-01
8.221787214279174805e-01
1.307537257671356201e-01
5.779044628143310547e-01
8.995670676231384277e-01
2.064509391784667969e+00
3.698681294918060303e-01
3.443841636180877686e-01
3.349614143371582031e-01
4.706199169158935547e-01
7.069041728973388672e-01
9.167023818008601665e-04
9.275741875171661377e-02
1.460694789886474609e+00
9.447130560874938965e-02
5.956884026527404785e-01
1.794648915529251099e-01
5.204340219497680664e-01
1.827372908592224121e-01
0.000000000000000000e+00
1.307565212249755859e+00
1.677307605743408203e+00
3.995069861412048340e-01
6.368040442466735840e-01
6.458266377449035645e-01
5.319188907742500305e-02
5.712021589279174805e-01
5.784304738044738770e-01
2.001689514145255089e-03
2.022747099399566650e-01
1.549954265356063843e-01
1.902166940271854401e-02
3.812135383486747742e-02
6.941429972648620605e-01
1.115105003118515015e-01
4.059173762798309326e-01
2.469989806413650513e-01
3.303328296169638634e-03
1.858179569244384766e-01
0.000000000000000000e+00
5.253705661743879318e-03
1.492819309234619141e+00
1.197930723428726196e-01
1.435274124145507812e+00
2.399442195892333984e-01
6.345923542976379395e-01
3.662119805812835693e-01
7.952373474836349487e-03
1.522062301635742188e+00
1.037844344973564148e-01
3.115455508232116699e-01
7.418531179428100586e-01
6.780642867088317871e-01
5.135257244110107422e-01
1.365204811096191406e+00
6.812433004379272461e-01
9.924063086509704590e-02
5.487459897994995117e-01
2.858454585075378418e-01
8.196019381284713745e-02
5.457118898630142212e-02
6.307595968246459961e-01
1.962420225143432617e+00
4.344234764575958252e-01
9.588070213794708252e-02
0.000000000000000000e+00
4.624440670013427734e-01
1.837178319692611694e-01
1.488247420638799667e-02
1.866604089736938477e+00
2.724780738353729248e-01
7.661463022232055664e-01
5.195593833923339844e-01
8.555116653442382812e-01
4.322016835212707520e-01
1.273273676633834839e-01
3.312867134809494019e-02
2.437683045864105225e-01
2.365773320198059082e-01
2.182833254337310791e-01
1.051925420761108398e+00
9.671633839607238770e-01
1.021429244428873062e-02
4.498710334300994873e-01
4.296137690544128418e-01
1.897285103797912598e+00
3.436620235443115234e-01
3.279437720775604248e-01
5.126091241836547852e-01
7.415156364440917969e-01
3.845174610614776611e-01
4.505779966711997986e-02
1.869898796081542969e+00
2.592889368534088135e-01
1.375085413455963135e-01
0.000000000000000000e+00
1.985983550548553467e-01
2.331896424293518066e-01
6.905030459165573120e-02
9.192827343940734863e-01
8.907534927129745483e-02
6.395748853683471680e-01
1.636564970016479492e+00
8.125498145818710327e-02
4.301937669515609741e-02
3.371307849884033203e-01
1.209614038467407227e+00
1.538012325763702393e-01
9.825587272644042969e-01
1.394803375005722046e-01
4.671306312084197998e-01
6.483777761459350586e-01
1.104257032275199890e-01
0.000000000000000000e+00
0.000000000000000000e+00
3.588418364524841309e-01
1.129659533500671387e+00
5.330353230237960815e-02
2.317562252283096313e-01
1.939691781997680664e+00
1.758033335208892822e-01
3.757824897766113281e-01
0.000000000000000000e+00
3.320521831512451172e+00
4.163468480110168457e-01
5.995039939880371094e-01
3.423834443092346191e-01
3.283774852752685547e-02
1.994516611099243164e+00
1.782239377498626709e-01
1.199042350053787231e-01
4.120227992534637451e-01
7.667650934308767319e-04
2.309379726648330688e-01
3.288674950599670410e-01
1.329383492469787598e+00
6.253507137298583984e-01
1.499114781618118286e-01
3.639220893383026123e-01
7.827197015285491943e-02
1.157963871955871582e-01
1.863028407096862793e-01
3.213504850864410400e-01
0.000000000000000000e+00
7.459853310137987137e-03
8.618017435073852539e-01
2.261335030198097229e-02
2.288625538349151611e-01
3.197033643722534180e+00
4.692704975605010986e-02
1.019325852394104004e-01
3.543028831481933594e+00
5.017876029014587402e-01
5.566992238163948059e-02
4.329809546470642090e-01
2.519161224365234375e+00
7.159726619720458984e-01
1.725960224866867065e-01
2.036016993224620819e-02
1.969952464103698730e+00
2.731064893305301666e-02
2.240773588418960571e-01
8.937969803810119629e-01
1.507557511329650879e+00
8.299937471747398376e-03
1.369468495249748230e-02
2.755234837532043457e-01
1.795473843812942505e-01
1.926857829093933105e+00
3.599703311920166016e-01
3.287717998027801514e-01
7.538677006959915161e-02
7.807973027229309082e-02
5.774685740470886230e-01
1.366355717182159424e-01
1.498461246490478516e+00
3.715885803103446960e-02
2.462101429700851440e-01
3.220804333686828613e-01
2.784275412559509277e-01
0.000000000000000000e+00
1.701539847999811172e-03
0.000000000000000000e+00
4.271737486124038696e-02
8.504229187965393066e-01
1.574017573148012161e-03
2.937614917755126953e-01
4.844463616609573364e-02
0.000000000000000000e+00
6.219393014907836914e-02
1.892684400081634521e-01
1.095915585756301880e-01
1.835996389389038086e+00
9.750320315361022949e-01
0.000000000000000000e+00
2.237118184566497803e-01
1.003801822662353516e+00
1.235943585634231567e-01
3.139379620552062988e-01
5.547009110450744629e-01
7.630776166915893555e-01
2.986103296279907227e-01
7.173261046409606934e-01
1.409591585397720337e-01
3.844465911388397217e-01
1.700253188610076904e-01
1.291628479957580566e-01
4.233990982174873352e-02
1.224805861711502075e-01
3.468171656131744385e-01
3.989363834261894226e-02
4.828869104385375977e-01
2.305527403950691223e-02
8.436619639396667480e-01
1.781128346920013428e-01
1.229691982269287109e+00
3.645977005362510681e-02
7.899711728096008301e-01
9.507325291633605957e-02
4.759827256202697754e-02
2.218097448348999023e-01
2.253567427396774292e-01
2.014689922332763672e+00
1.323890537023544312e-01
2.001395374536514282e-01
1.487456709146499634e-01
3.389540612697601318e-01
5.460513234138488770e-01
5.534081459045410156e-01
7.823439687490463257e-02
9.189765900373458862e-03
0.000000000000000000e+00
5.281799659132957458e-02
7.221999168395996094e-01
3.822769522666931152e-01
1.721233576536178589e-01
3.751996904611587524e-02
2.773889899253845215e-01
7.603560388088226318e-02
2.699307203292846680e-01
1.779561787843704224e-01
1.717499271035194397e-02
6.654587388038635254e-01
5.818980932235717773e-01
2.282323986291885376e-01
1.603558361530303955e-01
4.445811361074447632e-02
7.845412492752075195e-01
1.207119971513748169e-01
1.013784527778625488e+00
2.256465703248977661e-02
1.377882480621337891e+00
1.358403563499450684e+00
0.000000000000000000e+00
2.592103779315948486e-01
1.628443479537963867e+00
2.897061780095100403e-02
4.353059921413660049e-03
3.474729508161544800e-02
2.883439064025878906e-01
1.242583617568016052e-01
2.832860350608825684e-01
0.000000000000000000e+00
6.718133809044957161e-04
2.027655243873596191e-01
5.363126993179321289e-01
7.204529047012329102e-01
1.273259371519088745e-01
1.903147459030151367e+00
3.138826414942741394e-02
7.248605042695999146e-02
1.118252515792846680e+00
1.162256956100463867e+00
1.064889505505561829e-02
1.808955371379852295e-01
3.134436607360839844e-01
1.283619284629821777e+00
8.393219709396362305e-01
4.729101359844207764e-01
0.000000000000000000e+00
8.174436092376708984e-01
5.874941945075988770e-01
1.364934742450714111e-01
1.264009714126586914e+00
3.485097289085388184e-01
2.275160789489746094e+00
3.976216912269592285e-01
9.961046278476715088e-02
5.710193634033203125e+00
1.270974159240722656e+00
8.964578807353973389e-02
2.319189548492431641e+00
1.611297249794006348e+00
9.582720398902893066e-01
1.261481493711471558e-01
0.000000000000000000e+00
5.485301613807678223e-01
1.487633585929870605e+00
1.331847608089447021e-01
5.181638598442077637e-01
2.036072611808776855e-01
3.928681313991546631e-01
1.734388060867786407e-03
1.983420848846435547e-01
1.277187932282686234e-02
2.029958724975585938e+00
5.445842742919921875e-01
2.122783064842224121e-01
1.625356525182723999e-01
7.443637251853942871e-01
7.038260698318481445e-01
5.894246697425842285e-01
1.118495091795921326e-01
7.786363363265991211e-01
1.313202857971191406e+00
5.268115997314453125e-01
2.876962535083293915e-02
4.399748742580413818e-01
1.146799623966217041e-01
1.419076561927795410e+00
7.958552986383438110e-02
6.046033278107643127e-02
1.265913099050521851e-01
9.967215657234191895e-01
5.790287852287292480e-01
2.868358492851257324e-01
1.503734886646270752e-01
3.196926414966583252e-02
4.692904949188232422e-01
5.723962783813476562e-01
3.579304218292236328e-01
8.577787280082702637e-01
3.449660241603851318e-01
1.370713114738464355e-01
8.489248156547546387e-01
1.660099029541015625e-01
2.162494897842407227e+00
2.449587434530258179e-01
7.692527770996093750e-01
4.558265805244445801e-01
1.637368053197860718e-01
3.711875200271606445e+00
2.655440270900726318e-01
2.825606107711791992e+00
6.065988540649414062e-01
4.541205406188964844e+00
2.325978428125381470e-01
7.792261838912963867e-01
1.429176777601242065e-01
4.429253935813903809e-02
3.384204208850860596e-02
4.923094809055328369e-01
6.849535703659057617e-01
0.000000000000000000e+00
7.866604253649711609e-03
1.398060917854309082e-01
3.459429740905761719e-01
2.721619606018066406e-01
1.133852601051330566e-01
3.445082008838653564e-01
6.152135729789733887e-01
1.779743075370788574e+00
5.891526490449905396e-02
4.647622406482696533e-01
1.508113145828247070e+00
1.210232004523277283e-01
7.995692491531372070e-01
3.496654033660888672e-01
0.000000000000000000e+00
2.146074175834655762e-01
2.121597528457641602e-01
3.338250815868377686e-01
3.154210150241851807e-01
9.099798649549484253e-02
1.747971773147583008e-01
2.705252766609191895e-01
1.950254291296005249e-01
2.728770021349191666e-03
7.876764237880706787e-02
7.198861837387084961e-01
1.319866895675659180e+00
2.881249487400054932e-01
2.864110469818115234e-01
2.704318240284919739e-02
2.276106595993041992e+00
5.016705393791198730e-01
3.005059622228145599e-02
6.571955233812332153e-02
3.388639688491821289e-01
2.342461943626403809e-01
1.384870558977127075e-01
3.556679189205169678e-01
3.946778476238250732e-01
1.934338361024856567e-01
2.390385121107101440e-01
4.293324649333953857e-01
1.279997378587722778e-01
2.517485141754150391e+00
6.876581162214279175e-02
2.717497050762176514e-01
1.580707579851150513e-01
1.345935314893722534e-01
2.141405940055847168e-01
8.295187950134277344e-01
2.172395229339599609e+00
4.711058456450700760e-03
6.369359493255615234e-01
1.080128252506256104e-01
4.028728008270263672e-01
1.380892395973205566e-01
9.714841097593307495e-02
3.011564016342163086e-01
2.621271014213562012e-01
1.877992600202560425e-01
1.437105774879455566e+00
1.723837703466415405e-01
1.234944388270378113e-01
3.932516276836395264e-01
2.663642644882202148e+00
9.651696085929870605e-01
5.986490100622177124e-02
9.093187004327774048e-02
4.298313260078430176e-01
3.156959116458892822e-01
1.994531154632568359e-01
9.335450083017349243e-02
3.049249947071075439e-01
2.212022095918655396e-01
7.835748046636581421e-02
3.875843882560729980e-01
1.900900602340698242e-01
3.725843131542205811e-02
1.707858085632324219e+00
1.349459886550903320e+00
3.816486299037933350e-01
1.009546041488647461e+00
2.606539726257324219e-01
1.076523140072822571e-01
1.018799304962158203e+00
7.573585510253906250e-01
5.346787571907043457e-01
9.227193593978881836e-01
6.496832370758056641e-01
5.235039591789245605e-01
3.229672610759735107e-01
1.779278516769409180e-01
1.050144791603088379e+00
1.938718706369400024e-01
1.401427626609802246e+00
2.608282258734107018e-03
5.894372463226318359e-01
6.980357766151428223e-01
4.981839060783386230e-01
7.228762507438659668e-01
1.328202039003372192e-01
9.530398994684219360e-02
1.925235688686370850e-01
2.702641487121582031e-01
2.163816988468170166e-02
9.699516892433166504e-01
5.710921064019203186e-02
2.695928573608398438e+00
1.197994649410247803e-01
4.600759148597717285e-01
1.737748146057128906e+00
6.521543115377426147e-02
1.398920774459838867e+00
5.096296668052673340e-01
3.024441935122013092e-02
4.606739282608032227e-01
7.876912951469421387e-01
4.352670907974243164e-01
2.697408795356750488e-01
7.428119331598281860e-02
1.048751354217529297e+00
1.597766757011413574e+00
9.754234552383422852e-02
4.880078136920928955e-03
7.533579468727111816e-01
1.733008474111557007e-01
1.228597521781921387e+00
1.259027719497680664e-01
4.093408957123756409e-02
1.721498928964138031e-02
4.250438809394836426e-01
1.790270656347274780e-01
0.000000000000000000e+00
1.600604206323623657e-01
6.297472715377807617e-01
5.672726035118103027e-01
0.000000000000000000e+00
5.053436756134033203e-01
1.932775735855102539e+00
9.702031314373016357e-02
9.524220228195190430e-02
0.000000000000000000e+00
1.358103394508361816e+00
1.629456728696823120e-01
5.627256631851196289e-01
1.031049013137817383e+00
1.539272665977478027e-01
2.727943956851959229e-01
2.512764930725097656e-01
1.915367126464843750e+00
3.400318324565887451e-01
1.315443754196166992e+00
2.523184120655059814e-01
0.000000000000000000e+00
1.751760542392730713e-01
1.806414425373077393e-01
1.918461024761199951e-01
5.188055336475372314e-02
0.000000000000000000e+00
1.129358857870101929e-01
2.239192724227905273e+00
5.675639957189559937e-02
4.061910808086395264e-01
5.487824082374572754e-01
1.796988993883132935e-01
4.956266880035400391e-01
1.592932492494583130e-01
3.126057982444763184e-01
2.121798396110534668e-01
1.319445110857486725e-02
9.827847033739089966e-02
3.136312663555145264e-01
1.662235707044601440e-01
2.256734073162078857e-01
3.241477608680725098e-01
3.457363545894622803e-01
5.813691392540931702e-02
6.627550721168518066e-02
2.141669094562530518e-01
2.293948680162429810e-01
1.914877258241176605e-02
2.620484828948974609e-01
8.696980029344558716e-02
1.767367869615554810e-01
2.006942331790924072e-01
2.950419783592224121e-01
6.331896781921386719e-01
8.899968266487121582e-01
1.688153743743896484e+00
3.559526205062866211e-01
7.311874628067016602e-01
5.979940295219421387e-01
1.010034561157226562e+00
4.663278814405202866e-04
3.084212839603424072e-01
1.042769998311996460e-01
3.339713811874389648e-02
1.638054400682449341e-01
0.000000000000000000e+00
9.700751900672912598e-01
2.179072052240371704e-01
6.905411481857299805e-01
3.832190036773681641e-01
7.465665936470031738e-01
6.850714236497879028e-02
5.260486602783203125e-01
0.000000000000000000e+00
7.907307147979736328e-02
1.381875753402709961e+00
7.549670338630676270e-01
5.363612771034240723e-01
1.025723367929458618e-01
2.185649394989013672e+00
1.510217666625976562e+00
7.192692756652832031e-01
6.269700527191162109e-01
1.217896491289138794e-01
1.737321317195892334e-01
3.260558247566223145e-01
6.573778986930847168e-01
1.324472874402999878e-01
6.007977128028869629e-01
2.352818846702575684e-01
1.880117356777191162e-01
3.074388764798641205e-02
9.651045799255371094e-01
5.642833709716796875e-01
9.703450202941894531e-01
2.115320265293121338e-01
2.784734368324279785e-01
1.338120251893997192e-01
0.000000000000000000e+00
1.055350184440612793e+00
4.684133827686309814e-02
3.397808969020843506e-01
2.120970934629440308e-01
1.464709877967834473e+00
7.283110916614532471e-02
5.103647708892822266e-01
3.501214683055877686e-01
4.210696090012788773e-03
1.390290353447198868e-02
6.619740277528762817e-02
1.662947610020637512e-02
6.274524927139282227e-01
3.139461157843470573e-03
2.825502753257751465e-01
1.933654844760894775e-01
8.651034235954284668e-01
4.142560064792633057e-01
2.184346467256546021e-01
6.756637692451477051e-01
7.425753772258758545e-02
9.674348682165145874e-02
7.344119548797607422e-01
0.000000000000000000e+00
1.330963224172592163e-01
9.061325788497924805e-01
3.685854673385620117e-01
2.207515537738800049e-01
5.161093547940254211e-02
1.958053708076477051e+00
4.883516132831573486e-01
1.580354928970336914e+00
1.519961506128311157e-01
2.301345318555831909e-01
2.019112743437290192e-02
8.658890724182128906e-01
1.116915121674537659e-01
2.814598381519317627e-01
2.602938413619995117e-01
6.673498451709747314e-02
1.539482593536376953e+00
4.009644687175750732e-01
3.351357951760292053e-02
3.148627653717994690e-02
6.181858852505683899e-02
1.868632584810256958e-01
1.711025953292846680e+00
2.187577039003372192e-01
5.630918964743614197e-02
9.496953338384628296e-02
9.076260328292846680e-01
9.857313036918640137e-01
8.710501790046691895e-01
7.036890089511871338e-02
5.754571408033370972e-02
2.706746459007263184e-01
1.188912913203239441e-01
2.646447896957397461e+00
0.000000000000000000e+00
9.037642925977706909e-02
1.389357566833496094e+00
1.171862244606018066e+00
3.792850375175476074e-01
1.696997731924057007e-01
1.078193664550781250e+00
4.824997186660766602e-01
6.941065192222595215e-01
3.215935826301574707e-01
4.503279030323028564e-01
3.043147623538970947e-01
1.526623487472534180e+00
2.800393402576446533e-01
2.199741125106811523e+00
8.658882230520248413e-02
1.053051471710205078e+00
4.519748985767364502e-01
3.323356807231903076e-01
3.971420526504516602e-01
2.836427927017211914e+00
8.901982754468917847e-02
6.662671566009521484e-01
1.454974710941314697e-01
2.370337694883346558e-01
1.259652972221374512e-01
2.532076537609100342e-01
5.541905015707015991e-02
3.216406106948852539e+00
1.049804806709289551e+00
4.333657622337341309e-01
3.535203039646148682e-01
4.144015014171600342e-01
1.987313628196716309e-01
1.329755544662475586e+00
3.958584666252136230e-01
3.272522985935211182e-01
3.157997131347656250e-01
3.609813749790191650e-02
7.394206523895263672e-02
1.364875674247741699e+00
7.132107019424438477e-02
7.174209505319595337e-02
7.558144330978393555e-01
2.585841715335845947e-01
2.035444974899291992e+00
9.302688241004943848e-01
1.265075057744979858e-02
4.660419523715972900e-01
9.750375747680664062e-01
1.374677419662475586e-01
6.418668627738952637e-01
1.924210041761398315e-01
1.554814338684082031e+00
2.984862923622131348e-01
4.798930883407592773e-01
6.695864349603652954e-02
4.796959832310676575e-02
4.007066488265991211e-01
2.833326756954193115e-01
5.138098001480102539e-01
1.268782138824462891e+00
2.758199274539947510e-01
2.802104949951171875e-01
4.394865334033966064e-01
8.053489923477172852e-01
1.350270628929138184e+00
1.901326328516006470e-01
2.326474152505397797e-02
3.307895362377166748e-01
1.279583454132080078e+00
6.116819381713867188e-02
1.275727599859237671e-01
6.154314279556274414e-01
8.032320737838745117e-01
5.717951059341430664e-01
5.197774246335029602e-02
0.000000000000000000e+00
3.704525828361511230e-01
1.549019962549209595e-01
3.594141900539398193e-01
5.809279158711433411e-03
2.247672975063323975e-01
2.069263905286788940e-01
3.938543796539306641e-01
2.457702457904815674e-01
1.948631741106510162e-02
1.550755858421325684e+00
6.473565697669982910e-01
7.924682497978210449e-01
3.351114690303802490e-01
2.372773587703704834e-01
6.330913901329040527e-01
9.019234776496887207e-02
3.662495687603950500e-02
1.248675584793090820e-01
1.886231154203414917e-01
3.669400215148925781e-01
1.833384335041046143e-01
4.754384607076644897e-02
1.404533505439758301e+00
3.999464958906173706e-02
3.698016703128814697e-01
3.513430431485176086e-02
5.901292562484741211e-01
6.293328404426574707e-01
2.806325435638427734e+00
5.839276909828186035e-01
2.753784134984016418e-02
1.380037546157836914e+00
5.025219321250915527e-01
1.153734624385833740e-01
1.314688026905059814e-01
5.435657128691673279e-02
2.550205588340759277e-01
6.138876080513000488e-01
9.387169480323791504e-01
5.980018973350524902e-01
3.672466278076171875e+00
3.713368251919746399e-02
1.433434486389160156e-01
6.450006365776062012e-01
2.653270773589611053e-02
1.728335395455360413e-02
2.212553098797798157e-02
0.000000000000000000e+00
1.407566785812377930e+00
2.536355972290039062e+00
3.168953955173492432e-01
1.008768305182456970e-01
1.390829980373382568e-01
5.557918548583984375e-02
6.105572581291198730e-01
2.893812417984008789e+00
7.276810407638549805e-01
2.027658373117446899e-01
2.101816982030868530e-01
2.231356193078681827e-04
3.161813318729400635e-01
9.806469827890396118e-02
6.949394941329956055e-02
4.993766546249389648e-01
2.782417833805084229e-01
2.381004095077514648e-01
6.976297497749328613e-01
9.359875693917274475e-04
4.835923016071319580e-02
0.000000000000000000e+00
0.000000000000000000e+00
1.322454929351806641e+00
7.429603338241577148e-01
3.402383029460906982e-01
1.138213515281677246e+00
1.621829122304916382e-01
1.071781367063522339e-01
4.559600353240966797e-01
8.812237381935119629e-01
6.569152474403381348e-01
8.046359568834304810e-02
9.331361651420593262e-01
2.721450328826904297e-01
3.014468252658843994e-01
1.613552868366241455e-01
7.037294864654541016e+00
2.982309460639953613e-02
2.266992814838886261e-02
5.495643615722656250e-01
3.233528435230255127e-01
1.095099821686744690e-01
3.398422002792358398e-01
0.000000000000000000e+00
6.216275095939636230e-01
1.347489207983016968e-01
2.854562364518642426e-02
4.395998083055019379e-03
9.250724315643310547e-01
4.713319242000579834e-02
2.758148610591888428e-01
6.880399584770202637e-01
5.623596906661987305e-01
9.789464473724365234e-01
1.782762408256530762e-01
3.105208873748779297e-01
2.100234925746917725e-01
4.585829675197601318e-01
3.613610938191413879e-02
4.965334236621856689e-01
1.950551122426986694e-01
7.586355209350585938e-01
1.020586863160133362e-01
7.191487550735473633e-01
1.780356615781784058e-01
1.105221509933471680e+00
1.765293180942535400e-01
6.647183299064636230e-01
1.074148654937744141e+00
9.327308535575866699e-01
6.062214821577072144e-02
4.644555151462554932e-01
5.978927612304687500e-01
2.361920429393649101e-03
1.934346556663513184e+00
9.447441101074218750e-01
1.016356125473976135e-01
2.629848003387451172e+00
1.801098734140396118e-01
6.437945961952209473e-01
2.269396632909774780e-01
6.985290646553039551e-01
1.951648145914077759e-01
3.331046700477600098e-01
2.222260713577270508e+00
1.048354133963584900e-01
1.992947340011596680e+00
1.417811810970306396e-01
5.920852422714233398e-01
2.516265511512756348e-01
3.205266594886779785e-02
1.435283303260803223e+00
7.016603350639343262e-01
1.381099820137023926e-01
3.152805566787719727e-01
8.984913825988769531e-01
7.104181498289108276e-02
1.369580626487731934e-01
3.082810938358306885e-01
1.847460269927978516e+00
2.070767246186733246e-02
1.870579272508621216e-01
3.376958131790161133e+00
5.352975800633430481e-02
7.380238771438598633e-01
8.731353282928466797e-01
7.571709156036376953e-02
4.494193196296691895e-02
5.288670659065246582e-01
1.312225908041000366e-01
4.170877635478973389e-01
1.411498785018920898e-01
9.790720045566558838e-02
2.458405792713165283e-01
2.655508369207382202e-02
3.847523629665374756e-01
5.826394259929656982e-02
4.241220951080322266e-01
1.222139894962310791e-01
6.223186850547790527e-01
7.766095995903015137e-01
1.958354115486145020e+00
1.288538333028554916e-02
2.103859744966030121e-02
1.027682349085807800e-01
4.591847956180572510e-01
1.707113087177276611e-01
1.268129348754882812e-01
8.936409354209899902e-01
3.653494596481323242e+00
4.150842130184173584e-02
2.651416659355163574e-01
1.100050285458564758e-01
3.615410029888153076e-01
9.592567384243011475e-02
1.749352067708969116e-01
7.407346367835998535e-02
3.311277031898498535e-01
6.289949268102645874e-02
4.234783351421356201e-01
6.568785905838012695e-01
1.726202249526977539e+00
0.000000000000000000e+00
1.718535184860229492e+00
1.541572660207748413e-01
5.048602223396301270e-01
2.087389081716537476e-01
6.445460915565490723e-01
4.502312466502189636e-02
3.041842281818389893e-01
2.997205555438995361e-01
1.937406323850154877e-02
4.604304313659667969e+00
2.712751924991607666e-01
8.849257826805114746e-01
1.014623641967773438e-01
1.015511248260736465e-02
5.570451170206069946e-02
2.392983995378017426e-02
2.705254852771759033e-01
7.230510115623474121e-01
3.394539952278137207e-01
5.773156881332397461e-01
3.690155148506164551e-01
3.002942800521850586e-01
7.694771140813827515e-02
0.000000000000000000e+00
5.767027139663696289e-01
8.696484565734863281e-01
1.160623311996459961e+00
9.022248908877372742e-03
8.820570111274719238e-01
1.084383949637413025e-01
6.401994824409484863e-01
6.387807726860046387e-01
9.329183958470821381e-03
1.041440367698669434e-01
1.977347135543823242e-01
1.451964378356933594e+00
1.200384020805358887e+00
7.579506039619445801e-01
1.516136050224304199e+00
7.138752937316894531e-01
9.745432180352509022e-04
9.012024402618408203e-01
6.519404649734497070e-01
1.460918635129928589e-01
8.144230246543884277e-01
2.213441878557205200e-01
6.896762251853942871e-01
7.068484425544738770e-01
1.038028299808502197e-02
5.815072655677795410e-01
7.534448802471160889e-02
1.236757934093475342e-01
3.380399197340011597e-02
1.552626937627792358e-01
1.907559871673583984e+00
1.398420780897140503e-01
6.584662795066833496e-01
5.731047317385673523e-02
3.191174864768981934e-01
6.904884576797485352e-01
5.836751461029052734e-01
1.733099110424518585e-02
5.721611976623535156e-01
1.116387367248535156e+00
2.010873258113861084e-01
1.068882942199707031e+00
4.606337547302246094e-01
2.107464522123336792e-02
1.072261571884155273e+00
6.502106189727783203e-01
5.840454697608947754e-01
2.100447267293930054e-01
8.759047091007232666e-02
2.420369386672973633e+00
