1.089558899402618408e-01
1.104596033692359924e-01
2.137066841125488281e+00
1.989534124732017517e-02
8.502267301082611084e-02
1.071959082037210464e-02
6.787931323051452637e-01
3.650317788124084473e-01
1.398277580738067627e-01
0.000000000000000000e+00
7.152816057205200195e-01
7.122375965118408203e-01
4.500966072082519531e+00
2.976745605468750000e+00
1.625282457098364830e-03
2.068575859069824219e+00
0.000000000000000000e+00
4.113688599318265915e-03
3.827751846984028816e-03
4.250260815024375916e-02
5.879539847373962402e-01
3.120979666709899902e-02
8.445253968238830566e-02
3.202481195330619812e-02
4.235202670097351074e-01
8.568119406700134277e-01
7.206298112869262695e-01
0.000000000000000000e+00
2.787274420261383057e-01
6.238353624939918518e-02
7.888058573007583618e-02
1.535011231899261475e-01
0.000000000000000000e+00
9.039654731750488281e-01
1.268783092498779297e+00
2.675934694707393646e-02
1.767864264547824860e-02
6.362471580505371094e-01
1.007320433855056763e-01
3.613886237144470215e-01
1.041239127516746521e-01
2.111850231885910034e-01
1.487409602850675583e-02
5.970211327075958252e-02
1.992197275161743164e+00
2.653761208057403564e-01
0.000000000000000000e+00
2.836808264255523682e-01
7.817760109901428223e-02
2.717018127441406250e-01
9.600598216056823730e-01
2.077364176511764526e-01
1.014702767133712769e-01
1.974199265241622925e-01
1.547516822814941406e+00
5.250406265258789062e-01
1.590627059340476990e-02
4.363326132297515869e-01
2.147294282913208008e-01
3.383078053593635559e-02
4.834318459033966064e-01
1.004337072372436523e+00
8.065443485975265503e-02
1.407328844070434570e+00
0.000000000000000000e+00
1.227359056472778320e+00
2.395877391099929810e-01
1.294125437736511230e+00
5.826036259531974792e-02
0.000000000000000000e+00
3.675142526626586914e+00
2.501798570156097412e-01
5.761135742068290710e-02
3.544595479965209961e+00
1.600390434265136719e+00
6.743250042200088501e-02
2.466232776641845703e-01
2.780256867408752441e-01
9.973893165588378906e-01
8.706449270248413086e-01
0.000000000000000000e+00
1.153828859329223633e+00
3.925571218132972717e-03
0.000000000000000000e+00
0.000000000000000000e+00
2.514143288135528564e-01
2.519000768661499023e+00
0.000000000000000000e+00
2.057573497295379639e-01
3.822696506977081299e-01
1.146168828010559082e+00
5.647902488708496094e-01
2.587035894393920898e-01
6.477207541465759277e-01
1.057814573869109154e-03
3.779328987002372742e-02
3.596888482570648193e-01
1.557047128677368164e+00
1.986563503742218018e-01
1.207934141159057617e+00
1.566248893737792969e+00
1.083539009094238281e+00
0.000000000000000000e+00
1.239681243896484375e+00
2.598632872104644775e-01
2.999278604984283447e-01
2.413099706172943115e-01
1.170407533645629883e+00
3.648367477580904961e-03
1.424835622310638428e-01
0.000000000000000000e+00
6.988242864608764648e-01
1.029930822551250458e-02
5.341917648911476135e-02
4.001853466033935547e-01
4.012496769428253174e-02
7.275131344795227051e-02
2.007374316453933716e-01
9.042376279830932617e-02
1.559369802474975586e+00
0.000000000000000000e+00
0.000000000000000000e+00
0.000000000000000000e+00
3.303474783897399902e-01
3.671369314193725586e+00
6.586396694183349609e-02
4.853642359375953674e-02
4.313469231128692627e-01
2.489014387130737305e+00
7.195010548457503319e-04
4.166188716888427734e+00
1.630395948886871338e-01
4.089502990245819092e-01
1.685860157012939453e-01
0.000000000000000000e+00
9.802611172199249268e-02
1.209259986877441406e+00
6.997089833021163940e-02
1.898043304681777954e-01
0.000000000000000000e+00
0.000000000000000000e+00
2.294678539037704468e-01
2.596286237239837646e-01
2.298287004232406616e-01
9.149534627795219421e-03
0.000000000000000000e+00
5.064091682434082031e-01
1.687715053558349609e-01
4.768655598163604736e-01
1.575457863509654999e-03
1.259336113929748535e+00
3.215509653091430664e-01
0.000000000000000000e+00
4.933155477046966553e-01
3.515006005764007568e-01
1.446093171834945679e-01
3.845987096428871155e-02
0.000000000000000000e+00
0.000000000000000000e+00
0.000000000000000000e+00
1.686702016741037369e-03
8.603527396917343140e-02
0.000000000000000000e+00
2.678957581520080566e-01
0.000000000000000000e+00
1.902087628841400146e-01
2.174148559570312500e-01
8.281786739826202393e-02
3.358543664216995239e-02
2.500136010348796844e-02
3.318787515163421631e-01
0.000000000000000000e+00
2.410721778869628906e-02
7.077267765998840332e-01
6.915230304002761841e-02
1.150481924414634705e-01
0.000000000000000000e+00
0.000000000000000000e+00
1.065065339207649231e-02
2.822302341461181641e+00
2.548509277403354645e-02
6.452814936637878418e-01
2.524651400744915009e-02
8.868238329887390137e-01
2.717654407024383545e-02
1.822892278432846069e-01
3.459724411368370056e-02
0.000000000000000000e+00
3.482099175453186035e-01
3.744474053382873535e-01
0.000000000000000000e+00
1.990626603364944458e-01
4.183557257056236267e-02
3.652829825878143311e-01
0.000000000000000000e+00
8.133272528648376465e-01
7.853043079376220703e-01
1.184410005807876587e-01
0.000000000000000000e+00
1.840176880359649658e-01
1.659254580736160278e-01
1.136636257171630859e+00
2.898911535739898682e-01
7.377545237541198730e-01
1.423828750848770142e-01
9.646613150835037231e-02
0.000000000000000000e+00
4.506455898284912109e+00
0.000000000000000000e+00
1.550998836755752563e-01
2.335591241717338562e-02
8.572777509689331055e-01
0.000000000000000000e+00
1.893024891614913940e-01
1.235021501779556274e-01
1.008622407913208008e+00
1.855165660381317139e-01
0.000000000000000000e+00
1.109107211232185364e-02
5.666694641113281250e-01
4.479148983955383301e-01
1.306643933057785034e-01
2.367802858352661133e-01
3.421798115596175194e-03
2.786126375198364258e+00
8.600407093763351440e-02
4.200676083564758301e-02
5.590029358863830566e-01
1.264925003051757812e-01
2.872059106826782227e+00
1.871394395828247070e+00
3.443604409694671631e-01
0.000000000000000000e+00
1.288552403450012207e+00
1.559310317039489746e+00
3.244587182998657227e-01
5.772680044174194336e-01
6.532415151596069336e-01
1.039441108703613281e+00
1.398909568786621094e+00
3.134572803974151611e-01
2.889532327651977539e+00
3.803015872836112976e-02
2.849517017602920532e-02
1.857344955205917358e-01
2.485814839601516724e-01
6.436816453933715820e-01
1.981663256883621216e-01
1.043208241462707520e+00
9.980241656303405762e-01
4.292282462120056152e-01
4.306562617421150208e-02
0.000000000000000000e+00
2.732246220111846924e-01
1.452820301055908203e+00
3.063506126403808594e+00
5.596843361854553223e-01
4.436051547527313232e-01
1.139796853065490723e+00
0.000000000000000000e+00
0.000000000000000000e+00
9.298022091388702393e-02
1.373831629753112793e-01
1.374255180358886719e+00
0.000000000000000000e+00
4.162958823144435883e-03
3.195426166057586670e-01
1.481536477804183960e-01
0.000000000000000000e+00
1.525625865906476974e-02
5.781754255294799805e-01
2.224423885345458984e-01
4.586065709590911865e-01
3.529164241626858711e-03
2.280741691589355469e+00
8.824991062283515930e-03
0.000000000000000000e+00
1.233185291290283203e+00
1.922903656959533691e-01
0.000000000000000000e+00
3.367604911327362061e-01
1.807121872901916504e+00
9.829145073890686035e-01
1.421020865440368652e+00
5.602221004664897919e-03
4.392574355006217957e-02
1.320056557655334473e+00
2.420293092727661133e-01
1.122437357902526855e+00
6.612149626016616821e-02
1.922090947628021240e-01
1.134057641029357910e-01
2.922893315553665161e-02
1.465157568454742432e-01
2.481478601694107056e-01
2.566808462142944336e-01
1.300461888313293457e-01
7.543845176696777344e-01
2.264036893844604492e+00
1.113132536411285400e-01
5.084379315376281738e-01
0.000000000000000000e+00
2.247463703155517578e+00
3.149502277374267578e-01
4.623395204544067383e-01
0.000000000000000000e+00
2.945505380630493164e-01
6.480999290943145752e-02
0.000000000000000000e+00
8.316037058830261230e-01
2.123574018478393555e+00
2.771788537502288818e-01
1.976844310760498047e+00
7.050694227218627930e-01
0.000000000000000000e+00
7.980739325284957886e-02
7.939513921737670898e-01
6.886027455329895020e-01
3.049073219299316406e-01
3.962398171424865723e-01
7.519470453262329102e-01
1.008053570985794067e-01
1.912017166614532471e-01
2.683929204940795898e-01
4.476966708898544312e-02
0.000000000000000000e+00
2.551743984222412109e-01
1.500612974166870117e+00
7.859855890274047852e-01
9.973441064357757568e-02
0.000000000000000000e+00
0.000000000000000000e+00
1.533165454864501953e+00
9.238511323928833008e-02
0.000000000000000000e+00
1.396802783012390137e+00
1.496195554733276367e+00
7.113206982612609863e-01
4.822047948837280273e-01
1.119022909551858902e-02
3.924411535263061523e-02
4.230938255786895752e-01
3.992081806063652039e-02
6.904458627104759216e-03
0.000000000000000000e+00
1.169546604156494141e+00
2.467728137969970703e+00
7.108084857463836670e-03
1.047395229339599609e+00
9.114564955234527588e-02
1.922460913658142090e+00
5.477943420410156250e-01
4.221996366977691650e-01
1.372138857841491699e+00
0.000000000000000000e+00
5.722727254033088684e-02
1.575128436088562012e-01
1.143778920173645020e+00
3.249869942665100098e-01
7.526075839996337891e-02
2.308224886655807495e-01
1.256170153617858887e+00
2.439157485961914062e+00
8.956347405910491943e-02
1.900813221931457520e+00
1.992148756980895996e+00
8.553452491760253906e-01
7.747482657432556152e-01
1.447817031294107437e-02
2.668220084160566330e-03
2.682373225688934326e-01
1.365641951560974121e-01
2.356292754411697388e-01
2.588202953338623047e-01
4.496937245130538940e-02
3.637702763080596924e-01
3.088628768920898438e+00
0.000000000000000000e+00
1.908330805599689484e-02
0.000000000000000000e+00
5.510836839675903320e-02
1.541483215987682343e-03
6.983482278883457184e-03
0.000000000000000000e+00
1.208575129508972168e+00
0.000000000000000000e+00
1.952461600303649902e+00
3.218455612659454346e-02
5.492621660232543945e-02
3.248556703329086304e-02
1.596997380256652832e-01
5.251370742917060852e-02
6.229963898658752441e-02
5.383585691452026367e-01
2.839843332767486572e-01
1.460552453994750977e+00
0.000000000000000000e+00
6.971186399459838867e-02
0.000000000000000000e+00
0.000000000000000000e+00
3.366893529891967773e-01
1.182315945625305176e-01
1.266943454742431641e+00
9.794843792915344238e-01
3.649690449237823486e-01
1.441346168518066406e+00
1.377804279327392578e-01
5.683801718987524509e-04
5.978456139564514160e-01
3.558832406997680664e-01
3.168562054634094238e-02
8.201330900192260742e-02
9.276062250137329102e-01
0.000000000000000000e+00
5.131668448448181152e-01
2.671838104724884033e-01
3.923335969448089600e-01
7.635387033224105835e-02
4.026016592979431152e-01
5.568147078156471252e-02
2.120142057538032532e-02
1.492131590843200684e+00
2.210390716791152954e-01
2.416114091873168945e+00
0.000000000000000000e+00
4.846924245357513428e-01
4.216660186648368835e-02
1.319924592971801758e-01
0.000000000000000000e+00
1.119128614664077759e-01
0.000000000000000000e+00
0.000000000000000000e+00
1.205373048782348633e+00
1.027232781052589417e-01
2.894822508096694946e-02
1.914428621530532837e-01
6.031453236937522888e-02
3.017476558685302734e+00
6.970057487487792969e-01
1.001502051949501038e-01
0.000000000000000000e+00
2.244718139991164207e-03
4.459885135293006897e-02
2.001756057143211365e-02
1.489546895027160645e-01
5.579699873924255371e-01
1.055483818054199219e-01
2.371397733688354492e+00
3.637310266494750977e-01
9.877039492130279541e-02
1.444982141256332397e-01
5.211969614028930664e-01
1.894180849194526672e-02
2.596098638605326414e-04
1.132688522338867188e+00
0.000000000000000000e+00
0.000000000000000000e+00
1.837561875581741333e-01
4.323820769786834717e-01
1.401811838150024414e-01
9.499933123588562012e-01
2.468090206384658813e-01
1.038854360580444336e+00
6.928870826959609985e-02
8.309052884578704834e-02
1.865576654672622681e-01
3.913931250572204590e-01
2.479129582643508911e-01
7.921913862228393555e-01
7.899788767099380493e-02
0.000000000000000000e+00
4.407049417495727539e-01
0.000000000000000000e+00
1.086020946502685547e+00
1.991986632347106934e-01
1.989460825920104980e+00
1.028331637382507324e+00
4.213707894086837769e-02
0.000000000000000000e+00
6.969201564788818359e-02
6.848958134651184082e-01
2.992210686206817627e-01
4.401790909469127655e-03
3.975204378366470337e-02
2.016914129257202148e+00
1.900221705436706543e+00
3.048660278320312500e+00
8.037250488996505737e-03
9.537253975868225098e-01
2.058644145727157593e-01
0.000000000000000000e+00
1.249928116798400879e+00
1.334921270608901978e-01
8.757817558944225311e-03
4.481078088283538818e-01
6.299583911895751953e-01
1.472451090812683105e+00
1.936287269927561283e-03
3.636151850223541260e-01
4.964223504066467285e-02
3.254248201847076416e-01
0.000000000000000000e+00
1.162628054618835449e+00
1.039227724075317383e+00
1.935122907161712646e-01
2.075916714966297150e-02
1.890633851289749146e-01
0.000000000000000000e+00
0.000000000000000000e+00
9.187248945236206055e-01
2.290643937885761261e-02
1.458511799573898315e-01
4.209426641464233398e-01
1.230876147747039795e-02
1.849019229412078857e-01
3.951543271541595459e-01
4.821279272437095642e-02
8.407639265060424805e-01
1.267898082733154297e+00
3.069517697440460324e-05
1.329454541206359863e+00
3.179101943969726562e+00
6.423050910234451294e-02
0.000000000000000000e+00
7.334371805191040039e-01
1.717331886291503906e+00
4.082608520984649658e-01
5.043638125061988831e-02
1.537359226495027542e-02
4.583737850189208984e-01
6.165989637374877930e-01
7.479114830493927002e-02
2.278357595205307007e-01
4.316722869873046875e+00
2.579032210633158684e-03
0.000000000000000000e+00
1.261837363243103027e+00
3.340010046958923340e-01
1.798899769783020020e-01
1.022008210420608521e-01
1.701749861240386963e-01
1.827195473015308380e-02
8.045828938484191895e-01
1.882707595825195312e+00
2.629005908966064453e-02
7.624900341033935547e-02
1.778477430343627930e-01
0.000000000000000000e+00
1.598790049552917480e+00
1.040438860654830933e-01
1.152970194816589355e+00
3.525977730751037598e-01
6.372947245836257935e-02
6.923042982816696167e-02
1.251104772090911865e-01
2.252100944519042969e+00
0.000000000000000000e+00
1.008569598197937012e+00
0.000000000000000000e+00
1.780105382204055786e-02
1.698474586009979248e-02
3.311579465866088867e+00
4.941463470458984375e-02
0.000000000000000000e+00
6.044122949242591858e-02
1.770595669746398926e+00
2.656975015997886658e-02
6.833687424659729004e-02
1.354341357946395874e-01
1.416686534881591797e+00
1.022721171379089355e+00
5.575132966041564941e-01
3.676109075546264648e+00
0.000000000000000000e+00
2.236034870147705078e-01
1.679004579782485962e-01
1.527708321809768677e-01
1.415585982613265514e-03
2.060276716947555542e-01
1.007420182228088379e+00
9.314628839492797852e-01
2.470871210098266602e-01
1.581155210733413696e-01
8.548269420862197876e-02
1.196765899658203125e-01
0.000000000000000000e+00
9.919460862874984741e-03
0.000000000000000000e+00
1.811609864234924316e-01
0.000000000000000000e+00
3.867635503411293030e-02
5.366420149803161621e-01
6.175150275230407715e-01
1.677309572696685791e-01
0.000000000000000000e+00
0.000000000000000000e+00
3.501065671443939209e-01
2.634609676897525787e-02
2.099629640579223633e-01
1.077887862920761108e-01
2.264970064163208008e+00
7.198327779769897461e-01
2.347946763038635254e-01
4.048112034797668457e-02
2.479431033134460449e-01
7.971979677677154541e-03
2.359543561935424805e+00
9.591683745384216309e-03
6.777277588844299316e-01
4.996403157711029053e-01
0.000000000000000000e+00
2.411896288394927979e-01
9.111721515655517578e-01
4.257209300994873047e-01
6.900628805160522461e-01
0.000000000000000000e+00
4.186615049839019775e-01
1.836697906255722046e-01
4.179672896862030029e-02
8.613047599792480469e-01
2.157251834869384766e-01
3.895800188183784485e-02
1.587884068489074707e+00
5.901409983634948730e-01
2.182853221893310547e-01
3.495362401008605957e-01
3.409679532051086426e-01
2.593121826648712158e-01
1.057446822524070740e-01
3.061428964138031006e-01
1.593986302614212036e-01
3.185572147369384766e+00
1.500801742076873779e-01
1.291392564773559570e+00
6.466627866029739380e-02
0.000000000000000000e+00
7.602387666702270508e-02
1.357819676399230957e+00
2.032097801566123962e-02
0.000000000000000000e+00
1.286616683006286621e+00
5.172702074050903320e-01
4.167206957936286926e-02
3.954448401927947998e-01
1.098675802350044250e-01
4.260703921318054199e-01
2.059148311614990234e+00
0.000000000000000000e+00
0.000000000000000000e+00
0.000000000000000000e+00
8.073728680610656738e-01
9.284961223602294922e-02
0.000000000000000000e+00
4.369449913501739502e-01
2.491950273513793945e+00
6.011374294757843018e-02
1.225849837064743042e-01
3.169781565666198730e-01
4.818167090415954590e-01
1.205348223447799683e-01
1.267722964286804199e+00
0.000000000000000000e+00
3.376066386699676514e-01
6.986963003873825073e-02
4.356838762760162354e-02
2.766901068389415741e-02
1.000181809067726135e-01
1.891824960708618164e+00
7.834410667419433594e-01
3.198517560958862305e+00
2.598358690738677979e-02
1.197864785790443420e-01
0.000000000000000000e+00
2.046794146299362183e-01
0.000000000000000000e+00
7.015803456306457520e-01
4.172936379909515381e-01
9.798903018236160278e-02
9.621295332908630371e-02
4.784912168979644775e-01
1.982113838195800781e+00
0.000000000000000000e+00
5.734642222523689270e-02
4.540050923824310303e-01
8.621451854705810547e-01
1.704760193824768066e+00
0.000000000000000000e+00
8.941413760185241699e-01
4.715075492858886719e-01
3.176719844341278076e-01
4.135469794273376465e-01
1.613736152648925781e+00
0.000000000000000000e+00
0.000000000000000000e+00
1.082948088645935059e+00
1.532393246889114380e-01
8.314045667648315430e-01
1.324007034301757812e+00
7.672479003667831421e-02
3.110849112272262573e-02
1.003027915954589844e+00
8.704933524131774902e-02
5.044901967048645020e-01
7.236385941505432129e-01
2.330838590860366821e-01
1.164967119693756104e-01
1.228703975677490234e+00
2.968739032745361328e+00
2.760223746299743652e-01
0.000000000000000000e+00
1.546582102775573730e+00
5.688421130180358887e-01
3.772031143307685852e-02
0.000000000000000000e+00
1.537041306495666504e+00
6.873827576637268066e-01
2.003976345062255859e+00
0.000000000000000000e+00
5.263633131980895996e-01
8.890141546726226807e-02
1.238348260521888733e-01
1.153902634978294373e-01
0.000000000000000000e+00
3.919979035854339600e-01
6.601517200469970703e-01
4.664369583129882812e+00
2.468040287494659424e-01
1.636549681425094604e-01
5.273700878024101257e-02
3.305289745330810547e+00
7.337278127670288086e-01
0.000000000000000000e+00
8.355286903679370880e-03
8.054143190383911133e-01
4.832934960722923279e-02
1.060394942760467529e-01
4.608593463897705078e+00
7.010545730590820312e-01
7.358154058456420898e-01
0.000000000000000000e+00
1.434050947427749634e-01
0.000000000000000000e+00
3.946660086512565613e-02
5.253788828849792480e-01
0.000000000000000000e+00
1.452609449625015259e-01
2.127642631530761719e+00
1.854829192161560059e-01
5.238789319992065430e-01
0.000000000000000000e+00
5.463158488273620605e-01
8.266220986843109131e-02
7.537665963172912598e-01
3.161974251270294189e-01
4.005017876625061035e-01
0.000000000000000000e+00
9.649943709373474121e-01
0.000000000000000000e+00
1.530529618263244629e+00
3.316888585686683655e-02
4.615965485572814941e-01
0.000000000000000000e+00
1.538295894861221313e-01
2.069919824600219727e+00
3.556009531021118164e-01
7.615270018577575684e-01
2.014609426259994507e-01
4.779320657253265381e-01
2.758436091244220734e-02
6.483711600303649902e-01
5.791415926069021225e-03
5.976591724902391434e-03
0.000000000000000000e+00
3.051974251866340637e-02
1.349118538200855255e-02
0.000000000000000000e+00
4.603001773357391357e-01
0.000000000000000000e+00
7.277192175388336182e-02
2.425434589385986328e-01
7.726997137069702148e-01
1.088405728340148926e+00
1.170105218887329102e+00
0.000000000000000000e+00
3.374848142266273499e-02
3.289371430873870850e-01
1.376214504241943359e+00
5.722560882568359375e-01
0.000000000000000000e+00
7.616539001464843750e-01
0.000000000000000000e+00
1.304742097854614258e+00
5.524911880493164062e-01
1.218283316120505333e-03
1.382820010185241699e-01
8.808211982250213623e-02
3.398751094937324524e-02
2.194754481315612793e-01
0.000000000000000000e+00
1.714227348566055298e-02
1.292456686496734619e-02
4.420932292938232422e+00
8.296679854393005371e-01
6.299507617950439453e-01
1.807408630847930908e-01
4.940409660339355469e-01
1.274636089801788330e-01
6.739159226417541504e-01
4.030167683959007263e-02
0.000000000000000000e+00
6.979130953550338745e-02
1.348590999841690063e-01
7.249536365270614624e-02
5.012161135673522949e-01
6.837357580661773682e-02
3.031598031520843506e-02
2.085027843713760376e-01
8.986614942550659180e-01
1.064475476741790771e-01
4.109405912458896637e-03
0.000000000000000000e+00
1.571278125047683716e-01
1.586247682571411133e+00
2.051896005868911743e-01
1.127399355173110962e-01
3.800477683544158936e-01
2.751721441745758057e-01
3.392179310321807861e-01
0.000000000000000000e+00
0.000000000000000000e+00
5.205327868461608887e-01
8.079839944839477539e-01
1.151550859212875366e-01
5.814524292945861816e-01
6.836397051811218262e-01
0.000000000000000000e+00
8.771645277738571167e-02
4.998664930462837219e-02
1.090219378471374512e+00
0.000000000000000000e+00
2.179731801152229309e-02
0.000000000000000000e+00
2.426298335194587708e-03
4.172933578491210938e+00
9.338998049497604370e-02
3.005408048629760742e-01
1.657290756702423096e-01
3.736000508069992065e-02
1.410876959562301636e-01
0.000000000000000000e+00
1.562411904335021973e+00
3.083903789520263672e-01
1.403429545462131500e-02
7.235252857208251953e-02
1.136683464050292969e+00
3.095120750367641449e-02
7.191304117441177368e-02
4.810330867767333984e-01
4.409197866916656494e-01
3.024904727935791016e+00
6.699681878089904785e-01
3.212413489818572998e-01
3.465615212917327881e-02
8.818527683615684509e-03
2.605968527495861053e-02
3.098540306091308594e+00
5.703570842742919922e-01
3.299676477909088135e-01
1.220376014709472656e+00
4.945437908172607422e-01
1.273777246475219727e+00
0.000000000000000000e+00
9.958915412425994873e-02
0.000000000000000000e+00
1.300852894783020020e+00
1.692492812871932983e-01
5.821480154991149902e-01
1.476842164993286133e+00
4.688031673431396484e+00
5.436909385025501251e-03
6.533558964729309082e-01
1.424016237258911133e+00
3.848459944128990173e-02
0.000000000000000000e+00
8.291050791740417480e-01
0.000000000000000000e+00
5.275931954383850098e-01
1.005549505352973938e-01
6.094855308532714844e+00
1.053597498685121536e-02
4.726895689964294434e-01
1.532281041145324707e+00
6.352528333663940430e-01
0.000000000000000000e+00
6.962496042251586914e-02
1.362155675888061523e-01
3.844094574451446533e-01
5.661151409149169922e-01
1.785298109054565430e+00
5.054282024502754211e-02
0.000000000000000000e+00
2.001215219497680664e-01
9.307473897933959961e-01
0.000000000000000000e+00
8.645587921142578125e+00
1.963781267404556274e-01
0.000000000000000000e+00
1.318434923887252808e-01
1.214871406555175781e+00
7.110658288002014160e-02
7.503064274787902832e-01
2.597168684005737305e+00
7.123323529958724976e-02
7.341964542865753174e-02
0.000000000000000000e+00
1.605559110641479492e+00
1.162896633148193359e+00
4.568563997745513916e-01
2.582422494888305664e-01
3.132459521293640137e-02
3.609947487711906433e-02
3.975901380181312561e-02
0.000000000000000000e+00
0.000000000000000000e+00
3.373634815216064453e-01
0.000000000000000000e+00
6.715772300958633423e-02
3.384805679321289062e+00
2.401674747467041016e+00
0.000000000000000000e+00
5.488961935043334961e-01
2.510479986667633057e-01
9.580199718475341797e-01
3.566608130931854248e-01
1.356982141733169556e-01
0.000000000000000000e+00
5.231635272502899170e-02
3.311259150505065918e-01
5.907242298126220703e-01
1.276304721832275391e+00
8.017071485519409180e-01
8.859143853187561035e-01
2.190656185150146484e+00
9.725561365485191345e-03
2.168041467666625977e-01
6.105993315577507019e-02
1.459860522300004959e-02
0.000000000000000000e+00
2.810897529125213623e-01
1.126654982566833496e+00
7.150995731353759766e-02
1.309699863195419312e-01
3.082204461097717285e-01
3.060237765312194824e-01
3.998968005180358887e-02
3.404498100280761719e-01
5.875610113143920898e-01
5.080918073654174805e-01
1.466787219047546387e+00
1.655824184417724609e-01
1.856212737038731575e-03
0.000000000000000000e+00
0.000000000000000000e+00
0.000000000000000000e+00
3.532493412494659424e-01
8.372724987566471100e-04
3.396094143390655518e-01
1.717619039118289948e-02
3.020014166831970215e-01
1.529110521078109741e-01
2.079462260007858276e-01
2.024686038494110107e-01
7.798050642013549805e-01
5.571231842041015625e-01
0.000000000000000000e+00
6.335741281509399414e-02
9.367995262145996094e-01
7.559222579002380371e-01
8.104248903691768646e-03
0.000000000000000000e+00
2.905751466751098633e+00
4.581555843353271484e+00
3.427347913384437561e-02
2.847871482372283936e-01
0.000000000000000000e+00
1.077909544110298157e-01
1.548821926116943359e+00
1.531670838594436646e-01
2.237972766160964966e-01
1.058860421180725098e+00
9.108938276767730713e-02
5.019761621952056885e-02
9.276211857795715332e-01
1.827538013458251953e-02
1.278871204704046249e-02
1.072146415710449219e+00
0.000000000000000000e+00
2.590643763542175293e-01
0.000000000000000000e+00
1.491069942712783813e-01
1.602658256888389587e-02
0.000000000000000000e+00
3.400141596794128418e-01
0.000000000000000000e+00
3.650916218757629395e-01
3.945044577121734619e-01
1.456317305564880371e-01
1.165844220668077469e-02
6.960026919841766357e-02
3.297425433993339539e-02
0.000000000000000000e+00
0.000000000000000000e+00
1.182512879371643066e+00
1.026377439498901367e+00
1.721602976322174072e-01
9.278548955917358398e-01
0.000000000000000000e+00
0.000000000000000000e+00
5.281722173094749451e-02
0.000000000000000000e+00
1.179021298885345459e-01
8.433473706245422363e-01
0.000000000000000000e+00
1.071114063262939453e+00
0.000000000000000000e+00
1.566137224435806274e-01
0.000000000000000000e+00
2.675538659095764160e-01
1.629207432270050049e-01
5.443522930145263672e-01
9.890943765640258789e-01
0.000000000000000000e+00
3.431230783462524414e-02
2.125872820615768433e-01
3.908954262733459473e-01
8.656081557273864746e-01
2.483624219894409180e+00
3.128953278064727783e-02
3.735600709915161133e-01
2.514878213405609131e-01
0.000000000000000000e+00
3.252296447753906250e-01
4.918632507324218750e-01
2.907630503177642822e-01
4.698985069990158081e-02
9.443461298942565918e-01
3.748678043484687805e-02
1.159807816147804260e-01
6.433821916580200195e-01
1.113258749246597290e-01
2.517684102058410645e-01
2.956263348460197449e-02
1.464793533086776733e-01
3.629785180091857910e-01
9.170992672443389893e-02
9.801976382732391357e-03
1.011488318443298340e+00
9.704816937446594238e-01
4.815484285354614258e-01
8.782850503921508789e-01
1.610904783010482788e-01
8.647683262825012207e-02
6.696813106536865234e-01
2.302128076553344727e+00
3.088203966617584229e-01
1.943435072898864746e-01
1.018988341093063354e-01
2.477857768535614014e-01
9.932187199592590332e-01
2.748514890670776367e+00
4.136188700795173645e-02
3.520987033843994141e+00
5.988370254635810852e-02
8.357441425323486328e-01
1.076147794723510742e+00
1.268063783645629883e-01
2.715242840349674225e-02
2.204148620367050171e-01
0.000000000000000000e+00
2.048307210206985474e-01
1.527746021747589111e-01
1.899298876523971558e-01
1.064795494079589844e+00
0.000000000000000000e+00
3.181695193052291870e-02
0.000000000000000000e+00
2.104386687278747559e-02
2.794129133224487305e+00
2.477380633354187012e-02
2.318096607923507690e-01
5.770868659019470215e-01
1.220659911632537842e-01
1.493326306343078613e+00
0.000000000000000000e+00
0.000000000000000000e+00
3.828935027122497559e-01
5.834718793630599976e-02
0.000000000000000000e+00
1.342598050832748413e-01
0.000000000000000000e+00
1.043600365519523621e-01
1.293076753616333008e+00
2.243663787841796875e+00
3.159390687942504883e-01
3.173248842358589172e-02
6.434502601623535156e-01
5.989220459014177322e-03
0.000000000000000000e+00
1.569159212522208691e-04
3.629031777381896973e-01
0.000000000000000000e+00
2.195871323347091675e-01
3.000154532492160797e-02
0.000000000000000000e+00
5.888967514038085938e-01
1.233723089098930359e-01
1.206092759966850281e-01
8.568108826875686646e-02
6.534396409988403320e-01
2.981183677911758423e-02
0.000000000000000000e+00
5.563926100730895996e-01
3.990842103958129883e-01
8.865329027175903320e-01
4.931623637676239014e-01
1.328100915998220444e-03
1.980372965335845947e-01
4.573664367198944092e-01
5.987260341644287109e-01
1.391314566135406494e-01
2.525717318058013916e-01
4.628364741802215576e-02
7.080408930778503418e-02
4.109606742858886719e+00
0.000000000000000000e+00
1.392053961753845215e-01
1.494406461715698242e-01
2.207532674074172974e-01
9.821332991123199463e-02
3.109211027622222900e-01
4.752537906169891357e-01
9.079488366842269897e-02
2.319522947072982788e-02
2.370393127202987671e-01
9.875997900962829590e-02
0.000000000000000000e+00
2.778798528015613556e-02
5.725212097167968750e-01
5.451501160860061646e-02
3.369836509227752686e-02
1.411415822803974152e-02
1.802446320652961731e-02
4.317772388458251953e-01
2.055122256278991699e-01
1.535304903984069824e+00
3.519764244556427002e-01
3.714397251605987549e-01
2.963993549346923828e-01
0.000000000000000000e+00
1.221763610839843750e+00
8.531207442283630371e-01
9.669206738471984863e-01
4.615135490894317627e-02
8.511728607118129730e-03
6.339330077171325684e-01
1.378474384546279907e-02
3.334202989935874939e-02
0.000000000000000000e+00
1.219636917114257812e+00
4.950713217258453369e-01
4.235421717166900635e-01
4.532772302627563477e-02
9.390037506818771362e-03
9.365794062614440918e-02
9.056137800216674805e-01
7.685505747795104980e-01
0.000000000000000000e+00
1.831966936588287354e-01
1.646872401237487793e+00
2.446621894836425781e+00
2.763173356652259827e-02
0.000000000000000000e+00
6.386207789182662964e-02
5.307264626026153564e-02
7.216756045818328857e-02
8.967214263975620270e-03
4.075570702552795410e-01
3.365660011768341064e-01
9.832759387791156769e-03
5.233184248208999634e-02
1.527986023575067520e-02
0.000000000000000000e+00
2.593491040170192719e-02
0.000000000000000000e+00
4.795737192034721375e-02
4.028186667710542679e-03
1.774793148040771484e+00
8.864881843328475952e-02
0.000000000000000000e+00
2.865116596221923828e-01
2.215733751654624939e-02
0.000000000000000000e+00
1.461766123771667480e+00
6.092892959713935852e-02
5.224463343620300293e-02
0.000000000000000000e+00
2.086478710174560547e+00
0.000000000000000000e+00
1.986658096313476562e+00
1.229756355285644531e+00
7.378492355346679688e-01
2.228032350540161133e+00
0.000000000000000000e+00
9.059465527534484863e-01
6.346201524138450623e-03
2.889290094375610352e+00
0.000000000000000000e+00
0.000000000000000000e+00
0.000000000000000000e+00
5.562655925750732422e-01
1.789343170821666718e-02
4.283938109874725342e-01
1.147741302847862244e-01
2.722517848014831543e-01
0.000000000000000000e+00
7.760573923587799072e-02
1.418658018112182617e+00
5.136321187019348145e-01
1.391351699829101562e+00
9.206259846687316895e-01
5.975548177957534790e-03
1.239753007888793945e+00
0.000000000000000000e+00
2.356846332550048828e+00
4.692223072052001953e-01
4.717950522899627686e-02
3.470785915851593018e-01
9.725725650787353516e-02
7.453566789627075195e-01
4.138361215591430664e-01
8.503157645463943481e-02
0.000000000000000000e+00
1.569549083709716797e+00
1.088500022888183594e-03
1.912875890731811523e+00
0.000000000000000000e+00
7.235874533653259277e-01
2.818666994571685791e-01
3.559187948703765869e-01
2.342995628714561462e-02
1.434370689094066620e-02
5.304770469665527344e+00
1.632818579673767090e+00
3.946496173739433289e-02
6.804887652397155762e-01
2.101729214191436768e-01
2.850418388843536377e-01
6.258020643144845963e-03
0.000000000000000000e+00
5.490682721138000488e-01
2.147492408752441406e+00
7.735710096312686801e-05
1.261468052864074707e+00
3.557099997997283936e-01
0.000000000000000000e+00
3.435119688510894775e-01
3.443267345428466797e-01
1.091011390089988708e-01
6.880234479904174805e-01
3.912984132766723633e+00
0.000000000000000000e+00
1.624044299125671387e+00
1.289884090423583984e+00
8.236854672431945801e-01
3.160950914025306702e-02
2.433551102876663208e-02
3.328243196010589600e-01
1.074076771736145020e+00
2.399826422333717346e-03
1.589264422655105591e-01
6.959531903266906738e-01
3.448545560240745544e-02
8.566527627408504486e-03
1.077138446271419525e-02
1.202987357974052429e-01
4.086398184299468994e-01
3.254776895046234131e-01
0.000000000000000000e+00
9.982118755578994751e-02
2.923196554183959961e-01
7.796850055456161499e-02
0.000000000000000000e+00
2.644088983535766602e+00
0.000000000000000000e+00
6.169048547744750977e-01
0.000000000000000000e+00
4.019569396972656250e+00
1.327856063842773438e+00
2.185419082641601562e+00
2.395961731672286987e-01
8.789976239204406738e-01
1.683649607002735138e-02
6.015555858612060547e-01
3.110335588455200195e+00
1.990577816963195801e+00
3.136117756366729736e-01
3.888686001300811768e-01
5.823462456464767456e-02
6.278862059116363525e-02
8.635401725769042969e-01
4.250880703330039978e-02
1.117050275206565857e-02
4.995910450816154480e-02
4.365822672843933105e-01
3.092730939388275146e-01
2.516386985778808594e+00
8.435181528329849243e-02
6.100861355662345886e-03
0.000000000000000000e+00
0.000000000000000000e+00
1.546654582023620605e+00
3.394658863544464111e-02
0.000000000000000000e+00
0.000000000000000000e+00
6.317304074764251709e-02
8.978129364550113678e-03
9.635971188545227051e-01
9.952778369188308716e-02
2.568160295486450195e+00
1.171607598662376404e-01
1.874699741601943970e-01
3.600681200623512268e-02
2.850441455841064453e+00
4.563484713435173035e-02
0.000000000000000000e+00
2.161010503768920898e-01
9.177947044372558594e-01
1.363818999379873276e-02
3.749324241653084755e-03
1.201477553695440292e-02
1.012299537658691406e+00
2.851010859012603760e-02
3.783975839614868164e-01
2.876671850681304932e-01
0.000000000000000000e+00
5.836234092712402344e-01
2.338688373565673828e-01
2.421586588025093079e-02
5.212136358022689819e-02
5.858736038208007812e+00
2.718901634216308594e-01
1.825370788574218750e-01
1.149607181549072266e+00
1.668856441974639893e-01
1.506531238555908203e-01
1.974177546799182892e-02
1.311529576778411865e-01
4.228046908974647522e-02
7.609772682189941406e-01
1.897995173931121826e-02
5.763168931007385254e-01
1.011775732040405273e-01
2.976308166980743408e-01
2.009506374597549438e-01
2.488164231181144714e-02
5.611678957939147949e-01
1.520359873771667480e+00
0.000000000000000000e+00
1.108229234814643860e-01
1.561037898063659668e-01
3.603384494781494141e-01
9.625700861215591431e-02
1.270048379898071289e+00
1.538467854261398315e-01
1.071962043642997742e-01
1.761828809976577759e-01
2.588198184967041016e-01
0.000000000000000000e+00
3.316079080104827881e-02
0.000000000000000000e+00
1.138127565383911133e+00
7.874284982681274414e-01
6.798937916755676270e-02
8.064920902252197266e-01
1.980459928512573242e+00
2.487094700336456299e-01
2.061731815338134766e+00
1.917414814233779907e-01
1.762749403715133667e-01
0.000000000000000000e+00
2.971403533592820168e-03
4.498665034770965576e-02
0.000000000000000000e+00
2.961250022053718567e-02
5.795726180076599121e-01
2.196838140487670898e+00
4.452147707343101501e-02
1.279021024703979492e+00
4.976318404078483582e-02
1.613368153572082520e+00
3.133579343557357788e-02
3.946969985961914062e+00
1.160678386688232422e+00
3.896243870258331299e-01
1.396756619215011597e-01
9.007091075181961060e-02
0.000000000000000000e+00
2.744294404983520508e+00
0.000000000000000000e+00
9.953358173370361328e-01
8.624640107154846191e-02
3.439317643642425537e-02
1.994008421897888184e-01
7.191061973571777344e-02
3.083588182926177979e-02
3.036004006862640381e-01
0.000000000000000000e+00
8.244298398494720459e-02
9.560156613588333130e-02
1.773732602596282959e-01
6.440895143896341324e-03
4.729862511157989502e-02
2.807354927062988281e-01
4.145502448081970215e-01
7.744267582893371582e-01
6.842213124036788940e-02
3.199881613254547119e-01
2.093716144561767578e+00
1.303679198026657104e-01
3.541379690170288086e+00
4.431751370429992676e-01
5.340445786714553833e-02
1.549964904785156250e+00
0.000000000000000000e+00
2.860469520092010498e-01
5.124350078403949738e-03
6.519505381584167480e-02
2.655278742313385010e-01
2.223688215017318726e-01
2.394740432500839233e-01
2.265356928110122681e-01
2.460573166608810425e-01
9.016247391700744629e-01
2.921819388866424561e-01
8.619760870933532715e-01
6.191416978836059570e-01
0.000000000000000000e+00
1.521755933761596680e+00
1.004973173141479492e+00
5.880984067916870117e-01
7.539387345314025879e-01
4.708498250693082809e-03
0.000000000000000000e+00
0.000000000000000000e+00
2.093633115291595459e-01
2.728356420993804932e-01
5.050437897443771362e-02
1.114998087286949158e-01
2.069379240274429321e-01
7.341641932725906372e-02
2.000123411417007446e-01
0.000000000000000000e+00
0.000000000000000000e+00
0.000000000000000000e+00
3.385008096694946289e+00
3.137180805206298828e-01
2.344040200114250183e-02
4.207492247223854065e-02
7.796109318733215332e-01
0.000000000000000000e+00
2.419962644577026367e+00
2.519081160426139832e-02
1.944178700447082520e+00
2.836561501026153564e-01
1.655840873718261719e+00
0.000000000000000000e+00
1.458912253379821777e+00
7.403590679168701172e-01
7.641964405775070190e-02
1.651788800954818726e-01
4.356689751148223877e-01
2.314355224370956421e-01
0.000000000000000000e+00
7.321646809577941895e-01
5.606427416205406189e-02
1.291003108024597168e+00
1.820982813835144043e+00
0.000000000000000000e+00
1.220879852771759033e-01
1.295414090156555176e+00
0.000000000000000000e+00
3.965458869934082031e-01
0.000000000000000000e+00
3.622894408181309700e-03
7.526326179504394531e-01
7.704358100891113281e-01
1.604963541030883789e-01
1.306221634149551392e-01
0.000000000000000000e+00
1.288699626922607422e+01
1.630202293395996094e+00
3.079410791397094727e-01
9.988906383514404297e-01
3.685149848461151123e-01
3.365081548690795898e+00
1.698216050863265991e-01
3.256789922714233398e+00
0.000000000000000000e+00
1.235862374305725098e+00
0.000000000000000000e+00
2.887751907110214233e-02
6.402722001075744629e-01
4.096313953399658203e+00
0.000000000000000000e+00
1.719887852668762207e-01
0.000000000000000000e+00
1.049198746681213379e+00
5.257114022970199585e-02
7.231617569923400879e-01
1.019129037857055664e+00
4.452742040157318115e-01
7.849717140197753906e-01
1.035235643386840820e+00
6.807194352149963379e-01
2.359580755233764648e+00
7.669315207749605179e-03
0.000000000000000000e+00
1.353710293769836426e+00
2.499877363443374634e-01
8.808143734931945801e-01
0.000000000000000000e+00
6.944857835769653320e-01
2.868256997317075729e-03
1.450499892234802246e+00
0.000000000000000000e+00
8.013238906860351562e-01
1.956688612699508667e-01
1.678632497787475586e-01
0.000000000000000000e+00
0.000000000000000000e+00
2.002554535865783691e-01
1.358291655778884888e-01
2.644273638725280762e-02
1.036752387881278992e-01
0.000000000000000000e+00
1.389839202165603638e-01
7.362724095582962036e-02
3.594045937061309814e-01
3.184329569339752197e-01
3.993262052536010742e-01
9.707133471965789795e-02
6.014228239655494690e-02
1.740271329879760742e+00
3.108856081962585449e-01
0.000000000000000000e+00
1.296172142028808594e+00
8.871850967407226562e-01
5.909149050712585449e-01
1.181027054786682129e+00
5.775341987609863281e-01
8.645324707031250000e-01
3.942027688026428223e-02
0.000000000000000000e+00
1.168364763259887695e+00
2.239824831485748291e-01
1.926307529211044312e-01
1.189125418663024902e+00
3.650256097316741943e-01
1.292224764823913574e+00
6.352714896202087402e-01
1.489267796277999878e-01
1.027662277221679688e+00
9.811398386955261230e-01
4.450836181640625000e-01
5.061146736145019531e+00
3.595417365431785583e-02
1.579361408948898315e-01
1.171660780906677246e+00
4.382223486900329590e-01
4.140254482626914978e-02
0.000000000000000000e+00
4.996877908706665039e-02
0.000000000000000000e+00
3.853283450007438660e-02
0.000000000000000000e+00
4.173006415367126465e-01
1.110217943787574768e-01
3.292680084705352783e-01
2.944706976413726807e-01
9.928382039070129395e-01
0.000000000000000000e+00
1.868536472320556641e+00
2.684979140758514404e-01
0.000000000000000000e+00
1.161304861307144165e-01
1.378252148628234863e+00
8.803950548171997070e-01
4.336765035986900330e-02
6.126246880739927292e-03
3.664040565490722656e-02
1.208696397952735424e-03
6.543993353843688965e-01
4.545777738094329834e-01
1.407600522041320801e+00
3.742104768753051758e-02
7.694420814514160156e-01
2.381195127964019775e-02
3.065059706568717957e-02
1.230912804603576660e+00
1.923255801200866699e+00
2.462552487850189209e-02
1.280827283859252930e+00
0.000000000000000000e+00
0.000000000000000000e+00
3.851916640996932983e-02
1.938209682703018188e-01
5.264432430267333984e-01
1.823348999023437500e-01
1.667073130607604980e+00
0.000000000000000000e+00
2.316785417497158051e-02
1.191523578017950058e-02
2.922747433185577393e-01
1.612598821520805359e-02
6.832335591316223145e-01
1.388832926750183105e+00
1.328814744949340820e+00
3.186205863952636719e+00
0.000000000000000000e+00
7.431717962026596069e-02
9.265708327293395996e-01
4.103089496493339539e-02
1.382714956998825073e-01
1.047024965286254883e+00
8.225908130407333374e-02
1.426400661468505859e+00
6.228620409965515137e-01
5.293275117874145508e-01
6.616579890251159668e-01
1.858231067657470703e+00
9.439189732074737549e-02
2.579182982444763184e-01
7.909716963768005371e-01
0.000000000000000000e+00
2.274246886372566223e-02
7.345939278602600098e-01
1.922051608562469482e-02
0.000000000000000000e+00
1.587266087532043457e+00
1.535667199641466141e-02
2.445345558226108551e-02
3.140531480312347412e-02
1.115196585655212402e+00
0.000000000000000000e+00
1.810516953468322754e+00
5.556276999413967133e-03
1.982958316802978516e-01
7.493414878845214844e-01
0.000000000000000000e+00
0.000000000000000000e+00
1.728435754776000977e-01
5.937311053276062012e-01
8.592663705348968506e-02
9.009399414062500000e-01
0.000000000000000000e+00
7.793978452682495117e-01
8.461545109748840332e-01
4.091268777847290039e-02
2.944797649979591370e-02
0.000000000000000000e+00
1.108617424964904785e+00
2.675585448741912842e-02
2.677987515926361084e-01
1.009505894035100937e-02
4.385285079479217529e-03
3.750287771224975586e+00
3.047012567520141602e+00
1.556506156921386719e+00
8.061759290285408497e-04
0.000000000000000000e+00
9.511163085699081421e-02
6.699927896261215210e-02
2.893852889537811279e-01
4.438620060682296753e-02
7.313143014907836914e-01
4.786685109138488770e-01
2.132065594196319580e-01
8.568859696388244629e-01
3.759581148624420166e-01
0.000000000000000000e+00
7.220739126205444336e-01
1.754638105630874634e-01
7.216424942016601562e-01
5.000478774309158325e-02
0.000000000000000000e+00
7.290675044059753418e-01
5.061003565788269043e-01
0.000000000000000000e+00
3.824402019381523132e-02
8.931286633014678955e-02
3.417653143405914307e-01
2.381416223943233490e-02
1.143455225974321365e-02
3.898483276367187500e+00
5.444543901830911636e-03
1.900806069374084473e+00
1.312959909439086914e+00
1.501340389251708984e+00
1.353911310434341431e-01
1.096827462315559387e-01
6.473236680030822754e-01
4.219965934753417969e-01
2.683681488037109375e+00
1.344934292137622833e-02
4.539815708994865417e-02
3.270137310028076172e-01
0.000000000000000000e+00
3.624694943428039551e-01
0.000000000000000000e+00
2.481065839529037476e-01
1.343207657337188721e-01
6.983073800802230835e-02
3.921651244163513184e-01
1.488412499427795410e+00
4.104837894439697266e+00
1.551011055707931519e-01
1.089432090520858765e-02
1.824856996536254883e-01
1.900148034095764160e+00
1.838213652372360229e-01
0.000000000000000000e+00
0.000000000000000000e+00
7.249459028244018555e-01
0.000000000000000000e+00
1.139375329017639160e+00
3.915104269981384277e-01
1.429353952407836914e-01
1.664859414100646973e+00
1.231126189231872559e-01
7.220919728279113770e-01
0.000000000000000000e+00
4.382156729698181152e-01
7.886732220649719238e-01
2.188856840133666992e+00
3.784005641937255859e-01
4.493089765310287476e-02
2.718308568000793457e-01
2.854878664016723633e+00
7.481775432825088501e-02
3.801132440567016602e+00
8.166164159774780273e-02
2.416960000991821289e-01
1.322048068046569824e+00
3.791575133800506592e-01
5.236964225769042969e-01
1.127997785806655884e-01
1.436576396226882935e-01
4.039721965789794922e+00
8.687698282301425934e-03
3.507602214813232422e-02
1.998319029808044434e-01
0.000000000000000000e+00
2.762618064880371094e-01
5.309994518756866455e-02
0.000000000000000000e+00
8.155741542577743530e-02
1.093680635094642639e-01
2.494859844446182251e-01
3.595358133316040039e-01
1.011525765061378479e-01
4.587745666503906250e-02
5.241272225975990295e-02
0.000000000000000000e+00
1.705429911613464355e+00
1.414936900138854980e+00
2.696316242218017578e-01
0.000000000000000000e+00
0.000000000000000000e+00
4.068300426006317139e-01
0.000000000000000000e+00
1.134484931826591492e-01
2.103884518146514893e-01
0.000000000000000000e+00
2.027123451232910156e+00
3.056652247905731201e-01
4.190438240766525269e-02
1.196049302816390991e-01
7.357045412063598633e-01
4.697460532188415527e-01
1.313975453376770020e-01
0.000000000000000000e+00
3.342930227518081665e-02
0.000000000000000000e+00
4.303117096424102783e-01
4.523707926273345947e-01
2.575121223926544189e-01
0.000000000000000000e+00
5.608906149864196777e-01
7.456300407648086548e-02
1.031212625093758106e-03
1.643787026405334473e+00
6.183687448501586914e-01
4.146784543991088867e-01
3.855463266372680664e-01
2.183419466018676758e-01
5.651868343353271484e+00
2.645907998085021973e-01
1.320232599973678589e-01
6.263040900230407715e-01
1.013894796371459961e+00
0.000000000000000000e+00
1.156576201319694519e-01
3.747910261154174805e-02
1.599588513374328613e+00
1.260055303573608398e-01
1.178111806511878967e-01
2.198802083730697632e-01
5.009986162185668945e-01
2.666144371032714844e-01
1.384042948484420776e-01
1.075298309326171875e+00
2.402756452560424805e+00
1.432417392730712891e+00
1.069921851158142090e-01
4.854148626327514648e-01
1.052210092544555664e+00
3.106348812580108643e-01
1.065924484282732010e-02
1.721463501453399658e-01
7.882568836212158203e-01
1.925951838493347168e-01
4.351329505443572998e-01
1.806621909141540527e+00
2.845633029937744141e-01
1.194407511502504349e-02
8.489533513784408569e-02
7.403075695037841797e-01
0.000000000000000000e+00
2.103749036788940430e+00
4.189825356006622314e-01
2.564438283443450928e-01
7.776196114718914032e-03
5.484684184193611145e-02
4.815986156463623047e-01
0.000000000000000000e+00
1.265824556350708008e+00
4.506625831127166748e-01
4.386673271656036377e-01
7.442116141319274902e-01
2.864620387554168701e-01
6.812538206577301025e-02
1.617945879697799683e-01
0.000000000000000000e+00
0.000000000000000000e+00
0.000000000000000000e+00
0.000000000000000000e+00
7.841710448265075684e-01
1.031099585816264153e-03
6.918960809707641602e-02
2.490357756614685059e-01
2.905096858739852905e-02
6.434921026229858398e-01
2.769607864320278168e-02
2.388519495725631714e-01
5.228751897811889648e-01
2.194257825613021851e-01
1.802630186080932617e+00
2.680228710174560547e+00
1.314242959022521973e+00
1.614376187324523926e+00
7.149072736501693726e-02
8.227513730525970459e-02
8.947204798460006714e-02
2.297746948897838593e-03
1.276556730270385742e+00
3.818127512931823730e-01
0.000000000000000000e+00
0.000000000000000000e+00
1.943877100944519043e+00
9.633405208587646484e-01
9.881722182035446167e-02
1.792871276848018169e-03
2.954293787479400635e-01
6.451652526855468750e+00
1.325150132179260254e+00
1.754382997751235962e-01
4.762132465839385986e-01
1.388781666755676270e-01
5.852682888507843018e-02
3.508410453796386719e-01
2.708089537918567657e-03
1.866778284311294556e-01
1.757929921150207520e+00
2.554267272353172302e-02
2.435143142938613892e-01
2.583312988281250000e-02
2.742034792900085449e-01
3.818811848759651184e-02
0.000000000000000000e+00
1.420662086457014084e-02
1.016771435737609863e+00
3.509106114506721497e-02
8.025274276733398438e-01
1.815704703330993652e+00
0.000000000000000000e+00
1.000219285488128662e-01
3.763874173164367676e-01
5.453272163867950439e-02
1.246399760246276855e+00
2.328351885080337524e-01
2.811981916427612305e+00
8.250097744166851044e-03
1.181913912296295166e-01
1.445932239294052124e-01
3.017244637012481689e-01
7.362151890993118286e-02
1.181601509451866150e-01
5.672088861465454102e-01
0.000000000000000000e+00
4.673480987548828125e-02
7.554090581834316254e-03
1.864080429077148438e-01
1.490115761756896973e+00
1.105068176984786987e-01
7.862038016319274902e-01
9.133786708116531372e-02
3.530390858650207520e-01
1.311105638742446899e-01
0.000000000000000000e+00
1.569555997848510742e-01
4.938713312149047852e-01
0.000000000000000000e+00
4.433424770832061768e-02
1.633556962013244629e+00
8.972999453544616699e-01
0.000000000000000000e+00
2.300584018230438232e-01
3.351028561592102051e-01
1.370911717414855957e+00
0.000000000000000000e+00
3.849051594734191895e-01
0.000000000000000000e+00
5.162347108125686646e-02
3.731316030025482178e-01
5.776563882827758789e-01
5.757608413696289062e+00
9.410693049430847168e-01
1.905225813388824463e-01
1.028828620910644531e+00
0.000000000000000000e+00
2.217577695846557617e-01
6.429687142372131348e-01
8.845770955085754395e-01
1.696094274520874023e-01
9.803998284041881561e-03
1.168362330645322800e-02
1.552134007215499878e-01
9.113536477088928223e-01
2.245406359434127808e-01
2.854228019714355469e-01
4.863928794860839844e+00
2.338699847459793091e-01
0.000000000000000000e+00
0.000000000000000000e+00
1.380129933357238770e+00
1.435132980346679688e+00
6.026659607887268066e-01
0.000000000000000000e+00
0.000000000000000000e+00
2.467446401715278625e-02
1.877602189779281616e-01
1.610011935234069824e+00
3.874828517436981201e-01
5.344918966293334961e-01
3.527691960334777832e-01
3.940957039594650269e-02
2.906083166599273682e-01
9.755168557167053223e-01
1.916050791740417480e+00
2.299512922763824463e-02
2.378145307302474976e-01
3.177799284458160400e-01
1.442113220691680908e-01
3.679356813430786133e+00
5.616546869277954102e-01
2.608254194259643555e+00
2.009316980838775635e-01
0.000000000000000000e+00
4.449050426483154297e-01
1.626709401607513428e-01
8.650207519531250000e-01
1.032540760934352875e-02
1.109881326556205750e-01
5.050076171755790710e-02
0.000000000000000000e+00
3.326016664505004883e-01
0.000000000000000000e+00
5.651023704558610916e-03
1.142400950193405151e-01
3.058497905731201172e-01
8.597600460052490234e-01
2.341760843992233276e-01
1.955794543027877808e-01
1.824822723865509033e-01
1.101069927215576172e+00
7.717093825340270996e-01
9.762364788912236691e-04
2.630493640899658203e-01
2.416106760501861572e-01
2.171891629695892334e-01
0.000000000000000000e+00
5.427036881446838379e-01
2.162006497383117676e-02
1.743584722280502319e-01
0.000000000000000000e+00
4.940625429153442383e-01
0.000000000000000000e+00
0.000000000000000000e+00
3.732726722955703735e-02
8.995605260133743286e-02
3.663024604320526123e-01
7.220708727836608887e-01
5.510294809937477112e-02
1.426837872713804245e-03
9.998027980327606201e-02
1.157928258180618286e-01
0.000000000000000000e+00
0.000000000000000000e+00
3.472427129745483398e-01
1.148664057254791260e-01
1.618671864271163940e-01
2.197842113673686981e-03
9.572659134864807129e-01
1.803594641387462616e-02
3.433290123939514160e-01
3.536685928702354431e-02
9.646987542510032654e-03
4.859698005020618439e-03
1.308098316192626953e+00
1.530244946479797363e-01
0.000000000000000000e+00
0.000000000000000000e+00
0.000000000000000000e+00
2.823343276977539062e+00
0.000000000000000000e+00
1.860199570655822754e+00
3.560451865196228027e-01
1.394804000854492188e+00
