2.410241514444351196e-01
2.287531942129135132e-01
1.391322135925292969e+00
2.856936678290367126e-02
1.075138002634048462e-01
6.033931300044059753e-02
1.538746058940887451e-01
1.963696956634521484e+00
7.999552488327026367e-01
1.776228193193674088e-03
9.394084215164184570e-01
2.663927376270294189e-01
1.296188980340957642e-01
5.416104793548583984e-01
4.070323333144187927e-02
5.051968693733215332e-01
1.797401160001754761e-02
4.621053114533424377e-03
1.481175571680068970e-01
7.690063714981079102e-01
3.708394169807434082e-01
5.999560356140136719e-01
4.970447123050689697e-01
6.567146629095077515e-02
1.302951127290725708e-01
1.513432979583740234e+00
6.567138433456420898e-01
4.879166483879089355e-01
2.206007540225982666e-01
3.198892176151275635e-01
3.613307699561119080e-02
2.851513922214508057e-01
5.566871762275695801e-01
0.000000000000000000e+00
1.470039725303649902e+00
1.962015330791473389e-01
3.221004307270050049e-01
1.742395162582397461e+00
0.000000000000000000e+00
3.331535160541534424e-01
1.034682989120483398e+00
4.877979159355163574e-01
3.946117311716079712e-02
9.875557571649551392e-02
5.040545463562011719e-01
1.353536128997802734e+00
7.650751471519470215e-01
8.521466851234436035e-01
1.703957170248031616e-01
6.840292215347290039e-01
3.794236779212951660e-01
1.386840462684631348e+00
1.109590649604797363e+00
1.108630448579788208e-01
8.467847108840942383e-01
0.000000000000000000e+00
0.000000000000000000e+00
3.144360333681106567e-02
2.976568043231964111e-01
1.352641940116882324e+00
2.566341757774353027e-01
0.000000000000000000e+00
7.014027833938598633e-01
2.370562314987182617e+00
1.506875902414321899e-01
3.679207861423492432e-01
5.621070861816406250e-01
3.980254232883453369e-01
0.000000000000000000e+00
4.027825891971588135e-01
3.242123603820800781e+00
1.528639793395996094e+00
1.464144468307495117e+00
2.632391452789306641e+00
9.405960142612457275e-02
2.146195620298385620e-02
4.442366063594818115e-01
7.166330516338348389e-02
8.717460632324218750e-01
3.949697315692901611e-02
8.976283073425292969e-01
2.205307632684707642e-01
0.000000000000000000e+00
8.668722212314605713e-02
1.246864676475524902e+00
8.402533084154129028e-02
1.918053776025772095e-01
1.063932657241821289e+00
3.416495323181152344e-01
1.150082945823669434e+00
2.030811831355094910e-02
6.426881551742553711e-01
3.356773257255554199e-01
1.677426844835281372e-01
3.070649504661560059e-01
4.513122737407684326e-01
8.256725221872329712e-02
9.689715504646301270e-01
9.130469560623168945e-01
5.432866811752319336e-01
1.038983821868896484e+00
0.000000000000000000e+00
1.364365667104721069e-01
1.375256292521953583e-02
2.085663843899965286e-03
3.666318580508232117e-02
5.239238217473030090e-02
8.335551023483276367e-01
4.882521629333496094e-01
9.372130036354064941e-02
2.656653523445129395e-01
1.719216585159301758e+00
1.256899833679199219e-01
2.431943714618682861e-01
8.688909411430358887e-01
9.983701705932617188e-01
1.004595234990119934e-01
2.986823618412017822e-01
1.878771424293518066e+00
2.669873237609863281e-01
6.408585608005523682e-02
7.640460133552551270e-01
1.692766882479190826e-02
1.671387255191802979e-01
7.694124698638916016e+00
1.078055649995803833e-01
8.815953135490417480e-01
4.330795109272003174e-01
9.807624816894531250e-01
0.000000000000000000e+00
2.653304815292358398e+00
1.049656048417091370e-02
8.339684009552001953e-01
1.220864653587341309e-01
0.000000000000000000e+00
0.000000000000000000e+00
2.180642336606979370e-01
1.148343801498413086e+00
7.559601068496704102e-01
2.378745190799236298e-02
1.139873743057250977e+00
6.601967215538024902e-01
5.277730226516723633e-01
7.806475162506103516e-01
4.553608596324920654e-02
8.382542058825492859e-03
6.461266279220581055e-01
4.046672582626342773e-01
4.965940713882446289e-01
5.176407098770141602e-01
6.400876045227050781e-01
7.700024638324975967e-03
1.695281639695167542e-02
1.484080553054809570e-01
2.328589200973510742e+00
5.094343796372413635e-02
1.949122250080108643e-01
1.844452619552612305e-01
5.480462685227394104e-02
2.469681501388549805e-01
7.430877070873975754e-03
3.842844814062118530e-02
2.804097160696983337e-02
4.300544261932373047e-01
2.217313796281814575e-01
1.038348078727722168e+00
0.000000000000000000e+00
3.899911165237426758e+00
8.354467153549194336e-02
4.770533144474029541e-01
1.901347935199737549e-01
1.224142163991928101e-01
1.551330089569091797e+00
1.104590576142072678e-02
9.892541170120239258e-02
1.306680887937545776e-01
3.972023725509643555e-02
3.047761321067810059e-01
0.000000000000000000e+00
2.095719337463378906e+00
3.576377928256988525e-01
5.378684401512145996e-01
1.226471066474914551e+00
2.892198264598846436e-01
1.895216060802340508e-03
1.216283347457647324e-02
0.000000000000000000e+00
1.175908185541629791e-02
1.299637705087661743e-01
2.583611965179443359e+00
4.249918460845947266e-01
1.331314444541931152e-01
1.269117090851068497e-02
4.936105385422706604e-02
0.000000000000000000e+00
7.557539939880371094e-01
7.878171801567077637e-01
6.972029060125350952e-02
1.735317826271057129e+00
3.251011073589324951e-01
1.486499700695276260e-02
1.065052390098571777e+00
1.247716248035430908e-01
9.830334782600402832e-01
0.000000000000000000e+00
1.841440051794052124e-02
7.686502337455749512e-01
2.124472856521606445e+00
8.281158208847045898e-01
2.357264012098312378e-01
8.655562996864318848e-02
1.405579566955566406e+00
6.217945814132690430e-01
1.174343973398208618e-01
4.346184730529785156e-01
1.905254647135734558e-02
2.027540355920791626e-01
1.524313632398843765e-02
3.101271111518144608e-03
2.901609987020492554e-03
1.670982003211975098e+00
1.167020946741104126e-02
1.650407314300537109e+00
6.564624607563018799e-02
2.545548915863037109e+00
3.898440003395080566e-01
4.145673513412475586e-01
2.858116388320922852e+00
2.441233582794666290e-02
1.259103894233703613e+00
1.301072001457214355e+00
1.207076072692871094e+00
9.666755795478820801e-01
4.412252604961395264e-01
1.123917460441589355e+00
2.686323821544647217e-01
7.406325936317443848e-01
4.668151438236236572e-01
0.000000000000000000e+00
6.477628368884325027e-03
1.738452911376953125e-01
2.647231519222259521e-01
1.690336316823959351e-02
1.299122124910354614e-01
2.986423671245574951e-01
1.918005011975765228e-02
2.634243726730346680e+00
9.476629495620727539e-01
2.207733631134033203e+00
6.429433822631835938e-01
3.983770906925201416e-01
2.491338253021240234e-01
2.543824315071105957e-01
7.899078130722045898e-01
3.957115113735198975e-01
2.316542714834213257e-01
1.032131552696228027e+00
1.827190220355987549e-01
1.050379872322082520e+00
0.000000000000000000e+00
2.280572988092899323e-02
1.693133115768432617e-01
1.347945570945739746e+00
6.340213865041732788e-02
1.276525557041168213e-01
0.000000000000000000e+00
6.620663404464721680e-02
1.039580404758453369e-01
1.288838505744934082e+00
2.240447849035263062e-01
2.663741827011108398e+00
8.013321459293365479e-02
1.353687793016433716e-01
1.393123809248209000e-02
7.501307725906372070e-01
3.392166197299957275e-01
0.000000000000000000e+00
1.306290268898010254e+00
3.008123114705085754e-02
5.128132104873657227e-01
1.094175130128860474e-01
9.079131484031677246e-02
3.669519126415252686e-01
2.495888471603393555e-01
2.011626243591308594e+00
7.281094044446945190e-02
1.516395658254623413e-01
3.401969075202941895e-01
1.121710538864135742e+00
1.855347454547882080e-01
4.634069204330444336e-01
1.623111218214035034e-01
9.452207386493682861e-02
4.643323421478271484e-01
3.273478448390960693e-01
6.585859507322311401e-02
1.269114732742309570e+00
1.202620625495910645e+00
1.562114655971527100e-01
1.104664131999015808e-01
1.276808857917785645e+00
3.376979529857635498e-01
8.502097725868225098e-01
2.976434119045734406e-02
2.473930418491363525e-01
2.831114828586578369e-01
6.974588632583618164e-01
4.621227458119392395e-02
1.367859840393066406e-01
6.691230535507202148e-01
1.434844136238098145e-01
1.527109742164611816e+00
3.868741691112518311e-01
2.786086797714233398e+00
8.223671466112136841e-02
5.699818134307861328e-01
1.755782961845397949e+00
1.384315341711044312e-01
7.312610000371932983e-02
1.740644454956054688e+00
1.602965950965881348e+00
5.885409116744995117e-01
2.616009116172790527e-01
7.465832829475402832e-01
1.812786422669887543e-02
4.953302815556526184e-02
6.878925953060388565e-03
8.177305757999420166e-02
5.484997108578681946e-02
4.285681545734405518e-01
1.102731823921203613e-01
1.451280713081359863e-01
3.787392973899841309e-01
7.295574545860290527e-01
1.596174240112304688e-01
1.702934205532073975e-01
2.962291479110717773e+00
8.273569345474243164e-01
2.391598224639892578e+00
1.583403348922729492e-01
9.729868173599243164e-02
0.000000000000000000e+00
3.295839130878448486e-01
1.666589230298995972e-01
3.151433914899826050e-02
7.576879262924194336e-01
1.943854242563247681e-01
7.923452183604240417e-03
3.865028619766235352e-01
8.664273470640182495e-02
3.098236083984375000e+00
6.550937891006469727e-02
7.863538339734077454e-03
1.989093720912933350e-01
7.628446072340011597e-02
3.884247271344065666e-03
3.858542814850807190e-02
1.720540285110473633e+00
1.104061841964721680e+00
1.062094926834106445e+00
1.401158422231674194e-01
2.940546035766601562e+00
1.621078141033649445e-02
7.570025324821472168e-01
1.034603238105773926e+00
1.122009158134460449e-01
8.333702087402343750e-01
7.561661303043365479e-02
0.000000000000000000e+00
3.692991435527801514e-01
4.951665103435516357e-01
6.300935745239257812e-01
1.151255238801240921e-02
5.505390763282775879e-01
3.175105750560760498e-01
1.598673164844512939e-01
1.081324934959411621e+00
0.000000000000000000e+00
1.060081958770751953e+00
8.462941050529479980e-01
0.000000000000000000e+00
2.043651640415191650e-01
1.280741095542907715e-01
3.977457284927368164e-01
2.202150039374828339e-02
1.570511221885681152e+00
0.000000000000000000e+00
8.257280588150024414e-01
1.133339285850524902e+00
1.066783308982849121e+00
3.433177947998046875e+00
7.335937023162841797e-01
1.794184893369674683e-01
4.902376793324947357e-03
3.424306213855743408e-01
1.593123197555541992e+00
0.000000000000000000e+00
5.527155995368957520e-01
0.000000000000000000e+00
0.000000000000000000e+00
0.000000000000000000e+00
3.078557737171649933e-02
4.346538186073303223e-01
1.010348439216613770e+00
1.735981670208275318e-03
2.372026294469833374e-01
2.108854949474334717e-01
1.758207567036151886e-02
1.385743319988250732e-01
1.883312821388244629e+00
5.802140757441520691e-02
7.314898371696472168e-01
7.667572051286697388e-02
9.060526639223098755e-02
7.902969121932983398e-01
4.491831660270690918e-01
6.052665114402770996e-01
4.755931794643402100e-01
2.386823445558547974e-01
1.632317155599594116e-01
0.000000000000000000e+00
3.984336376190185547e+00
6.924065351486206055e-01
5.636711120605468750e-01
1.025683507323265076e-01
7.380199432373046875e-02
4.232005774974822998e-02
1.026593685150146484e+00
7.420156896114349365e-02
1.274580834433436394e-03
1.044919848442077637e+00
1.257428079843521118e-01
3.794713318347930908e-02
1.170009493827819824e+00
2.153740078210830688e-01
1.519968081265687943e-02
1.455259602516889572e-02
1.348549723625183105e+00
4.727254211902618408e-01
1.098605170845985413e-01
0.000000000000000000e+00
1.260543316602706909e-01
2.707749307155609131e-01
2.913508713245391846e-01
1.631827205419540405e-01
2.351474046707153320e+00
4.676847904920578003e-02
1.264029264450073242e+00
1.967360824346542358e-01
3.259896337985992432e-01
1.011834442615509033e-01
6.777926087379455566e-01
8.533764481544494629e-01
4.649736881256103516e-01
8.786966800689697266e-01
1.275212287902832031e+00
1.015788093209266663e-01
5.513285994529724121e-01
1.261468827724456787e-01
0.000000000000000000e+00
6.336556077003479004e-01
2.345618456602096558e-01
5.979280918836593628e-02
4.985490143299102783e-01
9.340064525604248047e-01
7.233978062868118286e-02
4.523957520723342896e-02
7.254770994186401367e-01
8.070300221443176270e-01
3.549975156784057617e-01
1.238199472427368164e-01
1.386432409286499023e+00
5.370554327964782715e-01
1.018121838569641113e+00
8.900063037872314453e-01
1.887300729751586914e+00
1.024596914649009705e-01
0.000000000000000000e+00
2.715253643691539764e-02
8.303710259497165680e-03
0.000000000000000000e+00
5.177108049392700195e-01
2.409776687622070312e+00
1.010857224464416504e-01
1.253312826156616211e-01
2.926713228225708008e+00
1.114465117454528809e+00
5.624217540025711060e-02
1.550209671258926392e-01
3.304220914840698242e+00
3.296290040016174316e-01
6.930248439311981201e-02
1.842265576124191284e-01
1.810202747583389282e-01
3.918594598770141602e+00
6.526500582695007324e-01
1.245538368821144104e-01
1.388714432716369629e+00
6.145748496055603027e-01
4.130175709724426270e-01
7.972608208656311035e-01
4.933910071849822998e-02
6.968748569488525391e-02
1.676686853170394897e-02
4.627182483673095703e-01
0.000000000000000000e+00
1.951457560062408447e-01
1.668186113238334656e-02
0.000000000000000000e+00
3.566981256008148193e-01
1.246013864874839783e-01
4.171545803546905518e-02
1.320757567882537842e-01
1.619674116373062134e-01
6.339766085147857666e-02
2.577741444110870361e-01
4.111175835132598877e-01
9.661378711462020874e-02
1.820740550756454468e-01
6.457383036613464355e-01
8.306621909141540527e-01
5.849568843841552734e+00
2.468150407075881958e-01
3.697623014450073242e-01
7.873665690422058105e-01
7.802588939666748047e-01
2.788180112838745117e-01
6.059616431593894958e-02
3.519617719575762749e-03
5.787239670753479004e-01
0.000000000000000000e+00
2.931816577911376953e-01
1.490867137908935547e-01
3.116113543510437012e-01
4.983598738908767700e-02
7.078281044960021973e-01
3.816069066524505615e-01
2.568553946912288666e-02
6.905407905578613281e-01
5.221150442957878113e-02
5.941756248474121094e+00
2.543436586856842041e-01
2.307268679141998291e-01
9.243627786636352539e-01
1.683358103036880493e-01
8.447535336017608643e-03
8.287823200225830078e-02
3.481714229565113783e-04
2.943179607391357422e+00
3.492207527160644531e-01
3.515792265534400940e-02
7.501974701881408691e-02
2.388980984687805176e-01
7.305783033370971680e-01
0.000000000000000000e+00
2.066179752349853516e+00
3.462728857994079590e-02
1.681114196777343750e+00
6.954996287822723389e-02
0.000000000000000000e+00
1.320214197039604187e-02
0.000000000000000000e+00
1.493808031082153320e-01
2.786765340715646744e-03
0.000000000000000000e+00
2.916363239288330078e+00
5.743852257728576660e-01
2.347515225410461426e-01
0.000000000000000000e+00
5.284016132354736328e-01
3.086875891312956810e-03
0.000000000000000000e+00
1.536011695861816406e+00
0.000000000000000000e+00
3.073140680789947510e-01
8.966806344687938690e-03
3.560488522052764893e-01
4.821145832538604736e-01
3.146612048149108887e-01
2.086578123271465302e-02
7.288106530904769897e-02
5.631954073905944824e-01
6.961966753005981445e-01
9.219611883163452148e-01
1.469934433698654175e-01
1.031544711440801620e-02
5.841143131256103516e-01
3.875482380390167236e-01
7.236081361770629883e-01
7.683730870485305786e-02
1.940549314022064209e-01
1.060502529144287109e+00
0.000000000000000000e+00
2.597618401050567627e-01
1.302721500396728516e-01
4.902226328849792480e-01
5.704591870307922363e-01
4.000551998615264893e-01
1.465251564979553223e+00
1.651677131652832031e+00
7.928830385208129883e-01
5.253952741622924805e-01
1.867228187620639801e-02
2.359784990549087524e-01
8.825978040695190430e-01
7.431346457451581955e-03
1.657065004110336304e-01
4.567352682352066040e-02
1.077189445495605469e+00
3.425531983375549316e-01
9.372220635414123535e-01
6.569493412971496582e-01
8.345665037631988525e-02
3.334560096263885498e-01
3.327613472938537598e-01
1.292658783495426178e-02
1.026035189628601074e+00
6.134033203125000000e-03
1.265426397323608398e+00
0.000000000000000000e+00
6.959881186485290527e-01
8.883262276649475098e-01
1.492780923843383789e+00
1.871679276227951050e-01
1.459640383720397949e+00
5.593485236167907715e-01
5.588294863700866699e-01
0.000000000000000000e+00
4.460781514644622803e-01
1.497421115636825562e-01
8.711744844913482666e-02
8.722086548805236816e-01
8.286590874195098877e-02
6.976829767227172852e-01
2.576562464237213135e-01
3.552669882774353027e-01
0.000000000000000000e+00
9.355672001838684082e-01
1.218048036098480225e-01
4.639338701963424683e-03
2.978808283805847168e-01
2.770850956439971924e-01
8.504588603973388672e-01
4.201079308986663818e-01
3.431234955787658691e-01
3.730272650718688965e-01
6.164266467094421387e-01
9.262694418430328369e-02
7.073456048965454102e-01
2.756262198090553284e-03
1.010904833674430847e-01
1.334970444440841675e-01
7.275097072124481201e-03
1.037458404898643494e-01
0.000000000000000000e+00
3.103865683078765869e-01
5.624417960643768311e-02
6.560825556516647339e-02
1.641924381256103516e-01
6.172651052474975586e-01
1.275345385074615479e-01
2.815440297126770020e-02
8.018087148666381836e-01
6.357169747352600098e-01
0.000000000000000000e+00
3.246396780014038086e-01
1.087898373603820801e+00
9.965772628784179688e-01
5.376712679862976074e-01
1.569972038269042969e-01
0.000000000000000000e+00
2.930929183959960938e+00
4.453166723251342773e-01
5.344125628471374512e-01
1.632890850305557251e-01
1.942287534475326538e-01
7.407832890748977661e-02
1.979769617319107056e-01
5.345711708068847656e-01
2.328282594680786133e+00
4.650432467460632324e-01
2.450713329017162323e-02
3.729097545146942139e-02
8.540438413619995117e-01
1.737288981676101685e-01
2.827712059020996094e+00
2.392985075712203979e-01
0.000000000000000000e+00
2.425418347120285034e-01
8.483406156301498413e-02
2.018727064132690430e-01
4.987509548664093018e-02
2.476111501455307007e-01
5.884904861450195312e-01
1.135674864053726196e-01
3.399473726749420166e-01
8.679001778364181519e-02
1.496637344360351562e+00
4.563086330890655518e-01
1.596894487738609314e-02
3.713858723640441895e-01
6.420403122901916504e-01
3.818683698773384094e-02
1.485765457153320312e+00
1.963168263435363770e+00
5.626693964004516602e-01
5.417928844690322876e-02
1.171333789825439453e+00
3.643756806850433350e-01
3.829680383205413818e-01
1.389110684394836426e+00
3.514807820320129395e-01
4.023203626275062561e-02
2.438855469226837158e-01
1.215054541826248169e-01
2.061271905899047852e+00
3.356074988842010498e-01
2.047506570816040039e-01
2.447224140167236328e+00
4.858996868133544922e-01
2.007673978805541992e-01
9.593706727027893066e-01
5.188974142074584961e-01
1.018292158842086792e-01
7.969824075698852539e-01
2.051192998886108398e+00
4.174749553203582764e-02
1.903280258178710938e+00
3.729622066020965576e-01
4.617040634155273438e+00
4.088163375854492188e-02
5.613028258085250854e-02
9.913495182991027832e-02
3.152532279491424561e-01
3.410048484802246094e-01
0.000000000000000000e+00
4.368333518505096436e-01
6.483865976333618164e-01
1.935532689094543457e-02
0.000000000000000000e+00
1.264647301286458969e-02
3.277448564767837524e-02
6.878882646560668945e-02
2.027059048414230347e-01
4.311808049678802490e-01
3.188400715589523315e-02
8.627842664718627930e-01
1.061066865921020508e+00
3.848867490887641907e-02
6.386786699295043945e-01
7.449926342815160751e-03
0.000000000000000000e+00
6.358979940414428711e-01
3.323143422603607178e-01
1.624518632888793945e-01
2.799614965915679932e-01
1.156901270151138306e-01
1.020358726382255554e-01
1.512228697538375854e-01
1.832174509763717651e-01
2.630305588245391846e-01
0.000000000000000000e+00
4.249604418873786926e-02
2.639554440975189209e-02
2.787594199180603027e-01
2.004366517066955566e-01
1.849294066429138184e+00
3.031973727047443390e-02
1.350872993469238281e+00
9.413719177246093750e-02
2.431100755929946899e-01
3.998747095465660095e-02
7.218544483184814453e-01
2.015730440616607666e-01
1.766887456178665161e-01
2.181413024663925171e-01
4.441558361053466797e+00
4.968636929988861084e-01
2.233553171157836914e+00
4.497625529766082764e-01
4.383324086666107178e-01
5.886253714561462402e-01
1.838289856910705566e+00
6.392925977706909180e-02
6.078228950500488281e-01
1.908796727657318115e-01
2.162900269031524658e-01
7.437381148338317871e-01
5.197037458419799805e-01
5.248683094978332520e-01
2.689450383186340332e-01
1.105846524238586426e+00
1.578177958726882935e-01
3.889178484678268433e-02
8.032825589179992676e-02
0.000000000000000000e+00
2.515909373760223389e-01
3.168060258030891418e-02
4.778901338577270508e-01
1.037546470761299133e-01
1.800561398267745972e-01
2.960268974304199219e+00
5.789479613304138184e-01
7.759216427803039551e-01
1.045663729310035706e-01
6.163221970200538635e-02
8.107737898826599121e-01
2.505594730377197266e+00
2.621663808822631836e-01
1.015129014849662781e-01
0.000000000000000000e+00
1.225788950920104980e+00
6.540305614471435547e-01
8.981584310531616211e-01
7.469233274459838867e-01
1.091033935546875000e+00
1.258115400560200214e-03
0.000000000000000000e+00
3.635757565498352051e-01
3.244980275630950928e-01
3.294380307197570801e-01
7.058520913124084473e-01
1.342298090457916260e-01
0.000000000000000000e+00
3.404716014862060547e+00
0.000000000000000000e+00
4.299092590808868408e-01
5.090089887380599976e-02
4.857471585273742676e-01
8.285876363515853882e-02
1.468342989683151245e-01
6.151314377784729004e-01
2.137436419725418091e-01
7.374051958322525024e-03
3.370296657085418701e-01
2.115755230188369751e-01
1.261745393276214600e-01
4.787923768162727356e-02
4.404357634484767914e-03
4.205715358257293701e-01
3.756125569343566895e-01
1.837927498854696751e-03
1.391748547554016113e+00
9.523410350084304810e-03
0.000000000000000000e+00
1.062197327613830566e+00
5.418574213981628418e-01
1.203293800354003906e+00
2.978418171405792236e-01
4.779748618602752686e-02
1.025813579559326172e+00
4.100779294967651367e-01
2.771938800811767578e+00
1.428349912166595459e-01
2.845057547092437744e-01
2.808702290058135986e-01
0.000000000000000000e+00
2.162207216024398804e-01
5.462247133255004883e-02
5.526585578918457031e-01
4.479681253433227539e-01
1.088943958282470703e+00
4.253042042255401611e-01
2.375256538391113281e+00
2.075996845960617065e-01
2.118829011917114258e+00
1.013180613517761230e-01
3.743251562118530273e-01
0.000000000000000000e+00
3.759711980819702148e-01
1.277500540018081665e-01
8.921989202499389648e-01
1.009395569562911987e-01
3.872177377343177795e-02
2.367804288864135742e+00
2.094963937997817993e-01
7.563589215278625488e-01
5.070609450340270996e-01
1.160722017288208008e+00
1.246575340628623962e-01
1.980156637728214264e-02
4.823005571961402893e-02
3.619088232517242432e-01
4.342281445860862732e-02
6.127086281776428223e-01
8.987314701080322266e-01
1.172256544232368469e-01
9.888249635696411133e-02
6.445894390344619751e-02
7.060974836349487305e-02
0.000000000000000000e+00
9.445255994796752930e-01
6.904883384704589844e+00
7.247702777385711670e-02
2.631969451904296875e-01
1.658160090446472168e-01
5.112681910395622253e-02
1.054858416318893433e-01
6.271109580993652344e-01
2.823894917964935303e-01
0.000000000000000000e+00
8.332713246345520020e-01
1.098584890365600586e+00
8.561200499534606934e-01
1.002448201179504395e+00
1.320680856704711914e+00
4.010967314243316650e-01
9.741226434707641602e-01
8.756515979766845703e-01
0.000000000000000000e+00
1.019909754395484924e-01
3.565610647201538086e-01
3.028290271759033203e-01
5.468990802764892578e-01
2.682914491742849350e-04
6.973410844802856445e-01
2.863870561122894287e-01
1.483267903327941895e+00
3.215166330337524414e+00
3.201970756053924561e-01
3.127610087394714355e-01
2.749054692685604095e-02
3.756772577762603760e-01
4.220021516084671021e-02
2.294000536203384399e-01
4.295557439327239990e-01
3.267028331756591797e-01
3.189149856567382812e+00
4.954146444797515869e-01
2.509426772594451904e-01
8.881339430809020996e-01
6.949384808540344238e-01
1.183681845664978027e+00
3.425576686859130859e-01
1.345163881778717041e-01
3.748448938131332397e-02
7.678948044776916504e-01
6.412490010261535645e-01
7.496094703674316406e-01
6.282427906990051270e-01
1.273055933415889740e-02
7.022570371627807617e-01
8.684576153755187988e-01
4.390252754092216492e-02
3.662078619003295898e+00
0.000000000000000000e+00
1.533225476741790771e-01
8.586865663528442383e-02
1.460731029510498047e+00
1.188286766409873962e-01
1.821557432413101196e-01
1.219334900379180908e-01
6.528328061103820801e-01
8.799064755439758301e-01
8.781875967979431152e-01
2.829498052597045898e-01
1.301554322242736816e+00
0.000000000000000000e+00
2.443368881940841675e-01
2.868956029415130615e-01
3.946660086512565613e-02
1.555759459733963013e-01
0.000000000000000000e+00
1.437510251998901367e-01
7.253780961036682129e-01
1.920389890670776367e+00
2.818336486816406250e-01
4.361210018396377563e-02
1.407111644744873047e+00
8.225352168083190918e-01
0.000000000000000000e+00
1.963450908660888672e-01
4.714699834585189819e-02
9.989451169967651367e-01
1.710913330316543579e-01
1.462162472307682037e-02
1.782368659973144531e+00
1.932239532470703125e-01
0.000000000000000000e+00
3.951911255717277527e-02
2.453433990478515625e+00
3.415523171424865723e-01
1.535046100616455078e-01
1.000072509050369263e-01
1.174911484122276306e-01
5.643856525421142578e-01
2.051075845956802368e-01
7.508092373609542847e-02
1.424168199300765991e-01
1.561542414128780365e-02
1.104255914688110352e+00
3.868700563907623291e-02
2.772056162357330322e-01
2.305536717176437378e-01
7.531978655606508255e-03
1.226118649356067181e-03
6.383419036865234375e-03
1.307275891304016113e-01
4.226563870906829834e-01
1.521599173545837402e+00
7.589019536972045898e-01
2.433934509754180908e-01
3.029834032058715820e+00
1.841457933187484741e-01
0.000000000000000000e+00
4.324285686016082764e-01
3.316877186298370361e-01
9.119884669780731201e-02
3.037228882312774658e-01
4.207659065723419189e-01
3.454272150993347168e-01
1.201631426811218262e-01
1.214326381683349609e+00
3.446108698844909668e-01
7.577988505363464355e-01
4.350529611110687256e-01
3.617798686027526855e-01
1.935451664030551910e-02
1.666443228721618652e+00
2.437478601932525635e-01
2.633074223995208740e-01
1.170704245567321777e+00
7.013307511806488037e-02
4.749947488307952881e-01
1.359231118112802505e-02
8.416065946221351624e-03
0.000000000000000000e+00
5.793143436312675476e-02
1.435589343309402466e-01
3.789868950843811035e-01
2.376425564289093018e-01
5.934479236602783203e-01
5.568260550498962402e-01
4.385894536972045898e-02
4.156308248639106750e-02
2.428676187992095947e-02
1.882605701684951782e-01
1.485056161880493164e+00
2.720100581645965576e-01
1.684695333242416382e-01
1.090524122118949890e-01
1.615686267614364624e-01
5.070276260375976562e-01
0.000000000000000000e+00
2.456411272287368774e-01
2.461571842432022095e-01
1.495511412620544434e+00
6.968848407268524170e-03
6.749348044395446777e-01
1.825691759586334229e-01
2.284288257360458374e-01
6.060881614685058594e-01
4.052542150020599365e-01
7.537225633859634399e-02
5.443806573748588562e-02
1.254215687513351440e-01
1.707709431648254395e-01
4.288579151034355164e-02
1.005510687828063965e+00
9.022422879934310913e-02
5.311295390129089355e-02
2.453764677047729492e-01
0.000000000000000000e+00
6.232789158821105957e-02
8.209162354469299316e-01
8.473885059356689453e-01
5.009084474295377731e-03
2.115620613098144531e+00
1.185363411903381348e+00
2.176817655563354492e+00
9.964235126972198486e-02
4.588115811347961426e-01
4.491897523403167725e-01
4.352892637252807617e-01
8.559094071388244629e-01
0.000000000000000000e+00
6.023125648498535156e-01
1.689703345298767090e+00
1.548781156539916992e+00
0.000000000000000000e+00
1.161079168319702148e+00
1.105540871620178223e+00
2.812336385250091553e-01
2.983148954808712006e-02
4.469582438468933105e-02
1.472920924425125122e-01
1.350642800331115723e+00
6.233529746532440186e-02
1.857184171676635742e-01
1.898534148931503296e-01
0.000000000000000000e+00
6.342554092407226562e-02
3.098163902759552002e-01
7.439621686935424805e-01
0.000000000000000000e+00
0.000000000000000000e+00
1.112953796982765198e-01
1.493628770112991333e-01
2.128918915987014771e-01
1.120327562093734741e-01
1.171285152435302734e+00
4.895620048046112061e-01
1.005107045173645020e+00
9.917146563529968262e-01
1.405834257602691650e-01
1.459356099367141724e-01
6.559088081121444702e-02
2.340348809957504272e-02
1.788399815559387207e-01
6.301887631416320801e-01
3.402993977069854736e-01
1.342267692089080811e-01
1.086032867431640625e+00
3.397547245025634766e+00
1.716088175773620605e+00
1.592885851860046387e-01
0.000000000000000000e+00
1.219291090965270996e+00
2.818866819143295288e-02
1.011315107345581055e+00
9.467025846242904663e-02
2.827734649181365967e-01
1.415924668312072754e+00
2.479675114154815674e-01
1.004478693008422852e+00
5.233342200517654419e-02
1.571889400482177734e+00
3.841049671173095703e-01
6.271299719810485840e-02
1.857620835304260254e+00
5.145833492279052734e-01
7.610544562339782715e-02
2.509834058582782745e-02
2.184623956680297852e+00
8.714032173156738281e-01
7.095761299133300781e-01
8.376880735158920288e-02
6.363952755928039551e-01
0.000000000000000000e+00
7.560644149780273438e-01
1.126040220260620117e+00
4.136334732174873352e-02
1.503555662930011749e-02
2.793207466602325439e-01
1.898925304412841797e-01
1.930102109909057617e+00
3.872066438198089600e-01
4.196008145809173584e-01
1.686689853668212891e-01
4.042674601078033447e-02
2.031265348196029663e-01
1.729817837476730347e-01
2.237010240554809570e+00
1.097204208374023438e+00
1.802442431449890137e+00
1.374508887529373169e-01
1.834617555141448975e-01
5.373914837837219238e-01
1.206956267356872559e+00
4.655234217643737793e-01
1.215849667787551880e-01
3.868494629859924316e-01
2.318563699722290039e+00
3.321329355239868164e-01
5.987640619277954102e-01
1.224250435829162598e+00
1.404208391904830933e-01
0.000000000000000000e+00
3.385234475135803223e-01
5.139047279953956604e-02
2.989557683467864990e-01
8.069232106208801270e-01
1.679445058107376099e-01
9.202432632446289062e-01
0.000000000000000000e+00
0.000000000000000000e+00
1.807211637496948242e+00
1.757319569587707520e+00
1.520535945892333984e-01
7.411388754844665527e-01
2.193523347377777100e-01
0.000000000000000000e+00
3.475316464900970459e-01
4.490082263946533203e-01
0.000000000000000000e+00
3.020077943801879883e-01
1.140281319618225098e+00
1.542554736137390137e+00
2.245933771133422852e+00
5.009942129254341125e-02
3.086669743061065674e-01
7.749147415161132812e-01
4.371787607669830322e-01
7.628605365753173828e-01
8.128136396408081055e-03
2.250734090805053711e+00
4.624700248241424561e-01
3.133388161659240723e-01
9.611503481864929199e-01
7.715833932161331177e-02
2.706916332244873047e-01
6.540911793708801270e-01
2.727986872196197510e-01
1.716130375862121582e-01
2.347813360393047333e-02
6.738442927598953247e-02
7.224893569946289062e-01
3.658444285392761230e-01
7.279631137847900391e+00
2.893891930580139160e-01
1.349018692970275879e+00
8.776862621307373047e-01
1.420284628868103027e+00
3.332046270370483398e-01
1.401773571968078613e+00
2.134749174118041992e+00
1.072278991341590881e-01
4.235240072011947632e-02
0.000000000000000000e+00
8.316114544868469238e-01
1.209801528602838516e-02
3.109739303588867188e+00
2.628418803215026855e-01
5.703107714653015137e-01
1.161466445773839951e-02
1.690729707479476929e-01
4.759922921657562256e-01
3.191628754138946533e-01
3.699700832366943359e+00
6.359819769859313965e-01
6.756702065467834473e-02
8.693471318110823631e-04
2.142895609140396118e-01
5.386968851089477539e-01
7.129410654306411743e-02
7.587185502052307129e-01
1.981374770402908325e-01
6.149350404739379883e-01
6.790201365947723389e-02
1.204841971397399902e+00
1.716913878917694092e-01
4.741445779800415039e-01
7.348959147930145264e-02
1.196395754814147949e+00
1.461196422576904297e+00
1.156942397356033325e-01
1.609763056039810181e-01
6.025464534759521484e-01
0.000000000000000000e+00
7.480907440185546875e-02
5.052305757999420166e-02
0.000000000000000000e+00
3.009150624275207520e-01
1.936860322952270508e+00
1.496100872755050659e-01
2.033831924200057983e-01
1.615423709154129028e-01
2.412104308605194092e-01
5.003676190972328186e-02
8.692970871925354004e-01
3.653115630149841309e-01
4.241911694407463074e-03
3.646380007266998291e-01
8.547051250934600830e-02
5.241425335407257080e-02
6.686939299106597900e-02
6.979163270443677902e-03
3.113363310694694519e-02
6.117613911628723145e-01
4.102437496185302734e-01
2.038247287273406982e-01
1.030208840966224670e-01
7.568103075027465820e-01
2.498350888490676880e-01
8.373278379440307617e-02
2.238728106021881104e-01
4.855578243732452393e-01
2.911990284919738770e-01
4.696141481399536133e-01
3.772693276405334473e-01
4.195181131362915039e-01
1.393226146697998047e+00
2.522526681423187256e-01
3.949244022369384766e-01
1.822089105844497681e-01
3.724464476108551025e-01
2.934767305850982666e-02
1.922917217016220093e-01
8.389381170272827148e-01
2.608294486999511719e-01
0.000000000000000000e+00
0.000000000000000000e+00
2.097840160131454468e-01
1.012493014335632324e+00
9.760812669992446899e-02
1.225798055529594421e-01
7.433395385742187500e-01
4.098923876881599426e-03
1.897896677255630493e-01
9.625347852706909180e-01
6.393492221832275391e-01
6.112438440322875977e-01
1.737085461616516113e+00
1.727299988269805908e-01
4.946826398372650146e-02
1.447163801640272141e-02
3.410038053989410400e-01
3.072903454303741455e-01
2.055590748786926270e-01
1.680607557296752930e+00
8.067654445767402649e-03
4.280709326267242432e-01
8.275614976882934570e-01
1.310031265020370483e-01
1.147782430052757263e-01
1.009955048561096191e+00
3.291261494159698486e-01
2.324832230806350708e-01
1.828054636716842651e-01
3.566058874130249023e-01
3.196389228105545044e-02
2.240623384714126587e-01
7.353317737579345703e-02
1.496600359678268433e-01
3.803727626800537109e-01
1.437194943428039551e-01
2.716618776321411133e-01
4.687768220901489258e-02
1.023167371749877930e+00
2.495680600404739380e-01
2.702748775482177734e-01
9.128674864768981934e-01
1.985221356153488159e-01
1.317958384752273560e-01
4.211055929772555828e-04
4.334459900856018066e-01
1.671974360942840576e-01
1.907908082008361816e+00
3.028344549238681793e-02
3.104589134454727173e-02
0.000000000000000000e+00
6.960266232490539551e-01
1.104848533868789673e-01
2.801828384399414062e+00
2.300512790679931641e-02
8.379898071289062500e-01
2.798829376697540283e-01
7.180646657943725586e-01
1.225847911834716797e+01
3.813425540924072266e+00
8.208264112472534180e-01
1.389301419258117676e+00
1.623445302248001099e-01
4.627642631530761719e-01
1.775195002555847168e-01
0.000000000000000000e+00
0.000000000000000000e+00
5.491894483566284180e-01
8.423428535461425781e-01
2.490746021270751953e+00
1.074156835675239563e-01
1.508710384368896484e-01
4.447442591190338135e-01
6.208762526512145996e-01
9.456631541252136230e-02
4.472547173500061035e-01
2.180342912673950195e+00
8.437265455722808838e-02
1.055282875895500183e-01
1.348698735237121582e-01
4.064668118953704834e-01
2.565980195999145508e+00
9.907324612140655518e-02
1.240418672561645508e+00
6.084704995155334473e-01
2.489087581634521484e+00
1.506602764129638672e-01
4.237517118453979492e-01
4.386615753173828125e-02
2.390038669109344482e-01
7.496877759695053101e-02
5.086947679519653320e-01
9.684319375082850456e-04
9.033414721488952637e-01
5.227853655815124512e-01
3.599487543106079102e-01
9.099122881889343262e-01
5.574317574501037598e-01
8.294014334678649902e-01
3.564133942127227783e-01
1.046513617038726807e-01
8.951448835432529449e-03
1.389885067939758301e+00
1.368383884429931641e+00
1.149287581443786621e+00
6.878005862236022949e-01
4.101648926734924316e-01
7.070907950401306152e-01
1.335526108741760254e-01
1.270221948623657227e+00
8.557898551225662231e-02
1.158060312271118164e+00
8.710018545389175415e-02
1.296533346176147461e+00
2.933308482170104980e-02
5.360631942749023438e+00
4.212017357349395752e-02
3.407585620880126953e-01
2.682403326034545898e-01
5.156577825546264648e-01
1.094674095511436462e-01
8.693806827068328857e-02
4.465949535369873047e-01
1.668186634778976440e-01
4.327354729175567627e-01
2.928592860698699951e-01
8.542173504829406738e-01
0.000000000000000000e+00
2.474402934312820435e-01
3.080735206604003906e-01
1.166690140962600708e-01
1.907692998647689819e-01
1.691259294748306274e-01
2.460855484008789062e+00
5.554744243621826172e+00
6.403156518936157227e-01
3.015861809253692627e-01
2.366742610931396484e+00
7.532894611358642578e-01
1.022211313247680664e+00
6.873560547828674316e-01
1.548546701669692993e-01
1.352646350860595703e+00
8.267395496368408203e-01
0.000000000000000000e+00
1.766995936632156372e-01
5.224468186497688293e-02
4.759293794631958008e-01
3.366256654262542725e-01
8.263507485389709473e-01
1.152127236127853394e-01
1.889647841453552246e-01
1.744131803512573242e+00
8.304930478334426880e-02
1.872631311416625977e+00
8.094359636306762695e-01
1.272772699594497681e-01
4.038757681846618652e-01
7.418522834777832031e-01
4.602726101875305176e-01
1.495848894119262695e-01
0.000000000000000000e+00
2.831144928932189941e-01
4.895731210708618164e-01
2.143868803977966309e-01
3.005378544330596924e-01
0.000000000000000000e+00
6.745194435119628906e+00
5.623124539852142334e-02
1.718338966369628906e+00
3.191495537757873535e-01
4.087392091751098633e-01
1.295682489871978760e-01
5.849438905715942383e-01
2.001760452985763550e-01
3.247643709182739258e-01
1.565023809671401978e-01
6.777793169021606445e-02
4.581601917743682861e-01
1.149668470025062561e-01
1.102689504623413086e+00
2.022439390420913696e-01
6.237662434577941895e-01
1.036290749907493591e-01
6.323407292366027832e-01
4.831554889678955078e-01
1.725914835929870605e+00
5.771832942962646484e+00
1.238308906555175781e+00
2.324834614992141724e-01
2.385858297348022461e+00
1.696898043155670166e-01
1.823430538177490234e+00
1.053917929530143738e-01
4.438577685505151749e-03
4.295798391103744507e-02
9.231349080801010132e-02
8.050380647182464600e-02
1.987996697425842285e-02
5.214533209800720215e-01
3.846810758113861084e-01
9.950517117977142334e-02
0.000000000000000000e+00
5.685064196586608887e-01
1.852176338434219360e-02
2.788391150534152985e-02
2.424591593444347382e-02
4.792029857635498047e-01
1.575601339340209961e+00
7.680366188287734985e-02
7.833987474441528320e-01
3.672442436218261719e-01
1.272393345832824707e+00
2.626559883356094360e-02
1.306815505027770996e+00
1.966818422079086304e-01
1.685414552688598633e+00
2.001624852418899536e-01
3.709901571273803711e-01
2.962908521294593811e-02
6.717131733894348145e-01
2.199495077133178711e+00
3.129704296588897705e-01
3.282164633274078369e-01
0.000000000000000000e+00
6.072148680686950684e-01
2.129646986722946167e-01
5.206022411584854126e-02
5.961117148399353027e-01
6.857303977012634277e-01
3.340561091899871826e-01
1.438752889633178711e+00
8.333815634250640869e-02
4.380380809307098389e-01
6.962532997131347656e-01
9.359861910343170166e-02
2.162365466356277466e-01
1.329589843750000000e+00
4.799319207668304443e-01
3.195999562740325928e-01
6.674948334693908691e-02
6.265847086906433105e-01
2.037706319242715836e-03
9.030808210372924805e-01
3.518992569297552109e-03
6.977295875549316406e-01
6.666384339332580566e-01
3.058044910430908203e-01
8.110544681549072266e-01
8.327100872993469238e-01
1.535760521888732910e+00
6.100557278841733932e-03
3.603498935699462891e-01
2.253597378730773926e-01
5.978693366050720215e-01
0.000000000000000000e+00
4.681672900915145874e-02
2.123482525348663330e-01
1.611071676015853882e-01
9.664706885814666748e-03
8.985283970832824707e-02
7.458959817886352539e-01
1.128677725791931152e+00
5.669941902160644531e-01
0.000000000000000000e+00
6.963101774454116821e-02
1.160819053649902344e+00
1.850709766149520874e-01
7.716302871704101562e-01
2.508675865828990936e-02
4.298125579953193665e-02
0.000000000000000000e+00
0.000000000000000000e+00
3.188208043575286865e-01
8.524513989686965942e-02
7.935353517532348633e-01
9.366776347160339355e-01
0.000000000000000000e+00
2.643212974071502686e-01
4.078400135040283203e-01
2.351551689207553864e-02
7.243621349334716797e-01
0.000000000000000000e+00
2.561680793762207031e+00
3.253340125083923340e-01
2.494971454143524170e-01
1.171866953372955322e-01
4.098685085773468018e-01
4.169543385505676270e-01
2.246752977371215820e+00
1.389740705490112305e-01
6.375700235366821289e-02
5.815382003784179688e-01
3.299146890640258789e-02
2.817596832755953074e-04
1.037325978279113770e+00
8.364950120449066162e-02
9.644196182489395142e-02
3.678746521472930908e-02
7.852186262607574463e-02
1.560245454311370850e-01
1.968961954116821289e-01
1.156743895262479782e-02
0.000000000000000000e+00
5.918969959020614624e-02
1.277221441268920898e-01
5.173029378056526184e-02
1.002213001251220703e+00
4.541667178273200989e-02
1.651912555098533630e-02
3.658537566661834717e-01
4.764764606952667236e-01
8.860257863998413086e-01
0.000000000000000000e+00
0.000000000000000000e+00
7.743753492832183838e-02
3.536422252655029297e-01
2.000007778406143188e-02
7.279953956604003906e-01
8.253969252109527588e-02
1.132883317768573761e-02
6.953049451112747192e-03
6.884720176458358765e-02
0.000000000000000000e+00
5.431799292564392090e-01
7.110961437225341797e+00
3.001444816589355469e+00
2.168864756822586060e-01
7.644736766815185547e-01
9.009258747100830078e-01
8.784601837396621704e-02
4.196961522102355957e-01
3.536683320999145508e-01
4.930888488888740540e-02
6.405880451202392578e-01
7.519775629043579102e-01
7.690597772598266602e-01
1.692197203636169434e+00
1.262922644615173340e+00
7.932431697845458984e-01
6.866338849067687988e-01
1.737956553697586060e-01
1.343244552612304688e+00
3.659859895706176758e-01
2.195206880569458008e-01
1.159488320350646973e+00
5.657289028167724609e-01
1.447070091962814331e-01
3.817837312817573547e-02
6.285329461097717285e-01
3.517525196075439453e-01
3.277167379856109619e-01
3.544835746288299561e-02
3.122272193431854248e-01
3.059863485395908356e-02
0.000000000000000000e+00
2.396927587687969208e-02
6.395357847213745117e-01
1.679952591657638550e-01
5.652456730604171753e-02
6.682423353195190430e-01
1.342691421508789062e+00
1.608378887176513672e-01
1.707935482263565063e-01
3.580726385116577148e-01
1.688178330659866333e-01
2.667480520904064178e-02
1.326947659254074097e-01
0.000000000000000000e+00
6.830912828445434570e-02
0.000000000000000000e+00
5.559651851654052734e-01
3.367646932601928711e-01
1.184108734130859375e+00
5.610444117337465286e-03
7.912424802780151367e-01
1.732298731803894043e-01
3.242726922035217285e-01
5.735858082771301270e-01
0.000000000000000000e+00
1.028123795986175537e-01
2.719223499298095703e-01
3.225178644061088562e-02
6.729234755039215088e-02
5.172527208924293518e-02
1.022544264793395996e+00
2.765312045812606812e-02
1.108023643493652344e+00
5.278121829032897949e-01
1.740860939025878906e+00
4.383589327335357666e-01
4.047381877899169922e+00
3.035950958728790283e-01
2.443219423294067383e+00
6.610151380300521851e-02
7.732245326042175293e-02
3.414241969585418701e-01
2.467481195926666260e-01
3.485141396522521973e-01
9.961600415408611298e-03
2.067277878522872925e-01
5.242418125271797180e-02
4.591600000858306885e-01
9.733323752880096436e-02
0.000000000000000000e+00
6.415102165192365646e-03
2.475885152816772461e-01
6.588941812515258789e-01
4.172761142253875732e-01
1.121721975505352020e-02
5.717134475708007812e-01
3.880635648965835571e-02
2.267606258392333984e-01
1.924568176269531250e+00
5.960621833801269531e-01
1.304720997810363770e+00
1.983235239982604980e+00
4.422079622745513916e-01
1.808622181415557861e-01
0.000000000000000000e+00
4.319227635860443115e-01
1.948375850915908813e-01
4.797385632991790771e-02
6.049059033393859863e-01
3.286543786525726318e-01
2.899981498718261719e+00
3.907407447695732117e-02
5.135040283203125000e-01
2.371027946472167969e+00
1.604945361614227295e-01
8.877491354942321777e-01
5.690827965736389160e-01
0.000000000000000000e+00
4.838601499795913696e-02
1.326466321945190430e+00
7.757797241210937500e-01
3.355062901973724365e-01
4.044467508792877197e-01
1.930685758590698242e+00
2.573520839214324951e-01
2.819697856903076172e-01
4.767805337905883789e-02
2.192658662796020508e+00
1.028568387031555176e+00
2.449357509613037109e-01
6.646968126296997070e-01
3.364186882972717285e-01
8.463454246520996094e-01
4.789772927761077881e-01
5.021902322769165039e-01
1.029001921415328979e-02
5.428095817565917969e+00
8.256815671920776367e-01
7.194010019302368164e-01
1.457187682390213013e-01
1.002122908830642700e-01
1.181819200515747070e+00
4.097885608673095703e+00
1.910142973065376282e-02
0.000000000000000000e+00
1.270793676376342773e-01
7.274857163429260254e-02
1.871328234672546387e+00
6.677940487861633301e-01
5.164178460836410522e-02
7.328774333000183105e-01
2.174363434314727783e-01
9.981679171323776245e-02
2.242781687527894974e-03
1.377962827682495117e+00
5.522738099098205566e-01
3.148605301976203918e-02
4.947373270988464355e-01
5.688139796257019043e-02
4.558964967727661133e-01
0.000000000000000000e+00
6.975648999214172363e-01
1.113605722784996033e-01
1.942208781838417053e-02
1.897808432579040527e+00
2.250505685806274414e-01
2.933146476745605469e+00
1.371579617261886597e-01
4.504185020923614502e-01
2.743811607360839844e-01
1.149058267474174500e-01
2.805002033710479736e-01
3.526992797851562500e-01
8.895019441843032837e-02
3.879061043262481689e-01
1.425637602806091309e-01
4.038034081459045410e-01
2.183295786380767822e-01
1.174356117844581604e-01
1.241944283246994019e-01
3.283216059207916260e-02
2.096476078033447266e+00
3.067981302738189697e-01
1.665476441383361816e+00
1.011947870254516602e+00
4.857710301876068115e-01
1.662017464637756348e+00
3.512769937515258789e-01
1.362408995628356934e-01
1.787631213665008545e-01
3.352216482162475586e-01
2.072351425886154175e-01
4.982258677482604980e-01
3.808065503835678101e-02
1.942158862948417664e-02
0.000000000000000000e+00
1.455184340476989746e+00
4.596979618072509766e-01
1.687368750572204590e+00
5.411662459373474121e-01
2.330816507339477539e+00
3.516584038734436035e-01
4.501029103994369507e-02
3.793816566467285156e-01
2.560575604438781738e-01
7.867897152900695801e-01
9.739323854446411133e-01
2.412580512464046478e-02
6.511915922164916992e-01
7.041282653808593750e-01
1.702627986669540405e-01
2.256725542247295380e-02
7.686135917901992798e-02
1.248294934630393982e-01
2.136577665805816650e-01
6.908647418022155762e-01
7.633412480354309082e-01
9.181607365608215332e-01
2.079514786601066589e-02
5.237507820129394531e-02
0.000000000000000000e+00
1.063521742820739746e+00
3.092994391918182373e-01
5.282801985740661621e-01
2.857132256031036377e-01
0.000000000000000000e+00
5.918789505958557129e-01
3.127179443836212158e-01
3.224427103996276855e-01
2.333681881427764893e-01
1.671068668365478516e-01
1.071491837501525879e-01
1.087803959846496582e+00
2.641341984272003174e-01
6.088107228279113770e-01
4.054005816578865051e-02
2.487823739647865295e-02
1.691637188196182251e-01
2.383171319961547852e-01
1.325468868017196655e-01
4.226423501968383789e-01
3.369159698486328125e-01
1.024218678474426270e+00
1.921419426798820496e-02
2.260589599609375000e-01
5.471054464578628540e-03
1.266836762428283691e+00
5.557928681373596191e-01
4.056879132986068726e-02
2.037571817636489868e-01
1.564636081457138062e-01
1.666544675827026367e+00
5.315129756927490234e-01
3.507689535617828369e-01
2.479235410690307617e+00
9.514991044998168945e-01
1.562995910644531250e+00
2.852933667600154877e-02
1.260320469737052917e-02
2.600887715816497803e-01
2.015350311994552612e-01
3.072445513680577278e-03
9.051257133483886719e+00
1.972736716270446777e+00
8.611532449722290039e-01
1.611359119415283203e+00
3.294039070606231689e-01
3.242167532444000244e-01
1.869653463363647461e-01
1.903923228383064270e-03
6.420584768056869507e-02
0.000000000000000000e+00
1.673600524663925171e-01
1.176936998963356018e-01
1.197506338357925415e-01
1.051058173179626465e+00
0.000000000000000000e+00
1.275137424468994141e+00
2.914172708988189697e-01
2.088187485933303833e-01
4.966816306114196777e-01
7.871354818344116211e-01
3.051928281784057617e-01
4.312446713447570801e-01
2.051363140344619751e-01
1.588020801544189453e+00
1.590562820434570312e+00
6.874554157257080078e-01
7.191503047943115234e-02
3.314106464385986328e+00
2.334100604057312012e-01
2.431608438491821289e+00
2.896877527236938477e-01
3.978969156742095947e-01
1.649335771799087524e-01
9.499842524528503418e-01
3.151219803839921951e-03
0.000000000000000000e+00
6.892341971397399902e-01
1.634782645851373672e-03
1.479535818099975586e+00
1.320819407701492310e-01
0.000000000000000000e+00
1.357435107231140137e+00
8.211273550987243652e-01
6.720648288726806641e+00
6.060530245304107666e-02
1.444394141435623169e-01
4.703300595283508301e-01
6.523699760437011719e-01
8.634644150733947754e-01
1.006575375795364380e-01
1.189895749092102051e+00
2.142065763473510742e-01
3.160821795463562012e-01
9.574806690216064453e-02
1.834362596273422241e-01
3.555923223495483398e+00
6.088002324104309082e-01
1.975982040166854858e-01
6.443859636783599854e-02
2.718581072986125946e-02
1.750807464122772217e-01
4.548035934567451477e-02
0.000000000000000000e+00
1.246119379997253418e+00
5.322675779461860657e-02
6.601789593696594238e-01
5.114590644836425781e+00
1.445090413093566895e+00
7.082321643829345703e-01
6.078710556030273438e-01
5.963008105754852295e-02
0.000000000000000000e+00
8.322116136550903320e-01
0.000000000000000000e+00
1.689285278320312500e+00
5.331891402602195740e-02
4.228838160634040833e-02
1.019960045814514160e-01
8.722632192075252533e-03
0.000000000000000000e+00
9.678288698196411133e-01
3.304978832602500916e-02
1.005421057343482971e-01
2.731416523456573486e-01
4.920365754514932632e-03
3.449317693710327148e+00
3.830108940601348877e-01
1.518235355615615845e-01
3.247432410717010498e-02
2.778167426586151123e-01
1.278576701879501343e-01
0.000000000000000000e+00
1.968808844685554504e-02
5.645646572113037109e+00
3.850923851132392883e-02
2.095502316951751709e-01
7.707784324884414673e-02
1.756698042154312134e-01
3.177811503410339355e-01
1.710129976272583008e+00
1.118336677551269531e+00
0.000000000000000000e+00
4.127830862998962402e-01
2.190223522484302521e-02
1.779597043991088867e+00
1.376865953207015991e-01
1.212526559829711914e+00
4.702481925487518311e-01
2.804369926452636719e-01
1.514085829257965088e-01
2.067704349756240845e-01
3.643006324768066406e+00
0.000000000000000000e+00
4.708020687103271484e-01
3.940736129879951477e-02
4.329349696636199951e-01
7.536875009536743164e-01
8.075948357582092285e-01
5.084856227040290833e-02
5.057885050773620605e-01
3.293117135763168335e-02
9.719986915588378906e-01
3.017805516719818115e-01
9.801028668880462646e-02
3.808998346328735352e+00
2.904859185218811035e-01
1.003924012184143066e+00
9.099805355072021484e-01
3.985204696655273438e+00
0.000000000000000000e+00
2.128285355865955353e-02
5.358861684799194336e-01
1.245370414108037949e-02
9.215408563613891602e-01
0.000000000000000000e+00
2.191889286041259766e+00
6.873926520347595215e-01
1.267904043197631836e+00
6.990031599998474121e-01
4.267385601997375488e-02
3.816035091876983643e-01
6.825086195021867752e-03
5.311985611915588379e-01
2.437577098608016968e-01
4.173820838332176208e-02
7.264913618564605713e-02
7.634127140045166016e-01
3.178200125694274902e-02
3.111347258090972900e-01
6.816813349723815918e-01
2.936822548508644104e-02
2.907779514789581299e-01
3.026852607727050781e-01
2.030193209648132324e-01
9.107633829116821289e-01
3.843459784984588623e-01
0.000000000000000000e+00
7.261239886283874512e-01
2.223493158817291260e-01
5.481825396418571472e-02
2.571143209934234619e-01
3.141092300415039062e+00
2.632915675640106201e-01
2.878379523754119873e-01
0.000000000000000000e+00
5.939608216285705566e-01
9.614408016204833984e-02
5.498769283294677734e-01
6.018654257059097290e-02
2.482478618621826172e+00
4.490563571453094482e-01
7.779902815818786621e-01
7.244645804166793823e-02
2.904634363949298859e-02
2.341096848249435425e-01
2.591907382011413574e-01
3.907878994941711426e-01
0.000000000000000000e+00
2.459096722304821014e-03
3.545726835727691650e-01
1.056457877159118652e+00
