6.566332280635833740e-02
6.684938818216323853e-02
2.137630939483642578e+00
1.088178753852844238e-01
9.340183734893798828e-01
0.000000000000000000e+00
6.769756972789764404e-02
1.781941391527652740e-02
5.135707259178161621e-01
4.116955399513244629e-02
1.290955394506454468e-02
1.139743551611900330e-01
2.788400650024414062e+00
1.094944834709167480e+00
4.794682189822196960e-02
8.642522096633911133e-01
8.655761182308197021e-02
6.190548092126846313e-02
2.601753361523151398e-02
5.008909106254577637e-02
1.528663039207458496e-01
1.725064069032669067e-01
8.297523856163024902e-02
2.423445507884025574e-02
4.957328364253044128e-02
2.042751789093017578e+00
6.940943598747253418e-01
1.808608055114746094e+00
3.583442792296409607e-02
1.056274533271789551e+00
0.000000000000000000e+00
2.816122472286224365e-01
0.000000000000000000e+00
1.305011846125125885e-02
3.820142149925231934e-01
3.445734456181526184e-02
1.272068172693252563e-01
2.012713551521301270e-01
2.764677107334136963e-01
1.781933188438415527e+00
0.000000000000000000e+00
2.965121269226074219e-01
7.783641219139099121e-01
6.345819681882858276e-02
5.145066976547241211e-01
0.000000000000000000e+00
3.421514928340911865e-01
1.469034910202026367e+00
3.972585201263427734e-01
0.000000000000000000e+00
4.323140680789947510e-01
3.426457345485687256e-01
5.208307504653930664e-01
2.645863056182861328e+00
2.148680925369262695e+00
2.320379465818405151e-01
5.113678425550460815e-02
4.175487905740737915e-02
3.199876248836517334e-01
1.014174342155456543e+00
3.862327933311462402e-01
0.000000000000000000e+00
1.073540933430194855e-02
2.946852706372737885e-02
4.180979132652282715e-01
7.032279372215270996e-01
2.906834781169891357e-01
1.143365576863288879e-01
1.354609578847885132e-01
1.048656404018402100e-01
7.027971744537353516e-01
2.421742826700210571e-01
5.184729099273681641e-01
9.072994589805603027e-01
2.016376703977584839e-01
0.000000000000000000e+00
6.109622716903686523e-01
1.395769510418176651e-02
2.894710540771484375e+00
6.882423907518386841e-02
0.000000000000000000e+00
2.673695087432861328e-01
0.000000000000000000e+00
2.672588229179382324e-01
1.105183884501457214e-01
1.500517129898071289e-01
8.217433094978332520e-01
1.174396201968193054e-01
1.466296762228012085e-01
9.307615160942077637e-01
1.029615756124258041e-02
2.453813552856445312e+00
5.642723441123962402e-01
7.854503393173217773e-02
6.469943374395370483e-02
1.362035796046257019e-02
1.871851086616516113e-01
0.000000000000000000e+00
1.961085081100463867e+00
0.000000000000000000e+00
2.632597684860229492e+00
0.000000000000000000e+00
0.000000000000000000e+00
2.434995397925376892e-02
4.641741141676902771e-02
2.960174083709716797e-01
4.951271694153547287e-03
5.257147550582885742e-01
7.200105786323547363e-01
4.136168956756591797e-01
0.000000000000000000e+00
1.074618622660636902e-01
1.638718396425247192e-01
3.610242530703544617e-02
5.417567253112792969e+00
3.516301512718200684e-01
5.689183995127677917e-02
1.079354405403137207e+00
1.148927092552185059e+00
6.059842109680175781e-01
1.662242531776428223e+00
4.008685946464538574e-01
4.334926307201385498e-01
1.282272458076477051e+00
7.226015567779541016e+00
7.005628943443298340e-02
5.973833203315734863e-01
1.141298795118927956e-03
3.203237354755401611e-01
2.263390272855758667e-02
7.568965435028076172e+00
0.000000000000000000e+00
3.995453119277954102e-01
1.165189981460571289e+00
3.516130894422531128e-02
8.098247051239013672e-01
1.965464837849140167e-02
6.709916144609451294e-02
9.090808033943176270e-01
2.452016025781631470e-01
2.417681217193603516e-01
1.519241780042648315e-01
7.295281291007995605e-01
3.199231624603271484e-02
2.047851383686065674e-01
7.160027325153350830e-02
6.190104484558105469e-01
1.796355247497558594e+00
2.752217948436737061e-01
3.340446949005126953e+00
9.765690565109252930e-02
0.000000000000000000e+00
0.000000000000000000e+00
3.754750728607177734e+00
1.798375546932220459e-01
1.264836192131042480e-01
3.512709438800811768e-01
7.026399374008178711e-01
7.854614406824111938e-02
0.000000000000000000e+00
1.393477618694305420e-01
5.698584020137786865e-02
4.567267298698425293e-01
2.317356616258621216e-01
9.342394024133682251e-02
9.597501903772354126e-02
2.526237443089485168e-02
5.576837658882141113e-01
7.933216542005538940e-02
1.652047634124755859e-01
1.860095381736755371e+00
0.000000000000000000e+00
1.273845136165618896e-01
4.327377080917358398e-01
1.936117708683013916e-01
2.076476439833641052e-02
1.285522580146789551e-01
0.000000000000000000e+00
0.000000000000000000e+00
2.065395563840866089e-01
2.466622740030288696e-01
4.723206758499145508e-01
6.091719120740890503e-02
3.007482886314392090e-01
6.692630797624588013e-02
7.494038939476013184e-01
0.000000000000000000e+00
0.000000000000000000e+00
2.454155534505844116e-01
1.983671069145202637e+00
1.047470569610595703e+00
1.152704656124114990e-01
0.000000000000000000e+00
5.182629227638244629e-01
0.000000000000000000e+00
0.000000000000000000e+00
3.903880482539534569e-03
5.489034056663513184e-01
1.329692125320434570e+00
2.129419147968292236e-01
0.000000000000000000e+00
2.404947996139526367e+00
7.805526256561279297e-01
1.187685608863830566e+00
1.971985679119825363e-03
8.259476721286773682e-02
1.674486398696899414e-01
9.682075381278991699e-01
0.000000000000000000e+00
3.604779541492462158e-01
2.604722380638122559e-01
7.803168892860412598e-01
2.078335285186767578e+00
9.845166641753166914e-05
6.677975058555603027e-01
6.325390700112620834e-07
2.085459977388381958e-01
3.482681214809417725e-01
3.057455271482467651e-02
2.794798910617828369e-01
1.961125619709491730e-02
2.389171347022056580e-02
1.689044982194900513e-01
6.716201305389404297e-01
1.855533838272094727e+00
5.016831308603286743e-02
1.254412412643432617e+00
2.543183267116546631e-01
8.489754982292652130e-03
7.780098170042037964e-02
1.027606129646301270e+00
6.258371472358703613e-01
6.773392856121063232e-02
5.050510764122009277e-01
3.607144206762313843e-02
1.572299838066101074e+00
1.742936670780181885e-01
9.014413952827453613e-01
0.000000000000000000e+00
5.443230271339416504e-01
4.855153262615203857e-01
1.728847622871398926e-01
0.000000000000000000e+00
8.977191150188446045e-02
1.730374097824096680e-01
7.476738654077053070e-03
9.513979405164718628e-02
1.043939352035522461e+00
7.460792660713195801e-01
5.508559942245483398e-01
2.470135927200317383e+00
3.356984257698059082e-02
2.148502133786678314e-02
1.329776197671890259e-01
1.312366127967834473e-01
2.955337762832641602e-01
4.929813742637634277e-01
2.028118818998336792e-01
3.285689949989318848e-01
2.538423053920269012e-03
0.000000000000000000e+00
1.203728556632995605e+00
2.796396255493164062e+00
7.472359538078308105e-01
9.426068514585494995e-02
1.480877101421356201e-01
0.000000000000000000e+00
0.000000000000000000e+00
0.000000000000000000e+00
3.801984190940856934e-01
8.103336691856384277e-01
0.000000000000000000e+00
3.272349238395690918e-01
5.802590399980545044e-02
7.067137956619262695e-01
1.825957000255584717e-02
0.000000000000000000e+00
2.316093295812606812e-01
7.537751644849777222e-02
1.058958292007446289e+00
2.497684210538864136e-02
7.242705672979354858e-02
9.851663708686828613e-01
3.203465938568115234e-01
1.282557249069213867e+00
2.113140821456909180e-01
2.110210955142974854e-01
2.318554401397705078e+00
7.229323983192443848e-01
1.158172637224197388e-01
0.000000000000000000e+00
5.259088240563869476e-03
1.660941958427429199e+00
2.976197898387908936e-01
6.271160840988159180e-01
2.972679436206817627e-01
6.502832770347595215e-01
4.703153073787689209e-01
9.738802164793014526e-02
5.827714800834655762e-01
3.826058506965637207e-01
6.148632764816284180e-01
6.779000163078308105e-01
0.000000000000000000e+00
6.437083333730697632e-02
1.464597880840301514e-01
3.719715401530265808e-02
1.200723886489868164e+00
5.631861463189125061e-02
1.060861110687255859e+00
5.077871680259704590e-01
1.229337751865386963e-01
7.279103994369506836e-02
1.890837997198104858e-01
1.171909421682357788e-01
2.706238746643066406e+00
2.880400717258453369e-01
5.006919428706169128e-02
2.976186275482177734e-01
5.212285518646240234e-01
1.511431206017732620e-02
1.262963414192199707e-01
3.995062410831451416e-02
3.478356897830963135e-01
0.000000000000000000e+00
0.000000000000000000e+00
4.202226996421813965e-01
2.947656251490116119e-02
0.000000000000000000e+00
1.685118377208709717e-01
6.205585226416587830e-02
3.399014472961425781e-01
4.398477263748645782e-03
7.817699760198593140e-02
5.306565016508102417e-02
1.894195675849914551e-01
1.207893490791320801e+00
2.693503499031066895e-01
2.959223091602325439e-01
5.504031479358673096e-02
1.214958131313323975e-01
7.848785072565078735e-02
0.000000000000000000e+00
6.185142323374748230e-02
0.000000000000000000e+00
3.464954197406768799e-01
5.799113586544990540e-02
2.597036212682723999e-02
2.124984860420227051e-01
5.616888999938964844e-01
4.302811145782470703e+00
5.092882513999938965e-01
1.815126091241836548e-02
5.749697089195251465e-01
5.060780793428421021e-02
1.274818275123834610e-02
0.000000000000000000e+00
1.004506498575210571e-01
8.006210923194885254e-01
4.207399208098649979e-03
1.680177897214889526e-01
1.750660181045532227e+00
1.956396341323852539e+00
6.462641060352325439e-02
3.668834567070007324e-01
5.879882723093032837e-02
3.544233143329620361e-01
1.772977225482463837e-02
1.818220019340515137e-01
1.061716079711914062e+00
6.429086625576019287e-02
2.456977218389511108e-01
4.543548822402954102e-02
9.825196862220764160e-02
0.000000000000000000e+00
1.045486330986022949e+00
1.807810306549072266e+00
9.806517958641052246e-01
4.698651790618896484e+00
1.475339889526367188e+00
2.667786777019500732e-01
1.751598864793777466e-01
1.593745946884155273e-01
4.810724407434463501e-02
8.234485983848571777e-03
7.776840925216674805e-01
4.892646893858909607e-02
8.838066458702087402e-01
9.403761029243469238e-01
1.012585218995809555e-02
5.758194923400878906e-01
1.456437706947326660e+00
2.232879698276519775e-01
0.000000000000000000e+00
5.946823358535766602e-01
9.679764509201049805e-01
5.398847535252571106e-02
3.656468987464904785e-01
1.738994240760803223e+00
0.000000000000000000e+00
2.146073430776596069e-02
1.802445203065872192e-01
2.544756829738616943e-01
3.384274542331695557e-01
7.009503990411758423e-02
5.767438411712646484e-01
7.374524325132369995e-02
6.422600746154785156e-01
1.183004304766654968e-02
8.546910285949707031e-01
2.121389806270599365e-01
7.240241169929504395e-01
5.102931056171655655e-03
5.744442343711853027e-01
1.242116615176200867e-01
3.257369399070739746e-01
8.035712242126464844e-01
1.859087109565734863e+00
2.654764614999294281e-02
4.566653817892074585e-02
6.193154305219650269e-02
2.855648398399353027e-01
5.909698605537414551e-01
0.000000000000000000e+00
0.000000000000000000e+00
2.109144777059555054e-01
0.000000000000000000e+00
9.117590636014938354e-02
3.710829839110374451e-02
0.000000000000000000e+00
2.118158787488937378e-01
0.000000000000000000e+00
2.290615886449813843e-01
6.267043203115463257e-02
4.404977709054946899e-02
6.779084205627441406e-01
4.670417867600917816e-03
2.813017666339874268e-01
1.004437729716300964e-02
7.443766593933105469e-01
2.617959082126617432e-01
0.000000000000000000e+00
5.088098719716072083e-02
7.298110127449035645e-01
3.082432039082050323e-02
1.445680484175682068e-02
2.548097968101501465e-01
7.482018470764160156e-01
6.119596585631370544e-02
3.442280292510986328e-01
4.752500727772712708e-02
1.489600986242294312e-01
7.669398188591003418e-01
1.207796484231948853e-01
8.967292308807373047e-02
1.001653447747230530e-01
2.475618384778499603e-02
1.608581393957138062e-01
6.067428365349769592e-02
5.838067084550857544e-02
4.142157137393951416e-01
2.881765067577362061e-01
8.801136864349246025e-04
2.642872333526611328e-01
9.266205430030822754e-01
5.289083719253540039e-02
2.174014300107955933e-01
2.632319033145904541e-01
5.022405624389648438e+00
9.551798105239868164e-01
4.648102074861526489e-02
4.095249474048614502e-01
3.098060190677642822e-02
5.480274558067321777e-01
4.000365138053894043e-01
3.935525715351104736e-01
6.288798451423645020e-01
3.241493180394172668e-02
6.017011404037475586e-01
5.975192878395318985e-03
1.965909637510776520e-02
1.385901570320129395e-01
6.477455496788024902e-01
3.933867067098617554e-02
1.170548439025878906e+00
6.641009330749511719e+00
2.517969608306884766e+00
7.889628410339355469e-03
1.067008137702941895e+00
1.399316549301147461e+00
1.645630478858947754e+00
0.000000000000000000e+00
7.442568987607955933e-02
1.701084375381469727e-01
4.299504160881042480e-01
4.588535726070404053e-01
3.402382135391235352e-01
3.588635325431823730e-01
2.768039405345916748e-01
0.000000000000000000e+00
1.829378604888916016e+00
9.447632730007171631e-02
1.437349915504455566e-01
9.414903819561004639e-03
4.613333344459533691e-01
2.037060856819152832e-01
8.442011475563049316e-01
0.000000000000000000e+00
0.000000000000000000e+00
1.083502545952796936e-01
2.819601595401763916e-01
4.242436587810516357e-02
0.000000000000000000e+00
1.124107930809259415e-02
7.387704849243164062e-01
7.959856390953063965e-01
8.264152407646179199e-01
7.033642381429672241e-03
4.158756434917449951e-01
1.627100110054016113e+00
5.597230792045593262e-01
6.015167713165283203e+00
3.556844890117645264e-01
0.000000000000000000e+00
3.023726046085357666e-01
4.715302214026451111e-02
3.319355487823486328e+00
0.000000000000000000e+00
1.116588059812784195e-02
4.264052957296371460e-02
2.251381054520606995e-02
7.866302132606506348e-02
4.592177867889404297e-01
2.491715192794799805e+00
1.107882484793663025e-01
0.000000000000000000e+00
3.452814817428588867e-01
5.174325779080390930e-02
1.038588955998420715e-02
8.383153378963470459e-02
3.623833179473876953e+00
1.025493256747722626e-02
9.815717339515686035e-01
7.999300956726074219e-01
7.797986865043640137e-01
9.542190469801425934e-03
0.000000000000000000e+00
2.142649441957473755e-01
8.907369613647460938e+00
2.274157851934432983e-01
4.968141019344329834e-02
7.196375727653503418e-01
1.232233829796314240e-02
1.593757629394531250e+00
0.000000000000000000e+00
6.355695128440856934e-01
4.311750456690788269e-02
2.543024301528930664e+00
4.073647782206535339e-03
6.250488758087158203e-02
1.426918618381023407e-02
0.000000000000000000e+00
1.765470057725906372e-01
2.623020112514495850e-01
9.516007304191589355e-01
4.274978637695312500e+00
2.933355048298835754e-02
5.816255137324333191e-02
1.312499586492776871e-02
6.798266768455505371e-01
6.066953018307685852e-02
7.289657592773437500e-01
1.180752277374267578e+00
5.191735178232192993e-02
0.000000000000000000e+00
0.000000000000000000e+00
1.336743712425231934e+00
3.729924932122230530e-02
0.000000000000000000e+00
7.986049167811870575e-04
2.053588032722473145e-01
8.389195427298545837e-04
1.011795476078987122e-01
3.004634082317352295e-01
5.426249504089355469e-01
2.060770839452743530e-01
4.838011860847473145e-01
1.461087726056575775e-02
5.265039801597595215e-01
1.539910435676574707e-01
8.065710216760635376e-02
4.855652749538421631e-01
2.269301861524581909e-01
6.473206728696823120e-02
0.000000000000000000e+00
5.526691675186157227e-01
7.292618751525878906e-01
0.000000000000000000e+00
1.046462915837764740e-02
1.569189786911010742e+00
4.579308927059173584e-01
1.477102190256118774e-01
5.070814490318298340e-02
3.285051584243774414e-01
5.953092575073242188e-01
6.491411328315734863e-01
1.584153771400451660e+00
5.622566342353820801e-01
8.742492794990539551e-01
2.877812683582305908e-01
2.285260200500488281e+00
8.826032876968383789e-01
1.108110994100570679e-01
6.863064765930175781e-01
4.130969047546386719e-01
1.740264147520065308e-01
4.841518402099609375e+00
3.954301774501800537e-02
2.635897099971771240e-01
1.322714146226644516e-02
1.322106838226318359e+00
1.302072763442993164e+00
0.000000000000000000e+00
2.804894372820854187e-02
1.476073730736970901e-02
8.155671954154968262e-01
4.526050388813018799e-01
0.000000000000000000e+00
2.224457561969757080e-01
9.808964282274246216e-02
1.079316020011901855e+00
1.055308282375335693e-01
2.082531340420246124e-02
2.310375720262527466e-01
8.165461942553520203e-03
4.756005853414535522e-02
1.721452027559280396e-01
8.156102299690246582e-01
3.565946817398071289e-01
4.615092277526855469e-02
5.624129772186279297e-01
1.092203333973884583e-02
2.675447463989257812e-01
4.555878937244415283e-01
1.342066675424575806e-01
3.170258700847625732e-01
1.474171876907348633e+00
5.226919054985046387e-02
1.952951401472091675e-01
8.320720493793487549e-02
2.930087149143218994e-01
3.257749974727630615e-01
8.764440417289733887e-01
1.911085247993469238e-01
2.831791341304779053e-01
9.742396473884582520e-01
9.055094122886657715e-01
1.422634124755859375e-01
2.237096056342124939e-02
5.981276631355285645e-01
0.000000000000000000e+00
1.648088544607162476e-02
4.207967519760131836e-01
1.918181896209716797e+00
8.378272503614425659e-02
0.000000000000000000e+00
1.360675245523452759e-01
1.885458469390869141e+00
0.000000000000000000e+00
5.481551885604858398e-01
0.000000000000000000e+00
2.086325734853744507e-02
4.413522034883499146e-02
1.952081769704818726e-01
1.009097471833229065e-01
2.555800974369049072e-01
1.214708480983972549e-02
7.356469035148620605e-01
8.138778209686279297e-01
2.998049929738044739e-02
2.492532014846801758e+00
1.760211139917373657e-01
1.038210988044738770e+00
4.300147891044616699e-01
9.101146459579467773e-02
6.485836505889892578e-01
6.941176950931549072e-02
5.945713520050048828e-01
1.503824442625045776e-01
3.608993887901306152e-01
7.896680235862731934e-01
7.179999351501464844e-01
0.000000000000000000e+00
1.928442716598510742e-01
8.082529306411743164e-01
2.869727849960327148e+00
8.065484464168548584e-03
2.709479928016662598e-01
1.597276926040649414e-01
4.330973327159881592e-02
6.271401420235633850e-03
1.204843759536743164e+00
1.319913119077682495e-01
2.550620317459106445e+00
2.188224315643310547e+00
2.626813054084777832e-01
4.348107278347015381e-01
8.957967162132263184e-01
4.569648802280426025e-01
4.090901911258697510e-01
9.330444335937500000e-01
1.461064577102661133e+00
9.342604875564575195e-02
3.757808730006217957e-02
3.691475093364715576e-02
2.344692230224609375e+00
0.000000000000000000e+00
8.812262117862701416e-02
2.025250911712646484e+00
2.307968139648437500e-01
5.520189926028251648e-02
7.918879985809326172e-01
1.374972105026245117e+00
6.815877556800842285e-01
4.591696560382843018e-01
3.046991527080535889e-01
0.000000000000000000e+00
2.467113018035888672e+00
1.239327192306518555e-01
4.475049972534179688e+00
6.308575719594955444e-02
3.312185034155845642e-02
0.000000000000000000e+00
7.110861688852310181e-02
1.633631438016891479e-01
4.187115281820297241e-02
7.483108043670654297e-01
1.302873939275741577e-01
0.000000000000000000e+00
0.000000000000000000e+00
5.764222145080566406e-01
3.994265280198305845e-04
5.041575990617275238e-03
1.146572455763816833e-01
4.391762614250183105e-02
4.648151397705078125e-01
3.213436603546142578e-01
1.584537625312805176e-01
4.921010136604309082e-02
5.582643747329711914e-01
5.697891488671302795e-02
0.000000000000000000e+00
9.563214331865310669e-02
3.041668236255645752e-01
8.830756694078445435e-02
1.508102566003799438e-01
8.061109483242034912e-02
2.804693393409252167e-02
8.036441206932067871e-01
1.489628553390502930e-01
5.082499980926513672e-01
0.000000000000000000e+00
2.708445489406585693e-01
8.627545237541198730e-01
2.840139903128147125e-02
0.000000000000000000e+00
2.320966243743896484e+00
3.453066647052764893e-01
2.231691963970661163e-02
5.094201564788818359e-01
6.729082018136978149e-02
5.415854230523109436e-02
4.499710723757743835e-02
1.785389035940170288e-01
8.163516409695148468e-03
2.291034758090972900e-01
4.400541782379150391e+00
7.891599535942077637e-01
1.148132801055908203e+00
0.000000000000000000e+00
4.255732297897338867e-01
4.899993836879730225e-01
3.730834648013114929e-02
2.409489452838897705e-01
1.079243421554565430e-01
4.003278166055679321e-02
4.800602793693542480e-01
6.045300960540771484e-01
1.713036745786666870e-01
6.850056648254394531e-01
1.822845637798309326e-01
8.650962710380554199e-01
9.832187741994857788e-02
0.000000000000000000e+00
2.826643586158752441e-01
6.877666711807250977e-02
7.216012477874755859e-02
0.000000000000000000e+00
5.235478281974792480e-02
7.352479547262191772e-02
2.050234675407409668e-01
1.735045552253723145e+00
3.988791108131408691e-01
4.911763966083526611e-02
5.423250794410705566e-01
3.826774284243583679e-02
7.558515667915344238e-01
1.619350671768188477e+00
1.904539950191974640e-02
3.562110662460327148e-01
5.040392652153968811e-02
1.193533420562744141e+00
1.071638762950897217e-01
8.032842278480529785e-01
2.047632634639739990e-01
3.476412296295166016e-01
0.000000000000000000e+00
1.488782614469528198e-01
1.140937089920043945e+00
2.745509147644042969e-01
8.741852641105651855e-01
2.950653433799743652e-01
4.993856325745582581e-02
2.413189888000488281e+00
1.248962283134460449e+00
2.719847559928894043e-01
8.548884652554988861e-03
0.000000000000000000e+00
8.684219419956207275e-02
1.333760470151901245e-02
1.436377912759780884e-01
6.479035019874572754e-01
8.645794540643692017e-02
0.000000000000000000e+00
6.369382143020629883e-02
0.000000000000000000e+00
1.613114476203918457e-01
1.918744668364524841e-02
3.184481523931026459e-03
2.107816189527511597e-01
0.000000000000000000e+00
0.000000000000000000e+00
4.818120300769805908e-01
6.342634558677673340e-01
6.730444729328155518e-03
5.705043077468872070e-01
2.312804013490676880e-02
7.660403847694396973e-01
0.000000000000000000e+00
3.315486609935760498e-01
2.315845012664794922e+00
4.668448567390441895e-01
2.421375274658203125e+00
1.651017926633358002e-02
1.739152222871780396e-01
1.550464183092117310e-01
7.429446280002593994e-02
5.726535320281982422e-01
3.881067931652069092e-01
8.036380410194396973e-01
3.051522016525268555e+00
1.973774909973144531e+00
2.970587015151977539e-01
1.880984544754028320e+00
1.579029411077499390e-01
1.849504411220550537e-01
6.222473382949829102e-01
1.881137639284133911e-01
7.828978449106216431e-02
1.735738962888717651e-01
2.379584610462188721e-01
2.121173292398452759e-01
1.624776422977447510e-01
0.000000000000000000e+00
2.524989366531372070e+00
0.000000000000000000e+00
1.135920882225036621e+00
9.036463499069213867e-01
2.284761518239974976e-01
6.621291637420654297e-01
6.734910011291503906e-01
5.432369932532310486e-02
2.383726596832275391e+00
3.497875109314918518e-02
2.354258745908737183e-01
7.754654884338378906e-01
1.131091862916946411e-01
5.112412571907043457e-02
8.772222697734832764e-02
2.081168442964553833e-02
1.080314636230468750e+00
1.177692651748657227e+00
3.117435932159423828e+00
2.235507518053054810e-01
1.744098588824272156e-02
0.000000000000000000e+00
0.000000000000000000e+00
0.000000000000000000e+00
1.716317176818847656e+00
1.059849381446838379e+00
0.000000000000000000e+00
5.818801522254943848e-01
6.895632147789001465e-01
8.562390208244323730e-01
7.550470232963562012e-01
0.000000000000000000e+00
2.182665094733238220e-02
2.747262120246887207e-01
0.000000000000000000e+00
5.298624187707901001e-02
8.032952435314655304e-03
7.966422438621520996e-01
3.968981504440307617e-01
1.402792811393737793e+00
3.551950678229331970e-02
4.028336405754089355e-01
7.756875711493194103e-04
5.282550454139709473e-01
1.457092165946960449e+00
3.187696039676666260e-01
1.372599601745605469e-01
3.534121513366699219e+00
1.099273681640625000e+00
2.900452017784118652e-01
2.156849652528762817e-01
1.545598823577165604e-02
6.284819450229406357e-03
8.764256238937377930e-01
4.764635264873504639e-01
2.255020849406719208e-02
5.659114837646484375e+00
1.418255269527435303e-01
0.000000000000000000e+00
1.325292944908142090e+00
0.000000000000000000e+00
2.408167123794555664e-01
2.391320280730724335e-02
6.549910455942153931e-02
2.685233831405639648e+00
3.965436220169067383e-01
8.809845894575119019e-02
4.736278355121612549e-01
9.905133843421936035e-01
2.661183774471282959e-01
1.104024052619934082e+00
2.744268476963043213e-01
2.431143820285797119e-02
1.344057619571685791e-01
4.340671598911285400e-01
7.687879800796508789e-01
9.590781293809413910e-03
2.267671376466751099e-01
4.216085433959960938e+00
4.998495876789093018e-01
1.162927389144897461e+00
6.789082884788513184e-01
2.888325452804565430e-01
1.174618490040302277e-02
1.486583054065704346e-01
4.211373627185821533e-02
8.089495301246643066e-01
8.347070217132568359e-02
1.095814928412437439e-01
3.024874329566955566e-01
7.127777338027954102e-01
4.048301875591278076e-01
2.329704817384481430e-03
2.236975282430648804e-01
5.926192402839660645e-01
4.875306785106658936e-02
5.559068173170089722e-02
7.741749286651611328e-01
3.541967272758483887e-02
1.100878324359655380e-02
2.605479657649993896e-01
3.917550444602966309e-01
1.685820668935775757e-01
1.819388717412948608e-01
2.746565639972686768e-01
0.000000000000000000e+00
3.853209257125854492e+00
3.972291350364685059e-01
0.000000000000000000e+00
5.469395182444714010e-05
0.000000000000000000e+00
3.335773646831512451e-01
8.457189798355102539e-02
3.811673223972320557e-01
1.531146317720413208e-01
1.019732803106307983e-01
8.073902875185012817e-02
0.000000000000000000e+00
3.573868274688720703e-01
8.658509701490402222e-02
0.000000000000000000e+00
2.132830619812011719e+00
2.227812856435775757e-01
5.078647136688232422e-01
1.003594100475311279e-01
2.483228683471679688e+00
7.067863345146179199e-01
1.010014176368713379e+00
3.538341999053955078e+00
7.262120489031076431e-03
6.864712387323379517e-02
1.309279203414916992e+00
1.784103214740753174e-01
2.037897258996963501e-01
0.000000000000000000e+00
1.147925376892089844e+00
9.524485468864440918e-01
5.474476814270019531e-01
1.214802980422973633e+00
0.000000000000000000e+00
1.894014954566955566e+00
2.669085741043090820e+00
3.113914430141448975e-01
2.325568050146102905e-01
8.575102090835571289e-01
2.566578388214111328e-01
8.563087582588195801e-01
5.169598460197448730e-01
2.896292321383953094e-02
1.293902471661567688e-02
2.303792396560311317e-03
1.028309762477874756e-02
0.000000000000000000e+00
2.639407813549041748e-01
1.295874714851379395e-01
9.227559715509414673e-02
0.000000000000000000e+00
2.340689487755298615e-02
0.000000000000000000e+00
0.000000000000000000e+00
1.276935458183288574e+00
3.536160588264465332e-01
7.716166973114013672e-01
1.820937171578407288e-02
0.000000000000000000e+00
9.934966266155242920e-02
0.000000000000000000e+00
1.010980248451232910e+00
2.290981292724609375e+00
1.101892348378896713e-02
6.651394367218017578e-01
4.732558727264404297e-01
1.192338541150093079e-01
8.384381234645843506e-02
4.270727932453155518e-01
4.294885788112878799e-03
3.340721607208251953e+00
0.000000000000000000e+00
7.262390255928039551e-01
4.987021386623382568e-01
7.653387635946273804e-02
4.055735468864440918e-01
5.074491258710622787e-03
3.008840605616569519e-02
4.397177100181579590e-01
2.259020954370498657e-01
1.857539266347885132e-01
6.017943024635314941e-01
5.878145247697830200e-02
9.930992126464843750e-02
2.279110997915267944e-01
2.060432881116867065e-01
0.000000000000000000e+00
8.247838020324707031e-01
4.409601986408233643e-01
1.593522548675537109e+00
0.000000000000000000e+00
2.977444529533386230e-01
4.354867041110992432e-01
2.408670425415039062e+00
2.594615519046783447e-01
1.076407358050346375e-01
1.105808541178703308e-01
5.772946476936340332e-01
3.461790978908538818e-01
1.991218775510787964e-01
2.092610895633697510e-01
4.003445804119110107e-02
1.228576228022575378e-01
1.501359976828098297e-02
6.222734451293945312e-01
1.392217166721820831e-02
1.534518241882324219e+00
8.646522648632526398e-03
0.000000000000000000e+00
7.155805081129074097e-02
2.489733397960662842e-01
4.179484397172927856e-02
1.284961588680744171e-02
9.661174565553665161e-02
0.000000000000000000e+00
0.000000000000000000e+00
1.594288796186447144e-01
4.966135136783123016e-03
0.000000000000000000e+00
1.667397618293762207e-01
3.543480932712554932e-01
4.924188852310180664e-01
3.897852823138237000e-02
4.942174255847930908e-02
4.534194469451904297e-01
4.526769816875457764e-01
9.121128171682357788e-02
1.260467469692230225e-01
4.387818649411201477e-02
1.710356920957565308e-01
1.502966135740280151e-01
0.000000000000000000e+00
2.913135528564453125e+00
2.353252321481704712e-01
7.643191218376159668e-01
0.000000000000000000e+00
0.000000000000000000e+00
1.873308271169662476e-01
0.000000000000000000e+00
8.544114232063293457e-02
5.821434259414672852e-01
7.982911169528961182e-02
7.500247359275817871e-01
3.571470975875854492e-01
3.442713618278503418e-01
9.579599834978580475e-03
0.000000000000000000e+00
5.078182816505432129e-01
5.172361060976982117e-02
2.554090693593025208e-03
1.666446566581726074e+00
3.528278612066060305e-04
1.992095857858657837e-01
1.516620218753814697e-01
2.021578252315521240e-01
1.677850484848022461e+00
1.690465211868286133e-01
8.154475130140781403e-03
1.227410230785608292e-02
0.000000000000000000e+00
1.734881848096847534e-01
2.293437868356704712e-01
6.445493083447217941e-03
1.838667869567871094e+00
1.449134349822998047e-01
8.013582229614257812e-01
3.792189359664916992e-01
2.652117982506752014e-02
2.186279296875000000e-01
6.146833673119544983e-02
0.000000000000000000e+00
1.197547558695077896e-02
1.072525262832641602e+00
1.096208840608596802e-01
1.385261058807373047e+00
0.000000000000000000e+00
4.603836238384246826e-01
1.155789289623498917e-02
2.382248878479003906e+00
1.406435132026672363e+00
0.000000000000000000e+00
1.302206277847290039e+00
2.257704883813858032e-01
1.132607739418745041e-02
3.814253509044647217e-01
8.007898926734924316e-02
6.323116365820169449e-03
1.179375126957893372e-01
6.216842532157897949e-01
2.142409794032573700e-03
3.362392187118530273e-01
2.877082586288452148e+00
7.041918039321899414e-01
2.541323602199554443e-01
4.596892297267913818e-01
2.465246170759201050e-01
4.810653924942016602e-01
0.000000000000000000e+00
4.634148776531219482e-01
3.770776748657226562e+00
6.789697408676147461e-01
1.679332703351974487e-01
5.836539342999458313e-02
8.691950440406799316e-01
3.748032450675964355e-02
3.049200177192687988e-01
2.040012359619140625e+00
1.886431694030761719e+00
9.379587173461914062e-01
0.000000000000000000e+00
1.280437223613262177e-02
1.645631909370422363e+00
1.965837553143501282e-02
0.000000000000000000e+00
0.000000000000000000e+00
7.089065313339233398e-01
2.174999713897705078e+00
3.363309078849852085e-04
1.888867616653442383e+00
4.166624546051025391e-01
1.150717213749885559e-01
1.617471277713775635e-01
4.191249907016754150e-01
0.000000000000000000e+00
2.516352236270904541e-01
1.290779709815979004e-01
8.095535039901733398e-01
7.712373733520507812e-01
4.453076839447021484e+00
7.330329716205596924e-02
6.072716116905212402e-01
8.477369546890258789e-01
5.010929703712463379e-01
2.597778141498565674e-01
2.973892092704772949e-01
1.151211977005004883e+00
4.515658020973205566e-01
1.870894879102706909e-01
1.193930864334106445e+00
1.128225803375244141e+00
2.175974287092685699e-02
1.615011692047119141e+00
2.769639790058135986e-01
1.200437918305397034e-01
3.855204582214355469e-01
8.842153847217559814e-02
7.449095696210861206e-02
5.907064080238342285e-01
3.010433912277221680e-01
1.706757187843322754e+00
5.841302871704101562e-02
0.000000000000000000e+00
0.000000000000000000e+00
1.920395255088806152e+00
1.169859524816274643e-02
7.793330550193786621e-01
3.630168735980987549e-01
1.666756868362426758e-01
4.109750092029571533e-01
3.016168355941772461e+00
1.080061048269271851e-01
3.004997670650482178e-01
2.802805975079536438e-02
3.751537501811981201e-01
2.987718284130096436e-01
7.493945211172103882e-02
1.568208262324333191e-02
1.926298737525939941e-01
3.643429279327392578e-02
0.000000000000000000e+00
0.000000000000000000e+00
0.000000000000000000e+00
2.694511413574218750e-01
5.141255259513854980e-01
8.863061666488647461e-02
0.000000000000000000e+00
6.714879274368286133e-01
3.617215901613235474e-02
7.611749228090047836e-03
3.036845475435256958e-02
5.933601260185241699e-01
2.280136346817016602e-01
1.151007890701293945e+00
1.871929317712783813e-01
5.457859486341476440e-02
7.314566522836685181e-02
0.000000000000000000e+00
3.166955411434173584e-01
2.660138309001922607e-01
9.073307365179061890e-02
9.719170629978179932e-02
4.554948508739471436e-01
2.339461445808410645e-02
1.461952328681945801e-01
2.915978431701660156e-02
0.000000000000000000e+00
1.168400421738624573e-02
1.426205873489379883e+00
4.823534935712814331e-02
0.000000000000000000e+00
0.000000000000000000e+00
2.336749993264675140e-02
1.386663466691970825e-01
0.000000000000000000e+00
4.436399638652801514e-01
3.315537571907043457e-01
7.673190440982580185e-03
4.291991293430328369e-01
4.912223201245069504e-03
4.809735417366027832e-01
8.280907273292541504e-01
9.601403027772903442e-03
1.423454731702804565e-01
8.234158754348754883e-01
0.000000000000000000e+00
0.000000000000000000e+00
6.814308166503906250e-01
9.514094144105911255e-02
3.704923987388610840e-01
9.364998340606689453e-02
0.000000000000000000e+00
7.689149975776672363e-01
1.702766537666320801e+00
1.446491479873657227e-01
4.158727824687957764e-03
8.896273211576044559e-04
1.061041355133056641e+00
8.735957145690917969e-01
1.995070725679397583e-01
1.733689785003662109e+00
0.000000000000000000e+00
1.943006753921508789e+00
2.074704170227050781e+00
4.082731008529663086e-01
8.028744161128997803e-02
3.876329421997070312e+00
3.498144447803497314e-01
8.233034014701843262e-01
0.000000000000000000e+00
4.764004647731781006e-01
1.946429610252380371e-01
1.127533316612243652e-01
0.000000000000000000e+00
4.445610567927360535e-02
2.558639943599700928e-01
3.778335750102996826e-01
1.612974405288696289e-01
1.029194474220275879e+00
4.889091551303863525e-01
1.344698816537857056e-01
0.000000000000000000e+00
8.499479293823242188e-02
8.947451710700988770e-01
2.315449267625808716e-01
3.192488253116607666e-01
3.597355782985687256e-01
5.800146460533142090e-01
9.712767601013183594e-01
4.172666966915130615e-01
2.052561193704605103e-02
2.840998768806457520e-02
5.774061381816864014e-02
4.300363361835479736e-02
1.393742561340332031e-01
0.000000000000000000e+00
2.814656496047973633e-01
2.850694417953491211e+00
2.293378263711929321e-01
8.549737930297851562e+00
1.421311259269714355e+00
3.718555867671966553e-01
5.263647437095642090e-01
2.893169879913330078e+00
8.136479184031486511e-03
3.076894283294677734e-01
3.385317325592041016e-01
4.216139018535614014e-01
1.809639632701873779e-01
1.190787196159362793e+00
9.840819835662841797e-01
3.811780214309692383e-01
2.370934188365936279e-02
1.848267555236816406e+00
1.569875925779342651e-01
7.551866769790649414e-02
1.092012882232666016e+00
1.095112785696983337e-01
4.942564964294433594e-01
2.263393625617027283e-02
1.291632652282714844e-04
4.907540380954742432e-01
0.000000000000000000e+00
0.000000000000000000e+00
7.326446771621704102e-01
6.805959343910217285e-01
2.647037506103515625e-01
0.000000000000000000e+00
1.757036000490188599e-01
0.000000000000000000e+00
3.771317899227142334e-01
1.607766747474670410e-01
6.861030310392379761e-02
0.000000000000000000e+00
9.031776338815689087e-02
0.000000000000000000e+00
6.769320368766784668e-01
1.436400860548019409e-01
9.761270135641098022e-03
2.084016799926757812e-02
5.664452165365219116e-02
0.000000000000000000e+00
5.081523060798645020e-01
0.000000000000000000e+00
0.000000000000000000e+00
3.871463060379028320e+00
3.233855366706848145e-01
5.958662182092666626e-02
1.128965690732002258e-01
0.000000000000000000e+00
3.128077030181884766e+00
8.325480669736862183e-02
1.941046416759490967e-01
1.578112244606018066e-01
1.714704751968383789e+00
3.966166377067565918e-01
2.359558582305908203e+00
3.409956991672515869e-01
4.310539737343788147e-02
1.852478249929845333e-03
9.750024974346160889e-02
1.073010712862014771e-01
1.195783540606498718e-01
4.357656836509704590e-01
2.720864489674568176e-02
0.000000000000000000e+00
0.000000000000000000e+00
6.370787620544433594e-01
4.124070703983306885e-01
6.814426779747009277e-01
1.312723606824874878e-01
1.047485232353210449e+00
6.153079122304916382e-02
3.703858330845832825e-02
1.547934532165527344e+00
4.356462955474853516e+00
9.835289791226387024e-03
1.317298769950866699e+00
0.000000000000000000e+00
1.365651845932006836e+00
0.000000000000000000e+00
4.076958000659942627e-01
7.245650887489318848e-02
5.848873257637023926e-01
2.042557299137115479e-02
0.000000000000000000e+00
3.325671255588531494e-01
3.241928517818450928e-01
7.159078121185302734e-02
2.296782284975051880e-02
0.000000000000000000e+00
1.408035606145858765e-01
4.083079844713211060e-02
1.000620946288108826e-01
5.453668236732482910e-01
1.888987302780151367e+00
3.601135611534118652e-01
1.009524241089820862e-02
2.278391361236572266e+00
5.911652930080890656e-03
1.847924143075942993e-01
0.000000000000000000e+00
1.343591511249542236e-01
3.198698759078979492e-01
2.107367664575576782e-01
1.527612507343292236e-01
3.580424189567565918e-01
2.022120915353298187e-02
1.376183986663818359e+00
1.509138941764831543e-01
6.503435373306274414e-01
1.040133759379386902e-01
2.823778800666332245e-02
1.001554541289806366e-03
2.028810083866119385e-01
2.372889518737792969e+00
1.367822010070085526e-02
1.266319870948791504e+00
1.080800965428352356e-01
0.000000000000000000e+00
7.600666582584381104e-02
2.089167237281799316e-01
1.244962364435195923e-01
3.366060853004455566e-01
2.099425718188285828e-02
1.700829148292541504e+00
1.210921704769134521e-01
9.740541130304336548e-02
1.708508491516113281e+00
1.637691617012023926e+00
7.083007097244262695e-01
3.409027457237243652e-01
8.146904110908508301e-01
2.466182708740234375e-01
1.072202205657958984e+00
1.812744140625000000e-02
6.295381486415863037e-02
1.749339938163757324e+00
1.068548858165740967e-01
4.601395688951015472e-03
7.087058424949645996e-01
6.428640801459550858e-03
7.052436470985412598e-02
1.471053063869476318e-01
1.018539905548095703e+00
7.202411442995071411e-02
1.920981526374816895e+00
2.589269354939460754e-02
7.925089597702026367e-01
2.288464456796646118e-01
7.007462382316589355e-01
5.118498578667640686e-02
2.472027689218521118e-01
1.123932719230651855e+00
3.214749991893768311e-01
6.642265319824218750e-01
1.759309321641921997e-01
2.740944147109985352e+00
4.869719967246055603e-02
6.148208379745483398e-01
9.594948589801788330e-02
9.387565851211547852e-01
6.785838007926940918e-01
1.292917132377624512e+00
5.706568807363510132e-02
0.000000000000000000e+00
1.220646202564239502e-01
0.000000000000000000e+00
0.000000000000000000e+00
0.000000000000000000e+00
7.324887067079544067e-02
4.011341035366058350e-01
2.017248392105102539e+00
1.548794388771057129e+00
4.934067651629447937e-02
7.058872580528259277e-01
2.258401811122894287e-01
3.536045253276824951e-01
7.255821824073791504e-01
3.548064231872558594e-01
5.305898562073707581e-02
1.663852334022521973e+00
1.731600284576416016e+00
0.000000000000000000e+00
2.710586600005626678e-02
6.112562417984008789e-01
3.119898736476898193e-01
0.000000000000000000e+00
3.415123224258422852e-01
3.758483827114105225e-01
4.706615209579467773e-02
4.012277126312255859e-01
0.000000000000000000e+00
6.403355002403259277e-01
3.702189326286315918e-01
4.498498439788818359e-01
9.645388722419738770e-01
1.583548337221145630e-01
8.934862911701202393e-02
1.073525100946426392e-01
2.164434343576431274e-01
7.035376131534576416e-02
6.511095911264419556e-02
5.500273704528808594e-01
1.466317102313041687e-02
5.984510853886604309e-02
0.000000000000000000e+00
8.250180482864379883e-01
7.343698292970657349e-03
1.001099403947591782e-02
5.195425823330879211e-02
2.834032988175749779e-03
1.668190956115722656e-02
1.492819190025329590e-01
3.605982363224029541e-01
1.197174191474914551e-01
8.217533826828002930e-01
0.000000000000000000e+00
0.000000000000000000e+00
7.421035170555114746e-01
1.403603404760360718e-01
5.436372011899948120e-03
0.000000000000000000e+00
1.062176749110221863e-01
4.256326332688331604e-02
2.668569803237915039e+00
3.011825680732727051e-02
0.000000000000000000e+00
1.706189364194869995e-01
2.025569081306457520e-01
0.000000000000000000e+00
4.166771471500396729e-02
1.516926102340221405e-03
2.274777144193649292e-01
1.221049576997756958e-02
7.851712107658386230e-01
5.907382443547248840e-02
5.498806387186050415e-02
4.873726889491081238e-02
1.185380890965461731e-01
1.664285898208618164e+00
3.323300778865814209e-01
1.563556909561157227e+00
0.000000000000000000e+00
2.584726512432098389e-01
6.462252140045166016e-02
2.457809299230575562e-01
1.350409686565399170e-01
1.698431372642517090e+00
1.347768753767013550e-01
1.823722124099731445e-01
2.012737244367599487e-01
1.055898964405059814e-01
3.354478999972343445e-02
1.549300104379653931e-01
8.602261543273925781e-03
1.140184514224529266e-02
3.728212714195251465e-01
0.000000000000000000e+00
1.686861813068389893e-01
1.644987016916275024e-01
1.499234419316053391e-02
1.899234801530838013e-01
9.983494877815246582e-03
3.821748122572898865e-02
5.597124248743057251e-02
3.046246051788330078e+00
2.454749941825866699e-01
5.608999356627464294e-02
6.808794736862182617e-01
8.000866770744323730e-01
7.123271375894546509e-02
0.000000000000000000e+00
2.955019772052764893e-01
1.844565570354461670e-02
2.647564113140106201e-01
2.778626279905438423e-03
1.213933229446411133e-01
6.872094869613647461e-01
6.650294661521911621e-01
8.548855185508728027e-01
4.008922353386878967e-02
3.339855000376701355e-02
7.896050810813903809e-02
9.004407376050949097e-02
1.352123141288757324e+00
1.035115361213684082e+00
2.896074056625366211e-01
2.383057773113250732e-02
1.876773126423358917e-02
1.978353410959243774e-01
7.128210067749023438e-01
3.150125443935394287e-01
2.110501080751419067e-01
0.000000000000000000e+00
0.000000000000000000e+00
1.761345416307449341e-01
1.611272096633911133e-01
1.839615218341350555e-02
7.879364304244518280e-03
4.691288471221923828e-01
8.048833608627319336e-01
8.146474361419677734e-01
1.396377682685852051e-01
8.519540727138519287e-02
3.089411556720733643e-01
4.370832443237304688e-02
5.993217825889587402e-01
2.013908922672271729e-01
4.744836315512657166e-02
2.537328004837036133e-01
0.000000000000000000e+00
2.120226249098777771e-02
5.358228683471679688e-01
1.671404600143432617e+00
1.021650359034538269e-01
1.180634796619415283e-01
2.129828929901123047e-01
1.568053364753723145e-01
1.673936963081359863e+00
0.000000000000000000e+00
2.524408340454101562e+00
4.496944844722747803e-01
1.825954318046569824e-01
1.857853531837463379e-01
6.723574479110538960e-04
1.412675142288208008e+00
2.879259642213582993e-03
5.666517734527587891e+00
4.184108674526214600e-01
1.881261020898818970e-01
8.423385024070739746e-02
6.961831092834472656e+00
5.742440223693847656e-01
7.427340000867843628e-02
5.967252850532531738e-01
2.586537413299083710e-02
4.886953830718994141e-01
3.562678024172782898e-02
1.790879964828491211e-01
7.600864046253263950e-04
4.801883995532989502e-01
2.927035279572010040e-02
3.570343134924769402e-03
3.819125518202781677e-02
2.530249999836087227e-03
2.857755310833454132e-02
1.396504696458578110e-02
5.584864020347595215e-01
0.000000000000000000e+00
0.000000000000000000e+00
7.780792713165283203e-01
2.565754950046539307e-01
1.179856061935424805e+00
6.729322671890258789e-02
1.874997913837432861e-01
1.246574282646179199e+00
1.037302494049072266e+00
1.202314496040344238e-01
2.004688084125518799e-01
2.042897492647171021e-01
4.442127645015716553e-01
4.636301398277282715e-01
0.000000000000000000e+00
4.485581442713737488e-02
1.377156563103199005e-02
7.401411980390548706e-02
1.270872354507446289e-01
3.199504852294921875e+00
8.029419183731079102e-01
1.142410397529602051e+00
1.040083408355712891e+00
4.576694592833518982e-02
7.097057998180389404e-03
1.219145536422729492e+00
3.135165572166442871e-02
1.945016980171203613e-01
6.862835586071014404e-02
1.206969022750854492e-01
5.638762712478637695e-01
1.405223906040191650e-01
2.807093225419521332e-02
0.000000000000000000e+00
1.030352234840393066e+00
9.653305411338806152e-01
2.548388838768005371e-01
1.663507372140884399e-01
5.929142951965332031e+00
2.242384403944015503e-01
2.881703376770019531e-01
2.693094313144683838e-01
0.000000000000000000e+00
3.207229971885681152e-01
9.630280137062072754e-01
1.343311190605163574e+00
4.306739568710327148e-01
1.580885052680969238e-01
6.758008599281311035e-01
1.008417367935180664e+00
2.522809244692325592e-02
3.793597817420959473e-01
5.215389728546142578e-01
5.747076869010925293e-02
3.026150763034820557e-01
1.955993622541427612e-01
0.000000000000000000e+00
1.677963137626647949e-01
1.673703081905841827e-02
1.290037631988525391e+00
0.000000000000000000e+00
1.535675048828125000e+00
0.000000000000000000e+00
2.248717099428176880e-01
1.441332817077636719e+00
2.192020416259765625e-02
2.733119726181030273e-01
4.087703675031661987e-02
7.771189212799072266e-01
4.105511009693145752e-01
7.920336127281188965e-01
1.547981142997741699e+00
4.456228911876678467e-01
2.967825174331665039e+00
1.154269576072692871e+00
1.044419258832931519e-01
6.874763369560241699e-01
2.672144472599029541e-01
3.044171333312988281e-01
7.210022956132888794e-02
1.139241605997085571e-01
8.068026602268218994e-02
2.849906086921691895e-01
3.509899228811264038e-02
1.728140413761138916e-01
3.574621677398681641e-02
1.882827877998352051e-01
0.000000000000000000e+00
3.489312827587127686e-01
6.217680126428604126e-02
4.213427305221557617e-01
1.152495592832565308e-01
2.648924291133880615e-02
4.763079583644866943e-01
8.079277873039245605e-01
1.378671079874038696e-01
9.174865484237670898e-01
2.854084670543670654e-01
1.185494422912597656e+00
2.194129228591918945e-01
7.836189866065979004e-01
0.000000000000000000e+00
6.344518065452575684e-02
7.951103150844573975e-02
2.611930072307586670e-01
3.351916372776031494e-01
5.121492862701416016e+00
3.143166065216064453e+00
2.164581418037414551e-02
0.000000000000000000e+00
1.520200967788696289e-01
7.689243555068969727e-02
0.000000000000000000e+00
2.166576862335205078e+00
0.000000000000000000e+00
1.096404194831848145e+00
6.484565138816833496e-01
2.451588809490203857e-01
0.000000000000000000e+00
6.890337169170379639e-02
3.460672870278358459e-02
3.454162925481796265e-02
3.693509578704833984e+00
0.000000000000000000e+00
1.490337029099464417e-02
0.000000000000000000e+00
9.832052141427993774e-02
1.129649579524993896e-02
9.732007980346679688e-02
7.029939889907836914e-01
1.237451508641242981e-01
4.490053653717041016e-01
9.881935715675354004e-01
3.959661126136779785e-01
1.876848340034484863e+00
0.000000000000000000e+00
0.000000000000000000e+00
1.808139979839324951e-01
3.476077020168304443e-01
4.287835583090782166e-02
7.160417735576629639e-03
1.011849939823150635e-02
7.775907963514328003e-02
2.909297682344913483e-02
4.515929818153381348e-01
1.251125824637711048e-03
2.713235095143318176e-03
1.676205635070800781e+00
4.089503735303878784e-02
4.514492452144622803e-01
1.047311067581176758e+00
9.174689650535583496e-03
7.601509243249893188e-02
8.717508055269718170e-03
5.892431363463401794e-02
0.000000000000000000e+00
2.833237648010253906e-01
8.283393085002899170e-02
1.943347305059432983e-01
1.282580643892288208e-01
4.046080410480499268e-01
7.192094922065734863e-01
8.495723009109497070e-01
1.159875273704528809e+00
5.688152462244033813e-02
1.144920960068702698e-01
3.886025864630937576e-03
7.119034230709075928e-02
4.546333476901054382e-02
9.673432350158691406e+00
1.725524663925170898e-01
1.226208060979843140e-01
1.371444463729858398e-01
1.237177848815917969e-01
9.352452754974365234e-01
4.269204661250114441e-02
1.479916460812091827e-02
2.662768959999084473e-02
0.000000000000000000e+00
0.000000000000000000e+00
0.000000000000000000e+00
4.120882987976074219e+00
1.391397118568420410e+00
0.000000000000000000e+00
2.574996054172515869e-01
3.446169793605804443e-01
4.099413156509399414e-01
4.515953063964843750e-01
4.545451998710632324e-01
4.444568455219268799e-01
0.000000000000000000e+00
1.870369017124176025e-01
0.000000000000000000e+00
1.143585219979286194e-01
8.583135008811950684e-01
0.000000000000000000e+00
4.237471893429756165e-02
3.560917973518371582e-01
1.083266377449035645e+00
3.052209317684173584e-02
3.711955845355987549e-01
2.973369598388671875e+00
6.735573410987854004e-01
6.463661789894104004e-01
1.048518180847167969e+00
5.578035116195678711e-01
2.141875028610229492e-01
2.540579140186309814e-01
1.348440349102020264e-01
5.266469717025756836e-02
1.308939218521118164e+00
2.082720398902893066e-02
2.697592496871948242e+00
2.538951933383941650e-01
3.922835886478424072e-01
8.213230222463607788e-02
2.640337049961090088e-01
2.993328571319580078e+00
7.971223443746566772e-03
7.269187569618225098e-01
3.799670338630676270e-01
5.533341765403747559e-01
5.094937682151794434e-01
5.103167891502380371e-02
2.135329991579055786e-01
2.343870997428894043e-01
0.000000000000000000e+00
1.261949539184570312e-03
4.200770333409309387e-02
7.784309983253479004e-02
1.438172459602355957e-01
1.152523607015609741e-01
3.119939804077148438e+00
1.448069885373115540e-02
6.253677606582641602e-02
2.773172855377197266e+00
7.272094488143920898e-01
1.271658688783645630e-01
5.702830553054809570e-01
0.000000000000000000e+00
1.865561157464981079e-01
1.316557884216308594e+00
1.121040657162666321e-01
7.246955037117004395e-01
0.000000000000000000e+00
2.268060296773910522e-02
9.313527345657348633e-01
6.145356968045234680e-02
1.379893533885478973e-02
2.817200124263763428e-01
6.652449965476989746e-01
0.000000000000000000e+00
8.725176751613616943e-02
1.215917617082595825e-01
1.468997359275817871e+00
6.180462241172790527e-01
3.474738076329231262e-02
3.531493246555328369e-01
0.000000000000000000e+00
3.774591162800788879e-02
3.071360522881150246e-03
5.734322126954793930e-03
3.785097599029541016e+00
4.489600658416748047e-01
2.757416963577270508e-01
5.043611526489257812e-01
3.494811654090881348e-01
0.000000000000000000e+00
5.650372505187988281e-01
1.920799911022186279e-01
7.669028639793395996e-02
4.403644800186157227e-02
1.774980127811431885e-01
8.447469472885131836e-01
3.168763816356658936e-01
3.550762236118316650e-01
1.029283523559570312e+00
0.000000000000000000e+00
2.073943465948104858e-01
5.244123339653015137e-01
8.715360164642333984e-01
1.400024536997079849e-02
8.062828332185745239e-03
4.549587890505790710e-02
0.000000000000000000e+00
2.875097751617431641e+00
7.648957520723342896e-02
1.511379033327102661e-01
3.551867604255676270e-01
1.947726458311080933e-01
4.931639134883880615e-01
1.043539028614759445e-02
6.380325555801391602e-02
1.312439143657684326e-01
1.974033415317535400e-01
5.660793781280517578e-01
2.950849771499633789e+00
3.706219196319580078e+00
5.808938294649124146e-03
0.000000000000000000e+00
2.142880670726299286e-02
6.208314746618270874e-02
7.379313707351684570e-01
4.049211740493774414e-02
1.159215450286865234e+00
2.776983678340911865e-01
7.397185266017913818e-02
1.712360233068466187e-01
0.000000000000000000e+00
1.864090412855148315e-01
4.152989014983177185e-03
4.286831319332122803e-01
2.703971266746520996e-01
0.000000000000000000e+00
6.511246562004089355e-01
1.229438185691833496e+00
1.207483291625976562e+00
0.000000000000000000e+00
2.694264985620975494e-02
6.314189732074737549e-02
1.957479476928710938e+00
2.365973144769668579e-01
5.218005180358886719e-01
4.090508520603179932e-01
6.444884538650512695e-01
0.000000000000000000e+00
5.576836317777633667e-02
5.238002538681030273e-02
2.458309382200241089e-02
4.031170159578323364e-02
2.031893730163574219e+00
2.900687232613563538e-02
0.000000000000000000e+00
0.000000000000000000e+00
1.131169348955154419e-01
4.636168107390403748e-02
5.376960635185241699e-01
4.439005255699157715e-02
7.686392068862915039e-01
2.395523786544799805e-01
1.393013119697570801e+00
1.329406619071960449e+00
3.875685110688209534e-02
5.850159749388694763e-02
7.489418610930442810e-03
1.589857816696166992e+00
0.000000000000000000e+00
1.145505666732788086e+00
2.515546381473541260e-01
1.305979490280151367e+00
