1.050022959709167480e+00
6.206135749816894531e-01
2.519584178924560547e+00
1.098418533802032471e-01
3.423654735088348389e-01
0.000000000000000000e+00
4.726809263229370117e-01
2.389562129974365234e-01
5.920521020889282227e-01
2.100551128387451172e-01
1.437188029289245605e+00
6.468011736869812012e-01
4.475603580474853516e+00
1.933510184288024902e+00
9.324922412633895874e-02
1.192902848124504089e-01
9.529790282249450684e-01
9.862340986728668213e-02
3.562993705272674561e-01
3.291695117950439453e-01
4.536177217960357666e-01
5.760919675230979919e-02
5.722773075103759766e-01
4.920739233493804932e-01
9.028801321983337402e-02
1.015298843383789062e+00
2.088952362537384033e-01
4.372079670429229736e-01
6.960416436195373535e-01
3.431322336196899414e+00
6.762140989303588867e-02
2.964437305927276611e-01
5.041504502296447754e-01
5.234157443046569824e-01
6.201958060264587402e-01
0.000000000000000000e+00
5.534217357635498047e-01
4.037695229053497314e-01
6.092220079153776169e-03
5.507957339286804199e-01
6.978029012680053711e-01
2.043993234634399414e+00
1.488309621810913086e+00
2.427311420440673828e+00
2.133536785840988159e-01
1.987189173698425293e+00
7.028759717941284180e-01
8.217826485633850098e-01
2.118120193481445312e-01
2.619733102619647980e-02
1.125786527991294861e-01
7.806650400161743164e-01
9.418416023254394531e-01
5.565928220748901367e-01
1.204550266265869141e+00
5.834537744522094727e-01
4.414849281311035156e-01
1.559710621833801270e+00
3.067537248134613037e-01
5.177989602088928223e-01
0.000000000000000000e+00
7.876907587051391602e-01
8.194313645362854004e-01
1.262758731842041016e+00
3.061415553092956543e-01
4.246814548969268799e-01
7.117522954940795898e-01
2.655571699142456055e+00
7.306134104728698730e-01
8.869555592536926270e-01
6.996676325798034668e-01
3.845508694648742676e-01
8.153790831565856934e-01
6.727806925773620605e-01
2.481987029314041138e-01
1.103207468986511230e-01
9.309513866901397705e-02
1.151563599705696106e-02
9.986351132392883301e-01
6.837641000747680664e-01
2.281196415424346924e-01
1.278437525033950806e-01
3.582484275102615356e-02
1.504486083984375000e+00
2.573904693126678467e-01
1.061655133962631226e-01
2.296216964721679688e+00
3.916668891906738281e-01
2.107881754636764526e-02
7.676478624343872070e-01
9.192978143692016602e-01
8.301294445991516113e-01
1.992008686065673828e-01
3.726185113191604614e-02
4.116609692573547363e-02
2.918022394180297852e+00
1.155308410525321960e-01
1.030183434486389160e-01
4.616930782794952393e-01
3.178446292877197266e-01
1.366194725036621094e+00
4.603654891252517700e-02
1.527229510247707367e-02
6.219587922096252441e-01
3.836466670036315918e-01
2.581229507923126221e-01
4.614061117172241211e-01
3.463625907897949219e-01
2.780023813247680664e-01
2.525822639465332031e+00
3.753956854343414307e-01
5.141890645027160645e-01
1.943401098251342773e-01
5.953798815608024597e-02
3.879731986671686172e-03
3.247023224830627441e-01
2.860088646411895752e-01
7.850919663906097412e-02
2.485502243041992188e+00
2.834399223327636719e+00
2.112962007522583008e-01
2.917201519012451172e-01
8.008285658434033394e-04
7.005004286766052246e-01
4.372674465179443359e+00
3.016898334026336670e-01
3.455558717250823975e-01
3.850549459457397461e-01
4.291625916957855225e-01
1.379938516765832901e-02
1.086709499359130859e+00
4.577120020985603333e-02
1.501472592353820801e-01
6.508978009223937988e-01
8.356603384017944336e-01
5.023818016052246094e-01
3.197715878486633301e-01
2.082875251770019531e+00
7.887255549430847168e-01
2.772151231765747070e-01
4.223122894763946533e-01
4.461711049079895020e-01
4.080797433853149414e-01
4.571519419550895691e-02
2.024294435977935791e-01
1.007318124175071716e-01
3.145370781421661377e-01
2.045054733753204346e-02
8.705767989158630371e-02
1.921018362045288086e+00
1.752820461988449097e-01
7.749602943658828735e-02
1.304860860109329224e-01
6.529549360275268555e-01
7.045773863792419434e-01
4.555019438266754150e-01
1.662484705448150635e-01
4.268069863319396973e-01
5.112997293472290039e-01
2.882749736309051514e-01
1.702254712581634521e-01
1.840161532163619995e-02
2.497037053108215332e-01
2.278252840042114258e-01
3.359489738941192627e-01
8.176007866859436035e-02
6.208266690373420715e-02
3.290152311325073242e+00
2.241241373121738434e-02
7.835940271615982056e-02
1.926597654819488525e-01
2.041458040475845337e-01
3.411026000976562500e-01
1.232020482420921326e-01
3.297414481639862061e-01
1.527146548032760620e-01
1.747142821550369263e-01
1.118478655815124512e+00
4.618432223796844482e-01
1.124163940548896790e-01
6.373155117034912109e-02
2.361140966415405273e+00
5.084296464920043945e-01
1.531102061271667480e-01
3.224621340632438660e-02
2.999371588230133057e-01
1.067926511168479919e-01
4.682836681604385376e-02
2.146228775382041931e-02
1.142729520797729492e+00
1.294534206390380859e+00
4.980125427246093750e-01
2.613047361373901367e-01
4.549179691821336746e-03
7.799551635980606079e-02
2.975115552544593811e-02
3.315932303667068481e-02
1.871613599359989166e-02
9.589201211929321289e-01
1.289229989051818848e+00
1.064042150974273682e-01
3.983597040176391602e+00
1.397680789232254028e-01
6.885540485382080078e-01
9.437496662139892578e-01
1.755276322364807129e-02
4.384183585643768311e-01
6.833305954933166504e-01
1.871195882558822632e-01
3.663575947284698486e-01
9.679357707500457764e-02
1.304153561592102051e+00
5.143346190452575684e-01
8.678752183914184570e-01
7.574548721313476562e-01
1.224534869194030762e+00
6.882669329643249512e-01
1.973282545804977417e-02
2.998025417327880859e-01
1.338957548141479492e-01
3.049366474151611328e-01
2.290664464235305786e-01
3.124251961708068848e-01
4.579547941684722900e-01
1.591186523437500000e+00
2.231524288654327393e-01
9.251394122838973999e-02
9.619871377944946289e-01
2.700074613094329834e-01
2.863401174545288086e-01
8.390074968338012695e-01
1.314573287963867188e+00
2.644300460815429688e-02
8.061046004295349121e-01
1.049886703491210938e+00
1.320246338844299316e+00
1.306935101747512817e-01
2.152212858200073242e-01
6.988745927810668945e-01
1.696460604667663574e+00
8.699662238359451294e-02
4.574729874730110168e-02
2.366700470447540283e-01
1.083260402083396912e-02
1.535333693027496338e-01
8.811261057853698730e-01
2.313374519348144531e+00
2.258729219436645508e+00
5.187545418739318848e-01
1.014229297637939453e+00
1.004949569702148438e+00
2.600769996643066406e-01
3.496690653264522552e-03
7.524012327194213867e-01
7.309581041336059570e-01
4.965141713619232178e-01
7.224894165992736816e-01
1.393907189369201660e+00
4.712894931435585022e-02
1.048470437526702881e-01
3.763387203216552734e-01
4.798009693622589111e-01
5.425007939338684082e-01
1.220575571060180664e+00
0.000000000000000000e+00
5.403666496276855469e-01
1.405279990285634995e-02
6.161556765437126160e-02
9.195294380187988281e-01
5.057085156440734863e-01
3.624285221099853516e+00
2.595289424061775208e-02
1.214752197265625000e-01
7.595542073249816895e-01
1.013383150100708008e+00
1.869280636310577393e-01
5.508241429924964905e-02
4.306905567646026611e-01
1.083116307854652405e-01
3.372974693775177002e-01
2.801428735256195068e-01
5.598077774047851562e-01
2.830871939659118652e-01
7.428855299949645996e-01
6.709645390510559082e-01
9.046091437339782715e-01
5.402830243110656738e-01
1.590114831924438477e-01
6.650909185409545898e-01
1.786470055580139160e+00
3.049332499504089355e-01
1.175697445869445801e+00
1.902740478515625000e+00
8.464029431343078613e-01
5.464031100273132324e-01
5.425219535827636719e-01
4.406890645623207092e-02
5.368505716323852539e-01
2.625853419303894043e-01
1.826183795928955078e-01
2.481119930744171143e-01
3.398994207382202148e-01
1.994488537311553955e-01
4.378739744424819946e-02
3.321784138679504395e-01
1.365894973278045654e-01
9.493224620819091797e-01
3.629707694053649902e-01
6.812794208526611328e-01
1.107981204986572266e+00
1.915903687477111816e-01
3.004301525652408600e-02
1.435450911521911621e+00
9.484616518020629883e-01
5.201755166053771973e-01
2.898637950420379639e-01
4.796061515808105469e-01
2.164703309535980225e-01
1.814683377742767334e-01
1.675349831581115723e+00
2.380260499194264412e-03
7.598493099212646484e-01
0.000000000000000000e+00
0.000000000000000000e+00
5.463274568319320679e-02
1.365470409393310547e+00
4.175302088260650635e-01
3.890373706817626953e-01
9.375956058502197266e-01
7.678011059761047363e-01
3.665707111358642578e-01
1.730099469423294067e-01
4.871571660041809082e-01
6.288641691207885742e-01
5.476472154259681702e-02
9.202832728624343872e-02
1.947733163833618164e+00
1.094032406806945801e+00
1.997079104185104370e-01
3.080627024173736572e-01
8.687760233879089355e-01
0.000000000000000000e+00
9.355048835277557373e-02
0.000000000000000000e+00
9.010581672191619873e-02
2.434339523315429688e+00
5.320883989334106445e-01
4.791824519634246826e-02
2.563289105892181396e-01
2.226746797561645508e+00
2.505619287490844727e+00
1.448993563652038574e+00
3.918772563338279724e-02
6.108654290437698364e-02
1.718155145645141602e-01
1.405849218368530273e+00
1.327844858169555664e-01
1.171528816223144531e+00
1.579428315162658691e-01
7.026932388544082642e-02
3.461446240544319153e-02
5.525726675987243652e-01
1.095321655273437500e+00
3.973205685615539551e-01
6.940554976463317871e-01
9.676686525344848633e-01
1.075922921299934387e-01
1.022529482841491699e+00
2.362244427204132080e-01
2.397259473800659180e+00
5.826517939567565918e-01
2.155773043632507324e-01
7.298896908760070801e-01
4.926652312278747559e-01
2.101648747920989990e-01
2.557525932788848877e-01
2.995563507080078125e+00
1.179247125983238220e-01
3.030736446380615234e-01
1.766410320997238159e-01
3.468174338340759277e-01
4.046925157308578491e-02
2.815712057054042816e-02
2.589587867259979248e-01
2.786330878734588623e-01
8.882705569267272949e-01
1.382878541946411133e+00
3.498874604701995850e-01
1.673594594001770020e+00
6.831693053245544434e-01
1.069619774818420410e+00
1.819432675838470459e-01
3.901664912700653076e-01
2.298209965229034424e-01
5.215026736259460449e-01
2.239685058593750000e+00
1.129163522273302078e-02
3.311975002288818359e-01
0.000000000000000000e+00
5.934821814298629761e-02
6.216222643852233887e-01
1.466187685728073120e-01
9.325494766235351562e-01
2.390974014997482300e-01
5.923608690500259399e-02
1.728218197822570801e+00
7.158246636390686035e-02
1.059352010488510132e-01
1.326923966407775879e+00
1.452413916587829590e+00
4.642595052719116211e-01
2.256987839937210083e-01
1.366433650255203247e-01
6.166221573948860168e-02
2.936482131481170654e-01
6.406784653663635254e-01
2.562205679714679718e-02
1.078171208500862122e-01
1.170076429843902588e-01
2.568748295307159424e-01
2.582562863826751709e-01
2.469020605087280273e+00
1.515506386756896973e+00
5.809642076492309570e-01
1.190722268074750900e-02
2.206816375255584717e-01
3.485032618045806885e-01
4.007628262042999268e-01
1.089559122920036316e-01
0.000000000000000000e+00
4.830394685268402100e-01
8.585205301642417908e-03
2.117508053779602051e-01
1.516453027725219727e-01
0.000000000000000000e+00
1.681048721075057983e-01
2.820580303668975830e-01
1.188301920890808105e+00
3.541808724403381348e-01
8.318195939064025879e-01
1.781120896339416504e-01
7.713130116462707520e-02
1.702433347702026367e+00
1.313275098800659180e-01
1.499464809894561768e-01
1.949845194816589355e+00
1.477262854576110840e+00
2.542704641819000244e-01
9.442580491304397583e-02
1.091697067022323608e-01
9.788186103105545044e-02
1.187462285161018372e-01
1.729461848735809326e-01
5.709601640701293945e-01
5.525538697838783264e-02
7.025104761123657227e-02
3.388116657733917236e-01
5.889653787016868591e-02
2.656085491180419922e-01
2.594971954822540283e-01
1.074545741081237793e+00
8.098707199096679688e-01
3.550526499748229980e-01
7.761627435684204102e-02
2.230594009160995483e-01
1.136535286903381348e+00
8.036818504333496094e-01
1.034800767898559570e+00
2.654964447021484375e+00
7.396960258483886719e-02
1.761294007301330566e-01
1.473052054643630981e-01
5.170669779181480408e-02
4.346895217895507812e-02
4.936674833297729492e-01
1.871332377195358276e-01
9.256725907325744629e-01
6.986686587333679199e-02
2.378342859447002411e-02
3.393758237361907959e-01
2.078753948211669922e+00
2.176765501499176025e-01
1.187070250511169434e+00
8.139793574810028076e-02
3.277572393417358398e-01
1.416194796562194824e+00
9.441950321197509766e-01
1.470407377928495407e-02
6.115795969963073730e-01
1.156545639038085938e+00
1.013277769088745117e+00
5.372917652130126953e-01
5.415198206901550293e-02
5.377990603446960449e-01
1.818358898162841797e+00
1.047940850257873535e+00
3.234820365905761719e-01
2.546391487121582031e-01
1.904788077808916569e-03
0.000000000000000000e+00
4.508388936519622803e-01
2.867580652236938477e-01
1.769813001155853271e-01
1.452301740646362305e-01
4.273771941661834717e-01
2.607837915420532227e-01
1.541474461555480957e-01
3.757522106170654297e-01
1.959245204925537109e-01
7.906914502382278442e-02
3.679453134536743164e-01
1.791936531662940979e-02
4.900845885276794434e-01
4.368230998516082764e-01
3.023442327976226807e-01
2.853156626224517822e-01
4.048317372798919678e-01
5.286993980407714844e-01
4.370083566755056381e-03
5.037608742713928223e-01
1.288903474807739258e+00
6.762870311737060547e+00
1.163170859217643738e-01
1.723238825798034668e-02
6.685878038406372070e-01
2.119253575801849365e-02
4.712278842926025391e-01
1.026163458824157715e+00
7.477224469184875488e-01
6.493008136749267578e-01
1.387504860758781433e-02
0.000000000000000000e+00
1.603456437587738037e-01
9.747393131256103516e-01
6.275544166564941406e-01
4.246619939804077148e-01
2.666692622005939484e-02
7.149297595024108887e-01
2.809914350509643555e-01
8.109230548143386841e-02
1.280622482299804688e-01
1.143517494201660156e-01
4.542052149772644043e-01
9.770283102989196777e-01
1.079780697822570801e+00
1.365773975849151611e-01
1.247728988528251648e-01
1.439779400825500488e-01
5.117627143859863281e+00
1.585986852645874023e+00
9.886512160301208496e-01
6.818966269493103027e-01
2.527814805507659912e-01
6.937376260757446289e-01
1.856840215623378754e-02
1.337489724159240723e+00
1.609469018876552582e-02
1.124256730079650879e+00
1.040917932987213135e-01
1.993488073348999023e-01
1.981138437986373901e-01
8.627677708864212036e-02
2.699342072010040283e-01
1.029010787606239319e-01
4.998581111431121826e-01
1.943497061729431152e+00
1.747507691383361816e+00
1.066316068172454834e-01
2.787885367870330811e-01
1.027344107627868652e+00
3.377027809619903564e-02
4.466909766197204590e-01
8.173138499259948730e-01
1.459021270275115967e-01
3.155027702450752258e-02
1.822744905948638916e-01
4.907638430595397949e-01
1.335006952285766602e-01
2.496227771043777466e-01
3.170555830001831055e-01
2.729630231857299805e+00
4.641360044479370117e-01
1.490879297256469727e+00
5.714243743568658829e-03
6.572825908660888672e-01
1.131539940834045410e-01
6.158784031867980957e-01
1.786267012357711792e-01
1.302617043256759644e-01
1.691626012325286865e-01
1.140558272600173950e-01
2.629302442073822021e-02
2.680496871471405029e-01
1.624556630849838257e-01
4.172296822071075439e-02
3.806526586413383484e-02
1.845027565956115723e+00
1.678387522697448730e-01
2.163454890251159668e-02
1.440052390098571777e+00
1.564386010169982910e+00
1.584216356277465820e+00
4.197689890861511230e-02
1.191787328571081161e-02
1.001804828643798828e+00
0.000000000000000000e+00
2.873307943344116211e+00
4.156595766544342041e-01
7.933657765388488770e-01
2.572460770606994629e-01
2.506821751594543457e-01
6.758107990026473999e-02
2.940447926521301270e-01
7.039477825164794922e-01
5.087410807609558105e-01
4.547857940196990967e-01
4.151707887649536133e-01
1.050154790282249451e-01
9.469870477914810181e-02
7.750901579856872559e-02
1.497913599014282227e+00
5.410442501306533813e-02
2.394024580717086792e-01
6.641756892204284668e-01
3.974019736051559448e-02
2.287151366472244263e-01
7.161186933517456055e-01
2.011080831289291382e-01
4.837698489427566528e-02
0.000000000000000000e+00
1.662416309118270874e-01
1.501449048519134521e-01
1.034098640084266663e-01
5.693356320261955261e-02
1.234613731503486633e-01
1.170450329780578613e+00
1.394052207469940186e-01
5.320630073547363281e-01
7.747310996055603027e-01
5.563538521528244019e-02
9.840581417083740234e-01
4.000279307365417480e-01
4.179079532623291016e-01
2.650252357125282288e-02
1.328213810920715332e-01
3.126496374607086182e-01
1.605265289545059204e-01
2.229157537221908569e-01
2.685095667839050293e-01
3.892552256584167480e-01
7.334380596876144409e-02
8.493815660476684570e-01
1.483134832233190536e-02
6.672011613845825195e-01
1.206184744834899902e+00
4.594171345233917236e-01
2.219430506229400635e-01
9.070503525435924530e-03
1.737039387226104736e-01
3.537437692284584045e-02
3.622625023126602173e-02
1.163080811500549316e+00
1.329560130834579468e-01
3.728438913822174072e-02
2.843202948570251465e-01
1.428229659795761108e-01
8.064526319503784180e-02
1.489489555358886719e+00
1.738721877336502075e-01
6.168593764305114746e-01
6.763737797737121582e-01
1.205863356590270996e+00
4.944471120834350586e-01
9.611082822084426880e-02
4.703433513641357422e-01
3.955249488353729248e-01
4.916546940803527832e-01
9.775836765766143799e-02
9.524936974048614502e-02
1.776774048805236816e+00
1.058275103569030762e+00
1.468429207801818848e+00
5.096687078475952148e-01
2.946383655071258545e-01
7.820871472358703613e-01
1.476048707962036133e+00
2.094059139490127563e-01
8.068827390670776367e-01
6.557799577713012695e-01
3.150228261947631836e-01
5.727670788764953613e-01
6.560987234115600586e-01
3.148841485381126404e-02
4.164381921291351318e-01
1.469033062458038330e-01
1.059728264808654785e+00
6.953033804893493652e-01
6.793668866157531738e-02
3.529947698116302490e-01
5.612755417823791504e-01
5.568785071372985840e-01
2.817755751311779022e-02
1.357019901275634766e+00
1.462262570858001709e-01
1.743508934974670410e+00
1.658587157726287842e-01
6.312738656997680664e-01
3.079099178314208984e+00
9.489955008029937744e-02
2.841984331607818604e-01
2.111141681671142578e+00
1.065377712249755859e+00
6.149786710739135742e-01
2.072510868310928345e-02
2.361142039299011230e-01
4.886202335357666016e+00
5.446534231305122375e-02
4.836105704307556152e-01
1.102586507797241211e+00
4.355279728770256042e-02
3.164665699005126953e-01
5.366756319999694824e-01
1.718396186828613281e+00
1.703337281942367554e-01
9.235975146293640137e-01
7.078067064285278320e-01
1.012375429272651672e-01
2.070863962173461914e+00
2.409230768680572510e-01
2.486169099807739258e+00
0.000000000000000000e+00
2.866027504205703735e-02
2.248210459947586060e-01
1.044471114873886108e-01
0.000000000000000000e+00
8.826884627342224121e-01
2.298108488321304321e-01
2.153047323226928711e+00
2.398879379034042358e-01
1.381294615566730499e-02
3.509512869641184807e-03
3.003500998020172119e-01
3.572497144341468811e-02
4.856407344341278076e-01
4.331552982330322266e-01
7.549297809600830078e-01
1.026083827018737793e+00
4.453130811452865601e-02
8.785880208015441895e-01
4.442606270313262939e-01
1.553660333156585693e-01
1.550499796867370605e-01
1.237072199583053589e-01
9.453020095825195312e-01
3.847789466381072998e-01
1.329593062400817871e-01
6.848912686109542847e-02
5.419790744781494141e-01
5.002199411392211914e-01
5.837347730994224548e-02
1.331010367721319199e-02
4.983703494071960449e-01
0.000000000000000000e+00
2.395951002836227417e-01
1.793353408575057983e-01
1.107819825410842896e-01
3.154747188091278076e-01
5.396940112113952637e-01
5.037811398506164551e-01
2.131087779998779297e+00
4.995917901396751404e-02
1.021706685423851013e-01
4.241694509983062744e-01
3.211576640605926514e-01
6.372701525688171387e-01
1.800040602684020996e-01
1.069578409194946289e+00
2.520386457443237305e+00
9.257532954216003418e-01
1.061265707015991211e+00
1.437230259180068970e-01
2.147426009178161621e-01
5.136973261833190918e-01
7.203738391399383545e-02
4.695609211921691895e-01
8.686678856611251831e-02
0.000000000000000000e+00
2.463833689689636230e-01
4.677828252315521240e-01
5.935912132263183594e-01
0.000000000000000000e+00
2.775682449340820312e+00
2.049293518066406250e-01
3.263280391693115234e-01
7.239784002304077148e-01
6.646983325481414795e-02
1.760839372873306274e-01
1.921733319759368896e-01
2.183566987514495850e-02
9.210284352302551270e-01
2.044860273599624634e-01
1.367134094238281250e+00
6.207045912742614746e-01
3.978695869445800781e-01
1.471791982650756836e+00
4.703737795352935791e-01
1.434719681739807129e+00
2.313799113035202026e-01
1.842814087867736816e-01
5.276932120323181152e-01
2.585622370243072510e-01
1.482449531555175781e+00
1.087928414344787598e-01
3.812254369258880615e-01
1.117521762847900391e+00
6.233507394790649414e-01
1.418451786041259766e+00
6.852082163095474243e-02
1.261044144630432129e-01
5.540313571691513062e-02
5.014150142669677734e-01
9.185373783111572266e-01
2.459730058908462524e-01
1.149604082107543945e+00
6.799591183662414551e-01
5.635100603103637695e-01
9.343190193176269531e-01
1.420110225677490234e+00
3.215957880020141602e-01
4.116176366806030273e-01
3.905544281005859375e-01
1.000361204147338867e+00
6.879105785628780723e-05
0.000000000000000000e+00
1.642247103154659271e-02
1.200320243835449219e+00
5.334969609975814819e-02
1.333463549613952637e+00
9.380585700273513794e-02
9.141859412193298340e-02
1.012201234698295593e-01
4.060320556163787842e-02
3.945118188858032227e-01
0.000000000000000000e+00
0.000000000000000000e+00
8.197522163391113281e-01
2.538395226001739502e-01
6.976106762886047363e-01
0.000000000000000000e+00
3.916116058826446533e-02
2.436583280563354492e+00
1.554194092750549316e-01
3.898216187953948975e-01
7.662303447723388672e-01
0.000000000000000000e+00
1.040785670280456543e+00
8.423476666212081909e-02
4.014738500118255615e-01
6.050791740417480469e-01
6.195949912071228027e-01
8.504351973533630371e-02
1.306527853012084961e+00
1.497191041707992554e-01
1.977809309959411621e+00
3.992492556571960449e-01
4.518128931522369385e-01
1.334276199340820312e+00
1.299353599548339844e+00
5.125543475151062012e-01
1.535381913185119629e+00
3.812810480594635010e-01
3.956318199634552002e-01
9.614215493202209473e-01
0.000000000000000000e+00
2.516697168350219727e+00
8.934329152107238770e-01
1.400758773088455200e-01
4.210081994533538818e-01
2.016827091574668884e-02
0.000000000000000000e+00
3.141295909881591797e-01
2.476392745971679688e+00
9.964648485183715820e-01
2.349525392055511475e-01
0.000000000000000000e+00
1.456347852945327759e-01
3.371451199054718018e-01
5.043859593570232391e-03
1.149844191968441010e-02
0.000000000000000000e+00
1.864305973052978516e+00
2.123179912567138672e+00
1.661473989486694336e+00
6.582876443862915039e-01
1.787658184766769409e-01
8.748855590820312500e-01
2.403931170701980591e-01
7.377552986145019531e-01
4.103114083409309387e-02
1.718468405306339264e-02
1.163870394229888916e-01
3.105803430080413818e-01
1.255618929862976074e+00
1.770842313766479492e+00
1.376254916191101074e+00
1.341632962226867676e+00
5.957243964076042175e-02
7.496885061264038086e-01
8.839944601058959961e-01
3.096878528594970703e-01
1.420988887548446655e-01
1.820569396018981934e+00
7.135927677154541016e-01
8.101441711187362671e-02
1.894651502370834351e-01
2.940812349319458008e+00
1.871281027793884277e+00
2.011448591947555542e-01
1.893165588378906250e+00
1.668490767478942871e-01
1.009605359286069870e-03
3.051032498478889465e-02
6.599809974431991577e-02
2.869387343525886536e-02
6.547877192497253418e-01
3.193193674087524414e-02
4.360389709472656250e-01
1.316277623176574707e+00
1.115422964096069336e+00
2.670587301254272461e-01
1.127730384469032288e-01
1.163961410522460938e+00
6.190323829650878906e-01
3.048604130744934082e-01
6.698474287986755371e-02
4.439191222190856934e-01
6.160003319382667542e-02
5.870414376258850098e-01
1.914538383483886719e+00
0.000000000000000000e+00
3.150534927845001221e-01
1.190889477729797363e-01
6.227312088012695312e-01
4.298496544361114502e-01
1.779525876045227051e-01
3.903507590293884277e-01
9.930040687322616577e-02
7.152725458145141602e-01
2.220698843302670866e-05
8.455635905265808105e-01
1.775332093238830566e-01
4.024833068251609802e-02
2.414802312850952148e+00
8.438783884048461914e-01
8.369449973106384277e-01
6.929984688758850098e-01
6.603263616561889648e-01
2.837421596050262451e-01
2.756787061691284180e+00
0.000000000000000000e+00
7.910008430480957031e-01
8.549264669418334961e-01
3.093194961547851562e-01
9.280987083911895752e-02
6.544026136398315430e-01
8.708576560020446777e-01
2.024602293968200684e-01
5.556961297988891602e-01
9.738469123840332031e-01
5.155271291732788086e-02
7.471500337123870850e-02
2.288419604301452637e-01
2.154625505208969116e-01
2.136189118027687073e-02
2.942840158939361572e-01
8.801566958427429199e-01
4.750564694404602051e-01
0.000000000000000000e+00
2.649639606475830078e+00
0.000000000000000000e+00
6.417918801307678223e-01
4.931421875953674316e-01
4.826336801052093506e-01
0.000000000000000000e+00
4.406944513320922852e-01
2.850897014141082764e-01
5.032536387443542480e-01
1.286170005798339844e+00
1.902517229318618774e-01
2.694953978061676025e-01
3.249668702483177185e-02
5.922496318817138672e-01
5.163825303316116333e-02
5.782845616340637207e-01
3.074781000614166260e-01
1.111849904060363770e+00
1.609480619430541992e+00
6.650309562683105469e-01
5.744519829750061035e-01
2.790494561195373535e-01
5.986596941947937012e-01
1.361707895994186401e-01
1.900017261505126953e+00
1.606844961643218994e-01
4.654903411865234375e-01
1.355625391006469727e+00
8.932617902755737305e-01
4.978517070412635803e-02
2.407056093215942383e-01
5.212842673063278198e-02
2.273241132497787476e-01
1.185751795768737793e+00
3.465562105178833008e+00
1.655916810035705566e+00
6.386836767196655273e-01
0.000000000000000000e+00
1.874433308839797974e-01
1.140537112951278687e-02
1.641102671623229980e+00
1.190522909164428711e-01
1.418063998222351074e+00
0.000000000000000000e+00
5.915771126747131348e-01
2.814065217971801758e-01
7.194180786609649658e-02
4.311641752719879150e-01
1.774096977896988392e-03
3.078672885894775391e-01
8.800230920314788818e-02
7.855185866355895996e-01
3.998664021492004395e-01
1.814407706260681152e+00
0.000000000000000000e+00
4.581013023853302002e-01
3.431927859783172607e-01
2.379531413316726685e-01
6.840497255325317383e-01
9.503825306892395020e-01
1.486089229583740234e-01
2.624835968017578125e-01
7.796756923198699951e-03
8.687627315521240234e-01
2.174731731414794922e+00
0.000000000000000000e+00
8.883303999900817871e-01
2.339019328355789185e-01
2.921859920024871826e-01
2.992833256721496582e-01
1.846376359462738037e-01
1.316261291503906250e-02
8.151140809059143066e-01
7.757116556167602539e-01
3.342234194278717041e-01
2.204600125551223755e-01
8.445330262184143066e-01
2.840788662433624268e-01
4.289505537599325180e-03
9.065067768096923828e-02
6.742475181818008423e-02
4.358989894390106201e-01
1.811299622058868408e-01
8.654416538774967194e-03
2.912144176661968231e-03
1.347171068191528320e-01
1.518760174512863159e-01
1.207770779728889465e-01
4.018789827823638916e-01
8.510217666625976562e-01
1.404475420713424683e-01
7.169450521469116211e-01
1.573751270771026611e-01
3.483115509152412415e-02
2.689328044652938843e-02
5.971615314483642578e-01
1.422953307628631592e-01
1.496101357042789459e-02
2.119932323694229126e-01
1.063922405242919922e+00
9.134086370468139648e-01
9.018389880657196045e-02
4.219869971275329590e-01
5.377783775329589844e-01
4.326947033405303955e-02
0.000000000000000000e+00
7.265635766088962555e-03
1.869780384004116058e-02
1.615192174911499023e+00
4.887734949588775635e-01
1.387511044740676880e-01
8.527308702468872070e-02
3.248229250311851501e-02
2.349461913108825684e-01
2.960537075996398926e-01
1.406307458877563477e+00
4.026023447513580322e-01
2.373319119215011597e-01
1.799964308738708496e-01
0.000000000000000000e+00
2.616397142410278320e-01
5.939301252365112305e-01
2.635284364223480225e-01
3.741628229618072510e-01
1.413876891136169434e+00
6.922208666801452637e-01
6.934490054845809937e-02
1.378807872533798218e-01
3.827137053012847900e-01
3.108045756816864014e-01
3.790977597236633301e-01
4.147642850875854492e-01
2.143535166978836060e-01
1.822917759418487549e-01
1.652798801660537720e-01
4.152881801128387451e-01
2.117766886949539185e-01
1.290853917598724365e-01
3.511184453964233398e-01
0.000000000000000000e+00
7.314363121986389160e-02
1.209955289959907532e-01
3.042791783809661865e-01
5.658054947853088379e-01
3.506054878234863281e-01
1.054723143577575684e+00
2.533989846706390381e-01
3.936470448970794678e-01
6.253767758607864380e-02
1.278046816587448120e-01
1.406357407569885254e+00
1.818433165550231934e+00
6.024858951568603516e-01
1.782153248786926270e-01
3.641996681690216064e-01
6.555379629135131836e-01
1.111854553222656250e+00
1.500559598207473755e-01
3.993433434516191483e-03
1.469072848558425903e-01
1.742042064666748047e+00
1.215920448303222656e+00
6.771479845046997070e-01
1.721163034439086914e+00
0.000000000000000000e+00
1.174899101257324219e+00
1.011399030685424805e-01
5.258911848068237305e-01
2.056485563516616821e-01
9.198855608701705933e-02
2.174701541662216187e-02
3.628879189491271973e-01
7.041343450546264648e-01
1.652141660451889038e-01
1.154035091400146484e+00
6.330521702766418457e-01
1.092662930488586426e+00
5.159466713666915894e-02
1.092549413442611694e-01
7.903570681810379028e-02
0.000000000000000000e+00
3.992130458354949951e-01
4.206681251525878906e-01
2.739385843276977539e+00
9.308691024780273438e-01
6.811243295669555664e-02
9.189286231994628906e-01
1.172118075191974640e-02
8.383125662803649902e-01
4.079875946044921875e-01
9.910248517990112305e-01
6.025418639183044434e-01
1.088882684707641602e-01
1.547600865364074707e+00
1.177986189723014832e-01
2.656365185976028442e-02
6.819884777069091797e-01
1.849305331707000732e-01
2.292083948850631714e-01
2.226345092058181763e-01
1.244034469127655029e-01
1.034238338470458984e+00
1.970985770225524902e+00
4.195569455623626709e-01
3.442458808422088623e-02
1.446221232414245605e+00
4.796779528260231018e-02
1.316261440515518188e-01
3.537221113219857216e-03
4.101200401782989502e-01
1.919259071350097656e+00
4.582971036434173584e-01
5.061272531747817993e-02
3.441090881824493408e-01
1.689126342535018921e-01
5.218110606074333191e-02
8.753532171249389648e-01
2.724754214286804199e-01
3.219822406768798828e+00
5.390813574194908142e-02
5.436983704566955566e-01
1.754590868949890137e-01
3.492966592311859131e-01
2.109881043434143066e-01
8.817527890205383301e-01
0.000000000000000000e+00
2.456037551164627075e-01
6.032505035400390625e-01
8.640688061714172363e-01
5.236963629722595215e-01
6.796925544738769531e+00
5.504642128944396973e-01
8.228750228881835938e-01
2.710371971130371094e+00
2.473169803619384766e+00
1.807418465614318848e+00
4.980977475643157959e-01
2.749698162078857422e+00
3.897952660918235779e-02
3.622358292341232300e-02
7.059802114963531494e-02
1.939120143651962280e-01
3.843678534030914307e-01
3.081402301788330078e+00
2.180947735905647278e-02
1.081895589828491211e+00
1.527379751205444336e-01
1.026971032842993736e-03
5.132107138633728027e-01
1.820474863052368164e+00
2.799318552017211914e+00
7.545927166938781738e-01
2.801513373851776123e-01
2.089548856019973755e-02
5.491396784782409668e-01
7.514619827270507812e-01
1.062429398298263550e-01
2.070556879043579102e-01
4.247931018471717834e-02
1.740941762924194336e+00
3.672947734594345093e-02
4.489379525184631348e-01
2.547677159309387207e-01
2.103713750839233398e-01
2.734135687351226807e-01
5.362367630004882812e-01
4.505621790885925293e-01
6.748128682374954224e-02
8.584964275360107422e-02
8.634305000305175781e-01
0.000000000000000000e+00
2.185283899307250977e-01
1.394474059343338013e-01
4.069824516773223877e-01
1.787867993116378784e-01
5.009765625000000000e-01
1.578050851821899414e-01
2.429830841720104218e-02
1.067875504493713379e+00
8.867667317390441895e-01
3.562715649604797363e-02
1.761079311370849609e+00
8.034768104553222656e-01
2.247986756265163422e-02
7.844616770744323730e-01
1.442017853260040283e-01
0.000000000000000000e+00
4.366265535354614258e-01
1.833882093429565430e+00
4.774292111396789551e-01
8.483380675315856934e-01
6.939865946769714355e-01
5.221781134605407715e-02
1.131485402584075928e-01
5.635663494467735291e-02
1.578902006149291992e+00
1.674949765205383301e+00
4.279670715332031250e-01
1.324772089719772339e-01
1.869759112596511841e-01
9.078273922204971313e-02
2.391510754823684692e-01
8.872656822204589844e-01
2.960432767868041992e-01
2.961622774600982666e-01
2.358507215976715088e-01
3.104344308376312256e-01
4.580395817756652832e-01
1.381053179502487183e-01
2.297204919159412384e-02
3.822122812271118164e-01
0.000000000000000000e+00
4.872179627418518066e-01
0.000000000000000000e+00
8.907196111977100372e-03
1.040653660893440247e-01
2.920318581163883209e-02
3.092460930347442627e-01
8.627337813377380371e-01
8.129495382308959961e-01
0.000000000000000000e+00
3.903163671493530273e-01
4.566051363945007324e-01
0.000000000000000000e+00
6.147069334983825684e-01
3.800038397312164307e-01
2.524065673351287842e-01
0.000000000000000000e+00
4.907571971416473389e-01
1.014810562133789062e+00
6.874220818281173706e-02
1.974946618080139160e+00
1.257488727569580078e-01
1.169661134481430054e-01
2.835138142108917236e-01
1.689594984054565430e-01
8.684697151184082031e-01
1.668409109115600586e+00
1.323352158069610596e-01
4.605720285326242447e-03
5.660199001431465149e-02
9.031363725662231445e-01
1.219480410218238831e-01
3.129775524139404297e-01
1.149015314877033234e-02
1.274291127920150757e-01
5.127001181244850159e-02
6.375023722648620605e-02
9.425819516181945801e-01
7.603335976600646973e-01
1.782360434532165527e+00
8.513330221176147461e-01
7.355770468711853027e-01
2.006588220596313477e+00
5.227500200271606445e-01
4.962498843669891357e-01
7.933671772480010986e-02
2.450230717658996582e-01
1.866575032472610474e-01
4.283154606819152832e-01
4.392720758914947510e-02
4.846274107694625854e-02
1.664423465728759766e+00
1.030683040618896484e+00
3.315054476261138916e-01
1.028032302856445312e-01
5.263085365295410156e-01
2.410509288311004639e-01
1.322939991950988770e+00
3.682972863316535950e-02
1.111987352371215820e+00
1.878143191337585449e+00
1.476785093545913696e-01
6.210621595382690430e-01
1.043506026268005371e+00
1.023071169853210449e+00
2.522284388542175293e-01
4.356734454631805420e-03
4.294127970933914185e-02
8.000293374061584473e-01
7.150565981864929199e-01
5.816628038883209229e-02
1.019825816154479980e+00
6.520487666130065918e-01
1.543558090925216675e-01
2.533194422721862793e-02
6.450756192207336426e-01
1.535860180854797363e+00
2.182231098413467407e-01
0.000000000000000000e+00
5.031376332044601440e-02
3.935720920562744141e-01
4.632152915000915527e-01
1.015641316771507263e-01
3.035924732685089111e-01
2.058618366718292236e-01
8.832504749298095703e-01
1.228244543075561523e+00
6.273180991411209106e-02
6.652591228485107422e-01
7.472940534353256226e-02
2.505531311035156250e-01
9.590334892272949219e-01
1.454946398735046387e+00
6.979739665985107422e-02
2.119021862745285034e-01
1.308069705963134766e+00
3.892574086785316467e-02
2.335285842418670654e-01
1.552866995334625244e-01
1.986613124608993530e-01
1.882796436548233032e-01
1.611267328262329102e-01
4.184887111186981201e-01
7.911727428436279297e-01
1.119765162467956543e+00
2.016320943832397461e+00
5.958404541015625000e-01
1.083376526832580566e+00
6.348947286605834961e-01
2.689988613128662109e-01
1.809399604797363281e+00
2.842493820935487747e-03
3.654613494873046875e-01
3.495654761791229248e-01
1.551225781440734863e+00
4.146898910403251648e-02
3.766442239284515381e-01
3.871931880712509155e-02
5.875047445297241211e-01
4.627768397331237793e-01
0.000000000000000000e+00
0.000000000000000000e+00
7.597956061363220215e-01
6.824355125427246094e-01
1.043181940913200378e-01
2.290527708828449249e-02
6.180314719676971436e-02
1.031389832496643066e+00
1.357036232948303223e+00
5.986047983169555664e-01
2.401035279035568237e-01
7.912631630897521973e-01
5.445120930671691895e-01
6.690075248479843140e-02
3.209833502769470215e-01
1.154339551925659180e+00
1.130304411053657532e-01
1.738419085741043091e-01
2.260968536138534546e-01
1.002100034384056926e-04
8.647595047950744629e-01
4.999704062938690186e-01
6.824024915695190430e-01
6.555669307708740234e-01
1.938306838274002075e-01
1.303822100162506104e-01
6.955642104148864746e-01
5.379722118377685547e-01
8.703741431236267090e-02
1.356522679328918457e+00
4.109645783901214600e-01
3.524377048015594482e-01
6.198796033859252930e-01
2.775307297706604004e-01
5.655533671379089355e-01
5.667957663536071777e-01
1.854081749916076660e+00
3.097617009188979864e-04
0.000000000000000000e+00
2.327871918678283691e-01
8.166231513023376465e-01
2.595903873443603516e-01
5.087891221046447754e-01
5.207114219665527344e-01
4.456770420074462891e-01
2.232767194509506226e-01
2.097123414278030396e-01
3.767189756035804749e-02
4.784773290157318115e-01
5.486811995506286621e-01
1.780634522438049316e-01
1.528286486864089966e-01
6.741952896118164062e-01
3.993764519691467285e-02
1.451697200536727905e-01
3.022546291351318359e+00
3.987055122852325439e-01
7.573822140693664551e-01
1.162505429238080978e-02
5.669310688972473145e-01
1.473554670810699463e-01
2.967286407947540283e-01
1.754705309867858887e-01
6.434539556503295898e-01
4.030508399009704590e-01
1.060140967369079590e+00
3.510210514068603516e-01
1.106241941452026367e+00
2.979287207126617432e-01
1.225778341293334961e+00
1.259621858596801758e+00
5.995982289314270020e-01
4.968668520450592041e-02
2.001283168792724609e+00
3.622310608625411987e-02
1.293607503175735474e-01
6.530561298131942749e-02
8.420374393463134766e-01
2.028105407953262329e-01
1.049096822738647461e+00
1.086627364158630371e+00
2.502725422382354736e-01
1.080017834901809692e-01
1.481313854455947876e-01
5.203613638877868652e-02
6.290503740310668945e-01
5.243308842182159424e-02
0.000000000000000000e+00
8.667947649955749512e-01
6.209375262260437012e-01
1.720696538686752319e-01
1.390146017074584961e-01
5.139239430427551270e-01
3.948373198509216309e-01
8.153365552425384521e-02
3.487189531326293945e+00
2.153877764940261841e-01
4.565726280212402344e+00
1.406429708003997803e-01
2.550379633903503418e-01
1.465950012207031250e-01
1.445414185523986816e+00
2.054486274719238281e+00
2.441727370023727417e-01
1.374012827873229980e-01
6.597095131874084473e-01
2.565260529518127441e-01
7.684548944234848022e-02
5.365110039710998535e-01
4.385797679424285889e-02
4.674755334854125977e-01
4.814895391464233398e-01
3.741854429244995117e-02
1.391518115997314453e-02
5.412341281771659851e-02
1.433892965316772461e+00
2.258345112204551697e-02
4.650661647319793701e-01
7.674784660339355469e-01
1.122935056686401367e+00
3.685994148254394531e-01
5.915310382843017578e-01
4.411888122558593750e-02
0.000000000000000000e+00
1.353396922349929810e-01
1.019814610481262207e-01
8.908447027206420898e-01
2.367153763771057129e-01
5.798557400703430176e-02
9.015288949012756348e-01
2.689584344625473022e-02
2.042377591133117676e-01
2.282195240259170532e-01
3.444672822952270508e-01
1.553246080875396729e-01
1.457511782646179199e-01
1.703763753175735474e-01
5.967800021171569824e-01
6.191051006317138672e-01
4.500154033303260803e-02
3.667981326580047607e-01
1.535964906215667725e-01
1.910521388053894043e-01
2.904159426689147949e-01
8.851603418588638306e-02
0.000000000000000000e+00
6.977886706590652466e-02
1.873641848564147949e+00
1.409584283828735352e-01
1.023132681846618652e+00
2.496916055679321289e-01
3.389299809932708740e-01
1.739212428219616413e-03
8.851557224988937378e-02
4.502054750919342041e-01
1.747579686343669891e-02
1.295439839363098145e+00
2.322193145751953125e+00
1.157943042926490307e-03
5.395568609237670898e-01
4.571641683578491211e-01
1.017568826675415039e+00
2.080323398113250732e-01
5.369010567665100098e-02
4.174953401088714600e-01
2.166390895843505859e+00
8.552592247724533081e-02
0.000000000000000000e+00
7.322148084640502930e-01
3.658533394336700439e-01
1.341230273246765137e+00
0.000000000000000000e+00
4.532341957092285156e-01
3.038532733917236328e-01
2.219008058309555054e-01
7.400235533714294434e-01
0.000000000000000000e+00
5.390543937683105469e-01
5.669037699699401855e-01
1.659104526042938232e-01
9.281888008117675781e-01
5.875091254711151123e-02
5.256667733192443848e-01
8.872712962329387665e-03
0.000000000000000000e+00
1.660160720348358154e-01
1.067513346672058105e+00
4.012910127639770508e-01
2.111817896366119385e-01
0.000000000000000000e+00
4.212784171104431152e-01
4.144198298454284668e-01
7.910272479057312012e-02
1.074423551559448242e+00
3.030766546726226807e-01
1.446327418088912964e-01
9.038816094398498535e-01
5.726714730262756348e-01
1.012024004012346268e-02
1.573766916990280151e-01
0.000000000000000000e+00
1.929847151041030884e-01
4.523189365863800049e-01
3.958444297313690186e-02
1.227924004197120667e-01
5.378003120422363281e-01
8.057869076728820801e-01
5.663073062896728516e-01
4.811399877071380615e-01
4.304243624210357666e-01
2.721984684467315674e-01
3.784407079219818115e-01
1.559323519468307495e-01
9.697848558425903320e-01
8.163005113601684570e-01
2.336060255765914917e-02
9.185192584991455078e-01
3.594061374664306641e+00
5.865712165832519531e-01
3.174799382686614990e-01
9.955936074256896973e-01
7.331795692443847656e-01
0.000000000000000000e+00
1.260927200317382812e+00
3.048722147941589355e-01
4.946720004081726074e-01
8.604139089584350586e-01
2.229724228382110596e-01
1.282532215118408203e+00
0.000000000000000000e+00
5.343594551086425781e-01
4.661264643073081970e-02
9.383999705314636230e-01
1.032135844230651855e+00
2.638930976390838623e-01
4.152415692806243896e-02
1.766469478607177734e-01
1.345800310373306274e-01
8.729909658432006836e-01
3.232228159904479980e-01
1.960191130638122559e-01
1.347682327032089233e-01
4.539296627044677734e-01
1.023567542433738708e-01
6.038169935345649719e-02
1.627319604158401489e-01
1.422895044088363647e-01
5.214332416653633118e-02
1.273235864937305450e-02
3.972944915294647217e-01
5.386198163032531738e-01
0.000000000000000000e+00
3.236893415451049805e+00
4.545080363750457764e-01
1.876487851142883301e+00
8.793005347251892090e-02
6.285330057144165039e-01
2.702642977237701416e-01
6.839182972908020020e-01
1.483896821737289429e-01
0.000000000000000000e+00
1.211755499243736267e-01
8.063932061195373535e-01
1.170130848884582520e+00
1.502386182546615601e-01
2.398965135216712952e-02
1.067959308624267578e+00
2.414305955171585083e-01
4.262161731719970703e+00
5.295171868056058884e-03
9.814896583557128906e-01
2.258065491914749146e-01
4.016327485442161560e-02
8.409939706325531006e-02
1.428121775388717651e-01
1.265471130609512329e-01
2.714117467403411865e-01
9.327989816665649414e-01
9.344747066497802734e-01
1.138693690299987793e-01
0.000000000000000000e+00
0.000000000000000000e+00
3.782255351543426514e-01
1.210833191871643066e+00
1.570679396390914917e-01
1.138992905616760254e-01
1.661660671234130859e-01
1.020650640130043030e-01
8.145041018724441528e-02
0.000000000000000000e+00
5.294518545269966125e-02
2.084182202816009521e-02
2.332132905721664429e-01
9.594184160232543945e-02
1.485148549079895020e+00
9.372418373823165894e-02
1.739314079284667969e+00
1.328681468963623047e+00
2.082418680191040039e+00
3.740593194961547852e-01
3.173204511404037476e-02
9.045994877815246582e-01
1.108686327934265137e+00
8.154137134552001953e-01
2.781409323215484619e-01
2.871261537075042725e-01
5.718617886304855347e-02
7.387633621692657471e-02
1.054680496454238892e-01
1.667055726051330566e+00
1.400265455245971680e+00
3.989365994930267334e-01
8.071640729904174805e-01
2.991357743740081787e-01
1.019616127014160156e+00
1.985751867294311523e+00
1.718418300151824951e-01
1.254635453224182129e-01
1.626474142074584961e+00
7.432559132575988770e-01
5.666562914848327637e-01
1.217154599726200104e-02
8.531468361616134644e-02
2.594106912612915039e+00
4.309998452663421631e-01
9.116801023483276367e-01
4.797153174877166748e-01
1.126812323927879333e-01
2.240973234176635742e+00
5.917009115219116211e-01
5.095456838607788086e-01
2.197963595390319824e-01
1.010698556900024414e+00
2.157691717147827148e-01
7.424609065055847168e-01
1.184345558285713196e-01
5.767506957054138184e-01
1.383541971445083618e-01
7.727098464965820312e-01
3.452022969722747803e-01
8.207585811614990234e-01
1.195839881896972656e+00
0.000000000000000000e+00
8.583811521530151367e-01
1.428102999925613403e-01
2.118049561977386475e-01
2.122990787029266357e-01
4.823142290115356445e-02
1.131088972091674805e+00
5.148754119873046875e-01
4.506760537624359131e-01
1.044768691062927246e+00
4.525262489914894104e-02
6.122183427214622498e-02
5.246973037719726562e-01
2.357099950313568115e-01
4.802649468183517456e-02
3.646413087844848633e-01
0.000000000000000000e+00
1.462622731924057007e-01
0.000000000000000000e+00
2.863983511924743652e-01
2.013961791992187500e+00
1.363580673933029175e-01
7.806824147701263428e-02
9.494941830635070801e-01
3.755310177803039551e-01
3.319976925849914551e-01
3.397902250289916992e-01
2.442659437656402588e-01
1.077495366334915161e-01
3.755165338516235352e-01
3.167780488729476929e-02
1.056422352790832520e+00
1.112740263342857361e-01
1.749004960060119629e+00
1.402607709169387817e-01
3.006000816822052002e-02
1.100239679217338562e-01
1.143387183547019958e-01
5.577973127365112305e-01
2.141935192048549652e-02
1.047475814819335938e+00
3.925119042396545410e-01
2.036494255065917969e+00
8.708961606025695801e-01
1.143624544143676758e+00
1.053783297538757324e-01
2.628221213817596436e-01
1.272035092115402222e-01
1.555916666984558105e-01
3.591666221618652344e-01
1.750747859477996826e-01
3.756015747785568237e-02
1.431594341993331909e-01
2.828836202621459961e+00
1.623186349868774414e+00
3.910513222217559814e-01
1.231366172432899475e-01
2.764417231082916260e-01
2.549545764923095703e-01
1.352048277854919434e+00
1.793052107095718384e-01
1.163494586944580078e-02
1.096683144569396973e+00
1.420344859361648560e-01
4.084731936454772949e-01
2.455430850386619568e-02
4.122524261474609375e-01
0.000000000000000000e+00
3.761586844921112061e-01
1.096269130706787109e+00
6.011289358139038086e-01
1.157327890396118164e+00
7.341744750738143921e-02
4.464454650878906250e-01
1.553108990192413330e-01
3.073481917381286621e-01
3.947848826646804810e-02
1.823272854089736938e-01
1.733364611864089966e-01
1.824373900890350342e-01
2.816845655441284180e+00
4.847368597984313965e-01
0.000000000000000000e+00
2.527415752410888672e-01
1.101212948560714722e-02
1.263426661491394043e+00
1.707581162452697754e+00
1.075161337852478027e+00
1.642966717481613159e-01
2.966108620166778564e-01
1.476987600326538086e+00
2.582027614116668701e-01
1.307773232460021973e+00
2.701208367943763733e-02
5.569932460784912109e-01
6.070148572325706482e-02
5.183573961257934570e-01
1.247335970401763916e-01
5.917407274246215820e-01
8.345903456211090088e-02
1.058258056640625000e+00
9.015099704265594482e-02
2.385013997554779053e-01
4.719207882881164551e-01
2.509593963623046875e-01
4.827085733413696289e-01
4.248710870742797852e-01
6.760226488113403320e-01
2.601356506347656250e-01
2.247276157140731812e-01
4.145551323890686035e-01
5.675040483474731445e-01
3.059878349304199219e-01
2.736374437808990479e-01
9.048190712928771973e-01
2.689443826675415039e-01
2.599837064743041992e+00
1.435948014259338379e+00
4.647116661071777344e-01
3.966884315013885498e-02
0.000000000000000000e+00
7.990536093711853027e-01
1.112077459692955017e-01
0.000000000000000000e+00
1.697259694337844849e-01
0.000000000000000000e+00
3.503101766109466553e-01
4.437511563301086426e-01
8.271414041519165039e-01
4.553460702300071716e-02
6.103067845106124878e-02
1.172209024429321289e+00
6.614567637443542480e-01
2.635637521743774414e-01
1.482876092195510864e-01
6.820297986268997192e-02
2.126342356204986572e-01
7.759035229682922363e-01
2.043887674808502197e-01
2.666496634483337402e-01
2.266665935516357422e+00
6.847413778305053711e-01
5.332483053207397461e-01
1.039223551750183105e+00
2.029275335371494293e-02
2.139506578445434570e+00
2.038964629173278809e-01
8.817767500877380371e-01
2.186516046524047852e+00
1.949858784675598145e+00
1.196298599243164062e-01
6.948889698833227158e-03
1.276014745235443115e-01
2.922327257692813873e-02
1.301968455314636230e+00
2.199724763631820679e-01
1.816767454147338867e-01
6.125907301902770996e-01
3.959711790084838867e-01
5.827938914299011230e-01
6.111425161361694336e-01
2.634911239147186279e-02
8.012579753994941711e-03
5.743748545646667480e-01
1.539511680603027344e-01
5.690256133675575256e-03
1.791683912277221680e+00
1.576277166604995728e-01
1.745592057704925537e-01
1.041013002395629883e-01
6.881737709045410156e-01
7.196532487869262695e-01
4.839659035205841064e-01
1.095854997634887695e+00
5.456599965691566467e-02
1.656347811222076416e-01
5.964784622192382812e-01
0.000000000000000000e+00
8.183551579713821411e-02
1.305925130844116211e+00
3.264039158821105957e-01
2.731473743915557861e-01
4.037450313568115234e+00
1.963336765766143799e-01
1.571581363677978516e-01
2.081962525844573975e-01
4.490982890129089355e-01
0.000000000000000000e+00
8.401672244071960449e-01
4.243160188198089600e-01
1.136999726295471191e+00
1.652501523494720459e-01
2.139270864427089691e-02
2.635273635387420654e-01
2.482658326625823975e-01
1.608075387775897980e-02
3.051908016204833984e-01
2.544648051261901855e-01
9.225379824638366699e-01
4.612957239151000977e-01
1.316566020250320435e-01
2.999216318130493164e-01
3.172982856631278992e-02
4.480239376425743103e-02
9.463691711425781250e-02
3.692629933357238770e-01
2.244253307580947876e-01
1.010731607675552368e-01
2.569004893302917480e-01
3.793245315551757812e+00
2.487036287784576416e-01
1.273780763149261475e-01
3.140713572502136230e-01
1.647205501794815063e-01
2.516517937183380127e-01
3.011770546436309814e-01
2.848866581916809082e-01
8.177401423454284668e-01
1.963267475366592407e-01
4.491521120071411133e-01
4.146686494350433350e-01
8.236435651779174805e-01
4.309935271739959717e-01
4.005996882915496826e-01
3.038497865200042725e-01
6.862477958202362061e-02
2.854861319065093994e-01
1.470724940299987793e+00
3.518371284008026123e-02
1.194609165191650391e+00
8.415817022323608398e-01
2.909494638442993164e-01
6.568469047546386719e+00
2.147784471511840820e+00
7.170768380165100098e-01
4.602007940411567688e-02
2.180461436510086060e-01
3.795453580096364021e-03
1.236897259950637817e-01
3.792252540588378906e-01
2.006141901016235352e+00
3.755548298358917236e-01
0.000000000000000000e+00
4.231832921504974365e-01
1.320755481719970703e-01
3.359980508685112000e-02
4.905039668083190918e-01
4.191425740718841553e-01
9.302756190299987793e-02
1.735807508230209351e-01
1.162823587656021118e-01
4.746674373745918274e-02
1.360488772392272949e+00
1.880845278501510620e-01
1.399345248937606812e-01
9.820798039436340332e-02
5.168839097023010254e-01
0.000000000000000000e+00
6.674823164939880371e-01
5.038057565689086914e-01
5.141751170158386230e-01
1.656915694475173950e-01
2.293483614921569824e-01
4.443658292293548584e-01
3.897769451141357422e-01
6.182901263236999512e-01
3.952158689498901367e-01
5.638450980186462402e-01
9.596489667892456055e-01
7.871884107589721680e-01
2.832555472850799561e-01
2.744879014790058136e-02
6.086504459381103516e-01
2.274002879858016968e-01
3.748298063874244690e-02
3.900724649429321289e-01
7.454667240381240845e-02
2.380059003829956055e+00
5.291651487350463867e-01
1.867137312889099121e+00
5.334511399269104004e-01
1.243897005915641785e-01
1.697175353765487671e-01
2.642392814159393311e-01
0.000000000000000000e+00
9.430240988731384277e-01
1.567761451005935669e-01
5.006012320518493652e-01
1.096862368285655975e-03
0.000000000000000000e+00
1.659838855266571045e-01
4.309524893760681152e-01
3.141491889953613281e+00
1.339176893234252930e-01
0.000000000000000000e+00
1.336100220680236816e+00
7.574179768562316895e-01
